1 0 0.000000
2 1 0.000000
3 2 0.000000
3 4 0.000000
5 0 0.000000
6 1 0.000000
6 5 0.000000
7 2 0.000000
7 6 500.000000
7 12 500.000000
8 3 0.000000
8 7 500.000000
8 9 0.000000
8 13 1000.000000
9 4 0.000000
9 14 0.000000
10 5 0.000000
10 15 0.000000
11 6 0.000000
11 10 0.000000
11 16 500.000000
12 11 0.000000
12 17 500.000000
13 12 500.000000
13 14 0.000000
13 18 1000.000000
14 19 0.000000
15 20 0.000000
16 15 0.000000
16 21 0.000000
17 16 500.000000
17 18 0.000000
17 22 0.000000
18 19 0.000000
18 23 0.000000
19 24 0.000000
21 20 0.000000
22 21 0.000000
22 23 0.000000
23 24 0.000000
