1 0 0.000000
2 1 0.000000
2 3 0.000000
3 4 0.000000
5 0 0.000000
6 1 0.000000
6 5 0.000000
7 2 0.000000
7 6 500.000000
7 8 500.000000
8 3 0.000000
8 9 0.000000
9 4 0.000000
10 5 0.000000
11 6 500.000000
11 10 0.000000
11 12 0.000000
12 7 0.000000
12 13 1000.000000
13 8 500.000000
13 14 0.000000
13 18 1000.000000
14 9 0.000000
14 19 0.000000
15 10 0.000000
15 20 0.000000
16 11 500.000000
16 15 0.000000
16 17 1000.000000
16 21 0.000000
17 12 500.000000
17 18 500.000000
17 22 0.000000
18 19 0.000000
18 23 0.000000
19 24 0.000000
21 20 0.000000
21 22 0.000000
22 23 0.000000
23 24 0.000000
