23 0 300.00 0.267457
23 230 300.00 0.264417
23 83 300.00 0.709960
23 453 300.00 0.749697
0 23 300.00 0.267457
0 401 300.00 0.731957
401 0 300.00 0.731957
401 453 300.00 0.256433
401 451 300.00 0.242643
401 427 300.00 0.070103
1 18 300.00 0.556227
1 222 300.00 0.096433
18 348 300.00 0.045017
18 74 300.00 0.617583
222 1 300.00 0.096433
222 400 300.00 0.063280
3 2 300.00 0.701680
3 397 300.00 0.401520
3 227 300.00 0.017313
2 3 300.00 0.701680
2 398 300.00 0.310237
2 206 300.00 0.344803
398 2 300.00 0.310237
206 2 300.00 0.344803
206 261 300.00 0.364977
206 221 300.00 1.201690
397 3 300.00 0.401520
397 64 300.00 0.262140
397 68 300.00 0.397133
227 3 300.00 0.017313
227 256 300.00 0.342217
227 503 300.00 0.197187
356 4 300.00 0.180857
356 354 300.00 0.177100
356 357 300.00 0.268820
4 356 300.00 0.180857
4 25 300.00 0.711577
4 9 300.00 0.268230
4 88 300.00 0.261250
25 4 300.00 0.711577
25 230 300.00 0.708353
25 83 300.00 0.263313
25 224 300.00 0.269207
9 4 300.00 0.268230
9 357 300.00 0.180380
9 358 300.00 0.176397
9 359 300.00 0.235467
88 4 300.00 0.261250
88 16 300.00 0.709033
88 83 300.00 0.711947
371 5 300.00 0.178347
371 366 300.00 0.080893
371 372 300.00 0.229617
5 371 300.00 0.178347
5 22 300.00 0.232383
5 21 300.00 0.041723
22 5 300.00 0.232383
22 8 300.00 0.259810
22 365 300.00 0.262130
22 485 300.00 0.738290
21 5 300.00 0.041723
21 6 300.00 0.223193
21 486 300.00 0.747180
6 21 300.00 0.223193
6 19 300.00 0.187630
6 372 300.00 0.205133
19 6 300.00 0.187630
19 487 300.00 0.619360
19 28 300.00 0.335333
372 6 300.00 0.205133
372 370 300.00 0.184153
372 371 300.00 0.229617
8 7 300.00 0.739657
8 230 300.00 0.263010
8 22 300.00 0.259810
8 224 300.00 0.708910
7 8 300.00 0.739657
7 485 300.00 0.261733
7 452 300.00 0.268007
485 7 300.00 0.261733
485 22 300.00 0.738290
485 486 300.00 0.263543
452 7 300.00 0.268007
452 230 300.00 0.740337
452 453 300.00 0.269633
230 8 300.00 0.263010
230 23 300.00 0.264417
230 25 300.00 0.708353
230 452 300.00 0.740337
224 8 300.00 0.708910
224 24 300.00 0.126443
224 25 300.00 0.269207
224 225 300.00 0.264510
357 9 300.00 0.180380
357 355 300.00 0.174273
357 356 300.00 0.268820
358 9 300.00 0.176397
358 360 300.00 0.176153
358 359 300.00 0.150477
359 9 300.00 0.235467
359 358 300.00 0.150477
359 361 300.00 0.172373
353 10 300.00 0.168970
353 352 300.00 0.269187
353 355 300.00 0.176240
10 353 300.00 0.168970
10 350 300.00 0.135853
10 11 300.00 0.350257
10 17 300.00 0.264720
350 10 300.00 0.135853
350 200 300.00 0.172187
350 351 300.00 0.391653
11 10 300.00 0.350257
11 12 300.00 0.289320
11 351 300.00 0.042000
17 10 300.00 0.264720
17 16 300.00 0.262167
17 76 300.00 0.710590
17 352 300.00 0.177220
12 11 300.00 0.289320
12 403 300.00 0.042493
12 76 300.00 0.148343
351 11 300.00 0.042000
351 350 300.00 0.391653
351 403 300.00 0.291167
403 12 300.00 0.042493
403 84 300.00 0.214153
403 351 300.00 0.291167
403 404 300.00 0.243837
76 12 300.00 0.148343
76 17 300.00 0.710590
76 84 300.00 0.109363
76 77 300.00 0.263270
211 13 300.00 0.091463
211 450 300.00 0.080227
13 211 300.00 0.091463
13 84 300.00 0.533887
13 96 300.00 0.416063
84 13 300.00 0.533887
84 76 300.00 0.109363
84 403 300.00 0.214153
96 13 300.00 0.416063
96 95 300.00 0.476780
96 404 300.00 0.321683
16 15 300.00 0.263197
16 88 300.00 0.709033
16 17 300.00 0.262167
16 77 300.00 0.710940
15 16 300.00 0.263197
15 220 300.00 0.707453
15 14 300.00 0.267073
220 26 300.00 0.713850
220 88 300.00 0.260723
77 16 300.00 0.710940
77 74 300.00 0.262913
77 76 300.00 0.263270
77 495 300.00 0.580630
352 17 300.00 0.177220
352 354 300.00 0.174870
352 353 300.00 0.269187
348 18 300.00 0.045017
348 495 300.00 0.046337
348 349 300.00 0.468450
74 15 300.00 0.711983
74 77 300.00 0.262913
487 19 300.00 0.619360
487 427 300.00 1.613760
487 486 300.00 0.247940
487 488 300.00 0.287533
28 19 300.00 0.335333
28 488 300.00 0.394120
28 373 300.00 0.043563
363 20 300.00 0.177170
363 361 300.00 0.175920
363 362 300.00 0.266117
20 363 300.00 0.177170
20 24 300.00 0.275640
20 368 300.00 0.172883
24 20 300.00 0.275640
24 362 300.00 0.179297
24 367 300.00 0.177417
24 224 300.00 0.126443
368 20 300.00 0.172883
368 367 300.00 0.246760
368 370 300.00 0.164890
486 21 300.00 0.747180
486 485 300.00 0.263543
486 487 300.00 0.247940
365 22 300.00 0.262130
365 364 300.00 0.192423
365 366 300.00 0.093307
83 23 300.00 0.709960
83 25 300.00 0.263313
83 88 300.00 0.711947
83 26 300.00 0.261710
453 23 300.00 0.749697
453 401 300.00 0.256433
453 452 300.00 0.269633
362 24 300.00 0.179297
362 225 300.00 0.075857
362 363 300.00 0.266117
367 24 300.00 0.177417
367 364 300.00 0.080593
367 368 300.00 0.246760
26 491 300.00 0.208137
26 0 300.00 0.717783
491 27 300.00 0.053677
491 490 300.00 0.087660
488 28 300.00 0.394120
488 483 300.00 0.017333
488 487 300.00 0.287533
373 28 300.00 0.043563
373 73 300.00 0.420073
373 418 300.00 0.370187
30 29 300.00 0.177640
30 457 300.00 0.036717
29 30 300.00 0.177640
29 116 300.00 0.115837
29 213 300.00 0.763497
116 29 300.00 0.115837
116 382 300.00 0.178477
116 383 300.00 0.464073
213 223 300.00 0.029120
213 218 300.00 0.228620
457 217 300.00 0.135490
428 31 300.00 0.115677
31 428 300.00 0.115677
31 32 300.00 0.193740
31 219 300.00 0.391577
32 31 300.00 0.193740
32 216 300.00 0.028130
32 420 300.00 0.137067
219 31 300.00 0.391577
219 457 300.00 0.532523
216 32 300.00 0.028130
216 212 300.00 0.056220
420 73 300.00 0.029423
420 214 300.00 0.115177
34 33 300.00 0.259833
34 383 300.00 0.162680
34 35 300.00 0.387660
34 295 300.00 0.329667
33 34 300.00 0.259833
33 72 300.00 0.174607
33 297 300.00 0.457317
72 33 300.00 0.174607
297 33 300.00 0.457317
383 34 300.00 0.162680
383 116 300.00 0.464073
383 382 300.00 0.714187
35 34 300.00 0.387660
35 293 300.00 0.222770
35 294 300.00 0.445810
295 34 300.00 0.329667
295 37 300.00 0.201150
295 296 300.00 0.251120
293 35 300.00 0.222770
293 71 300.00 0.448530
294 35 300.00 0.445810
464 36 300.00 0.129973
464 37 300.00 0.479060
464 298 300.00 0.317597
36 464 300.00 0.129973
36 465 300.00 0.217573
36 385 300.00 0.321607
465 36 300.00 0.217573
465 223 300.00 0.188113
465 384 300.00 0.307253
385 36 300.00 0.321607
385 384 300.00 0.235953
385 386 300.00 0.325543
71 37 300.00 0.667217
71 293 300.00 0.448530
37 71 300.00 0.667217
37 295 300.00 0.201150
37 464 300.00 0.479060
39 38 300.00 0.393963
39 40 300.00 0.055360
39 390 300.00 0.393800
38 39 300.00 0.393963
38 478 300.00 0.387380
38 414 300.00 0.232700
38 436 300.00 0.388767
478 38 300.00 0.387380
478 48 300.00 0.028200
478 477 300.00 0.389313
414 38 300.00 0.232700
414 47 300.00 0.166290
414 415 300.00 0.180723
436 38 300.00 0.388767
436 231 300.00 0.024193
436 479 300.00 0.384147
40 39 300.00 0.055360
40 476 300.00 0.379493
40 237 300.00 0.376190
390 391 300.00 0.032870
390 47 300.00 0.395303
476 55 300.00 0.027303
476 475 300.00 0.376820
237 40 300.00 0.376190
237 392 300.00 0.036153
237 444 300.00 0.388040
472 41 300.00 0.446217
472 43 300.00 0.019957
472 471 300.00 0.788357
41 472 300.00 0.446217
41 42 300.00 0.412013
41 393 300.00 0.414907
41 406 300.00 0.786147
42 41 300.00 0.412013
42 52 300.00 0.409900
42 165 300.00 0.302053
42 241 300.00 0.862700
393 41 300.00 0.414907
393 52 300.00 0.399133
393 392 300.00 0.377880
393 473 300.00 0.430730
406 41 300.00 0.786147
406 407 300.00 0.078930
52 42 300.00 0.409900
52 393 300.00 0.399133
52 242 300.00 0.398943
52 441 300.00 0.239033
165 42 300.00 0.302053
165 243 300.00 0.090570
165 184 300.00 0.906830
241 42 300.00 0.862700
241 62 300.00 0.385177
241 184 300.00 0.236087
44 43 300.00 0.401080
44 45 300.00 0.039083
44 240 300.00 0.920210
43 44 300.00 0.401080
43 472 300.00 0.019957
43 51 300.00 0.424040
51 473 300.00 0.028110
51 53 300.00 0.389180
51 439 300.00 0.342017
45 44 300.00 0.039083
45 402 300.00 0.752143
240 239 300.00 0.474983
240 70 300.00 0.768270
402 235 300.00 0.049303
402 57 300.00 0.504657
46 448 300.00 0.198310
46 396 300.00 0.035940
448 425 300.00 0.032633
448 446 300.00 0.105030
396 443 300.00 0.027757
396 442 300.00 0.152900
47 414 300.00 0.166290
47 389 300.00 0.019950
47 388 300.00 0.400540
389 47 300.00 0.019950
389 103 300.00 0.395087
389 391 300.00 0.395343
388 98 300.00 0.398890
388 231 300.00 0.386617
388 389 300.00 0.397860
48 50 300.00 0.393513
48 49 300.00 0.376937
48 478 300.00 0.028200
50 479 300.00 0.026197
50 60 300.00 0.404183
49 48 300.00 0.376937
49 56 300.00 0.399787
56 57 300.00 0.051437
56 58 300.00 0.391570
56 235 300.00 0.502957
479 50 300.00 0.026197
479 436 300.00 0.384147
479 478 300.00 0.393220
60 480 300.00 0.025350
473 51 300.00 0.028110
473 393 300.00 0.430730
473 472 300.00 0.414407
53 51 300.00 0.389180
53 44 300.00 0.425543
439 235 300.00 0.390000
439 234 300.00 0.025777
242 52 300.00 0.398943
242 157 300.00 0.350303
242 243 300.00 0.397910
441 443 300.00 0.152647
441 442 300.00 0.027837
54 445 300.00 0.030957
54 46 300.00 0.375540
445 390 300.00 0.051603
445 40 300.00 0.395897
55 58 300.00 0.055063
58 56 300.00 0.391570
58 477 300.00 0.027077
58 48 300.00 0.388523
57 56 300.00 0.051437
235 53 300.00 0.330520
235 402 300.00 0.049303
235 439 300.00 0.390000
477 39 300.00 0.381133
477 476 300.00 0.054627
480 60 300.00 0.025350
480 479 300.00 0.404127
299 61 300.00 0.380193
61 299 300.00 0.380193
481 62 300.00 0.026460
481 68 300.00 0.386933
481 502 300.00 0.146323
62 481 300.00 0.026460
62 241 300.00 0.385177
62 503 300.00 0.188350
503 227 300.00 0.197187
503 481 300.00 0.188653
469 63 300.00 0.022647
469 232 300.00 0.504783
469 468 300.00 0.403487
63 469 300.00 0.022647
63 239 300.00 0.316243
239 489 300.00 0.024987
239 408 300.00 0.084823
239 240 300.00 0.474983
64 397 300.00 0.262140
64 504 300.00 0.423927
504 64 300.00 0.423927
504 65 300.00 0.024183
499 65 300.00 0.391507
499 66 300.00 0.017837
499 233 300.00 0.396530
65 499 300.00 0.391507
65 504 300.00 0.024183
65 68 300.00 0.400930
68 65 300.00 0.400930
68 233 300.00 0.397657
68 397 300.00 0.397133
68 481 300.00 0.386933
66 499 300.00 0.017837
66 467 300.00 0.525023
467 66 300.00 0.525023
467 67 300.00 0.023233
67 467 300.00 0.023233
67 69 300.00 0.392113
69 70 300.00 0.490590
69 468 300.00 0.025983
69 63 300.00 0.405200
233 68 300.00 0.397657
233 232 300.00 0.399737
233 468 300.00 0.523867
233 499 300.00 0.396530
70 69 300.00 0.490590
70 421 300.00 0.026100
468 69 300.00 0.025983
468 233 300.00 0.523867
468 467 300.00 0.394357
421 70 300.00 0.026100
421 45 300.00 1.688273
73 420 300.00 0.029423
73 216 300.00 0.155877
73 373 300.00 0.420073
291 75 300.00 0.103317
291 145 300.00 0.117623
291 292 300.00 0.151797
75 291 300.00 0.103317
75 306 300.00 0.167187
75 290 300.00 0.184863
306 75 300.00 0.167187
306 304 300.00 0.161717
306 305 300.00 0.272750
306 308 300.00 0.218120
290 75 300.00 0.184863
290 158 300.00 0.162717
290 289 300.00 0.266120
290 307 300.00 0.180230
495 77 300.00 0.580630
495 348 300.00 0.046337
498 78 300.00 0.057143
498 394 300.00 0.297723
78 498 300.00 0.057143
78 175 300.00 0.219207
78 172 300.00 0.178860
175 93 300.00 0.192353
175 187 300.00 0.428237
172 78 300.00 0.178860
172 147 300.00 0.580900
172 431 300.00 0.106473
86 79 300.00 0.497403
86 87 300.00 0.232143
86 129 300.00 0.511933
79 86 300.00 0.497403
79 303 300.00 0.059043
79 305 300.00 0.101443
303 79 300.00 0.059043
303 92 300.00 0.139510
303 304 300.00 0.270597
305 79 300.00 0.101443
305 292 300.00 0.173590
305 306 300.00 0.272750
80 82 300.00 0.073633
80 433 300.00 0.170720
82 498 300.00 0.041507
433 80 300.00 0.170720
433 91 300.00 0.018053
433 302 300.00 0.266817
394 81 300.00 0.056267
394 302 300.00 0.170593
394 423 300.00 0.294667
81 394 300.00 0.056267
81 78 300.00 0.295730
204 85 300.00 0.125420
204 95 300.00 0.588450
204 505 300.00 0.279683
85 204 300.00 0.125420
85 89 300.00 0.169880
85 97 300.00 0.363543
89 85 300.00 0.169880
89 185 300.00 0.036753
89 201 300.00 0.328463
97 85 300.00 0.363543
97 94 300.00 0.241580
97 95 300.00 0.616283
87 86 300.00 0.232143
87 434 300.00 0.260650
87 92 300.00 0.610310
129 86 300.00 0.511933
129 105 300.00 0.729347
129 300 300.00 0.243493
434 87 300.00 0.260650
434 142 300.00 0.446210
92 87 300.00 0.610310
92 302 300.00 0.019263
92 303 300.00 0.139510
185 89 300.00 0.036753
185 93 300.00 0.193990
185 195 300.00 0.339153
201 89 300.00 0.328463
201 310 300.00 0.137200
201 202 300.00 0.185710
300 90 300.00 0.177687
300 129 300.00 0.243493
300 131 300.00 0.198430
90 300 300.00 0.177687
90 145 300.00 0.164997
90 292 300.00 0.119547
145 90 300.00 0.164997
145 136 300.00 0.400450
145 151 300.00 0.113137
145 291 300.00 0.117623
292 90 300.00 0.119547
292 291 300.00 0.151797
292 305 300.00 0.173590
91 433 300.00 0.018053
91 304 300.00 0.138710
91 308 300.00 0.233470
304 91 300.00 0.138710
304 303 300.00 0.270597
304 306 300.00 0.161717
308 91 300.00 0.233470
308 306 300.00 0.218120
308 307 300.00 0.168017
302 92 300.00 0.019263
302 394 300.00 0.170593
302 433 300.00 0.266817
93 301 300.00 0.059087
93 185 300.00 0.193990
93 192 300.00 0.389460
301 82 300.00 0.369620
301 309 300.00 0.375540
192 93 300.00 0.389460
192 187 300.00 0.180410
192 195 300.00 0.173380
200 94 300.00 0.076267
200 199 300.00 0.214720
200 350 300.00 0.172187
94 200 300.00 0.076267
94 97 300.00 0.241580
94 404 300.00 0.704260
404 94 300.00 0.704260
404 96 300.00 0.321683
404 403 300.00 0.243837
95 97 300.00 0.616283
95 96 300.00 0.476780
95 204 300.00 0.588450
412 98 300.00 0.395023
412 410 300.00 0.044147
412 413 300.00 0.291860
98 412 300.00 0.395023
98 99 300.00 0.202230
98 388 300.00 0.398890
99 98 300.00 0.202230
99 102 300.00 0.433807
99 103 300.00 0.203397
102 99 300.00 0.433807
102 410 300.00 0.201647
102 110 300.00 0.193500
103 99 300.00 0.203397
103 277 300.00 0.215563
103 389 300.00 0.395087
103 110 300.00 0.422620
410 100 300.00 0.066643
410 102 300.00 0.201647
410 412 300.00 0.044147
100 410 300.00 0.066643
100 101 300.00 0.182537
100 111 300.00 0.391500
100 411 300.00 0.562727
101 100 300.00 0.182537
101 104 300.00 0.194100
101 113 300.00 0.389020
111 100 300.00 0.391500
111 110 300.00 0.084890
111 284 300.00 0.129830
411 100 300.00 0.562727
411 104 300.00 0.197327
104 101 300.00 0.194100
104 107 300.00 0.193497
104 117 300.00 0.389830
104 411 300.00 0.197327
113 101 300.00 0.389020
113 284 300.00 0.055060
113 114 300.00 0.050653
110 102 300.00 0.193500
110 103 300.00 0.422620
110 111 300.00 0.084890
110 276 300.00 0.216333
277 103 300.00 0.215563
277 115 300.00 0.172797
277 276 300.00 0.415583
107 104 300.00 0.193497
107 109 300.00 0.195037
107 121 300.00 0.388623
117 104 300.00 0.389830
117 114 300.00 0.139960
117 287 300.00 0.018683
112 105 300.00 0.287590
112 109 300.00 0.192273
112 131 300.00 0.571130
112 126 300.00 0.389503
105 112 300.00 0.287590
105 129 300.00 0.729347
108 106 300.00 0.197487
108 120 300.00 0.364640
106 108 300.00 0.197487
106 119 300.00 0.403853
119 106 300.00 0.403853
119 432 300.00 0.148807
109 107 300.00 0.195037
109 112 300.00 0.192273
109 124 300.00 0.391373
121 107 300.00 0.388623
121 287 300.00 0.162897
121 123 300.00 0.163877
121 138 300.00 0.455960
120 108 300.00 0.364640
120 432 300.00 0.027453
124 109 300.00 0.391373
124 123 300.00 0.042550
124 126 300.00 0.194010
276 110 300.00 0.216333
276 278 300.00 0.401590
276 277 300.00 0.415583
284 111 300.00 0.129830
284 113 300.00 0.055060
284 501 300.00 0.135890
131 112 300.00 0.571130
131 130 300.00 0.024590
131 300 300.00 0.198430
126 112 300.00 0.389503
126 124 300.00 0.194010
126 130 300.00 0.160197
114 113 300.00 0.050653
114 117 300.00 0.139960
114 500 300.00 0.137360
500 114 300.00 0.137360
500 132 300.00 0.310587
500 501 300.00 0.104510
115 277 300.00 0.172797
115 118 300.00 0.050130
118 115 300.00 0.050130
118 54 300.00 0.392223
118 279 300.00 0.181597
382 116 300.00 0.178477
382 125 300.00 0.286790
382 383 300.00 0.714187
287 117 300.00 0.018683
287 121 300.00 0.162897
287 286 300.00 0.445430
279 118 300.00 0.181597
279 278 300.00 0.422937
279 280 300.00 0.201857
432 119 300.00 0.148807
432 120 300.00 0.027453
432 380 300.00 0.283997
123 121 300.00 0.163877
123 124 300.00 0.042550
123 128 300.00 0.169313
138 121 300.00 0.455960
138 139 300.00 0.164850
138 286 300.00 0.160520
138 288 300.00 0.254647
127 122 300.00 0.178633
127 133 300.00 0.092343
122 127 300.00 0.178633
122 133 300.00 0.347970
133 122 300.00 0.347970
133 127 300.00 0.092343
133 228 300.00 0.118587
128 123 300.00 0.169313
128 136 300.00 0.397297
128 134 300.00 0.110707
143 125 300.00 0.434267
143 146 300.00 0.343327
143 215 300.00 0.462687
125 143 300.00 0.434267
125 382 300.00 0.286790
125 137 300.00 0.305603
137 125 300.00 0.305603
137 146 300.00 0.225047
137 381 300.00 0.190073
130 126 300.00 0.160197
130 131 300.00 0.024590
130 136 300.00 0.166593
136 128 300.00 0.397297
136 130 300.00 0.166593
136 140 300.00 0.112323
136 145 300.00 0.400450
134 128 300.00 0.110707
134 140 300.00 0.399170
134 139 300.00 0.166903
286 132 300.00 0.158843
286 138 300.00 0.160520
286 285 300.00 0.259160
286 287 300.00 0.445430
132 286 300.00 0.158843
132 281 300.00 0.085347
132 500 300.00 0.310587
281 132 300.00 0.085347
281 141 300.00 0.172447
281 282 300.00 0.103943
228 133 300.00 0.118587
228 159 300.00 0.521237
228 379 300.00 0.148063
140 134 300.00 0.399170
140 136 300.00 0.112323
140 151 300.00 0.396143
140 150 300.00 0.167773
139 134 300.00 0.166903
139 138 300.00 0.164850
139 144 300.00 0.167370
139 153 300.00 0.256327
283 135 300.00 0.208487
283 141 300.00 0.103890
283 282 300.00 0.169000
135 283 300.00 0.208487
135 278 300.00 0.086373
135 238 300.00 0.125967
278 135 300.00 0.086373
278 276 300.00 0.401590
278 279 300.00 0.422937
238 135 300.00 0.125967
238 249 300.00 0.029017
146 137 300.00 0.225047
146 143 300.00 0.343327
146 163 300.00 0.614037
381 137 300.00 0.190073
288 138 300.00 0.254647
288 153 300.00 0.170833
288 274 300.00 0.093470
144 139 300.00 0.167370
144 149 300.00 0.158343
144 155 300.00 0.255547
153 139 300.00 0.256327
153 155 300.00 0.162680
153 288 300.00 0.170833
151 140 300.00 0.396143
151 145 300.00 0.113137
151 158 300.00 0.166030
150 140 300.00 0.167773
150 149 300.00 0.074377
150 152 300.00 0.086677
141 281 300.00 0.172447
141 285 300.00 0.155583
141 283 300.00 0.103890
285 141 300.00 0.155583
285 274 300.00 0.065327
285 286 300.00 0.259160
147 142 300.00 0.183543
147 172 300.00 0.580900
147 148 300.00 0.185633
142 147 300.00 0.183543
142 423 300.00 0.044780
142 81 300.00 0.290287
423 142 300.00 0.044780
423 434 300.00 0.448820
215 143 300.00 0.462687
215 217 300.00 0.028230
215 30 300.00 0.161797
149 144 300.00 0.158343
149 150 300.00 0.074377
149 160 300.00 0.257163
155 144 300.00 0.255547
155 153 300.00 0.162680
155 270 300.00 0.145720
163 146 300.00 0.614037
163 170 300.00 0.351350
163 167 300.00 0.146457
148 147 300.00 0.185633
148 378 300.00 0.147117
148 174 300.00 0.632767
148 380 300.00 0.404823
378 148 300.00 0.147117
378 159 300.00 0.129700
378 379 300.00 0.463593
174 148 300.00 0.632767
174 374 300.00 0.057683
174 377 300.00 0.073493
380 148 300.00 0.404823
380 379 300.00 0.138710
380 432 300.00 0.283997
160 149 300.00 0.257163
160 164 300.00 0.159757
160 270 300.00 0.016953
152 150 300.00 0.086677
152 154 300.00 0.157010
152 164 300.00 0.256790
158 151 300.00 0.166030
158 154 300.00 0.160727
158 290 300.00 0.162717
158 168 300.00 0.260880
154 152 300.00 0.157010
154 158 300.00 0.160727
154 166 300.00 0.260370
164 152 300.00 0.256790
164 160 300.00 0.159757
164 166 300.00 0.159870
166 154 300.00 0.260370
166 164 300.00 0.159870
166 168 300.00 0.160023
270 155 300.00 0.145720
270 160 300.00 0.016953
270 312 300.00 0.131257
178 156 300.00 0.501793
178 180 300.00 0.162413
156 178 300.00 0.501793
156 161 300.00 0.176050
161 156 300.00 0.176050
161 430 300.00 0.471203
161 169 300.00 0.286643
157 242 300.00 0.350303
157 438 300.00 0.037993
157 250 300.00 0.039280
438 157 300.00 0.037993
438 162 300.00 0.217377
438 229 300.00 0.179150
250 157 300.00 0.039280
250 251 300.00 0.768837
250 253 300.00 0.350053
168 158 300.00 0.260880
168 166 300.00 0.160023
168 289 300.00 0.162737
159 378 300.00 0.129700
159 228 300.00 0.521237
159 170 300.00 0.354913
170 159 300.00 0.354913
170 163 300.00 0.351350
170 377 300.00 0.213443
430 161 300.00 0.471203
430 180 300.00 0.049370
430 429 300.00 0.060563
169 161 300.00 0.286643
169 171 300.00 0.096863
169 181 300.00 0.325277
162 438 300.00 0.217377
162 320 300.00 0.057897
162 437 300.00 0.526483
320 162 300.00 0.057897
320 318 300.00 0.194550
320 319 300.00 0.180133
437 162 300.00 0.526483
437 266 300.00 0.064773
437 492 300.00 0.079060
167 163 300.00 0.146457
167 171 300.00 0.124653
167 173 300.00 0.194350
243 165 300.00 0.090570
243 242 300.00 0.397910
243 254 300.00 0.243110
184 165 300.00 0.906830
184 256 300.00 0.152267
184 241 300.00 0.236087
171 167 300.00 0.124653
171 169 300.00 0.096863
171 181 300.00 0.385170
173 167 300.00 0.194350
173 186 300.00 0.512117
173 177 300.00 0.174907
289 168 300.00 0.162737
289 290 300.00 0.266120
289 309 300.00 0.227927
181 169 300.00 0.325277
181 171 300.00 0.385170
181 429 300.00 0.108700
377 170 300.00 0.213443
377 174 300.00 0.073493
377 376 300.00 0.143910
431 172 300.00 0.106473
431 182 300.00 0.392160
431 374 300.00 0.011523
186 173 300.00 0.512117
186 177 300.00 0.431943
186 189 300.00 0.167983
177 173 300.00 0.174907
177 179 300.00 0.173580
177 186 300.00 0.431943
374 174 300.00 0.057683
374 431 300.00 0.011523
374 375 300.00 0.219723
187 175 300.00 0.428237
187 182 300.00 0.180280
187 192 300.00 0.180410
492 176 300.00 0.106277
492 271 300.00 0.206013
492 437 300.00 0.079060
176 492 300.00 0.106277
176 267 300.00 0.229610
176 335 300.00 0.591993
176 266 300.00 0.082560
267 176 300.00 0.229610
267 268 300.00 0.014697
267 317 300.00 0.189737
335 176 300.00 0.591993
335 310 300.00 0.669150
335 339 300.00 0.270457
266 176 300.00 0.082560
266 251 300.00 0.228530
266 437 300.00 0.064773
179 177 300.00 0.173580
179 376 300.00 0.083830
179 183 300.00 0.239133
179 189 300.00 0.457623
180 178 300.00 0.162413
180 430 300.00 0.049370
180 429 300.00 0.073273
376 179 300.00 0.083830
376 375 300.00 0.103227
376 377 300.00 0.143910
183 179 300.00 0.239133
183 188 300.00 0.170797
183 190 300.00 0.266173
189 179 300.00 0.457623
189 186 300.00 0.167983
189 190 300.00 0.176507
429 180 300.00 0.073273
429 181 300.00 0.108700
429 430 300.00 0.060563
182 187 300.00 0.180280
182 375 300.00 0.172673
182 431 300.00 0.392160
375 182 300.00 0.172673
375 374 300.00 0.219723
375 376 300.00 0.103227
188 183 300.00 0.170797
188 193 300.00 0.238173
188 191 300.00 0.168007
190 183 300.00 0.266173
190 189 300.00 0.176507
190 193 300.00 0.174727
256 184 300.00 0.152267
256 227 300.00 0.342217
256 258 300.00 0.153760
195 185 300.00 0.339153
195 192 300.00 0.173380
195 197 300.00 0.105927
193 188 300.00 0.238173
193 190 300.00 0.174727
193 196 300.00 0.164417
191 188 300.00 0.168007
191 194 300.00 0.181393
191 196 300.00 0.193940
194 191 300.00 0.181393
194 197 300.00 0.171950
194 198 300.00 0.180850
196 191 300.00 0.193940
196 193 300.00 0.164417
196 198 300.00 0.172630
197 194 300.00 0.171950
197 195 300.00 0.105927
197 199 300.00 0.210323
198 194 300.00 0.180850
198 196 300.00 0.172630
198 199 300.00 0.181150
199 197 300.00 0.210323
199 198 300.00 0.181150
199 200 300.00 0.214720
310 201 300.00 0.137200
310 311 300.00 0.109207
310 335 300.00 0.669150
202 201 300.00 0.185710
202 203 300.00 0.099350
202 341 300.00 0.051633
202 506 300.00 0.052053
203 202 300.00 0.099350
203 340 300.00 0.050340
203 505 300.00 0.052143
341 202 300.00 0.051633
341 340 300.00 0.098387
341 507 300.00 0.465323
506 202 300.00 0.052053
506 342 300.00 0.125337
506 505 300.00 0.097973
340 203 300.00 0.050340
340 341 300.00 0.098387
340 409 300.00 0.089667
505 203 300.00 0.052143
505 204 300.00 0.279683
505 506 300.00 0.097973
328 205 300.00 0.206200
328 329 300.00 0.604433
328 330 300.00 0.094937
205 328 300.00 0.206200
205 395 300.00 0.209507
205 321 300.00 0.601270
395 205 300.00 0.209507
395 323 300.00 0.617087
395 327 300.00 0.569477
321 205 300.00 0.601270
321 323 300.00 0.190497
321 324 300.00 0.328330
321 329 300.00 0.212363
261 206 300.00 0.364977
261 260 300.00 0.240193
261 262 300.00 0.077080
221 206 300.00 1.201690
221 208 300.00 0.174733
221 484 300.00 0.271330
209 207 300.00 0.344230
209 344 300.00 0.115840
209 210 300.00 0.219130
207 209 300.00 0.344230
207 326 300.00 0.037230
207 327 300.00 0.147253
326 207 300.00 0.037230
326 208 300.00 0.107480
326 262 300.00 1.186760
327 207 300.00 0.147253
327 395 300.00 0.569477
327 343 300.00 0.341250
327 463 300.00 0.403267
208 221 300.00 0.174733
208 326 300.00 0.107480
208 210 300.00 0.421133
210 208 300.00 0.421133
210 209 300.00 0.219130
210 449 300.00 0.328280
344 209 300.00 0.115840
344 343 300.00 0.022987
344 345 300.00 0.086063
449 210 300.00 0.328280
449 450 300.00 0.038227
449 211 300.00 0.071157
450 449 300.00 0.038227
450 494 300.00 0.009497
226 212 300.00 0.390393
212 226 300.00 0.390393
212 419 300.00 0.025603
212 215 300.00 0.239743
419 212 300.00 0.025603
419 32 300.00 0.066540
223 213 300.00 0.029120
223 465 300.00 0.188113
218 219 300.00 0.139530
218 422 300.00 0.192140
426 214 300.00 0.180800
214 426 300.00 0.180800
214 417 300.00 0.098307
417 418 300.00 0.019113
417 73 300.00 0.192510
217 215 300.00 0.028230
217 419 300.00 0.239117
422 218 300.00 0.192140
484 221 300.00 0.271330
484 496 300.00 0.086290
400 222 300.00 0.063280
400 497 300.00 0.304063
225 224 300.00 0.264510
225 362 300.00 0.075857
225 360 300.00 0.094520
360 225 300.00 0.094520
360 358 300.00 0.176153
360 361 300.00 0.232280
379 228 300.00 0.148063
379 378 300.00 0.463593
379 380 300.00 0.138710
248 229 300.00 0.318697
229 248 300.00 0.318697
229 247 300.00 0.152407
229 438 300.00 0.179150
247 229 300.00 0.152407
247 249 300.00 0.030913
247 318 300.00 0.255543
231 436 300.00 0.024193
231 388 300.00 0.386617
232 233 300.00 0.399737
232 502 300.00 0.254200
232 407 300.00 0.399970
232 469 300.00 0.504783
502 232 300.00 0.254200
502 62 300.00 0.146820
407 232 300.00 0.399970
407 406 300.00 0.078930
407 470 300.00 0.483870
234 236 300.00 0.037300
236 475 300.00 0.024193
236 55 300.00 0.376513
475 447 300.00 0.236047
475 474 300.00 0.036913
392 237 300.00 0.036153
392 393 300.00 0.377880
392 440 300.00 0.168027
444 46 300.00 0.027740
444 445 300.00 0.375820
249 238 300.00 0.029017
249 247 300.00 0.030913
249 244 300.00 0.427407
489 239 300.00 0.024987
489 469 300.00 0.315477
408 405 300.00 0.078120
254 243 300.00 0.243110
254 253 300.00 0.097730
254 255 300.00 0.468027
280 244 300.00 0.035490
280 279 300.00 0.201857
280 238 300.00 0.439263
244 280 300.00 0.035490
244 424 300.00 0.057770
424 425 300.00 0.106843
424 446 300.00 0.034830
252 245 300.00 0.187817
245 252 300.00 0.187817
245 253 300.00 0.334150
245 246 300.00 0.116697
253 245 300.00 0.334150
253 250 300.00 0.350053
253 254 300.00 0.097730
246 245 300.00 0.116697
318 247 300.00 0.255543
318 319 300.00 0.074003
318 320 300.00 0.194550
251 250 300.00 0.768837
251 265 300.00 0.142583
251 266 300.00 0.228530
265 251 300.00 0.142583
265 264 300.00 0.131100
265 456 300.00 0.085450
255 254 300.00 0.468027
258 256 300.00 0.153760
258 257 300.00 0.556133
258 263 300.00 0.333603
263 257 300.00 0.227163
263 258 300.00 0.333603
263 259 300.00 0.058570
257 263 300.00 0.227163
257 258 300.00 0.556133
257 325 300.00 0.202377
325 257 300.00 0.202377
259 263 300.00 0.058570
260 261 300.00 0.240193
262 261 300.00 0.077080
262 323 300.00 0.190867
262 326 300.00 1.186760
323 262 300.00 0.190867
323 321 300.00 0.190497
323 322 300.00 0.404987
323 395 300.00 0.617087
264 265 300.00 0.131100
264 454 300.00 0.235880
264 456 300.00 0.167163
454 264 300.00 0.235880
456 264 300.00 0.167163
456 265 300.00 0.085450
456 329 300.00 0.103450
268 267 300.00 0.014697
268 314 300.00 0.170933
268 316 300.00 0.102243
317 267 300.00 0.189737
314 268 300.00 0.170933
314 269 300.00 0.109927
314 315 300.00 0.180513
316 268 300.00 0.102243
312 269 300.00 0.015823
312 270 300.00 0.131257
312 313 300.00 0.371813
269 312 300.00 0.015823
269 314 300.00 0.109927
269 271 300.00 0.704963
271 269 300.00 0.704963
271 275 300.00 0.295877
271 492 300.00 0.206013
275 271 300.00 0.295877
275 272 300.00 0.209757
275 319 300.00 0.016470
272 275 300.00 0.209757
274 273 300.00 0.118270
274 288 300.00 0.093470
274 285 300.00 0.065327
273 274 300.00 0.118270
319 275 300.00 0.016470
319 318 300.00 0.074003
319 320 300.00 0.180133
282 281 300.00 0.103943
282 283 300.00 0.169000
282 501 300.00 0.397533
501 282 300.00 0.397533
501 284 300.00 0.135890
501 500 300.00 0.104510
309 289 300.00 0.227927
309 435 300.00 0.032273
307 290 300.00 0.180230
307 308 300.00 0.168017
307 435 300.00 0.172193
296 295 300.00 0.251120
298 464 300.00 0.317597
435 307 300.00 0.172193
435 80 300.00 0.420507
311 310 300.00 0.109207
313 312 300.00 0.371813
315 314 300.00 0.180513
324 321 300.00 0.328330
329 321 300.00 0.212363
329 328 300.00 0.604433
329 456 300.00 0.103450
322 323 300.00 0.404987
343 327 300.00 0.341250
343 344 300.00 0.022987
343 346 300.00 0.125763
463 327 300.00 0.403267
463 331 300.00 0.140283
463 459 300.00 0.229360
330 328 300.00 0.094937
330 336 300.00 0.137063
330 455 300.00 0.229053
336 330 300.00 0.137063
336 332 300.00 0.190317
336 337 300.00 0.309400
455 330 300.00 0.229053
332 331 300.00 0.230003
332 333 300.00 0.198993
332 336 300.00 0.190317
331 332 300.00 0.230003
331 463 300.00 0.140283
331 334 300.00 0.626747
331 460 300.00 0.251007
334 331 300.00 0.626747
334 333 300.00 0.177673
334 339 300.00 0.070613
460 331 300.00 0.251007
460 459 300.00 0.086607
460 461 300.00 0.128013
333 332 300.00 0.198993
333 416 300.00 0.116270
333 334 300.00 0.177673
416 333 300.00 0.116270
339 334 300.00 0.070613
339 335 300.00 0.270457
339 337 300.00 0.219237
337 336 300.00 0.309400
337 338 300.00 0.061427
337 339 300.00 0.219237
338 337 300.00 0.061427
409 340 300.00 0.089667
507 341 300.00 0.465323
342 506 300.00 0.125337
346 343 300.00 0.125763
345 344 300.00 0.086063
458 347 300.00 0.217523
458 461 300.00 0.112020
458 462 300.00 0.042123
347 458 300.00 0.217523
349 222 300.00 0.337847
354 352 300.00 0.174870
354 356 300.00 0.177100
354 355 300.00 0.268003
355 353 300.00 0.176240
355 354 300.00 0.268003
355 357 300.00 0.174273
361 359 300.00 0.172373
361 360 300.00 0.232280
361 363 300.00 0.175920
364 367 300.00 0.080593
364 369 300.00 0.089887
364 365 300.00 0.192423
369 364 300.00 0.089887
369 366 300.00 0.097270
369 370 300.00 0.224740
366 365 300.00 0.093307
366 369 300.00 0.097270
366 371 300.00 0.080893
370 368 300.00 0.164890
370 369 300.00 0.224740
370 372 300.00 0.184153
418 373 300.00 0.370187
418 417 300.00 0.019113
418 482 300.00 0.017950
384 385 300.00 0.235953
384 387 300.00 0.031120
384 465 300.00 0.307253
387 384 300.00 0.031120
386 385 300.00 0.325543
391 115 300.00 0.392033
391 54 300.00 0.051337
440 474 300.00 0.235733
440 447 300.00 0.033400
443 392 300.00 0.388450
443 444 300.00 0.035377
442 441 300.00 0.027837
442 52 300.00 0.237713
494 399 300.00 0.051153
494 349 300.00 0.046460
494 495 300.00 0.464093
399 494 300.00 0.051153
399 449 300.00 0.035287
497 399 300.00 0.029953
451 401 300.00 0.242643
427 401 300.00 0.070103
427 487 300.00 1.613760
405 471 300.00 0.022620
405 43 300.00 0.788537
471 470 300.00 0.078490
471 406 300.00 0.485450
470 408 300.00 0.024230
470 489 300.00 0.084493
413 412 300.00 0.291860
415 414 300.00 0.180723
482 418 300.00 0.017950
425 448 300.00 0.032633
425 396 300.00 0.196123
446 424 300.00 0.034830
446 280 300.00 0.057603
474 234 300.00 0.024377
474 473 300.00 0.377740
447 440 300.00 0.033400
447 237 300.00 0.166823
461 458 300.00 0.112020
461 460 300.00 0.128013
461 493 300.00 0.371867
462 458 300.00 0.042123
462 459 300.00 0.048853
462 466 300.00 0.207697
459 460 300.00 0.086607
459 462 300.00 0.048853
459 463 300.00 0.229360
493 461 300.00 0.371867
466 462 300.00 0.207697
483 488 300.00 0.017333
496 484 300.00 0.086290
490 27 300.00 0.046793
