0.000000 1.000000 300.000000 0.360227
34.000000 0.000000 300.000000 0.363683
0.000000 34.000000 300.000000 0.363683
1.000000 2.000000 300.000000 0.371640
1.000000 6.000000 300.000000 0.361503
2.000000 36.000000 300.000000 0.367410
2.000000 22.000000 300.000000 0.355570
13.000000 4.000000 300.000000 0.365673
4.000000 13.000000 300.000000 0.365673
5.000000 72.000000 300.000000 0.108740
94.000000 5.000000 300.000000 0.147820
5.000000 94.000000 300.000000 0.147820
6.000000 34.000000 300.000000 0.363030
7.000000 6.000000 300.000000 0.366363
6.000000 7.000000 300.000000 0.366363
7.000000 93.000000 300.000000 0.360050
6.000000 7.000000 300.000000 0.366363
7.000000 6.000000 300.000000 0.366363
27.000000 8.000000 300.000000 0.309617
8.000000 27.000000 300.000000 0.309617
12.000000 8.000000 300.000000 0.334557
8.000000 12.000000 300.000000 0.334557
13.000000 9.000000 300.000000 0.329240
9.000000 13.000000 300.000000 0.329240
39.000000 9.000000 300.000000 0.331017
9.000000 39.000000 300.000000 0.331017
10.000000 9.000000 300.000000 0.365203
9.000000 10.000000 300.000000 0.365203
87.000000 10.000000 300.000000 0.117870
10.000000 87.000000 300.000000 0.117870
9.000000 10.000000 300.000000 0.365203
10.000000 9.000000 300.000000 0.365203
10.000000 40.000000 300.000000 0.328263
12.000000 11.000000 300.000000 0.366973
11.000000 12.000000 300.000000 0.366973
56.000000 11.000000 300.000000 0.375417
11.000000 56.000000 300.000000 0.375417
57.000000 11.000000 300.000000 0.335220
11.000000 57.000000 300.000000 0.335220
11.000000 12.000000 300.000000 0.366973
12.000000 11.000000 300.000000 0.366973
15.000000 12.000000 300.000000 0.337767
12.000000 15.000000 300.000000 0.337767
8.000000 12.000000 300.000000 0.334557
12.000000 8.000000 300.000000 0.334557
14.000000 13.000000 300.000000 0.363157
13.000000 14.000000 300.000000 0.363157
9.000000 13.000000 300.000000 0.329240
13.000000 9.000000 300.000000 0.329240
4.000000 13.000000 300.000000 0.365673
13.000000 4.000000 300.000000 0.365673
41.000000 13.000000 300.000000 0.308303
13.000000 41.000000 300.000000 0.308303
13.000000 14.000000 300.000000 0.363157
14.000000 13.000000 300.000000 0.363157
88.000000 14.000000 300.000000 0.124047
14.000000 88.000000 300.000000 0.124047
42.000000 14.000000 300.000000 0.299370
14.000000 42.000000 300.000000 0.299370
14.000000 10.000000 300.000000 0.328530
12.000000 15.000000 300.000000 0.337767
15.000000 12.000000 300.000000 0.337767
57.000000 15.000000 300.000000 0.370673
15.000000 57.000000 300.000000 0.370673
69.000000 15.000000 300.000000 1.045653
15.000000 69.000000 300.000000 1.045653
47.000000 16.000000 300.000000 0.288260
16.000000 47.000000 300.000000 0.288260
68.000000 16.000000 300.000000 0.232687
16.000000 68.000000 300.000000 0.232687
17.000000 16.000000 300.000000 0.206890
16.000000 17.000000 300.000000 0.206890
16.000000 17.000000 300.000000 0.206890
17.000000 16.000000 300.000000 0.206890
51.000000 18.000000 300.000000 0.114943
18.000000 51.000000 300.000000 0.114943
48.000000 19.000000 300.000000 0.418200
19.000000 48.000000 300.000000 0.418200
19.000000 83.000000 300.000000 0.401383
48.000000 20.000000 300.000000 0.582303
20.000000 48.000000 300.000000 0.582303
20.000000 19.000000 300.000000 0.357027
21.000000 96.000000 300.000000 0.122463
21.000000 22.000000 300.000000 0.359533
22.000000 49.000000 300.000000 0.370080
23.000000 5.000000 300.000000 0.125457
23.000000 70.000000 300.000000 0.215973
24.000000 23.000000 300.000000 0.360497
24.000000 29.000000 300.000000 0.353597
30.000000 25.000000 300.000000 0.351583
25.000000 30.000000 300.000000 0.351583
25.000000 24.000000 300.000000 0.311980
31.000000 26.000000 300.000000 0.346617
26.000000 31.000000 300.000000 0.346617
26.000000 25.000000 300.000000 0.221010
27.000000 26.000000 300.000000 0.446590
32.000000 27.000000 300.000000 0.360847
27.000000 32.000000 300.000000 0.360847
8.000000 27.000000 300.000000 0.309617
27.000000 8.000000 300.000000 0.309617
29.000000 28.000000 300.000000 0.362307
28.000000 29.000000 300.000000 0.362307
28.000000 23.000000 300.000000 0.362590
29.000000 35.000000 300.000000 0.367760
28.000000 29.000000 300.000000 0.362307
29.000000 28.000000 300.000000 0.362307
30.000000 29.000000 300.000000 0.316297
29.000000 30.000000 300.000000 0.316297
44.000000 30.000000 300.000000 0.590293
30.000000 44.000000 300.000000 0.590293
31.000000 30.000000 300.000000 0.226720
30.000000 31.000000 300.000000 0.226720
25.000000 30.000000 300.000000 0.351583
30.000000 25.000000 300.000000 0.351583
29.000000 30.000000 300.000000 0.316297
30.000000 29.000000 300.000000 0.316297
26.000000 31.000000 300.000000 0.346617
31.000000 26.000000 300.000000 0.346617
30.000000 31.000000 300.000000 0.226720
31.000000 30.000000 300.000000 0.226720
62.000000 31.000000 300.000000 0.420120
31.000000 62.000000 300.000000 0.420120
32.000000 31.000000 300.000000 0.339997
31.000000 32.000000 300.000000 0.339997
33.000000 32.000000 300.000000 0.257833
32.000000 33.000000 300.000000 0.257833
27.000000 32.000000 300.000000 0.360847
32.000000 27.000000 300.000000 0.360847
31.000000 32.000000 300.000000 0.339997
32.000000 31.000000 300.000000 0.339997
32.000000 33.000000 300.000000 0.257833
33.000000 32.000000 300.000000 0.257833
64.000000 33.000000 300.000000 0.083023
33.000000 64.000000 300.000000 0.083023
58.000000 33.000000 300.000000 0.461683
33.000000 58.000000 300.000000 0.461683
35.000000 34.000000 300.000000 0.367313
34.000000 35.000000 300.000000 0.367313
0.000000 34.000000 300.000000 0.363683
34.000000 0.000000 300.000000 0.363683
34.000000 28.000000 300.000000 0.359103
35.000000 7.000000 300.000000 0.359917
34.000000 35.000000 300.000000 0.367313
35.000000 34.000000 300.000000 0.367313
36.000000 6.000000 300.000000 0.361943
36.000000 93.000000 300.000000 0.359793
93.000000 37.000000 300.000000 0.448540
37.000000 93.000000 300.000000 0.448540
45.000000 37.000000 300.000000 0.124050
37.000000 45.000000 300.000000 0.124050
73.000000 37.000000 300.000000 0.169200
37.000000 73.000000 300.000000 0.169200
44.000000 37.000000 300.000000 0.503987
37.000000 44.000000 300.000000 0.503987
78.000000 38.000000 300.000000 0.109743
38.000000 78.000000 300.000000 0.109743
9.000000 39.000000 300.000000 0.331017
39.000000 9.000000 300.000000 0.331017
39.000000 40.000000 300.000000 0.366067
40.000000 24.000000 300.000000 0.334680
40.000000 53.000000 300.000000 0.372367
13.000000 41.000000 300.000000 0.308303
41.000000 13.000000 300.000000 0.308303
42.000000 41.000000 300.000000 0.364277
41.000000 42.000000 300.000000 0.364277
14.000000 42.000000 300.000000 0.299370
42.000000 14.000000 300.000000 0.299370
54.000000 42.000000 300.000000 0.373720
42.000000 54.000000 300.000000 0.373720
41.000000 42.000000 300.000000 0.364277
42.000000 41.000000 300.000000 0.364277
52.000000 43.000000 300.000000 0.117910
43.000000 52.000000 300.000000 0.117910
77.000000 43.000000 300.000000 0.274460
43.000000 77.000000 300.000000 0.274460
30.000000 44.000000 300.000000 0.590293
44.000000 30.000000 300.000000 0.590293
46.000000 44.000000 300.000000 0.224213
44.000000 46.000000 300.000000 0.224213
37.000000 44.000000 300.000000 0.503987
44.000000 37.000000 300.000000 0.503987
37.000000 45.000000 300.000000 0.124050
45.000000 37.000000 300.000000 0.124050
62.000000 46.000000 300.000000 0.182027
46.000000 62.000000 300.000000 0.182027
75.000000 46.000000 300.000000 0.149513
46.000000 75.000000 300.000000 0.149513
44.000000 46.000000 300.000000 0.224213
46.000000 44.000000 300.000000 0.224213
78.000000 46.000000 300.000000 0.343153
46.000000 78.000000 300.000000 0.343153
16.000000 47.000000 300.000000 0.288260
47.000000 16.000000 300.000000 0.288260
19.000000 48.000000 300.000000 0.418200
48.000000 19.000000 300.000000 0.418200
20.000000 48.000000 300.000000 0.582303
48.000000 20.000000 300.000000 0.582303
68.000000 50.000000 300.000000 0.098407
50.000000 68.000000 300.000000 0.098407
51.000000 50.000000 300.000000 0.118213
50.000000 51.000000 300.000000 0.118213
18.000000 51.000000 300.000000 0.114943
51.000000 18.000000 300.000000 0.114943
50.000000 51.000000 300.000000 0.118213
51.000000 50.000000 300.000000 0.118213
43.000000 52.000000 300.000000 0.117910
52.000000 43.000000 300.000000 0.117910
56.000000 53.000000 300.000000 0.327023
53.000000 56.000000 300.000000 0.327023
53.000000 8.000000 300.000000 0.687790
55.000000 54.000000 300.000000 0.286353
54.000000 55.000000 300.000000 0.286353
42.000000 54.000000 300.000000 0.373720
54.000000 42.000000 300.000000 0.373720
69.000000 54.000000 300.000000 0.377910
54.000000 69.000000 300.000000 0.377910
54.000000 55.000000 300.000000 0.286353
55.000000 54.000000 300.000000 0.286353
57.000000 55.000000 300.000000 0.379197
55.000000 57.000000 300.000000 0.379197
86.000000 55.000000 300.000000 0.121937
55.000000 86.000000 300.000000 0.121937
56.000000 55.000000 300.000000 0.329540
55.000000 56.000000 300.000000 0.329540
85.000000 56.000000 300.000000 0.126353
56.000000 85.000000 300.000000 0.126353
11.000000 56.000000 300.000000 0.375417
56.000000 11.000000 300.000000 0.375417
55.000000 56.000000 300.000000 0.329540
56.000000 55.000000 300.000000 0.329540
53.000000 56.000000 300.000000 0.327023
56.000000 53.000000 300.000000 0.327023
15.000000 57.000000 300.000000 0.370673
57.000000 15.000000 300.000000 0.370673
55.000000 57.000000 300.000000 0.379197
57.000000 55.000000 300.000000 0.379197
11.000000 57.000000 300.000000 0.335220
57.000000 11.000000 300.000000 0.335220
69.000000 57.000000 300.000000 0.283617
57.000000 69.000000 300.000000 0.283617
58.000000 27.000000 300.000000 0.286653
33.000000 58.000000 300.000000 0.461683
58.000000 33.000000 300.000000 0.461683
82.000000 59.000000 300.000000 0.263043
59.000000 82.000000 300.000000 0.263043
82.000000 60.000000 300.000000 0.267213
60.000000 82.000000 300.000000 0.267213
82.000000 61.000000 300.000000 0.022390
61.000000 82.000000 300.000000 0.022390
75.000000 61.000000 300.000000 0.064007
61.000000 75.000000 300.000000 0.064007
63.000000 61.000000 300.000000 0.195773
61.000000 63.000000 300.000000 0.195773
46.000000 62.000000 300.000000 0.182027
62.000000 46.000000 300.000000 0.182027
76.000000 62.000000 300.000000 0.153547
62.000000 76.000000 300.000000 0.153547
31.000000 62.000000 300.000000 0.420120
62.000000 31.000000 300.000000 0.420120
76.000000 63.000000 300.000000 0.068793
63.000000 76.000000 300.000000 0.068793
61.000000 63.000000 300.000000 0.195773
63.000000 61.000000 300.000000 0.195773
65.000000 63.000000 300.000000 0.567830
63.000000 65.000000 300.000000 0.567830
33.000000 64.000000 300.000000 0.083023
64.000000 33.000000 300.000000 0.083023
65.000000 64.000000 300.000000 0.244817
64.000000 65.000000 300.000000 0.244817
81.000000 64.000000 300.000000 0.715563
64.000000 81.000000 300.000000 0.715563
66.000000 65.000000 300.000000 0.221110
65.000000 66.000000 300.000000 0.221110
64.000000 65.000000 300.000000 0.244817
65.000000 64.000000 300.000000 0.244817
63.000000 65.000000 300.000000 0.567830
65.000000 63.000000 300.000000 0.567830
65.000000 66.000000 300.000000 0.221110
66.000000 65.000000 300.000000 0.221110
16.000000 68.000000 300.000000 0.232687
68.000000 16.000000 300.000000 0.232687
50.000000 68.000000 300.000000 0.098407
68.000000 50.000000 300.000000 0.098407
15.000000 69.000000 300.000000 1.045653
69.000000 15.000000 300.000000 1.045653
54.000000 69.000000 300.000000 0.377910
69.000000 54.000000 300.000000 0.377910
57.000000 69.000000 300.000000 0.283617
69.000000 57.000000 300.000000 0.283617
70.000000 39.000000 300.000000 0.115000
72.000000 71.000000 300.000000 0.141003
71.000000 72.000000 300.000000 0.141003
72.000000 3.000000 300.000000 0.132113
71.000000 72.000000 300.000000 0.141003
72.000000 71.000000 300.000000 0.141003
37.000000 73.000000 300.000000 0.169200
73.000000 37.000000 300.000000 0.169200
74.000000 84.000000 300.000000 0.070657
77.000000 74.000000 300.000000 0.267687
74.000000 77.000000 300.000000 0.267687
61.000000 75.000000 300.000000 0.064007
75.000000 61.000000 300.000000 0.064007
46.000000 75.000000 300.000000 0.149513
75.000000 46.000000 300.000000 0.149513
76.000000 75.000000 300.000000 0.193773
75.000000 76.000000 300.000000 0.193773
63.000000 76.000000 300.000000 0.068793
76.000000 63.000000 300.000000 0.068793
62.000000 76.000000 300.000000 0.153547
76.000000 62.000000 300.000000 0.153547
75.000000 76.000000 300.000000 0.193773
76.000000 75.000000 300.000000 0.193773
92.000000 77.000000 300.000000 0.123967
77.000000 92.000000 300.000000 0.123967
74.000000 77.000000 300.000000 0.267687
77.000000 74.000000 300.000000 0.267687
43.000000 77.000000 300.000000 0.274460
77.000000 43.000000 300.000000 0.274460
38.000000 78.000000 300.000000 0.109743
78.000000 38.000000 300.000000 0.109743
79.000000 78.000000 300.000000 0.161637
78.000000 79.000000 300.000000 0.161637
46.000000 78.000000 300.000000 0.343153
78.000000 46.000000 300.000000 0.343153
78.000000 79.000000 300.000000 0.161637
79.000000 78.000000 300.000000 0.161637
90.000000 80.000000 300.000000 0.283090
80.000000 90.000000 300.000000 0.283090
81.000000 58.000000 300.000000 0.293693
64.000000 81.000000 300.000000 0.715563
81.000000 64.000000 300.000000 0.715563
59.000000 82.000000 300.000000 0.263043
82.000000 59.000000 300.000000 0.263043
61.000000 82.000000 300.000000 0.022390
82.000000 61.000000 300.000000 0.022390
60.000000 82.000000 300.000000 0.267213
82.000000 60.000000 300.000000 0.267213
83.000000 17.000000 300.000000 0.309190
84.000000 20.000000 300.000000 0.055957
84.000000 92.000000 300.000000 0.185530
56.000000 85.000000 300.000000 0.126353
85.000000 56.000000 300.000000 0.126353
87.000000 85.000000 300.000000 0.133197
85.000000 87.000000 300.000000 0.133197
86.000000 85.000000 300.000000 0.322120
85.000000 86.000000 300.000000 0.322120
55.000000 86.000000 300.000000 0.121937
86.000000 55.000000 300.000000 0.121937
88.000000 86.000000 300.000000 0.130063
86.000000 88.000000 300.000000 0.130063
85.000000 86.000000 300.000000 0.322120
86.000000 85.000000 300.000000 0.322120
85.000000 87.000000 300.000000 0.133197
87.000000 85.000000 300.000000 0.133197
88.000000 87.000000 300.000000 0.327603
87.000000 88.000000 300.000000 0.327603
10.000000 87.000000 300.000000 0.117870
87.000000 10.000000 300.000000 0.117870
87.000000 88.000000 300.000000 0.327603
88.000000 87.000000 300.000000 0.327603
86.000000 88.000000 300.000000 0.130063
88.000000 86.000000 300.000000 0.130063
14.000000 88.000000 300.000000 0.124047
88.000000 14.000000 300.000000 0.124047
89.000000 20.000000 300.000000 0.414817
89.000000 91.000000 300.000000 0.034960
80.000000 90.000000 300.000000 0.283090
90.000000 80.000000 300.000000 0.283090
90.000000 91.000000 300.000000 0.043997
91.000000 21.000000 300.000000 0.345287
77.000000 92.000000 300.000000 0.123967
92.000000 77.000000 300.000000 0.123967
92.000000 90.000000 300.000000 0.219303
37.000000 93.000000 300.000000 0.448540
93.000000 37.000000 300.000000 0.448540
93.000000 89.000000 300.000000 0.363877
5.000000 94.000000 300.000000 0.147820
94.000000 5.000000 300.000000 0.147820
96.000000 95.000000 300.000000 0.130787
95.000000 96.000000 300.000000 0.130787
96.000000 36.000000 300.000000 0.240070
95.000000 96.000000 300.000000 0.130787
96.000000 95.000000 300.000000 0.130787
