0.000000 4.000000 300.000000 0.039270
0.000000 178.000000 300.000000 0.267527
1.000000 0.000000 300.000000 0.054030
1.000000 247.000000 300.000000 0.445530
244.000000 2.000000 300.000000 0.041943
2.000000 244.000000 300.000000 0.041943
2.000000 0.000000 300.000000 0.419617
27.000000 3.000000 300.000000 0.315670
3.000000 27.000000 300.000000 0.315670
3.000000 4.000000 300.000000 0.263270
4.000000 29.000000 300.000000 0.316133
4.000000 68.000000 300.000000 0.267707
5.000000 260.000000 300.000000 0.049543
5.000000 250.000000 300.000000 0.149327
6.000000 7.000000 300.000000 0.107430
7.000000 18.000000 300.000000 0.714873
7.000000 88.000000 300.000000 0.306857
8.000000 165.000000 300.000000 0.054773
9.000000 164.000000 300.000000 0.297813
9.000000 10.000000 300.000000 0.263673
10.000000 1.000000 300.000000 0.043913
10.000000 206.000000 300.000000 0.258477
176.000000 11.000000 300.000000 0.262060
11.000000 176.000000 300.000000 0.262060
285.000000 11.000000 300.000000 0.444457
11.000000 285.000000 300.000000 0.444457
189.000000 12.000000 300.000000 0.164267
12.000000 189.000000 300.000000 0.164267
12.000000 8.000000 300.000000 0.345697
12.000000 275.000000 300.000000 0.021980
13.000000 12.000000 300.000000 0.038930
14.000000 286.000000 300.000000 0.029670
116.000000 14.000000 300.000000 0.341640
14.000000 116.000000 300.000000 0.341640
15.000000 16.000000 300.000000 0.259963
15.000000 277.000000 300.000000 0.063313
16.000000 274.000000 300.000000 0.055197
16.000000 273.000000 300.000000 0.042057
17.000000 18.000000 300.000000 0.330193
17.000000 77.000000 300.000000 0.698217
18.000000 253.000000 300.000000 0.036553
19.000000 17.000000 300.000000 0.534643
20.000000 182.000000 300.000000 0.260097
120.000000 20.000000 300.000000 0.503560
20.000000 120.000000 300.000000 0.503560
21.000000 20.000000 300.000000 0.288397
147.000000 21.000000 300.000000 0.204010
21.000000 147.000000 300.000000 0.204010
22.000000 130.000000 300.000000 0.235017
22.000000 181.000000 300.000000 0.299507
256.000000 23.000000 300.000000 0.419380
23.000000 256.000000 300.000000 0.419380
78.000000 23.000000 300.000000 0.290070
23.000000 78.000000 300.000000 0.290070
24.000000 100.000000 300.000000 0.408153
284.000000 24.000000 300.000000 0.425543
24.000000 284.000000 300.000000 0.425543
89.000000 24.000000 300.000000 0.236293
24.000000 89.000000 300.000000 0.236293
93.000000 25.000000 300.000000 0.457807
25.000000 93.000000 300.000000 0.457807
55.000000 25.000000 300.000000 0.392720
25.000000 55.000000 300.000000 0.392720
48.000000 25.000000 300.000000 0.251243
25.000000 48.000000 300.000000 0.251243
25.000000 90.000000 300.000000 0.434277
76.000000 26.000000 300.000000 0.389503
26.000000 76.000000 300.000000 0.389503
26.000000 225.000000 300.000000 0.309497
110.000000 27.000000 300.000000 0.414153
27.000000 110.000000 300.000000 0.414153
3.000000 27.000000 300.000000 0.315670
27.000000 3.000000 300.000000 0.315670
27.000000 29.000000 300.000000 0.262600
62.000000 28.000000 300.000000 0.406250
28.000000 62.000000 300.000000 0.406250
92.000000 28.000000 300.000000 0.415013
28.000000 92.000000 300.000000 0.415013
37.000000 28.000000 300.000000 0.415960
28.000000 37.000000 300.000000 0.415960
108.000000 28.000000 300.000000 0.407560
28.000000 108.000000 300.000000 0.407560
29.000000 101.000000 300.000000 0.264103
29.000000 30.000000 300.000000 0.416077
90.000000 30.000000 300.000000 0.215760
30.000000 90.000000 300.000000 0.215760
30.000000 48.000000 300.000000 0.419287
110.000000 30.000000 300.000000 0.257310
30.000000 110.000000 300.000000 0.257310
104.000000 31.000000 300.000000 0.194220
31.000000 104.000000 300.000000 0.194220
56.000000 31.000000 300.000000 0.309870
31.000000 56.000000 300.000000 0.309870
220.000000 31.000000 300.000000 0.191390
31.000000 220.000000 300.000000 0.191390
32.000000 211.000000 300.000000 0.125213
83.000000 33.000000 300.000000 0.130803
33.000000 83.000000 300.000000 0.130803
91.000000 34.000000 300.000000 0.403593
34.000000 91.000000 300.000000 0.403593
50.000000 34.000000 300.000000 0.194497
34.000000 50.000000 300.000000 0.194497
89.000000 34.000000 300.000000 0.195493
34.000000 89.000000 300.000000 0.195493
39.000000 35.000000 300.000000 0.417863
35.000000 39.000000 300.000000 0.417863
93.000000 35.000000 300.000000 0.065760
35.000000 93.000000 300.000000 0.065760
62.000000 35.000000 300.000000 0.347647
35.000000 62.000000 300.000000 0.347647
223.000000 36.000000 300.000000 0.430910
36.000000 223.000000 300.000000 0.430910
85.000000 36.000000 300.000000 0.376313
36.000000 85.000000 300.000000 0.376313
76.000000 36.000000 300.000000 0.419563
36.000000 76.000000 300.000000 0.419563
98.000000 36.000000 300.000000 0.400040
36.000000 98.000000 300.000000 0.400040
60.000000 37.000000 300.000000 0.425947
37.000000 60.000000 300.000000 0.425947
28.000000 37.000000 300.000000 0.415960
37.000000 28.000000 300.000000 0.415960
95.000000 37.000000 300.000000 0.414210
37.000000 95.000000 300.000000 0.414210
100.000000 37.000000 300.000000 0.414303
37.000000 100.000000 300.000000 0.414303
234.000000 38.000000 300.000000 0.026393
38.000000 234.000000 300.000000 0.026393
238.000000 38.000000 300.000000 0.080920
38.000000 238.000000 300.000000 0.080920
69.000000 38.000000 300.000000 0.286790
38.000000 69.000000 300.000000 0.286790
78.000000 39.000000 300.000000 0.133050
39.000000 78.000000 300.000000 0.133050
35.000000 39.000000 300.000000 0.417863
39.000000 35.000000 300.000000 0.417863
284.000000 39.000000 300.000000 0.373583
39.000000 284.000000 300.000000 0.373583
54.000000 40.000000 300.000000 0.124823
40.000000 54.000000 300.000000 0.124823
86.000000 40.000000 300.000000 0.195073
40.000000 86.000000 300.000000 0.195073
174.000000 40.000000 300.000000 0.192443
40.000000 174.000000 300.000000 0.192443
50.000000 40.000000 300.000000 0.406710
40.000000 50.000000 300.000000 0.406710
238.000000 41.000000 300.000000 0.133807
41.000000 238.000000 300.000000 0.133807
82.000000 41.000000 300.000000 0.422550
41.000000 82.000000 300.000000 0.422550
230.000000 41.000000 300.000000 0.286217
41.000000 230.000000 300.000000 0.286217
99.000000 41.000000 300.000000 0.271380
41.000000 99.000000 300.000000 0.271380
64.000000 42.000000 300.000000 0.261567
42.000000 64.000000 300.000000 0.261567
59.000000 42.000000 300.000000 0.279510
42.000000 59.000000 300.000000 0.279510
294.000000 42.000000 300.000000 0.148340
42.000000 294.000000 300.000000 0.148340
83.000000 42.000000 300.000000 0.416560
42.000000 83.000000 300.000000 0.416560
66.000000 43.000000 300.000000 0.412003
43.000000 66.000000 300.000000 0.412003
99.000000 43.000000 300.000000 0.263290
43.000000 99.000000 300.000000 0.263290
81.000000 43.000000 300.000000 0.267150
43.000000 81.000000 300.000000 0.267150
71.000000 43.000000 300.000000 0.388100
43.000000 71.000000 300.000000 0.388100
92.000000 44.000000 300.000000 0.420893
44.000000 92.000000 300.000000 0.420893
97.000000 44.000000 300.000000 0.411247
44.000000 97.000000 300.000000 0.411247
65.000000 44.000000 300.000000 0.409567
44.000000 65.000000 300.000000 0.409567
106.000000 44.000000 300.000000 0.409277
44.000000 106.000000 300.000000 0.409277
59.000000 45.000000 300.000000 0.395470
45.000000 59.000000 300.000000 0.395470
252.000000 45.000000 300.000000 0.410520
45.000000 252.000000 300.000000 0.410520
245.000000 45.000000 300.000000 1.532373
45.000000 245.000000 300.000000 1.532373
109.000000 46.000000 300.000000 0.196563
46.000000 109.000000 300.000000 0.196563
106.000000 46.000000 300.000000 0.433240
46.000000 106.000000 300.000000 0.433240
74.000000 46.000000 300.000000 0.289033
46.000000 74.000000 300.000000 0.289033
102.000000 46.000000 300.000000 0.420200
46.000000 102.000000 300.000000 0.420200
66.000000 47.000000 300.000000 0.256513
47.000000 66.000000 300.000000 0.256513
82.000000 47.000000 300.000000 0.278160
47.000000 82.000000 300.000000 0.278160
99.000000 47.000000 300.000000 0.419457
47.000000 99.000000 300.000000 0.419457
294.000000 47.000000 300.000000 0.262927
47.000000 294.000000 300.000000 0.262927
64.000000 48.000000 300.000000 0.258423
48.000000 64.000000 300.000000 0.258423
72.000000 48.000000 300.000000 0.411053
48.000000 72.000000 300.000000 0.411053
25.000000 48.000000 300.000000 0.251243
48.000000 25.000000 300.000000 0.251243
226.000000 49.000000 300.000000 0.207653
49.000000 226.000000 300.000000 0.207653
175.000000 50.000000 300.000000 0.208347
50.000000 175.000000 300.000000 0.208347
34.000000 50.000000 300.000000 0.194497
50.000000 34.000000 300.000000 0.194497
40.000000 50.000000 300.000000 0.406710
50.000000 40.000000 300.000000 0.406710
74.000000 51.000000 300.000000 0.117787
51.000000 74.000000 300.000000 0.117787
87.000000 51.000000 300.000000 0.273560
51.000000 87.000000 300.000000 0.273560
109.000000 51.000000 300.000000 0.302280
51.000000 109.000000 300.000000 0.302280
242.000000 52.000000 300.000000 0.011883
52.000000 242.000000 300.000000 0.011883
280.000000 52.000000 300.000000 0.188887
52.000000 280.000000 300.000000 0.188887
252.000000 52.000000 300.000000 0.496063
52.000000 252.000000 300.000000 0.496063
104.000000 53.000000 300.000000 0.307430
53.000000 104.000000 300.000000 0.307430
40.000000 54.000000 300.000000 0.124823
54.000000 40.000000 300.000000 0.124823
105.000000 54.000000 300.000000 0.281097
54.000000 105.000000 300.000000 0.281097
57.000000 54.000000 300.000000 0.313057
54.000000 57.000000 300.000000 0.313057
108.000000 55.000000 300.000000 0.454177
55.000000 108.000000 300.000000 0.454177
72.000000 55.000000 300.000000 0.258980
55.000000 72.000000 300.000000 0.258980
25.000000 55.000000 300.000000 0.392720
55.000000 25.000000 300.000000 0.392720
102.000000 55.000000 300.000000 0.402177
55.000000 102.000000 300.000000 0.402177
65.000000 56.000000 300.000000 0.416670
56.000000 65.000000 300.000000 0.416670
31.000000 56.000000 300.000000 0.309870
56.000000 31.000000 300.000000 0.309870
54.000000 57.000000 300.000000 0.313057
57.000000 54.000000 300.000000 0.313057
212.000000 58.000000 300.000000 0.125310
58.000000 212.000000 300.000000 0.125310
174.000000 58.000000 300.000000 0.208443
58.000000 174.000000 300.000000 0.208443
82.000000 59.000000 300.000000 0.401767
59.000000 82.000000 300.000000 0.401767
42.000000 59.000000 300.000000 0.279510
59.000000 42.000000 300.000000 0.279510
45.000000 59.000000 300.000000 0.395470
59.000000 45.000000 300.000000 0.395470
37.000000 60.000000 300.000000 0.425947
60.000000 37.000000 300.000000 0.425947
301.000000 60.000000 300.000000 0.012980
60.000000 301.000000 300.000000 0.012980
215.000000 60.000000 300.000000 0.163103
60.000000 215.000000 300.000000 0.163103
223.000000 61.000000 300.000000 0.350937
61.000000 223.000000 300.000000 0.350937
28.000000 62.000000 300.000000 0.406250
62.000000 28.000000 300.000000 0.406250
100.000000 62.000000 300.000000 0.420207
62.000000 100.000000 300.000000 0.420207
284.000000 62.000000 300.000000 0.413620
62.000000 284.000000 300.000000 0.413620
35.000000 62.000000 300.000000 0.347647
62.000000 35.000000 300.000000 0.347647
67.000000 63.000000 300.000000 0.385827
63.000000 67.000000 300.000000 0.385827
279.000000 63.000000 300.000000 0.134867
63.000000 279.000000 300.000000 0.134867
63.000000 254.000000 300.000000 0.415183
48.000000 64.000000 300.000000 0.258423
64.000000 48.000000 300.000000 0.258423
42.000000 64.000000 300.000000 0.261567
64.000000 42.000000 300.000000 0.261567
295.000000 64.000000 300.000000 0.139580
64.000000 295.000000 300.000000 0.139580
110.000000 64.000000 300.000000 0.417890
64.000000 110.000000 300.000000 0.417890
226.000000 65.000000 300.000000 0.213430
65.000000 226.000000 300.000000 0.213430
94.000000 65.000000 300.000000 0.407727
65.000000 94.000000 300.000000 0.407727
56.000000 65.000000 300.000000 0.416670
65.000000 56.000000 300.000000 0.416670
44.000000 65.000000 300.000000 0.409567
65.000000 44.000000 300.000000 0.409567
43.000000 66.000000 300.000000 0.412003
66.000000 43.000000 300.000000 0.412003
295.000000 66.000000 300.000000 0.268927
66.000000 295.000000 300.000000 0.268927
72.000000 66.000000 300.000000 0.267790
66.000000 72.000000 300.000000 0.267790
47.000000 66.000000 300.000000 0.256513
66.000000 47.000000 300.000000 0.256513
111.000000 67.000000 300.000000 0.222517
67.000000 111.000000 300.000000 0.222517
63.000000 67.000000 300.000000 0.385827
67.000000 63.000000 300.000000 0.385827
84.000000 67.000000 300.000000 0.417037
67.000000 84.000000 300.000000 0.417037
68.000000 178.000000 300.000000 0.039077
68.000000 5.000000 300.000000 0.874267
99.000000 69.000000 300.000000 0.311263
69.000000 99.000000 300.000000 0.311263
38.000000 69.000000 300.000000 0.286790
69.000000 38.000000 300.000000 0.286790
87.000000 69.000000 300.000000 0.277790
69.000000 87.000000 300.000000 0.277790
89.000000 70.000000 300.000000 0.407677
70.000000 89.000000 300.000000 0.407677
261.000000 70.000000 300.000000 0.231633
70.000000 261.000000 300.000000 0.231633
262.000000 70.000000 300.000000 0.418757
70.000000 262.000000 300.000000 0.418757
87.000000 71.000000 300.000000 0.027053
71.000000 87.000000 300.000000 0.027053
74.000000 71.000000 300.000000 0.261580
71.000000 74.000000 300.000000 0.261580
43.000000 71.000000 300.000000 0.388100
71.000000 43.000000 300.000000 0.388100
81.000000 72.000000 300.000000 0.403220
72.000000 81.000000 300.000000 0.403220
55.000000 72.000000 300.000000 0.258980
72.000000 55.000000 300.000000 0.258980
66.000000 72.000000 300.000000 0.267790
72.000000 66.000000 300.000000 0.267790
48.000000 72.000000 300.000000 0.411053
72.000000 48.000000 300.000000 0.411053
207.000000 73.000000 300.000000 0.197783
73.000000 207.000000 300.000000 0.197783
73.000000 101.000000 300.000000 0.325063
51.000000 74.000000 300.000000 0.117787
74.000000 51.000000 300.000000 0.117787
46.000000 74.000000 300.000000 0.289033
74.000000 46.000000 300.000000 0.289033
71.000000 74.000000 300.000000 0.261580
74.000000 71.000000 300.000000 0.261580
81.000000 74.000000 300.000000 0.397670
74.000000 81.000000 300.000000 0.397670
108.000000 75.000000 300.000000 0.412307
75.000000 108.000000 300.000000 0.412307
106.000000 75.000000 300.000000 0.420410
75.000000 106.000000 300.000000 0.420410
102.000000 75.000000 300.000000 0.448877
75.000000 102.000000 300.000000 0.448877
92.000000 75.000000 300.000000 0.405870
75.000000 92.000000 300.000000 0.405870
84.000000 76.000000 300.000000 0.407780
76.000000 84.000000 300.000000 0.407780
26.000000 76.000000 300.000000 0.389503
76.000000 26.000000 300.000000 0.389503
36.000000 76.000000 300.000000 0.419563
76.000000 36.000000 300.000000 0.419563
105.000000 76.000000 300.000000 0.407090
76.000000 105.000000 300.000000 0.407090
77.000000 26.000000 300.000000 0.325857
39.000000 78.000000 300.000000 0.133050
78.000000 39.000000 300.000000 0.133050
207.000000 78.000000 300.000000 0.263883
78.000000 207.000000 300.000000 0.263883
23.000000 78.000000 300.000000 0.290070
78.000000 23.000000 300.000000 0.290070
222.000000 79.000000 300.000000 0.032277
79.000000 222.000000 300.000000 0.032277
224.000000 79.000000 300.000000 0.239620
79.000000 224.000000 300.000000 0.239620
96.000000 79.000000 300.000000 0.603910
79.000000 96.000000 300.000000 0.603910
83.000000 80.000000 300.000000 0.157677
80.000000 83.000000 300.000000 0.157677
72.000000 81.000000 300.000000 0.403220
81.000000 72.000000 300.000000 0.403220
43.000000 81.000000 300.000000 0.267150
81.000000 43.000000 300.000000 0.267150
102.000000 81.000000 300.000000 0.265410
81.000000 102.000000 300.000000 0.265410
74.000000 81.000000 300.000000 0.397670
81.000000 74.000000 300.000000 0.397670
41.000000 82.000000 300.000000 0.422550
82.000000 41.000000 300.000000 0.422550
59.000000 82.000000 300.000000 0.401767
82.000000 59.000000 300.000000 0.401767
47.000000 82.000000 300.000000 0.278160
82.000000 47.000000 300.000000 0.278160
252.000000 82.000000 300.000000 0.309917
82.000000 252.000000 300.000000 0.309917
42.000000 83.000000 300.000000 0.416560
83.000000 42.000000 300.000000 0.416560
80.000000 83.000000 300.000000 0.157677
83.000000 80.000000 300.000000 0.157677
110.000000 83.000000 300.000000 0.259847
83.000000 110.000000 300.000000 0.259847
33.000000 83.000000 300.000000 0.130803
83.000000 33.000000 300.000000 0.130803
76.000000 84.000000 300.000000 0.407780
84.000000 76.000000 300.000000 0.407780
254.000000 84.000000 300.000000 0.390517
84.000000 254.000000 300.000000 0.390517
86.000000 84.000000 300.000000 0.207487
84.000000 86.000000 300.000000 0.207487
67.000000 84.000000 300.000000 0.417037
84.000000 67.000000 300.000000 0.417037
85.000000 265.000000 300.000000 0.047630
36.000000 85.000000 300.000000 0.376313
85.000000 36.000000 300.000000 0.376313
111.000000 86.000000 300.000000 0.416817
86.000000 111.000000 300.000000 0.416817
84.000000 86.000000 300.000000 0.207487
86.000000 84.000000 300.000000 0.207487
40.000000 86.000000 300.000000 0.195073
86.000000 40.000000 300.000000 0.195073
71.000000 87.000000 300.000000 0.027053
87.000000 71.000000 300.000000 0.027053
69.000000 87.000000 300.000000 0.277790
87.000000 69.000000 300.000000 0.277790
51.000000 87.000000 300.000000 0.273560
87.000000 51.000000 300.000000 0.273560
111.000000 88.000000 300.000000 0.186783
88.000000 111.000000 300.000000 0.186783
88.000000 58.000000 300.000000 0.019217
70.000000 89.000000 300.000000 0.407677
89.000000 70.000000 300.000000 0.407677
34.000000 89.000000 300.000000 0.195493
89.000000 34.000000 300.000000 0.195493
24.000000 89.000000 300.000000 0.236293
89.000000 24.000000 300.000000 0.236293
30.000000 90.000000 300.000000 0.215760
90.000000 30.000000 300.000000 0.215760
90.000000 73.000000 300.000000 0.103870
100.000000 91.000000 300.000000 0.436110
91.000000 100.000000 300.000000 0.436110
34.000000 91.000000 300.000000 0.403593
91.000000 34.000000 300.000000 0.403593
105.000000 91.000000 300.000000 0.579167
91.000000 105.000000 300.000000 0.579167
301.000000 91.000000 300.000000 0.398590
91.000000 301.000000 300.000000 0.398590
28.000000 92.000000 300.000000 0.415013
92.000000 28.000000 300.000000 0.415013
44.000000 92.000000 300.000000 0.420893
92.000000 44.000000 300.000000 0.420893
75.000000 92.000000 300.000000 0.405870
92.000000 75.000000 300.000000 0.405870
95.000000 92.000000 300.000000 0.419327
92.000000 95.000000 300.000000 0.419327
108.000000 93.000000 300.000000 0.398507
93.000000 108.000000 300.000000 0.398507
35.000000 93.000000 300.000000 0.065760
93.000000 35.000000 300.000000 0.065760
25.000000 93.000000 300.000000 0.457807
93.000000 25.000000 300.000000 0.457807
106.000000 94.000000 300.000000 0.407450
94.000000 106.000000 300.000000 0.407450
303.000000 94.000000 300.000000 0.224863
94.000000 303.000000 300.000000 0.224863
65.000000 94.000000 300.000000 0.407727
94.000000 65.000000 300.000000 0.407727
92.000000 95.000000 300.000000 0.419327
95.000000 92.000000 300.000000 0.419327
97.000000 95.000000 300.000000 0.414170
95.000000 97.000000 300.000000 0.414170
96.000000 95.000000 300.000000 0.392380
95.000000 96.000000 300.000000 0.392380
37.000000 95.000000 300.000000 0.414210
95.000000 37.000000 300.000000 0.414210
215.000000 96.000000 300.000000 0.259477
96.000000 215.000000 300.000000 0.259477
103.000000 96.000000 300.000000 0.412857
96.000000 103.000000 300.000000 0.412857
95.000000 96.000000 300.000000 0.392380
96.000000 95.000000 300.000000 0.392380
79.000000 96.000000 300.000000 0.603910
96.000000 79.000000 300.000000 0.603910
103.000000 97.000000 300.000000 0.347707
97.000000 103.000000 300.000000 0.347707
44.000000 97.000000 300.000000 0.411247
97.000000 44.000000 300.000000 0.411247
97.000000 56.000000 300.000000 0.416737
95.000000 97.000000 300.000000 0.414170
97.000000 95.000000 300.000000 0.414170
300.000000 98.000000 300.000000 0.016100
98.000000 300.000000 300.000000 0.016100
216.000000 98.000000 300.000000 0.062750
98.000000 216.000000 300.000000 0.062750
36.000000 98.000000 300.000000 0.400040
98.000000 36.000000 300.000000 0.400040
69.000000 99.000000 300.000000 0.311263
99.000000 69.000000 300.000000 0.311263
47.000000 99.000000 300.000000 0.419457
99.000000 47.000000 300.000000 0.419457
41.000000 99.000000 300.000000 0.271380
99.000000 41.000000 300.000000 0.271380
43.000000 99.000000 300.000000 0.263290
99.000000 43.000000 300.000000 0.263290
91.000000 100.000000 300.000000 0.436110
100.000000 91.000000 300.000000 0.436110
62.000000 100.000000 300.000000 0.420207
100.000000 62.000000 300.000000 0.420207
37.000000 100.000000 300.000000 0.414303
100.000000 37.000000 300.000000 0.414303
101.000000 68.000000 300.000000 0.316483
101.000000 23.000000 300.000000 0.447520
81.000000 102.000000 300.000000 0.265410
102.000000 81.000000 300.000000 0.265410
75.000000 102.000000 300.000000 0.448877
102.000000 75.000000 300.000000 0.448877
55.000000 102.000000 300.000000 0.402177
102.000000 55.000000 300.000000 0.402177
46.000000 102.000000 300.000000 0.420200
102.000000 46.000000 300.000000 0.420200
97.000000 103.000000 300.000000 0.347707
103.000000 97.000000 300.000000 0.347707
220.000000 103.000000 300.000000 0.224753
103.000000 220.000000 300.000000 0.224753
96.000000 103.000000 300.000000 0.412857
103.000000 96.000000 300.000000 0.412857
31.000000 104.000000 300.000000 0.194220
104.000000 31.000000 300.000000 0.194220
53.000000 104.000000 300.000000 0.307430
104.000000 53.000000 300.000000 0.307430
54.000000 105.000000 300.000000 0.281097
105.000000 54.000000 300.000000 0.281097
300.000000 105.000000 300.000000 0.414897
105.000000 300.000000 300.000000 0.414897
76.000000 105.000000 300.000000 0.407090
105.000000 76.000000 300.000000 0.407090
91.000000 105.000000 300.000000 0.579167
105.000000 91.000000 300.000000 0.579167
46.000000 106.000000 300.000000 0.433240
106.000000 46.000000 300.000000 0.433240
75.000000 106.000000 300.000000 0.420410
106.000000 75.000000 300.000000 0.420410
94.000000 106.000000 300.000000 0.407450
106.000000 94.000000 300.000000 0.407450
44.000000 106.000000 300.000000 0.409277
106.000000 44.000000 300.000000 0.409277
222.000000 107.000000 300.000000 0.122793
107.000000 222.000000 300.000000 0.122793
221.000000 107.000000 300.000000 0.292163
107.000000 221.000000 300.000000 0.292163
218.000000 107.000000 300.000000 0.248533
107.000000 218.000000 300.000000 0.248533
55.000000 108.000000 300.000000 0.454177
108.000000 55.000000 300.000000 0.454177
93.000000 108.000000 300.000000 0.398507
108.000000 93.000000 300.000000 0.398507
75.000000 108.000000 300.000000 0.412307
108.000000 75.000000 300.000000 0.412307
28.000000 108.000000 300.000000 0.407560
108.000000 28.000000 300.000000 0.407560
46.000000 109.000000 300.000000 0.196563
109.000000 46.000000 300.000000 0.196563
51.000000 109.000000 300.000000 0.302280
109.000000 51.000000 300.000000 0.302280
303.000000 109.000000 300.000000 0.299623
109.000000 303.000000 300.000000 0.299623
302.000000 109.000000 300.000000 0.189200
109.000000 302.000000 300.000000 0.189200
64.000000 110.000000 300.000000 0.417890
110.000000 64.000000 300.000000 0.417890
27.000000 110.000000 300.000000 0.414153
110.000000 27.000000 300.000000 0.414153
83.000000 110.000000 300.000000 0.259847
110.000000 83.000000 300.000000 0.259847
30.000000 110.000000 300.000000 0.257310
110.000000 30.000000 300.000000 0.257310
88.000000 111.000000 300.000000 0.186783
111.000000 88.000000 300.000000 0.186783
67.000000 111.000000 300.000000 0.222517
111.000000 67.000000 300.000000 0.222517
86.000000 111.000000 300.000000 0.416817
111.000000 86.000000 300.000000 0.416817
193.000000 112.000000 300.000000 0.062380
112.000000 193.000000 300.000000 0.062380
135.000000 112.000000 300.000000 0.080087
112.000000 135.000000 300.000000 0.080087
184.000000 112.000000 300.000000 0.244997
112.000000 184.000000 300.000000 0.244997
113.000000 298.000000 300.000000 0.180817
116.000000 113.000000 300.000000 0.371347
113.000000 116.000000 300.000000 0.371347
166.000000 113.000000 300.000000 0.199893
113.000000 166.000000 300.000000 0.199893
118.000000 114.000000 300.000000 0.217083
114.000000 118.000000 300.000000 0.217083
274.000000 114.000000 300.000000 0.341330
114.000000 274.000000 300.000000 0.341330
116.000000 114.000000 300.000000 0.358237
114.000000 116.000000 300.000000 0.358237
188.000000 114.000000 300.000000 0.166333
114.000000 188.000000 300.000000 0.166333
115.000000 287.000000 300.000000 0.324537
14.000000 116.000000 300.000000 0.341640
116.000000 14.000000 300.000000 0.341640
113.000000 116.000000 300.000000 0.371347
116.000000 113.000000 300.000000 0.371347
114.000000 116.000000 300.000000 0.358237
116.000000 114.000000 300.000000 0.358237
117.000000 113.000000 300.000000 0.325633
118.000000 117.000000 300.000000 0.198200
117.000000 118.000000 300.000000 0.198200
184.000000 117.000000 300.000000 0.262400
117.000000 184.000000 300.000000 0.262400
119.000000 118.000000 300.000000 0.206703
118.000000 119.000000 300.000000 0.206703
117.000000 118.000000 300.000000 0.198200
118.000000 117.000000 300.000000 0.198200
114.000000 118.000000 300.000000 0.217083
118.000000 114.000000 300.000000 0.217083
281.000000 118.000000 300.000000 0.500640
118.000000 281.000000 300.000000 0.500640
118.000000 119.000000 300.000000 0.206703
119.000000 118.000000 300.000000 0.206703
191.000000 120.000000 300.000000 0.281933
120.000000 191.000000 300.000000 0.281933
150.000000 120.000000 300.000000 0.343937
120.000000 150.000000 300.000000 0.343937
20.000000 120.000000 300.000000 0.503560
120.000000 20.000000 300.000000 0.503560
122.000000 121.000000 300.000000 0.287377
121.000000 122.000000 300.000000 0.287377
154.000000 121.000000 300.000000 0.265970
121.000000 154.000000 300.000000 0.265970
163.000000 121.000000 300.000000 0.398997
121.000000 163.000000 300.000000 0.398997
138.000000 122.000000 300.000000 0.277987
122.000000 138.000000 300.000000 0.277987
128.000000 122.000000 300.000000 0.436800
122.000000 128.000000 300.000000 0.436800
121.000000 122.000000 300.000000 0.287377
122.000000 121.000000 300.000000 0.287377
132.000000 123.000000 300.000000 0.354040
123.000000 132.000000 300.000000 0.354040
159.000000 123.000000 300.000000 0.091490
123.000000 159.000000 300.000000 0.091490
157.000000 123.000000 300.000000 0.259707
123.000000 157.000000 300.000000 0.259707
157.000000 124.000000 300.000000 0.353027
124.000000 157.000000 300.000000 0.353027
149.000000 124.000000 300.000000 0.307113
124.000000 149.000000 300.000000 0.307113
132.000000 124.000000 300.000000 0.261193
124.000000 132.000000 300.000000 0.261193
134.000000 125.000000 300.000000 0.322247
125.000000 134.000000 300.000000 0.322247
140.000000 125.000000 300.000000 0.127630
125.000000 140.000000 300.000000 0.127630
162.000000 125.000000 300.000000 0.132217
125.000000 162.000000 300.000000 0.132217
127.000000 126.000000 300.000000 0.582603
126.000000 127.000000 300.000000 0.582603
126.000000 255.000000 300.000000 0.499457
143.000000 127.000000 300.000000 0.376097
127.000000 143.000000 300.000000 0.376097
197.000000 127.000000 300.000000 0.666407
127.000000 197.000000 300.000000 0.666407
140.000000 127.000000 300.000000 0.324613
127.000000 140.000000 300.000000 0.324613
161.000000 127.000000 300.000000 0.421153
127.000000 161.000000 300.000000 0.421153
126.000000 127.000000 300.000000 0.582603
127.000000 126.000000 300.000000 0.582603
122.000000 128.000000 300.000000 0.436800
128.000000 122.000000 300.000000 0.436800
136.000000 128.000000 300.000000 0.132010
128.000000 136.000000 300.000000 0.132010
163.000000 128.000000 300.000000 0.278707
128.000000 163.000000 300.000000 0.278707
203.000000 129.000000 300.000000 0.210187
129.000000 203.000000 300.000000 0.210187
145.000000 129.000000 300.000000 0.142453
129.000000 145.000000 300.000000 0.142453
152.000000 129.000000 300.000000 0.191947
129.000000 152.000000 300.000000 0.191947
180.000000 130.000000 300.000000 0.298343
130.000000 180.000000 300.000000 0.298343
130.000000 115.000000 300.000000 0.256107
197.000000 131.000000 300.000000 0.099977
131.000000 197.000000 300.000000 0.099977
195.000000 131.000000 300.000000 0.138330
131.000000 195.000000 300.000000 0.138330
249.000000 131.000000 300.000000 0.985530
131.000000 249.000000 300.000000 0.985530
144.000000 132.000000 300.000000 0.262670
132.000000 144.000000 300.000000 0.262670
123.000000 132.000000 300.000000 0.354040
132.000000 123.000000 300.000000 0.354040
124.000000 132.000000 300.000000 0.261193
132.000000 124.000000 300.000000 0.261193
258.000000 132.000000 300.000000 0.225427
132.000000 258.000000 300.000000 0.225427
293.000000 133.000000 300.000000 0.566247
133.000000 293.000000 300.000000 0.566247
149.000000 133.000000 300.000000 0.290723
133.000000 149.000000 300.000000 0.290723
143.000000 134.000000 300.000000 0.170713
134.000000 143.000000 300.000000 0.170713
160.000000 134.000000 300.000000 0.063990
134.000000 160.000000 300.000000 0.063990
125.000000 134.000000 300.000000 0.322247
134.000000 125.000000 300.000000 0.322247
112.000000 135.000000 300.000000 0.080087
135.000000 112.000000 300.000000 0.080087
249.000000 135.000000 300.000000 0.315980
135.000000 249.000000 300.000000 0.315980
186.000000 135.000000 300.000000 0.128840
135.000000 186.000000 300.000000 0.128840
200.000000 136.000000 300.000000 0.225997
136.000000 200.000000 300.000000 0.225997
162.000000 136.000000 300.000000 0.135713
136.000000 162.000000 300.000000 0.135713
128.000000 136.000000 300.000000 0.132010
136.000000 128.000000 300.000000 0.132010
164.000000 137.000000 300.000000 0.233260
137.000000 164.000000 300.000000 0.233260
145.000000 138.000000 300.000000 0.134417
138.000000 145.000000 300.000000 0.134417
122.000000 138.000000 300.000000 0.277987
138.000000 122.000000 300.000000 0.277987
162.000000 138.000000 300.000000 0.466283
138.000000 162.000000 300.000000 0.466283
160.000000 139.000000 300.000000 0.238647
139.000000 160.000000 300.000000 0.238647
146.000000 139.000000 300.000000 0.542180
139.000000 146.000000 300.000000 0.542180
200.000000 139.000000 300.000000 0.293957
139.000000 200.000000 300.000000 0.293957
142.000000 140.000000 300.000000 0.366063
140.000000 142.000000 300.000000 0.366063
127.000000 140.000000 300.000000 0.324613
140.000000 127.000000 300.000000 0.324613
125.000000 140.000000 300.000000 0.127630
140.000000 125.000000 300.000000 0.127630
160.000000 141.000000 300.000000 0.307430
141.000000 160.000000 300.000000 0.307430
140.000000 142.000000 300.000000 0.366063
142.000000 140.000000 300.000000 0.366063
161.000000 142.000000 300.000000 0.055730
142.000000 161.000000 300.000000 0.055730
145.000000 142.000000 300.000000 0.182597
142.000000 145.000000 300.000000 0.182597
134.000000 143.000000 300.000000 0.170713
143.000000 134.000000 300.000000 0.170713
153.000000 143.000000 300.000000 0.330990
143.000000 153.000000 300.000000 0.330990
127.000000 143.000000 300.000000 0.376097
143.000000 127.000000 300.000000 0.376097
132.000000 144.000000 300.000000 0.262670
144.000000 132.000000 300.000000 0.262670
293.000000 144.000000 300.000000 0.092997
144.000000 293.000000 300.000000 0.092997
257.000000 144.000000 300.000000 0.222277
144.000000 257.000000 300.000000 0.222277
138.000000 145.000000 300.000000 0.134417
145.000000 138.000000 300.000000 0.134417
142.000000 145.000000 300.000000 0.182597
145.000000 142.000000 300.000000 0.182597
129.000000 145.000000 300.000000 0.142453
145.000000 129.000000 300.000000 0.142453
139.000000 146.000000 300.000000 0.542180
146.000000 139.000000 300.000000 0.542180
199.000000 146.000000 300.000000 0.634740
146.000000 199.000000 300.000000 0.634740
150.000000 146.000000 300.000000 0.436147
146.000000 150.000000 300.000000 0.436147
166.000000 147.000000 300.000000 0.056380
147.000000 166.000000 300.000000 0.056380
180.000000 147.000000 300.000000 0.186717
147.000000 180.000000 300.000000 0.186717
21.000000 147.000000 300.000000 0.204010
147.000000 21.000000 300.000000 0.204010
151.000000 148.000000 300.000000 0.256820
148.000000 151.000000 300.000000 0.256820
149.000000 148.000000 300.000000 0.225463
148.000000 149.000000 300.000000 0.225463
154.000000 148.000000 300.000000 0.263030
148.000000 154.000000 300.000000 0.263030
151.000000 149.000000 300.000000 0.183910
149.000000 151.000000 300.000000 0.183910
124.000000 149.000000 300.000000 0.307113
149.000000 124.000000 300.000000 0.307113
133.000000 149.000000 300.000000 0.290723
149.000000 133.000000 300.000000 0.290723
148.000000 149.000000 300.000000 0.225463
149.000000 148.000000 300.000000 0.225463
249.000000 150.000000 300.000000 0.567017
150.000000 249.000000 300.000000 0.567017
146.000000 150.000000 300.000000 0.436147
150.000000 146.000000 300.000000 0.436147
120.000000 150.000000 300.000000 0.343937
150.000000 120.000000 300.000000 0.343937
148.000000 151.000000 300.000000 0.256820
151.000000 148.000000 300.000000 0.256820
149.000000 151.000000 300.000000 0.183910
151.000000 149.000000 300.000000 0.183910
156.000000 151.000000 300.000000 0.237117
151.000000 156.000000 300.000000 0.237117
156.000000 152.000000 300.000000 0.119277
152.000000 156.000000 300.000000 0.119277
154.000000 152.000000 300.000000 0.504240
152.000000 154.000000 300.000000 0.504240
129.000000 152.000000 300.000000 0.191947
152.000000 129.000000 300.000000 0.191947
143.000000 153.000000 300.000000 0.330990
153.000000 143.000000 300.000000 0.330990
152.000000 154.000000 300.000000 0.504240
154.000000 152.000000 300.000000 0.504240
148.000000 154.000000 300.000000 0.263030
154.000000 148.000000 300.000000 0.263030
121.000000 154.000000 300.000000 0.265970
154.000000 121.000000 300.000000 0.265970
155.000000 158.000000 300.000000 0.404073
161.000000 155.000000 300.000000 0.789737
155.000000 161.000000 300.000000 0.789737
152.000000 156.000000 300.000000 0.119277
156.000000 152.000000 300.000000 0.119277
157.000000 156.000000 300.000000 0.120807
156.000000 157.000000 300.000000 0.120807
151.000000 156.000000 300.000000 0.237117
156.000000 151.000000 300.000000 0.237117
124.000000 157.000000 300.000000 0.353027
157.000000 124.000000 300.000000 0.353027
156.000000 157.000000 300.000000 0.120807
157.000000 156.000000 300.000000 0.120807
123.000000 157.000000 300.000000 0.259707
157.000000 123.000000 300.000000 0.259707
201.000000 158.000000 300.000000 0.408167
158.000000 201.000000 300.000000 0.408167
158.000000 9.000000 300.000000 0.385057
123.000000 159.000000 300.000000 0.091490
159.000000 123.000000 300.000000 0.091490
134.000000 160.000000 300.000000 0.063990
160.000000 134.000000 300.000000 0.063990
139.000000 160.000000 300.000000 0.238647
160.000000 139.000000 300.000000 0.238647
141.000000 160.000000 300.000000 0.307430
160.000000 141.000000 300.000000 0.307430
142.000000 161.000000 300.000000 0.055730
161.000000 142.000000 300.000000 0.055730
155.000000 161.000000 300.000000 0.789737
161.000000 155.000000 300.000000 0.789737
127.000000 161.000000 300.000000 0.421153
161.000000 127.000000 300.000000 0.421153
138.000000 162.000000 300.000000 0.466283
162.000000 138.000000 300.000000 0.466283
136.000000 162.000000 300.000000 0.135713
162.000000 136.000000 300.000000 0.135713
125.000000 162.000000 300.000000 0.132217
162.000000 125.000000 300.000000 0.132217
128.000000 163.000000 300.000000 0.278707
163.000000 128.000000 300.000000 0.278707
121.000000 163.000000 300.000000 0.398997
163.000000 121.000000 300.000000 0.398997
199.000000 163.000000 300.000000 0.228053
163.000000 199.000000 300.000000 0.228053
164.000000 258.000000 300.000000 0.150750
137.000000 164.000000 300.000000 0.233260
164.000000 137.000000 300.000000 0.233260
165.000000 288.000000 300.000000 0.101247
195.000000 165.000000 300.000000 0.628377
165.000000 195.000000 300.000000 0.628377
147.000000 166.000000 300.000000 0.056380
166.000000 147.000000 300.000000 0.056380
113.000000 166.000000 300.000000 0.199893
166.000000 113.000000 300.000000 0.199893
167.000000 166.000000 300.000000 0.309103
166.000000 167.000000 300.000000 0.309103
167.000000 117.000000 300.000000 0.195717
166.000000 167.000000 300.000000 0.309103
167.000000 166.000000 300.000000 0.309103
169.000000 168.000000 300.000000 0.332933
168.000000 169.000000 300.000000 0.332933
168.000000 115.000000 300.000000 0.204460
168.000000 169.000000 300.000000 0.332933
169.000000 168.000000 300.000000 0.332933
169.000000 116.000000 300.000000 0.296993
171.000000 170.000000 300.000000 0.264867
170.000000 171.000000 300.000000 0.264867
173.000000 170.000000 300.000000 0.209637
170.000000 173.000000 300.000000 0.209637
296.000000 170.000000 300.000000 0.038610
170.000000 296.000000 300.000000 0.038610
170.000000 171.000000 300.000000 0.264867
171.000000 170.000000 300.000000 0.264867
176.000000 171.000000 300.000000 0.211780
171.000000 176.000000 300.000000 0.211780
173.000000 172.000000 300.000000 0.258020
172.000000 173.000000 300.000000 0.258020
172.000000 11.000000 300.000000 0.287060
176.000000 173.000000 300.000000 0.268900
173.000000 176.000000 300.000000 0.268900
170.000000 173.000000 300.000000 0.209637
173.000000 170.000000 300.000000 0.209637
172.000000 173.000000 300.000000 0.258020
173.000000 172.000000 300.000000 0.258020
175.000000 174.000000 300.000000 0.404493
174.000000 175.000000 300.000000 0.404493
58.000000 174.000000 300.000000 0.208443
174.000000 58.000000 300.000000 0.208443
40.000000 174.000000 300.000000 0.192443
174.000000 40.000000 300.000000 0.192443
262.000000 175.000000 300.000000 0.203017
175.000000 262.000000 300.000000 0.203017
50.000000 175.000000 300.000000 0.208347
175.000000 50.000000 300.000000 0.208347
174.000000 175.000000 300.000000 0.404493
175.000000 174.000000 300.000000 0.404493
173.000000 176.000000 300.000000 0.268900
176.000000 173.000000 300.000000 0.268900
11.000000 176.000000 300.000000 0.262060
176.000000 11.000000 300.000000 0.262060
171.000000 176.000000 300.000000 0.211780
176.000000 171.000000 300.000000 0.211780
177.000000 9.000000 300.000000 0.044627
177.000000 1.000000 300.000000 0.265683
178.000000 177.000000 300.000000 0.052940
178.000000 260.000000 300.000000 0.876977
180.000000 179.000000 300.000000 0.255747
179.000000 180.000000 300.000000 0.255747
179.000000 168.000000 300.000000 0.090693
181.000000 180.000000 300.000000 0.192460
180.000000 181.000000 300.000000 0.192460
179.000000 180.000000 300.000000 0.255747
180.000000 179.000000 300.000000 0.255747
147.000000 180.000000 300.000000 0.186717
180.000000 147.000000 300.000000 0.186717
130.000000 180.000000 300.000000 0.298343
180.000000 130.000000 300.000000 0.298343
180.000000 181.000000 300.000000 0.192460
181.000000 180.000000 300.000000 0.192460
181.000000 21.000000 300.000000 0.181253
183.000000 182.000000 300.000000 0.142287
182.000000 183.000000 300.000000 0.142287
182.000000 167.000000 300.000000 0.036550
182.000000 183.000000 300.000000 0.142287
183.000000 182.000000 300.000000 0.142287
112.000000 184.000000 300.000000 0.244997
184.000000 112.000000 300.000000 0.244997
187.000000 184.000000 300.000000 0.200083
184.000000 187.000000 300.000000 0.200083
117.000000 184.000000 300.000000 0.262400
184.000000 117.000000 300.000000 0.262400
187.000000 185.000000 300.000000 0.132027
185.000000 187.000000 300.000000 0.132027
135.000000 186.000000 300.000000 0.128840
186.000000 135.000000 300.000000 0.128840
191.000000 186.000000 300.000000 0.096173
186.000000 191.000000 300.000000 0.096173
187.000000 186.000000 300.000000 0.245050
186.000000 187.000000 300.000000 0.245050
185.000000 187.000000 300.000000 0.132027
187.000000 185.000000 300.000000 0.132027
184.000000 187.000000 300.000000 0.200083
187.000000 184.000000 300.000000 0.200083
186.000000 187.000000 300.000000 0.245050
187.000000 186.000000 300.000000 0.245050
114.000000 188.000000 300.000000 0.166333
188.000000 114.000000 300.000000 0.166333
281.000000 188.000000 300.000000 0.589670
188.000000 281.000000 300.000000 0.589670
189.000000 188.000000 300.000000 0.398210
188.000000 189.000000 300.000000 0.398210
12.000000 189.000000 300.000000 0.164267
189.000000 12.000000 300.000000 0.164267
190.000000 189.000000 300.000000 0.123137
189.000000 190.000000 300.000000 0.123137
188.000000 189.000000 300.000000 0.398210
189.000000 188.000000 300.000000 0.398210
189.000000 190.000000 300.000000 0.123137
190.000000 189.000000 300.000000 0.123137
192.000000 191.000000 300.000000 0.169953
191.000000 192.000000 300.000000 0.169953
186.000000 191.000000 300.000000 0.096173
191.000000 186.000000 300.000000 0.096173
120.000000 191.000000 300.000000 0.281933
191.000000 120.000000 300.000000 0.281933
191.000000 192.000000 300.000000 0.169953
192.000000 191.000000 300.000000 0.169953
112.000000 193.000000 300.000000 0.062380
193.000000 112.000000 300.000000 0.062380
194.000000 193.000000 300.000000 0.145683
193.000000 194.000000 300.000000 0.145683
281.000000 193.000000 300.000000 0.142703
193.000000 281.000000 300.000000 0.142703
193.000000 194.000000 300.000000 0.145683
194.000000 193.000000 300.000000 0.145683
131.000000 195.000000 300.000000 0.138330
195.000000 131.000000 300.000000 0.138330
196.000000 195.000000 300.000000 0.282107
195.000000 196.000000 300.000000 0.282107
165.000000 195.000000 300.000000 0.628377
195.000000 165.000000 300.000000 0.628377
195.000000 196.000000 300.000000 0.282107
196.000000 195.000000 300.000000 0.282107
196.000000 198.000000 300.000000 0.207607
131.000000 197.000000 300.000000 0.099977
197.000000 131.000000 300.000000 0.099977
198.000000 197.000000 300.000000 0.355227
197.000000 198.000000 300.000000 0.355227
127.000000 197.000000 300.000000 0.666407
197.000000 127.000000 300.000000 0.666407
197.000000 198.000000 300.000000 0.355227
198.000000 197.000000 300.000000 0.355227
198.000000 268.000000 300.000000 0.131217
200.000000 199.000000 300.000000 0.434720
199.000000 200.000000 300.000000 0.434720
163.000000 199.000000 300.000000 0.228053
199.000000 163.000000 300.000000 0.228053
146.000000 199.000000 300.000000 0.634740
199.000000 146.000000 300.000000 0.634740
139.000000 200.000000 300.000000 0.293957
200.000000 139.000000 300.000000 0.293957
136.000000 200.000000 300.000000 0.225997
200.000000 136.000000 300.000000 0.225997
199.000000 200.000000 300.000000 0.434720
200.000000 199.000000 300.000000 0.434720
158.000000 201.000000 300.000000 0.408167
201.000000 158.000000 300.000000 0.408167
203.000000 201.000000 300.000000 0.334537
201.000000 203.000000 300.000000 0.334537
202.000000 201.000000 300.000000 0.175543
201.000000 202.000000 300.000000 0.175543
201.000000 202.000000 300.000000 0.175543
202.000000 201.000000 300.000000 0.175543
129.000000 203.000000 300.000000 0.210187
203.000000 129.000000 300.000000 0.210187
201.000000 203.000000 300.000000 0.334537
203.000000 201.000000 300.000000 0.334537
204.000000 203.000000 300.000000 0.219210
203.000000 204.000000 300.000000 0.219210
203.000000 204.000000 300.000000 0.219210
204.000000 203.000000 300.000000 0.219210
206.000000 205.000000 300.000000 0.463630
205.000000 206.000000 300.000000 0.463630
257.000000 205.000000 300.000000 0.260747
205.000000 257.000000 300.000000 0.260747
296.000000 205.000000 300.000000 0.521210
205.000000 296.000000 300.000000 0.521210
205.000000 206.000000 300.000000 0.463630
206.000000 205.000000 300.000000 0.463630
206.000000 246.000000 300.000000 0.186627
78.000000 207.000000 300.000000 0.263883
207.000000 78.000000 300.000000 0.263883
305.000000 207.000000 300.000000 0.050973
207.000000 305.000000 300.000000 0.050973
73.000000 207.000000 300.000000 0.197783
207.000000 73.000000 300.000000 0.197783
208.000000 24.000000 300.000000 0.207577
209.000000 208.000000 300.000000 0.143060
208.000000 209.000000 300.000000 0.143060
208.000000 209.000000 300.000000 0.143060
209.000000 208.000000 300.000000 0.143060
211.000000 210.000000 300.000000 0.325617
210.000000 211.000000 300.000000 0.325617
212.000000 210.000000 300.000000 0.165500
210.000000 212.000000 300.000000 0.165500
262.000000 210.000000 300.000000 0.111363
210.000000 262.000000 300.000000 0.111363
210.000000 211.000000 300.000000 0.325617
211.000000 210.000000 300.000000 0.325617
211.000000 6.000000 300.000000 0.161617
212.000000 6.000000 300.000000 0.325383
58.000000 212.000000 300.000000 0.125310
212.000000 58.000000 300.000000 0.125310
210.000000 212.000000 300.000000 0.165500
212.000000 210.000000 300.000000 0.165500
300.000000 213.000000 300.000000 0.269367
213.000000 300.000000 300.000000 0.269367
301.000000 213.000000 300.000000 0.296950
213.000000 301.000000 300.000000 0.296950
214.000000 213.000000 300.000000 0.242710
213.000000 214.000000 300.000000 0.242710
213.000000 214.000000 300.000000 0.242710
214.000000 213.000000 300.000000 0.242710
60.000000 215.000000 300.000000 0.163103
215.000000 60.000000 300.000000 0.163103
216.000000 215.000000 300.000000 0.579143
215.000000 216.000000 300.000000 0.579143
96.000000 215.000000 300.000000 0.259477
215.000000 96.000000 300.000000 0.259477
98.000000 216.000000 300.000000 0.062750
216.000000 98.000000 300.000000 0.062750
224.000000 216.000000 300.000000 0.101753
216.000000 224.000000 300.000000 0.101753
215.000000 216.000000 300.000000 0.579143
216.000000 215.000000 300.000000 0.579143
219.000000 217.000000 300.000000 0.246463
217.000000 219.000000 300.000000 0.246463
220.000000 217.000000 300.000000 0.353930
217.000000 220.000000 300.000000 0.353930
218.000000 217.000000 300.000000 0.545607
217.000000 218.000000 300.000000 0.545607
107.000000 218.000000 300.000000 0.248533
218.000000 107.000000 300.000000 0.248533
217.000000 218.000000 300.000000 0.545607
218.000000 217.000000 300.000000 0.545607
219.000000 218.000000 300.000000 0.297893
218.000000 219.000000 300.000000 0.297893
221.000000 219.000000 300.000000 0.256033
219.000000 221.000000 300.000000 0.256033
217.000000 219.000000 300.000000 0.246463
219.000000 217.000000 300.000000 0.246463
218.000000 219.000000 300.000000 0.297893
219.000000 218.000000 300.000000 0.297893
217.000000 220.000000 300.000000 0.353930
220.000000 217.000000 300.000000 0.353930
103.000000 220.000000 300.000000 0.224753
220.000000 103.000000 300.000000 0.224753
31.000000 220.000000 300.000000 0.191390
220.000000 31.000000 300.000000 0.191390
219.000000 221.000000 300.000000 0.256033
221.000000 219.000000 300.000000 0.256033
107.000000 221.000000 300.000000 0.292163
221.000000 107.000000 300.000000 0.292163
79.000000 222.000000 300.000000 0.032277
222.000000 79.000000 300.000000 0.032277
107.000000 222.000000 300.000000 0.122793
222.000000 107.000000 300.000000 0.122793
223.000000 222.000000 300.000000 0.361327
222.000000 223.000000 300.000000 0.361327
36.000000 223.000000 300.000000 0.430910
223.000000 36.000000 300.000000 0.430910
61.000000 223.000000 300.000000 0.350937
223.000000 61.000000 300.000000 0.350937
222.000000 223.000000 300.000000 0.361327
223.000000 222.000000 300.000000 0.361327
216.000000 224.000000 300.000000 0.101753
224.000000 216.000000 300.000000 0.101753
307.000000 224.000000 300.000000 0.015807
224.000000 307.000000 300.000000 0.015807
79.000000 224.000000 300.000000 0.239620
224.000000 79.000000 300.000000 0.239620
225.000000 85.000000 300.000000 0.116700
306.000000 225.000000 300.000000 0.033807
225.000000 306.000000 300.000000 0.033807
65.000000 226.000000 300.000000 0.213430
226.000000 65.000000 300.000000 0.213430
49.000000 226.000000 300.000000 0.207653
226.000000 49.000000 300.000000 0.207653
228.000000 226.000000 300.000000 0.190240
226.000000 228.000000 300.000000 0.190240
228.000000 227.000000 300.000000 0.077610
227.000000 228.000000 300.000000 0.077610
227.000000 228.000000 300.000000 0.077610
228.000000 227.000000 300.000000 0.077610
226.000000 228.000000 300.000000 0.190240
228.000000 226.000000 300.000000 0.190240
229.000000 228.000000 300.000000 0.130270
228.000000 229.000000 300.000000 0.130270
228.000000 229.000000 300.000000 0.130270
229.000000 228.000000 300.000000 0.130270
235.000000 230.000000 300.000000 0.110310
230.000000 235.000000 300.000000 0.110310
41.000000 230.000000 300.000000 0.286217
230.000000 41.000000 300.000000 0.286217
231.000000 230.000000 300.000000 0.247780
230.000000 231.000000 300.000000 0.247780
230.000000 231.000000 300.000000 0.247780
231.000000 230.000000 300.000000 0.247780
241.000000 232.000000 300.000000 0.498550
232.000000 241.000000 300.000000 0.498550
248.000000 232.000000 300.000000 0.152923
232.000000 248.000000 300.000000 0.152923
240.000000 232.000000 300.000000 0.188720
232.000000 240.000000 300.000000 0.188720
243.000000 233.000000 300.000000 0.159890
233.000000 243.000000 300.000000 0.159890
242.000000 233.000000 300.000000 0.178883
233.000000 242.000000 300.000000 0.178883
280.000000 233.000000 300.000000 0.066340
233.000000 280.000000 300.000000 0.066340
236.000000 233.000000 300.000000 0.533597
233.000000 236.000000 300.000000 0.533597
248.000000 234.000000 300.000000 0.559510
234.000000 248.000000 300.000000 0.559510
38.000000 234.000000 300.000000 0.026393
234.000000 38.000000 300.000000 0.026393
241.000000 234.000000 300.000000 0.092470
234.000000 241.000000 300.000000 0.092470
242.000000 235.000000 300.000000 0.159213
235.000000 242.000000 300.000000 0.159213
230.000000 235.000000 300.000000 0.110310
235.000000 230.000000 300.000000 0.110310
237.000000 235.000000 300.000000 0.103887
235.000000 237.000000 300.000000 0.103887
243.000000 236.000000 300.000000 0.382463
236.000000 243.000000 300.000000 0.382463
240.000000 236.000000 300.000000 0.170377
236.000000 240.000000 300.000000 0.170377
233.000000 236.000000 300.000000 0.533597
236.000000 233.000000 300.000000 0.533597
243.000000 237.000000 300.000000 0.090487
237.000000 243.000000 300.000000 0.090487
235.000000 237.000000 300.000000 0.103887
237.000000 235.000000 300.000000 0.103887
238.000000 237.000000 300.000000 0.404097
237.000000 238.000000 300.000000 0.404097
38.000000 238.000000 300.000000 0.080920
238.000000 38.000000 300.000000 0.080920
41.000000 238.000000 300.000000 0.133807
238.000000 41.000000 300.000000 0.133807
237.000000 238.000000 300.000000 0.404097
238.000000 237.000000 300.000000 0.404097
240.000000 239.000000 300.000000 0.387940
239.000000 240.000000 300.000000 0.387940
241.000000 239.000000 300.000000 0.164307
239.000000 241.000000 300.000000 0.164307
243.000000 239.000000 300.000000 0.155370
239.000000 243.000000 300.000000 0.155370
239.000000 240.000000 300.000000 0.387940
240.000000 239.000000 300.000000 0.387940
232.000000 240.000000 300.000000 0.188720
240.000000 232.000000 300.000000 0.188720
236.000000 240.000000 300.000000 0.170377
240.000000 236.000000 300.000000 0.170377
232.000000 241.000000 300.000000 0.498550
241.000000 232.000000 300.000000 0.498550
234.000000 241.000000 300.000000 0.092470
241.000000 234.000000 300.000000 0.092470
239.000000 241.000000 300.000000 0.164307
241.000000 239.000000 300.000000 0.164307
52.000000 242.000000 300.000000 0.011883
242.000000 52.000000 300.000000 0.011883
235.000000 242.000000 300.000000 0.159213
242.000000 235.000000 300.000000 0.159213
233.000000 242.000000 300.000000 0.178883
242.000000 233.000000 300.000000 0.178883
233.000000 243.000000 300.000000 0.159890
243.000000 233.000000 300.000000 0.159890
236.000000 243.000000 300.000000 0.382463
243.000000 236.000000 300.000000 0.382463
237.000000 243.000000 300.000000 0.090487
243.000000 237.000000 300.000000 0.090487
239.000000 243.000000 300.000000 0.155370
243.000000 239.000000 300.000000 0.155370
2.000000 244.000000 300.000000 0.041943
244.000000 2.000000 300.000000 0.041943
244.000000 3.000000 300.000000 0.159280
245.000000 244.000000 300.000000 0.771133
45.000000 245.000000 300.000000 1.532373
245.000000 45.000000 300.000000 1.532373
247.000000 246.000000 300.000000 0.045593
246.000000 247.000000 300.000000 0.045593
246.000000 172.000000 300.000000 0.374310
246.000000 247.000000 300.000000 0.045593
247.000000 246.000000 300.000000 0.045593
234.000000 248.000000 300.000000 0.559510
248.000000 234.000000 300.000000 0.559510
232.000000 248.000000 300.000000 0.152923
248.000000 232.000000 300.000000 0.152923
135.000000 249.000000 300.000000 0.315980
249.000000 135.000000 300.000000 0.315980
150.000000 249.000000 300.000000 0.567017
249.000000 150.000000 300.000000 0.567017
131.000000 249.000000 300.000000 0.985530
249.000000 131.000000 300.000000 0.985530
250.000000 271.000000 300.000000 0.833510
283.000000 250.000000 300.000000 0.046300
250.000000 283.000000 300.000000 0.046300
251.000000 250.000000 300.000000 0.322770
250.000000 251.000000 300.000000 0.322770
256.000000 251.000000 300.000000 0.125260
251.000000 256.000000 300.000000 0.125260
250.000000 251.000000 300.000000 0.322770
251.000000 250.000000 300.000000 0.322770
261.000000 251.000000 300.000000 0.299697
251.000000 261.000000 300.000000 0.299697
82.000000 252.000000 300.000000 0.309917
252.000000 82.000000 300.000000 0.309917
52.000000 252.000000 300.000000 0.496063
252.000000 52.000000 300.000000 0.496063
45.000000 252.000000 300.000000 0.410520
252.000000 45.000000 300.000000 0.410520
253.000000 279.000000 300.000000 0.203530
84.000000 254.000000 300.000000 0.390517
254.000000 84.000000 300.000000 0.390517
254.000000 77.000000 300.000000 0.070570
255.000000 155.000000 300.000000 0.091000
251.000000 256.000000 300.000000 0.125260
256.000000 251.000000 300.000000 0.125260
23.000000 256.000000 300.000000 0.419380
256.000000 23.000000 300.000000 0.419380
256.000000 5.000000 300.000000 0.307640
144.000000 257.000000 300.000000 0.222277
257.000000 144.000000 300.000000 0.222277
205.000000 257.000000 300.000000 0.260747
257.000000 205.000000 300.000000 0.260747
257.000000 10.000000 300.000000 0.457643
132.000000 258.000000 300.000000 0.225427
258.000000 132.000000 300.000000 0.225427
258.000000 257.000000 300.000000 0.257573
259.000000 255.000000 300.000000 0.045440
259.000000 177.000000 300.000000 0.879137
260.000000 259.000000 300.000000 0.051147
260.000000 283.000000 300.000000 0.146780
261.000000 208.000000 300.000000 0.200390
70.000000 261.000000 300.000000 0.231633
261.000000 70.000000 300.000000 0.231633
251.000000 261.000000 300.000000 0.299697
261.000000 251.000000 300.000000 0.299697
175.000000 262.000000 300.000000 0.203017
262.000000 175.000000 300.000000 0.203017
262.000000 32.000000 300.000000 0.326000
210.000000 262.000000 300.000000 0.111363
262.000000 210.000000 300.000000 0.111363
70.000000 262.000000 300.000000 0.418757
262.000000 70.000000 300.000000 0.418757
263.000000 266.000000 300.000000 0.203677
263.000000 264.000000 300.000000 0.105370
265.000000 264.000000 300.000000 0.207250
265.000000 266.000000 300.000000 0.115717
266.000000 278.000000 300.000000 0.348803
267.000000 288.000000 300.000000 0.070377
267.000000 290.000000 300.000000 0.377763
269.000000 268.000000 300.000000 0.041787
268.000000 269.000000 300.000000 0.041787
268.000000 126.000000 300.000000 0.501887
268.000000 269.000000 300.000000 0.041787
269.000000 268.000000 300.000000 0.041787
269.000000 259.000000 300.000000 1.002603
271.000000 270.000000 300.000000 0.041820
270.000000 271.000000 300.000000 0.041820
270.000000 289.000000 300.000000 0.512117
271.000000 32.000000 300.000000 0.114850
270.000000 271.000000 300.000000 0.041820
271.000000 270.000000 300.000000 0.041820
272.000000 8.000000 300.000000 0.059650
272.000000 275.000000 300.000000 0.351157
273.000000 13.000000 300.000000 0.018807
273.000000 274.000000 300.000000 0.048007
274.000000 13.000000 300.000000 0.059503
114.000000 274.000000 300.000000 0.341330
274.000000 114.000000 300.000000 0.341330
275.000000 277.000000 300.000000 0.273857
275.000000 273.000000 300.000000 0.050340
276.000000 272.000000 300.000000 0.261343
277.000000 276.000000 300.000000 0.365533
277.000000 19.000000 300.000000 0.086060
278.000000 26.000000 300.000000 0.172523
63.000000 279.000000 300.000000 0.134867
279.000000 63.000000 300.000000 0.134867
52.000000 280.000000 300.000000 0.188887
280.000000 52.000000 300.000000 0.188887
233.000000 280.000000 300.000000 0.066340
280.000000 233.000000 300.000000 0.066340
118.000000 281.000000 300.000000 0.500640
281.000000 118.000000 300.000000 0.500640
188.000000 281.000000 300.000000 0.589670
281.000000 188.000000 300.000000 0.589670
193.000000 281.000000 300.000000 0.142703
281.000000 193.000000 300.000000 0.142703
299.000000 282.000000 300.000000 0.421873
282.000000 299.000000 300.000000 0.421873
292.000000 282.000000 300.000000 0.227963
282.000000 292.000000 300.000000 0.227963
283.000000 270.000000 300.000000 0.834133
250.000000 283.000000 300.000000 0.046300
283.000000 250.000000 300.000000 0.046300
39.000000 284.000000 300.000000 0.373583
284.000000 39.000000 300.000000 0.373583
24.000000 284.000000 300.000000 0.425543
284.000000 24.000000 300.000000 0.425543
62.000000 284.000000 300.000000 0.413620
284.000000 62.000000 300.000000 0.413620
284.000000 256.000000 300.000000 0.418837
11.000000 285.000000 300.000000 0.444457
285.000000 11.000000 300.000000 0.444457
286.000000 15.000000 300.000000 0.073463
286.000000 19.000000 300.000000 0.171273
287.000000 14.000000 300.000000 0.615627
287.000000 169.000000 300.000000 0.164187
288.000000 291.000000 300.000000 0.292917
289.000000 7.000000 300.000000 0.042433
290.000000 289.000000 300.000000 0.059130
290.000000 269.000000 300.000000 0.492577
291.000000 196.000000 300.000000 0.177333
291.000000 290.000000 300.000000 0.045413
282.000000 292.000000 300.000000 0.227963
292.000000 282.000000 300.000000 0.227963
144.000000 293.000000 300.000000 0.092997
293.000000 144.000000 300.000000 0.092997
133.000000 293.000000 300.000000 0.566247
293.000000 133.000000 300.000000 0.566247
296.000000 293.000000 300.000000 1.855130
293.000000 296.000000 300.000000 1.855130
47.000000 294.000000 300.000000 0.262927
294.000000 47.000000 300.000000 0.262927
42.000000 294.000000 300.000000 0.148340
294.000000 42.000000 300.000000 0.148340
295.000000 294.000000 300.000000 0.259970
294.000000 295.000000 300.000000 0.259970
66.000000 295.000000 300.000000 0.268927
295.000000 66.000000 300.000000 0.268927
64.000000 295.000000 300.000000 0.139580
295.000000 64.000000 300.000000 0.139580
294.000000 295.000000 300.000000 0.259970
295.000000 294.000000 300.000000 0.259970
170.000000 296.000000 300.000000 0.038610
296.000000 170.000000 300.000000 0.038610
293.000000 296.000000 300.000000 1.855130
296.000000 293.000000 300.000000 1.855130
205.000000 296.000000 300.000000 0.521210
296.000000 205.000000 300.000000 0.521210
298.000000 297.000000 300.000000 0.125343
297.000000 298.000000 300.000000 0.125343
298.000000 179.000000 300.000000 0.009087
297.000000 298.000000 300.000000 0.125343
298.000000 297.000000 300.000000 0.125343
282.000000 299.000000 300.000000 0.421873
299.000000 282.000000 300.000000 0.421873
98.000000 300.000000 300.000000 0.016100
300.000000 98.000000 300.000000 0.016100
213.000000 300.000000 300.000000 0.269367
300.000000 213.000000 300.000000 0.269367
105.000000 300.000000 300.000000 0.414897
300.000000 105.000000 300.000000 0.414897
60.000000 301.000000 300.000000 0.012980
301.000000 60.000000 300.000000 0.012980
213.000000 301.000000 300.000000 0.296950
301.000000 213.000000 300.000000 0.296950
91.000000 301.000000 300.000000 0.398590
301.000000 91.000000 300.000000 0.398590
109.000000 302.000000 300.000000 0.189200
302.000000 109.000000 300.000000 0.189200
304.000000 303.000000 300.000000 0.019873
303.000000 304.000000 300.000000 0.019873
109.000000 303.000000 300.000000 0.299623
303.000000 109.000000 300.000000 0.299623
94.000000 303.000000 300.000000 0.224863
303.000000 94.000000 300.000000 0.224863
303.000000 304.000000 300.000000 0.019873
304.000000 303.000000 300.000000 0.019873
207.000000 305.000000 300.000000 0.050973
305.000000 207.000000 300.000000 0.050973
225.000000 306.000000 300.000000 0.033807
306.000000 225.000000 300.000000 0.033807
224.000000 307.000000 300.000000 0.015807
307.000000 224.000000 300.000000 0.015807
