0 44 300.00 0.321397
0 4 300.00 0.053347
44 136 300.00 0.262413
4 45 300.00 0.336157
4 137 300.00 0.505927
1 10 300.00 0.553177
1 108 300.00 0.335360
10 6 300.00 0.046560
10 106 300.00 0.328353
10 7 300.00 0.548633
108 1 300.00 0.335360
108 67 300.00 0.545270
108 105 300.00 0.323710
108 106 300.00 0.546217
2 149 300.00 0.226390
149 52 300.00 0.246243
3 19 300.00 0.357857
3 26 300.00 0.263413
19 20 300.00 0.111290
19 17 300.00 0.461453
26 145 300.00 0.359580
26 147 300.00 0.254430
45 43 300.00 0.364277
45 51 300.00 0.334250
45 110 300.00 0.534067
137 37 300.00 0.211453
5 137 300.00 0.044760
5 0 300.00 0.469317
6 10 300.00 0.046560
6 2 300.00 0.738897
136 7 300.00 0.045397
136 123 300.00 0.266577
7 136 300.00 0.045397
7 110 300.00 0.342613
7 4 300.00 0.540953
110 7 300.00 0.342613
110 45 300.00 0.534067
110 58 300.00 0.323350
110 106 300.00 0.561970
34 8 300.00 0.353310
34 27 300.00 0.284623
34 39 300.00 0.310450
34 38 300.00 0.410510
8 34 300.00 0.353310
67 9 300.00 0.315013
67 71 300.00 0.334317
67 108 300.00 0.545270
9 67 300.00 0.315013
106 10 300.00 0.328353
106 108 300.00 0.546217
106 110 300.00 0.561970
106 114 300.00 0.326787
135 11 300.00 0.094887
135 55 300.00 0.670557
135 60 300.00 0.308467
11 135 300.00 0.094887
11 68 300.00 0.399483
11 128 300.00 0.161857
68 11 300.00 0.399483
68 72 300.00 0.268150
128 11 300.00 0.161857
128 12 300.00 0.336470
12 128 300.00 0.336470
12 14 300.00 0.352560
14 12 300.00 0.352560
14 129 300.00 0.255130
14 78 300.00 0.410227
14 16 300.00 0.336473
78 13 300.00 0.306420
78 14 300.00 0.410227
78 72 300.00 0.349960
13 78 300.00 0.306420
13 75 300.00 0.184267
13 151 300.00 0.086033
75 13 300.00 0.184267
75 70 300.00 0.309263
75 72 300.00 0.258307
151 13 300.00 0.086033
151 15 300.00 0.080643
151 152 300.00 0.192793
129 14 300.00 0.255130
16 14 300.00 0.336473
16 83 300.00 0.410773
15 151 300.00 0.080643
83 78 300.00 0.338647
18 17 300.00 0.238953
18 147 300.00 0.514017
18 25 300.00 0.491083
17 18 300.00 0.238953
147 18 300.00 0.514017
147 26 300.00 0.254430
147 146 300.00 0.127843
25 18 300.00 0.491083
25 21 300.00 0.315990
25 29 300.00 0.208147
20 19 300.00 0.111290
23 21 300.00 0.108873
23 28 300.00 0.299857
21 23 300.00 0.108873
21 25 300.00 0.315990
24 22 300.00 0.075303
24 29 300.00 0.260020
24 30 300.00 0.457923
22 24 300.00 0.075303
28 23 300.00 0.299857
28 32 300.00 0.197590
29 24 300.00 0.260020
29 25 300.00 0.208147
29 30 300.00 0.207003
30 24 300.00 0.457923
30 29 300.00 0.207003
30 33 300.00 0.143177
145 33 300.00 0.221967
145 31 300.00 0.049437
27 34 300.00 0.284623
32 28 300.00 0.197590
32 36 300.00 0.095257
32 0 300.00 0.658103
33 30 300.00 0.143177
33 153 300.00 0.062260
33 154 300.00 0.046420
31 8 300.00 0.322110
31 39 300.00 0.481180
39 34 300.00 0.310450
39 42 300.00 0.408133
39 40 300.00 0.265027
36 32 300.00 0.095257
153 37 300.00 0.045013
153 5 300.00 0.211717
154 33 300.00 0.046420
154 31 300.00 0.208793
38 34 300.00 0.410510
38 42 300.00 0.314627
35 38 300.00 0.285997
35 27 300.00 0.407880
37 154 300.00 0.069360
37 153 300.00 0.045013
37 40 300.00 0.595680
40 37 300.00 0.595680
40 39 300.00 0.265027
40 139 300.00 0.155487
40 133 300.00 0.239280
42 47 300.00 0.419120
42 46 300.00 0.268133
139 40 300.00 0.155487
139 46 300.00 0.246477
139 138 300.00 0.138397
139 140 300.00 0.188093
133 40 300.00 0.239280
133 48 300.00 0.091770
133 50 300.00 0.314630
133 148 300.00 0.092167
41 38 300.00 0.415777
41 130 300.00 0.159053
130 144 300.00 0.090797
130 150 300.00 0.133063
47 55 300.00 0.469327
47 53 300.00 0.277137
47 41 300.00 0.322367
46 42 300.00 0.268133
46 139 300.00 0.246477
46 53 300.00 0.412067
46 50 300.00 0.333050
43 45 300.00 0.364277
51 48 300.00 0.431897
51 58 300.00 0.538967
51 54 300.00 0.119973
53 46 300.00 0.412067
53 47 300.00 0.277137
53 57 300.00 0.167860
50 46 300.00 0.333050
50 59 300.00 0.523473
50 133 300.00 0.314630
55 49 300.00 0.327687
55 135 300.00 0.670557
54 48 300.00 0.416307
54 59 300.00 0.318320
54 61 300.00 0.523807
48 54 300.00 0.416307
48 51 300.00 0.431897
48 133 300.00 0.091770
49 55 300.00 0.327687
49 41 300.00 0.505223
49 131 300.00 0.277233
131 49 300.00 0.277233
59 50 300.00 0.523473
59 63 300.00 0.521513
59 62 300.00 0.309383
58 51 300.00 0.538967
58 111 300.00 0.196647
58 110 300.00 0.323350
58 61 300.00 0.267343
52 149 300.00 0.246243
57 53 300.00 0.167860
61 54 300.00 0.523807
61 58 300.00 0.267343
61 63 300.00 0.308923
61 65 300.00 0.543370
134 56 300.00 0.078740
134 60 300.00 0.310043
134 62 300.00 0.458337
56 134 300.00 0.078740
111 58 300.00 0.196647
111 114 300.00 0.360243
111 112 300.00 0.352180
63 59 300.00 0.521513
63 61 300.00 0.308923
63 66 300.00 0.309003
63 69 300.00 0.540657
62 66 300.00 0.521550
62 134 300.00 0.458337
62 64 300.00 0.311747
60 135 300.00 0.308467
60 134 300.00 0.310043
60 64 300.00 0.475380
64 60 300.00 0.475380
64 68 300.00 0.304250
64 70 300.00 0.524740
65 61 300.00 0.543370
65 112 300.00 0.313093
65 69 300.00 0.313647
65 73 300.00 0.528267
66 62 300.00 0.521550
66 63 300.00 0.309003
66 74 300.00 0.534260
66 70 300.00 0.314187
69 63 300.00 0.540657
69 65 300.00 0.313647
69 74 300.00 0.314687
69 77 300.00 0.528977
70 64 300.00 0.524740
70 66 300.00 0.314187
70 75 300.00 0.309263
70 79 300.00 0.533830
112 65 300.00 0.313093
112 111 300.00 0.352180
112 114 300.00 0.090060
112 116 300.00 0.530157
73 65 300.00 0.528267
73 116 300.00 0.311193
73 77 300.00 0.310040
73 80 300.00 0.525047
74 66 300.00 0.534260
74 69 300.00 0.314687
74 82 300.00 0.533583
74 79 300.00 0.305943
71 67 300.00 0.334317
71 127 300.00 0.393157
71 76 300.00 0.364223
71 105 300.00 0.541727
72 68 300.00 0.268150
72 12 300.00 0.430067
72 75 300.00 0.258307
77 69 300.00 0.528977
77 73 300.00 0.310040
77 82 300.00 0.317160
77 84 300.00 0.524120
79 70 300.00 0.533830
79 74 300.00 0.305943
79 85 300.00 0.531897
127 71 300.00 0.393157
127 81 300.00 0.387673
127 120 300.00 0.205367
76 71 300.00 0.364223
76 80 300.00 0.311293
76 116 300.00 0.525960
76 126 300.00 0.383937
105 71 300.00 0.541727
105 108 300.00 0.323710
105 116 300.00 0.236373
105 114 300.00 0.549197
116 73 300.00 0.311193
116 76 300.00 0.525960
116 105 300.00 0.236373
116 112 300.00 0.530157
80 73 300.00 0.525047
80 76 300.00 0.311293
80 84 300.00 0.312813
80 89 300.00 0.713003
82 74 300.00 0.533583
82 77 300.00 0.317160
82 88 300.00 0.523140
82 85 300.00 0.306870
126 76 300.00 0.383937
126 86 300.00 0.332540
126 120 300.00 0.220063
84 77 300.00 0.524120
84 80 300.00 0.312813
84 88 300.00 0.314513
84 98 300.00 0.708677
85 79 300.00 0.531897
85 82 300.00 0.306870
85 91 300.00 0.522283
89 80 300.00 0.713003
89 86 300.00 0.311720
89 98 300.00 0.324260
89 93 300.00 0.718423
119 81 300.00 0.216843
119 86 300.00 0.224840
119 118 300.00 0.499970
119 120 300.00 0.360610
81 119 300.00 0.216843
81 113 300.00 0.209513
81 127 300.00 0.387673
81 143 300.00 0.266833
113 81 300.00 0.209513
113 107 300.00 0.362420
113 115 300.00 0.344590
143 81 300.00 0.266833
143 122 300.00 0.209693
143 142 300.00 0.304183
88 82 300.00 0.523140
88 84 300.00 0.314513
88 99 300.00 0.710460
88 91 300.00 0.310770
98 84 300.00 0.708677
98 89 300.00 0.324260
98 94 300.00 0.713273
98 99 300.00 0.309727
91 85 300.00 0.522283
91 88 300.00 0.310770
91 100 300.00 0.715783
121 86 300.00 0.532717
121 92 300.00 0.176540
121 118 300.00 0.225370
86 121 300.00 0.532717
86 89 300.00 0.311720
86 119 300.00 0.224840
86 126 300.00 0.332540
117 87 300.00 0.201253
117 90 300.00 0.187227
117 104 300.00 0.106097
87 117 300.00 0.201253
99 88 300.00 0.710460
99 98 300.00 0.309727
99 100 300.00 0.314580
93 89 300.00 0.718423
93 92 300.00 0.316087
93 94 300.00 0.326190
93 95 300.00 0.531943
90 117 300.00 0.187227
90 122 300.00 0.175353
90 124 300.00 0.134443
122 90 300.00 0.175353
122 118 300.00 0.214807
122 143 300.00 0.209693
122 142 300.00 0.237197
124 90 300.00 0.134443
124 92 300.00 0.310507
124 101 300.00 0.245153
100 91 300.00 0.715783
100 96 300.00 0.706397
100 99 300.00 0.314580
92 93 300.00 0.316087
92 102 300.00 0.389307
92 121 300.00 0.176540
92 124 300.00 0.310507
102 92 300.00 0.389307
102 101 300.00 0.350173
94 93 300.00 0.326190
94 98 300.00 0.713273
94 97 300.00 0.693307
95 93 300.00 0.531943
95 102 300.00 0.352863
97 94 300.00 0.693307
97 95 300.00 0.367123
96 100 300.00 0.706397
101 124 300.00 0.245153
101 104 300.00 0.341720
104 117 300.00 0.106097
104 87 300.00 0.228953
114 105 300.00 0.549197
114 106 300.00 0.326787
114 111 300.00 0.360243
114 112 300.00 0.090060
107 113 300.00 0.362420
125 109 300.00 0.111000
125 123 300.00 0.423253
125 132 300.00 0.188357
109 125 300.00 0.111000
115 113 300.00 0.344590
118 121 300.00 0.225370
118 122 300.00 0.214807
118 119 300.00 0.499970
120 119 300.00 0.360610
120 127 300.00 0.205367
120 126 300.00 0.220063
142 122 300.00 0.237197
142 141 300.00 0.303053
142 143 300.00 0.304183
123 6 300.00 0.272553
123 125 300.00 0.423253
132 125 300.00 0.188357
144 131 300.00 0.527867
150 35 300.00 0.393483
148 133 300.00 0.092167
138 139 300.00 0.138397
140 139 300.00 0.188093
141 142 300.00 0.303053
146 147 300.00 0.127843
152 151 300.00 0.192793
