0.000000 17.000000 300.000000 0.193293
0.000000 1.000000 300.000000 0.516040
10.000000 1.000000 300.000000 0.223030
1.000000 10.000000 300.000000 0.223030
1.000000 2.000000 300.000000 0.549580
5.000000 2.000000 300.000000 0.188973
2.000000 5.000000 300.000000 0.188973
2.000000 55.000000 300.000000 0.812003
3.000000 4.000000 300.000000 0.059137
56.000000 4.000000 300.000000 0.143403
4.000000 56.000000 300.000000 0.143403
6.000000 5.000000 300.000000 0.118487
5.000000 6.000000 300.000000 0.118487
2.000000 5.000000 300.000000 0.188973
5.000000 2.000000 300.000000 0.188973
8.000000 5.000000 300.000000 0.172767
5.000000 8.000000 300.000000 0.172767
5.000000 6.000000 300.000000 0.118487
6.000000 5.000000 300.000000 0.118487
7.000000 6.000000 300.000000 0.045053
6.000000 7.000000 300.000000 0.045053
41.000000 6.000000 300.000000 0.079663
6.000000 41.000000 300.000000 0.079663
8.000000 7.000000 300.000000 0.168250
7.000000 8.000000 300.000000 0.168250
6.000000 7.000000 300.000000 0.045053
7.000000 6.000000 300.000000 0.045053
45.000000 7.000000 300.000000 0.124207
7.000000 45.000000 300.000000 0.124207
7.000000 8.000000 300.000000 0.168250
8.000000 7.000000 300.000000 0.168250
37.000000 8.000000 300.000000 0.224263
8.000000 37.000000 300.000000 0.224263
5.000000 8.000000 300.000000 0.172767
8.000000 5.000000 300.000000 0.172767
43.000000 9.000000 300.000000 0.114093
9.000000 43.000000 300.000000 0.114093
24.000000 9.000000 300.000000 0.044117
9.000000 24.000000 300.000000 0.044117
25.000000 9.000000 300.000000 0.159003
9.000000 25.000000 300.000000 0.159003
1.000000 10.000000 300.000000 0.223030
10.000000 1.000000 300.000000 0.223030
17.000000 10.000000 300.000000 0.510227
10.000000 17.000000 300.000000 0.510227
36.000000 10.000000 300.000000 0.126547
10.000000 36.000000 300.000000 0.126547
15.000000 11.000000 300.000000 0.451280
11.000000 15.000000 300.000000 0.451280
47.000000 12.000000 300.000000 0.039963
12.000000 47.000000 300.000000 0.039963
24.000000 12.000000 300.000000 0.300403
12.000000 24.000000 300.000000 0.300403
43.000000 12.000000 300.000000 0.265690
12.000000 43.000000 300.000000 0.265690
31.000000 13.000000 300.000000 0.111977
13.000000 31.000000 300.000000 0.111977
26.000000 13.000000 300.000000 0.433910
13.000000 26.000000 300.000000 0.433910
28.000000 14.000000 300.000000 0.021310
14.000000 28.000000 300.000000 0.021310
15.000000 14.000000 300.000000 0.500433
14.000000 15.000000 300.000000 0.500433
52.000000 14.000000 300.000000 0.082417
14.000000 52.000000 300.000000 0.082417
11.000000 15.000000 300.000000 0.451280
15.000000 11.000000 300.000000 0.451280
14.000000 15.000000 300.000000 0.500433
15.000000 14.000000 300.000000 0.500433
32.000000 15.000000 300.000000 0.319503
15.000000 32.000000 300.000000 0.319503
18.000000 16.000000 300.000000 0.288117
16.000000 18.000000 300.000000 0.288117
28.000000 16.000000 300.000000 0.229520
16.000000 28.000000 300.000000 0.229520
23.000000 16.000000 300.000000 0.356353
16.000000 23.000000 300.000000 0.356353
17.000000 18.000000 300.000000 0.298250
10.000000 17.000000 300.000000 0.510227
17.000000 10.000000 300.000000 0.510227
18.000000 33.000000 300.000000 0.229913
16.000000 18.000000 300.000000 0.288117
18.000000 16.000000 300.000000 0.288117
16.000000 23.000000 300.000000 0.356353
23.000000 16.000000 300.000000 0.356353
42.000000 24.000000 300.000000 0.195693
24.000000 42.000000 300.000000 0.195693
12.000000 24.000000 300.000000 0.300403
24.000000 12.000000 300.000000 0.300403
9.000000 24.000000 300.000000 0.044117
24.000000 9.000000 300.000000 0.044117
42.000000 25.000000 300.000000 0.152663
25.000000 42.000000 300.000000 0.152663
9.000000 25.000000 300.000000 0.159003
25.000000 9.000000 300.000000 0.159003
56.000000 25.000000 300.000000 0.388447
25.000000 56.000000 300.000000 0.388447
13.000000 26.000000 300.000000 0.433910
26.000000 13.000000 300.000000 0.433910
26.000000 27.000000 300.000000 0.500417
65.000000 27.000000 300.000000 0.249303
27.000000 65.000000 300.000000 0.249303
14.000000 28.000000 300.000000 0.021310
28.000000 14.000000 300.000000 0.021310
16.000000 28.000000 300.000000 0.229520
28.000000 16.000000 300.000000 0.229520
60.000000 28.000000 300.000000 0.085913
28.000000 60.000000 300.000000 0.085913
47.000000 28.000000 300.000000 0.257147
28.000000 47.000000 300.000000 0.257147
13.000000 31.000000 300.000000 0.111977
31.000000 13.000000 300.000000 0.111977
49.000000 32.000000 300.000000 0.155323
32.000000 49.000000 300.000000 0.155323
15.000000 32.000000 300.000000 0.319503
32.000000 15.000000 300.000000 0.319503
51.000000 32.000000 300.000000 0.096520
32.000000 51.000000 300.000000 0.096520
34.000000 33.000000 300.000000 0.153457
33.000000 34.000000 300.000000 0.153457
33.000000 19.000000 300.000000 0.105317
33.000000 34.000000 300.000000 0.153457
34.000000 33.000000 300.000000 0.153457
36.000000 35.000000 300.000000 0.088897
35.000000 36.000000 300.000000 0.088897
46.000000 35.000000 300.000000 0.157193
35.000000 46.000000 300.000000 0.157193
38.000000 35.000000 300.000000 0.087740
35.000000 38.000000 300.000000 0.087740
35.000000 36.000000 300.000000 0.088897
36.000000 35.000000 300.000000 0.088897
10.000000 36.000000 300.000000 0.126547
36.000000 10.000000 300.000000 0.126547
37.000000 36.000000 300.000000 0.161037
36.000000 37.000000 300.000000 0.161037
38.000000 37.000000 300.000000 0.028753
37.000000 38.000000 300.000000 0.028753
8.000000 37.000000 300.000000 0.224263
37.000000 8.000000 300.000000 0.224263
36.000000 37.000000 300.000000 0.161037
37.000000 36.000000 300.000000 0.161037
37.000000 38.000000 300.000000 0.028753
38.000000 37.000000 300.000000 0.028753
35.000000 38.000000 300.000000 0.087740
38.000000 35.000000 300.000000 0.087740
39.000000 38.000000 300.000000 0.127427
38.000000 39.000000 300.000000 0.127427
38.000000 39.000000 300.000000 0.127427
39.000000 38.000000 300.000000 0.127427
41.000000 40.000000 300.000000 0.138817
40.000000 41.000000 300.000000 0.138817
57.000000 41.000000 300.000000 0.033973
41.000000 57.000000 300.000000 0.033973
6.000000 41.000000 300.000000 0.079663
41.000000 6.000000 300.000000 0.079663
40.000000 41.000000 300.000000 0.138817
41.000000 40.000000 300.000000 0.138817
57.000000 42.000000 300.000000 0.129050
42.000000 57.000000 300.000000 0.129050
25.000000 42.000000 300.000000 0.152663
42.000000 25.000000 300.000000 0.152663
24.000000 42.000000 300.000000 0.195693
42.000000 24.000000 300.000000 0.195693
44.000000 43.000000 300.000000 0.111520
43.000000 44.000000 300.000000 0.111520
9.000000 43.000000 300.000000 0.114093
43.000000 9.000000 300.000000 0.114093
12.000000 43.000000 300.000000 0.265690
43.000000 12.000000 300.000000 0.265690
43.000000 44.000000 300.000000 0.111520
44.000000 43.000000 300.000000 0.111520
45.000000 45.000000 300.000000 0.239383
45.000000 45.000000 300.000000 0.239383
7.000000 45.000000 300.000000 0.124207
45.000000 7.000000 300.000000 0.124207
35.000000 46.000000 300.000000 0.157193
46.000000 35.000000 300.000000 0.157193
12.000000 47.000000 300.000000 0.039963
47.000000 12.000000 300.000000 0.039963
28.000000 47.000000 300.000000 0.257147
47.000000 28.000000 300.000000 0.257147
48.000000 47.000000 300.000000 0.072037
47.000000 48.000000 300.000000 0.072037
47.000000 48.000000 300.000000 0.072037
48.000000 47.000000 300.000000 0.072037
52.000000 49.000000 300.000000 0.196997
49.000000 52.000000 300.000000 0.196997
32.000000 49.000000 300.000000 0.155323
49.000000 32.000000 300.000000 0.155323
50.000000 49.000000 300.000000 0.229420
49.000000 50.000000 300.000000 0.229420
49.000000 50.000000 300.000000 0.229420
50.000000 49.000000 300.000000 0.229420
54.000000 51.000000 300.000000 0.332713
51.000000 54.000000 300.000000 0.332713
32.000000 51.000000 300.000000 0.096520
51.000000 32.000000 300.000000 0.096520
14.000000 52.000000 300.000000 0.082417
52.000000 14.000000 300.000000 0.082417
49.000000 52.000000 300.000000 0.196997
52.000000 49.000000 300.000000 0.196997
53.000000 52.000000 300.000000 0.115613
52.000000 53.000000 300.000000 0.115613
52.000000 53.000000 300.000000 0.115613
53.000000 52.000000 300.000000 0.115613
51.000000 54.000000 300.000000 0.332713
54.000000 51.000000 300.000000 0.332713
55.000000 3.000000 300.000000 0.197863
56.000000 55.000000 300.000000 0.202380
55.000000 56.000000 300.000000 0.202380
4.000000 56.000000 300.000000 0.143403
56.000000 4.000000 300.000000 0.143403
55.000000 56.000000 300.000000 0.202380
56.000000 55.000000 300.000000 0.202380
25.000000 56.000000 300.000000 0.388447
56.000000 25.000000 300.000000 0.388447
41.000000 57.000000 300.000000 0.033973
57.000000 41.000000 300.000000 0.033973
42.000000 57.000000 300.000000 0.129050
57.000000 42.000000 300.000000 0.129050
58.000000 57.000000 300.000000 0.096573
57.000000 58.000000 300.000000 0.096573
57.000000 58.000000 300.000000 0.096573
58.000000 57.000000 300.000000 0.096573
28.000000 60.000000 300.000000 0.085913
60.000000 28.000000 300.000000 0.085913
63.000000 62.000000 300.000000 0.016943
62.000000 63.000000 300.000000 0.016943
65.000000 63.000000 300.000000 0.094997
63.000000 65.000000 300.000000 0.094997
62.000000 63.000000 300.000000 0.016943
63.000000 62.000000 300.000000 0.016943
66.000000 63.000000 300.000000 0.777357
63.000000 66.000000 300.000000 0.777357
65.000000 64.000000 300.000000 0.018273
64.000000 65.000000 300.000000 0.018273
63.000000 65.000000 300.000000 0.094997
65.000000 63.000000 300.000000 0.094997
64.000000 65.000000 300.000000 0.018273
65.000000 64.000000 300.000000 0.018273
27.000000 65.000000 300.000000 0.249303
65.000000 27.000000 300.000000 0.249303
63.000000 66.000000 300.000000 0.777357
66.000000 63.000000 300.000000 0.777357
