0 68 300.00 0.270257
0 85 300.00 0.029703
0 25 300.00 0.266377
68 63 300.00 0.414303
68 71 300.00 0.257513
68 86 300.00 0.030633
85 0 300.00 0.029703
85 9 300.00 0.304317
85 86 300.00 0.269083
25 0 300.00 0.266377
25 71 300.00 0.265223
25 27 300.00 0.143307
1 126 300.00 0.014150
1 0 300.00 0.469093
126 84 300.00 0.017617
115 2 300.00 0.026670
115 55 300.00 0.309400
115 114 300.00 0.406087
2 115 300.00 0.026670
2 58 300.00 0.262257
2 4 300.00 0.406363
58 2 300.00 0.262257
58 15 300.00 0.404707
58 65 300.00 0.414437
4 127 300.00 0.089777
70 3 300.00 0.559760
70 11 300.00 0.209687
70 72 300.00 0.267110
70 12 300.00 0.294430
3 70 300.00 0.559760
3 59 300.00 0.171480
3 64 300.00 0.267660
59 3 300.00 0.171480
59 62 300.00 0.346507
64 3 300.00 0.267660
64 120 300.00 0.314517
64 66 300.00 0.268750
127 15 300.00 0.171660
5 8 300.00 0.188943
8 101 300.00 0.245707
8 98 300.00 0.414490
6 110 300.00 0.411720
110 108 300.00 0.338117
110 103 300.00 0.527770
7 130 300.00 0.164557
130 13 300.00 0.142267
101 108 300.00 0.412100
101 6 300.00 0.339267
98 8 300.00 0.414490
98 90 300.00 0.388480
98 108 300.00 0.229483
98 109 300.00 0.271313
9 85 300.00 0.304317
9 67 300.00 0.267037
9 144 300.00 0.309680
67 9 300.00 0.267037
67 14 300.00 0.328597
67 60 300.00 0.415010
67 86 300.00 0.312893
144 9 300.00 0.309680
144 62 300.00 0.339907
144 21 300.00 0.010643
10 114 300.00 0.307747
10 55 300.00 0.403697
114 4 300.00 0.030137
55 10 300.00 0.403697
55 54 300.00 0.317737
55 60 300.00 0.418777
55 115 300.00 0.309400
11 70 300.00 0.209687
11 12 300.00 0.375877
12 137 300.00 0.046323
12 73 300.00 0.140670
137 136 300.00 0.245543
137 75 300.00 0.110410
73 12 300.00 0.140670
73 74 300.00 0.313840
73 78 300.00 0.654387
13 54 300.00 0.407797
13 128 300.00 0.106040
54 55 300.00 0.317737
54 57 300.00 0.420610
128 129 300.00 0.117170
14 67 300.00 0.328597
14 144 300.00 0.264593
15 139 300.00 0.198530
15 58 300.00 0.404707
139 16 300.00 0.134477
16 17 300.00 0.266827
16 20 300.00 0.820180
17 22 300.00 0.821697
17 146 300.00 0.148760
20 16 300.00 0.820180
20 31 300.00 0.829237
20 22 300.00 0.262690
20 65 300.00 0.329180
22 17 300.00 0.821697
22 20 300.00 0.262690
22 36 300.00 0.825703
22 23 300.00 0.260447
146 18 300.00 0.640713
26 18 300.00 0.824790
26 24 300.00 0.264210
26 40 300.00 0.820940
26 29 300.00 0.268263
18 26 300.00 0.824790
18 19 300.00 0.267170
19 111 300.00 0.338193
19 29 300.00 0.816617
111 94 300.00 0.557453
111 5 300.00 0.238077
29 19 300.00 0.816617
29 26 300.00 0.268263
29 34 300.00 0.333237
29 44 300.00 0.829817
31 20 300.00 0.829237
31 27 300.00 0.311533
31 36 300.00 0.265117
31 143 300.00 0.341903
65 20 300.00 0.329180
65 58 300.00 0.414437
65 63 300.00 0.263703
65 71 300.00 0.412820
21 136 300.00 0.365943
21 11 300.00 0.046653
136 124 300.00 0.392917
136 137 300.00 0.245543
36 22 300.00 0.825703
36 31 300.00 0.265117
36 37 300.00 0.256280
36 83 300.00 0.556290
23 22 300.00 0.260447
23 24 300.00 0.268463
23 37 300.00 0.821413
24 23 300.00 0.268463
24 26 300.00 0.264210
24 39 300.00 0.819470
37 23 300.00 0.821413
37 36 300.00 0.256280
37 39 300.00 0.264413
37 46 300.00 0.769093
39 24 300.00 0.819470
39 37 300.00 0.264413
39 40 300.00 0.266133
39 50 300.00 0.778250
71 25 300.00 0.265223
71 65 300.00 0.412820
71 68 300.00 0.257513
27 25 300.00 0.143307
27 32 300.00 0.221537
27 31 300.00 0.311533
40 26 300.00 0.820940
40 39 300.00 0.266133
40 44 300.00 0.263410
40 48 300.00 0.535437
32 27 300.00 0.221537
32 135 300.00 0.370580
32 38 300.00 0.285993
133 28 300.00 0.132590
133 69 300.00 0.503983
133 88 300.00 0.472560
28 133 300.00 0.132590
28 89 300.00 0.268297
28 33 300.00 0.338157
89 28 300.00 0.268297
89 80 300.00 0.409100
89 134 300.00 0.121120
33 28 300.00 0.338157
33 30 300.00 0.050837
33 77 300.00 0.196017
34 29 300.00 0.333237
34 96 300.00 0.205503
34 94 300.00 0.268453
34 91 300.00 0.249973
44 29 300.00 0.829817
44 40 300.00 0.263410
44 45 300.00 0.173687
30 33 300.00 0.050837
30 74 300.00 0.500170
74 30 300.00 0.500170
74 73 300.00 0.313840
74 76 300.00 0.417217
143 31 300.00 0.341903
135 32 300.00 0.370580
135 41 300.00 0.265957
135 46 300.00 0.492923
38 32 300.00 0.285993
38 1 300.00 0.285737
77 76 300.00 0.057717
77 138 300.00 0.517820
77 80 300.00 0.276310
96 34 300.00 0.205503
96 90 300.00 0.264917
96 100 300.00 0.247323
94 34 300.00 0.268453
94 111 300.00 0.557453
94 109 300.00 0.204220
91 34 300.00 0.249973
91 45 300.00 0.647403
91 100 300.00 0.209417
35 125 300.00 0.028697
35 147 300.00 0.025513
125 126 300.00 0.261407
125 43 300.00 0.542247
147 118 300.00 0.306913
147 125 300.00 0.020010
83 36 300.00 0.556290
46 37 300.00 0.769093
46 52 300.00 0.420353
46 47 300.00 0.265307
46 135 300.00 0.492923
50 39 300.00 0.778250
50 48 300.00 0.340143
50 131 300.00 0.174187
48 40 300.00 0.535437
48 50 300.00 0.340143
41 38 300.00 0.250223
41 43 300.00 0.258997
41 135 300.00 0.265957
43 41 300.00 0.258997
43 119 300.00 0.268203
43 49 300.00 0.482053
118 42 300.00 0.224143
118 147 300.00 0.306913
118 119 300.00 0.389910
42 118 300.00 0.224143
42 81 300.00 0.232383
42 142 300.00 0.054320
81 75 300.00 0.690113
81 78 300.00 0.239770
81 138 300.00 0.052457
142 42 300.00 0.054320
119 43 300.00 0.268203
119 118 300.00 0.389910
49 47 300.00 0.257380
45 44 300.00 0.173687
45 91 300.00 0.647403
52 46 300.00 0.420353
52 51 300.00 0.116840
52 53 300.00 0.281153
47 46 300.00 0.265307
47 41 300.00 0.483133
47 49 300.00 0.257380
131 50 300.00 0.174187
131 51 300.00 0.084060
131 132 300.00 0.350220
51 131 300.00 0.084060
51 52 300.00 0.116840
53 52 300.00 0.281153
53 47 300.00 0.312340
57 122 300.00 0.316503
57 60 300.00 0.325370
60 55 300.00 0.418777
60 57 300.00 0.325370
60 87 300.00 0.310080
60 67 300.00 0.415010
140 56 300.00 0.023757
140 145 300.00 0.380760
56 140 300.00 0.023757
122 121 300.00 0.269427
122 14 300.00 0.093980
62 59 300.00 0.346507
62 121 300.00 0.162730
62 144 300.00 0.339907
87 60 300.00 0.310080
87 63 300.00 0.028700
87 115 300.00 0.415540
145 61 300.00 0.037747
145 141 300.00 0.053577
61 145 300.00 0.037747
61 66 300.00 0.352773
61 56 300.00 0.402097
66 61 300.00 0.352773
66 64 300.00 0.268750
66 69 300.00 0.314897
66 88 300.00 0.231137
121 62 300.00 0.162730
121 122 300.00 0.269427
63 65 300.00 0.263703
63 2 300.00 0.415300
63 87 300.00 0.028700
120 64 300.00 0.314517
120 69 300.00 0.266727
120 72 300.00 0.252523
69 66 300.00 0.314897
69 133 300.00 0.503983
69 120 300.00 0.266727
69 72 300.00 0.466267
88 66 300.00 0.231137
88 133 300.00 0.472560
88 141 300.00 0.446933
86 67 300.00 0.312893
86 68 300.00 0.030633
86 87 300.00 0.416117
72 69 300.00 0.466267
72 70 300.00 0.267110
72 120 300.00 0.252523
78 73 300.00 0.654387
78 76 300.00 0.251813
76 74 300.00 0.417217
76 77 300.00 0.057717
76 30 300.00 0.223880
75 35 300.00 0.288640
75 81 300.00 0.690113
138 81 300.00 0.052457
138 142 300.00 0.230510
80 77 300.00 0.276310
80 123 300.00 0.172747
80 89 300.00 0.409100
116 79 300.00 0.450377
116 82 300.00 0.637630
116 123 300.00 0.158957
79 116 300.00 0.450377
79 134 300.00 0.224210
134 79 300.00 0.224210
134 89 300.00 0.121120
134 123 300.00 0.404847
123 80 300.00 0.172747
123 116 300.00 0.158957
123 134 300.00 0.404847
82 116 300.00 0.637630
82 117 300.00 0.058880
117 82 300.00 0.058880
84 124 300.00 0.006843
84 85 300.00 0.451090
124 35 300.00 0.260773
141 88 300.00 0.446933
141 145 300.00 0.053577
90 96 300.00 0.264917
90 113 300.00 0.138797
90 98 300.00 0.388480
113 90 300.00 0.138797
113 99 300.00 0.110657
113 102 300.00 0.161447
113 112 300.00 0.212003
100 91 300.00 0.209417
100 96 300.00 0.247323
100 99 300.00 0.261827
100 105 300.00 0.219307
107 92 300.00 0.347140
107 95 300.00 0.110093
107 106 300.00 0.234737
92 107 300.00 0.347140
92 93 300.00 0.343370
92 104 300.00 0.384770
92 112 300.00 0.379110
93 92 300.00 0.343370
93 97 300.00 0.379727
104 92 300.00 0.384770
104 97 300.00 0.341773
112 92 300.00 0.379110
112 103 300.00 0.338007
112 108 300.00 0.525463
112 113 300.00 0.212003
97 104 300.00 0.341773
109 94 300.00 0.204220
109 98 300.00 0.271313
109 148 300.00 0.174947
95 107 300.00 0.110093
95 105 300.00 0.055557
105 95 300.00 0.055557
105 99 300.00 0.348273
105 100 300.00 0.219307
108 98 300.00 0.229483
108 101 300.00 0.412100
108 112 300.00 0.525463
108 110 300.00 0.338117
99 100 300.00 0.261827
99 105 300.00 0.348273
99 113 300.00 0.110657
102 113 300.00 0.161447
103 93 300.00 0.379323
103 112 300.00 0.338007
106 107 300.00 0.234737
148 109 300.00 0.174947
129 10 300.00 0.091840
132 131 300.00 0.350220
