0.000000 90.000000 300.000000 0.431447
1.000000 284.000000 300.000000 1.495727
2.000000 126.000000 300.000000 0.737750
10.000000 3.000000 300.000000 0.446520
3.000000 10.000000 300.000000 0.446520
3.000000 8.000000 300.000000 0.450477
4.000000 36.000000 300.000000 0.477083
4.000000 109.000000 300.000000 0.182620
84.000000 5.000000 300.000000 0.221143
5.000000 84.000000 300.000000 0.221143
79.000000 5.000000 300.000000 0.373347
5.000000 79.000000 300.000000 0.373347
249.000000 5.000000 300.000000 0.226587
5.000000 249.000000 300.000000 0.226587
249.000000 6.000000 300.000000 0.209393
6.000000 249.000000 300.000000 0.209393
6.000000 101.000000 300.000000 0.269970
138.000000 7.000000 300.000000 0.301020
7.000000 138.000000 300.000000 0.301020
7.000000 139.000000 300.000000 0.796950
8.000000 103.000000 300.000000 0.426860
244.000000 9.000000 300.000000 0.149620
9.000000 244.000000 300.000000 0.149620
254.000000 9.000000 300.000000 0.151093
9.000000 254.000000 300.000000 0.151093
253.000000 9.000000 300.000000 0.170477
9.000000 253.000000 300.000000 0.170477
10.000000 289.000000 300.000000 0.409587
243.000000 10.000000 300.000000 0.255273
10.000000 243.000000 300.000000 0.255273
3.000000 10.000000 300.000000 0.446520
10.000000 3.000000 300.000000 0.446520
243.000000 11.000000 300.000000 0.099080
11.000000 243.000000 300.000000 0.099080
13.000000 12.000000 300.000000 0.402620
12.000000 13.000000 300.000000 0.402620
120.000000 12.000000 300.000000 0.300093
12.000000 120.000000 300.000000 0.300093
66.000000 12.000000 300.000000 0.293377
12.000000 66.000000 300.000000 0.293377
74.000000 12.000000 300.000000 0.296917
12.000000 74.000000 300.000000 0.296917
67.000000 13.000000 300.000000 0.293857
13.000000 67.000000 300.000000 0.293857
114.000000 13.000000 300.000000 0.297697
13.000000 114.000000 300.000000 0.297697
12.000000 13.000000 300.000000 0.402620
13.000000 12.000000 300.000000 0.402620
14.000000 13.000000 300.000000 0.406407
13.000000 14.000000 300.000000 0.406407
15.000000 14.000000 300.000000 0.323553
14.000000 15.000000 300.000000 0.323553
68.000000 14.000000 300.000000 0.298680
14.000000 68.000000 300.000000 0.298680
75.000000 14.000000 300.000000 0.298850
14.000000 75.000000 300.000000 0.298850
13.000000 14.000000 300.000000 0.406407
14.000000 13.000000 300.000000 0.406407
76.000000 15.000000 300.000000 0.299763
15.000000 76.000000 300.000000 0.299763
69.000000 15.000000 300.000000 0.304667
15.000000 69.000000 300.000000 0.304667
16.000000 15.000000 300.000000 0.412980
15.000000 16.000000 300.000000 0.412980
14.000000 15.000000 300.000000 0.323553
15.000000 14.000000 300.000000 0.323553
285.000000 16.000000 300.000000 0.117603
16.000000 285.000000 300.000000 0.117603
15.000000 16.000000 300.000000 0.412980
16.000000 15.000000 300.000000 0.412980
276.000000 16.000000 300.000000 0.151313
16.000000 276.000000 300.000000 0.151313
77.000000 16.000000 300.000000 0.295097
16.000000 77.000000 300.000000 0.295097
264.000000 17.000000 300.000000 0.299993
17.000000 264.000000 300.000000 0.299993
267.000000 17.000000 300.000000 0.280100
17.000000 267.000000 300.000000 0.280100
286.000000 17.000000 300.000000 0.193533
17.000000 286.000000 300.000000 0.193533
157.000000 18.000000 300.000000 0.185793
18.000000 157.000000 300.000000 0.185793
18.000000 283.000000 300.000000 0.202050
20.000000 19.000000 300.000000 0.418323
19.000000 20.000000 300.000000 0.418323
19.000000 10.000000 300.000000 0.375697
256.000000 20.000000 300.000000 0.159890
20.000000 256.000000 300.000000 0.159890
19.000000 20.000000 300.000000 0.418323
20.000000 19.000000 300.000000 0.418323
85.000000 20.000000 300.000000 0.411520
20.000000 85.000000 300.000000 0.411520
254.000000 20.000000 300.000000 0.618380
20.000000 254.000000 300.000000 0.618380
22.000000 21.000000 300.000000 0.418933
21.000000 22.000000 300.000000 0.418933
256.000000 21.000000 300.000000 0.263430
21.000000 256.000000 300.000000 0.263430
21.000000 187.000000 300.000000 0.211467
120.000000 22.000000 300.000000 0.298207
22.000000 120.000000 300.000000 0.298207
21.000000 22.000000 300.000000 0.418933
22.000000 21.000000 300.000000 0.418933
22.000000 74.000000 300.000000 0.322907
24.000000 23.000000 300.000000 0.308960
23.000000 24.000000 300.000000 0.308960
120.000000 23.000000 300.000000 0.295153
23.000000 120.000000 300.000000 0.295153
66.000000 23.000000 300.000000 0.271783
23.000000 66.000000 300.000000 0.271783
190.000000 23.000000 300.000000 0.383157
23.000000 190.000000 300.000000 0.383157
25.000000 24.000000 300.000000 0.300183
24.000000 25.000000 300.000000 0.300183
23.000000 24.000000 300.000000 0.308960
24.000000 23.000000 300.000000 0.308960
55.000000 24.000000 300.000000 0.238393
24.000000 55.000000 300.000000 0.238393
54.000000 24.000000 300.000000 0.416620
24.000000 54.000000 300.000000 0.416620
311.000000 25.000000 300.000000 0.219013
25.000000 311.000000 300.000000 0.219013
24.000000 25.000000 300.000000 0.300183
25.000000 24.000000 300.000000 0.300183
48.000000 25.000000 300.000000 0.221530
25.000000 48.000000 300.000000 0.221530
47.000000 25.000000 300.000000 0.411047
25.000000 47.000000 300.000000 0.411047
114.000000 26.000000 300.000000 0.421990
26.000000 114.000000 300.000000 0.421990
26.000000 255.000000 300.000000 0.159527
28.000000 27.000000 300.000000 0.348903
27.000000 28.000000 300.000000 0.348903
271.000000 27.000000 300.000000 0.406050
27.000000 271.000000 300.000000 0.406050
60.000000 27.000000 300.000000 0.315700
27.000000 60.000000 300.000000 0.315700
111.000000 27.000000 300.000000 0.310927
27.000000 111.000000 300.000000 0.310927
27.000000 28.000000 300.000000 0.348903
28.000000 27.000000 300.000000 0.348903
28.000000 117.000000 300.000000 0.614587
174.000000 29.000000 300.000000 0.366817
29.000000 174.000000 300.000000 0.366817
90.000000 29.000000 300.000000 0.337850
29.000000 90.000000 300.000000 0.337850
29.000000 30.000000 300.000000 0.416227
88.000000 30.000000 300.000000 0.433447
30.000000 88.000000 300.000000 0.433447
95.000000 30.000000 300.000000 0.349990
30.000000 95.000000 300.000000 0.349990
30.000000 31.000000 300.000000 0.403170
31.000000 302.000000 300.000000 0.223063
31.000000 175.000000 300.000000 0.198577
86.000000 32.000000 300.000000 0.410150
32.000000 86.000000 300.000000 0.410150
32.000000 239.000000 300.000000 0.203023
107.000000 32.000000 300.000000 0.366257
32.000000 107.000000 300.000000 0.366257
33.000000 181.000000 300.000000 0.207483
33.000000 40.000000 300.000000 0.369167
34.000000 85.000000 300.000000 0.433673
34.000000 19.000000 300.000000 0.415223
35.000000 36.000000 300.000000 0.411963
245.000000 35.000000 300.000000 0.253547
35.000000 245.000000 300.000000 0.253547
103.000000 35.000000 300.000000 0.473640
35.000000 103.000000 300.000000 0.473640
36.000000 247.000000 300.000000 0.217340
36.000000 37.000000 300.000000 0.383590
37.000000 38.000000 300.000000 0.420830
37.000000 78.000000 300.000000 0.412163
38.000000 83.000000 300.000000 0.441570
39.000000 38.000000 300.000000 0.352107
38.000000 39.000000 300.000000 0.352107
277.000000 39.000000 300.000000 0.411110
39.000000 277.000000 300.000000 0.411110
38.000000 39.000000 300.000000 0.352107
39.000000 38.000000 300.000000 0.352107
40.000000 108.000000 300.000000 0.424270
41.000000 33.000000 300.000000 0.408210
179.000000 41.000000 300.000000 0.206190
41.000000 179.000000 300.000000 0.206190
182.000000 41.000000 300.000000 0.199443
41.000000 182.000000 300.000000 0.199443
42.000000 185.000000 300.000000 0.201583
42.000000 41.000000 300.000000 0.441900
44.000000 43.000000 300.000000 0.296547
43.000000 44.000000 300.000000 0.296547
43.000000 184.000000 300.000000 0.198803
43.000000 42.000000 300.000000 0.414347
43.000000 44.000000 300.000000 0.296547
44.000000 43.000000 300.000000 0.296547
64.000000 44.000000 300.000000 0.299163
44.000000 64.000000 300.000000 0.299163
119.000000 44.000000 300.000000 0.405940
44.000000 119.000000 300.000000 0.405940
104.000000 44.000000 300.000000 0.409657
44.000000 104.000000 300.000000 0.409657
64.000000 45.000000 300.000000 0.309413
45.000000 64.000000 300.000000 0.309413
46.000000 45.000000 300.000000 0.294917
45.000000 46.000000 300.000000 0.294917
54.000000 45.000000 300.000000 0.408783
45.000000 54.000000 300.000000 0.408783
224.000000 45.000000 300.000000 0.318013
45.000000 224.000000 300.000000 0.318013
45.000000 46.000000 300.000000 0.294917
46.000000 45.000000 300.000000 0.294917
47.000000 46.000000 300.000000 0.412113
46.000000 47.000000 300.000000 0.412113
207.000000 46.000000 300.000000 0.141613
46.000000 207.000000 300.000000 0.141613
225.000000 46.000000 300.000000 0.337313
46.000000 225.000000 300.000000 0.337313
25.000000 47.000000 300.000000 0.411047
47.000000 25.000000 300.000000 0.411047
46.000000 47.000000 300.000000 0.412113
47.000000 46.000000 300.000000 0.412113
298.000000 47.000000 300.000000 0.136140
47.000000 298.000000 300.000000 0.136140
54.000000 47.000000 300.000000 0.296590
47.000000 54.000000 300.000000 0.296590
49.000000 48.000000 300.000000 0.412923
48.000000 49.000000 300.000000 0.412923
25.000000 48.000000 300.000000 0.221530
48.000000 25.000000 300.000000 0.221530
260.000000 48.000000 300.000000 0.246127
48.000000 260.000000 300.000000 0.246127
55.000000 48.000000 300.000000 0.295850
48.000000 55.000000 300.000000 0.295850
115.000000 49.000000 300.000000 0.224603
49.000000 115.000000 300.000000 0.224603
56.000000 49.000000 300.000000 0.294273
49.000000 56.000000 300.000000 0.294273
48.000000 49.000000 300.000000 0.412923
49.000000 48.000000 300.000000 0.412923
50.000000 49.000000 300.000000 0.407277
49.000000 50.000000 300.000000 0.407277
57.000000 50.000000 300.000000 0.285513
50.000000 57.000000 300.000000 0.285513
49.000000 50.000000 300.000000 0.407277
50.000000 49.000000 300.000000 0.407277
115.000000 50.000000 300.000000 0.508613
50.000000 115.000000 300.000000 0.508613
52.000000 51.000000 300.000000 0.444320
51.000000 52.000000 300.000000 0.444320
53.000000 52.000000 300.000000 0.401253
52.000000 53.000000 300.000000 0.401253
51.000000 52.000000 300.000000 0.444320
52.000000 51.000000 300.000000 0.444320
62.000000 52.000000 300.000000 0.300877
52.000000 62.000000 300.000000 0.300877
222.000000 52.000000 300.000000 0.179687
52.000000 222.000000 300.000000 0.179687
224.000000 53.000000 300.000000 0.098200
53.000000 224.000000 300.000000 0.098200
52.000000 53.000000 300.000000 0.401253
53.000000 52.000000 300.000000 0.401253
63.000000 53.000000 300.000000 0.301363
53.000000 63.000000 300.000000 0.301363
223.000000 53.000000 300.000000 0.268630
53.000000 223.000000 300.000000 0.268630
24.000000 54.000000 300.000000 0.416620
54.000000 24.000000 300.000000 0.416620
45.000000 54.000000 300.000000 0.408783
54.000000 45.000000 300.000000 0.408783
47.000000 54.000000 300.000000 0.296590
54.000000 47.000000 300.000000 0.296590
65.000000 54.000000 300.000000 0.311843
54.000000 65.000000 300.000000 0.311843
56.000000 55.000000 300.000000 0.416277
55.000000 56.000000 300.000000 0.416277
24.000000 55.000000 300.000000 0.238393
55.000000 24.000000 300.000000 0.238393
48.000000 55.000000 300.000000 0.295850
55.000000 48.000000 300.000000 0.295850
66.000000 55.000000 300.000000 0.304850
55.000000 66.000000 300.000000 0.304850
57.000000 56.000000 300.000000 0.404503
56.000000 57.000000 300.000000 0.404503
55.000000 56.000000 300.000000 0.416277
56.000000 55.000000 300.000000 0.416277
49.000000 56.000000 300.000000 0.294273
56.000000 49.000000 300.000000 0.294273
67.000000 56.000000 300.000000 0.303263
56.000000 67.000000 300.000000 0.303263
58.000000 57.000000 300.000000 0.257540
57.000000 58.000000 300.000000 0.257540
56.000000 57.000000 300.000000 0.404503
57.000000 56.000000 300.000000 0.404503
50.000000 57.000000 300.000000 0.285513
57.000000 50.000000 300.000000 0.285513
68.000000 57.000000 300.000000 0.300677
57.000000 68.000000 300.000000 0.300677
57.000000 58.000000 300.000000 0.257540
58.000000 57.000000 300.000000 0.257540
69.000000 58.000000 300.000000 0.294283
58.000000 69.000000 300.000000 0.294283
297.000000 58.000000 300.000000 0.218993
58.000000 297.000000 300.000000 0.218993
305.000000 58.000000 300.000000 0.302163
58.000000 305.000000 300.000000 0.302163
271.000000 59.000000 300.000000 0.307033
59.000000 271.000000 300.000000 0.307033
269.000000 59.000000 300.000000 0.045447
59.000000 269.000000 300.000000 0.045447
296.000000 59.000000 300.000000 0.104040
59.000000 296.000000 300.000000 0.104040
267.000000 60.000000 300.000000 0.315307
60.000000 267.000000 300.000000 0.315307
27.000000 60.000000 300.000000 0.315700
60.000000 27.000000 300.000000 0.315700
269.000000 60.000000 300.000000 0.369947
60.000000 269.000000 300.000000 0.369947
60.000000 61.000000 300.000000 0.363440
61.000000 28.000000 300.000000 0.308313
63.000000 62.000000 300.000000 0.414013
62.000000 63.000000 300.000000 0.414013
191.000000 62.000000 300.000000 0.286540
62.000000 191.000000 300.000000 0.286540
94.000000 62.000000 300.000000 0.198997
62.000000 94.000000 300.000000 0.198997
52.000000 62.000000 300.000000 0.300877
62.000000 52.000000 300.000000 0.300877
64.000000 63.000000 300.000000 0.410057
63.000000 64.000000 300.000000 0.410057
62.000000 63.000000 300.000000 0.414013
63.000000 62.000000 300.000000 0.414013
53.000000 63.000000 300.000000 0.301363
63.000000 53.000000 300.000000 0.301363
104.000000 63.000000 300.000000 0.302537
63.000000 104.000000 300.000000 0.302537
44.000000 64.000000 300.000000 0.299163
64.000000 44.000000 300.000000 0.299163
45.000000 64.000000 300.000000 0.309413
64.000000 45.000000 300.000000 0.309413
65.000000 64.000000 300.000000 0.405270
64.000000 65.000000 300.000000 0.405270
63.000000 64.000000 300.000000 0.410057
64.000000 63.000000 300.000000 0.410057
190.000000 65.000000 300.000000 0.032110
65.000000 190.000000 300.000000 0.032110
64.000000 65.000000 300.000000 0.405270
65.000000 64.000000 300.000000 0.405270
54.000000 65.000000 300.000000 0.311843
65.000000 54.000000 300.000000 0.311843
119.000000 65.000000 300.000000 0.299847
65.000000 119.000000 300.000000 0.299847
67.000000 66.000000 300.000000 0.405183
66.000000 67.000000 300.000000 0.405183
23.000000 66.000000 300.000000 0.271783
66.000000 23.000000 300.000000 0.271783
55.000000 66.000000 300.000000 0.304850
66.000000 55.000000 300.000000 0.304850
12.000000 66.000000 300.000000 0.293377
66.000000 12.000000 300.000000 0.293377
66.000000 67.000000 300.000000 0.405183
67.000000 66.000000 300.000000 0.405183
56.000000 67.000000 300.000000 0.303263
67.000000 56.000000 300.000000 0.303263
13.000000 67.000000 300.000000 0.293857
67.000000 13.000000 300.000000 0.293857
68.000000 67.000000 300.000000 0.411867
67.000000 68.000000 300.000000 0.411867
69.000000 68.000000 300.000000 0.286377
68.000000 69.000000 300.000000 0.286377
57.000000 68.000000 300.000000 0.300677
68.000000 57.000000 300.000000 0.300677
14.000000 68.000000 300.000000 0.298680
68.000000 14.000000 300.000000 0.298680
67.000000 68.000000 300.000000 0.411867
68.000000 67.000000 300.000000 0.411867
68.000000 69.000000 300.000000 0.286377
69.000000 68.000000 300.000000 0.286377
15.000000 69.000000 300.000000 0.304667
69.000000 15.000000 300.000000 0.304667
58.000000 69.000000 300.000000 0.294283
69.000000 58.000000 300.000000 0.294283
299.000000 69.000000 300.000000 0.384587
69.000000 299.000000 300.000000 0.384587
92.000000 70.000000 300.000000 0.399230
70.000000 92.000000 300.000000 0.399230
230.000000 70.000000 300.000000 0.151697
70.000000 230.000000 300.000000 0.151697
70.000000 307.000000 300.000000 0.407757
71.000000 123.000000 300.000000 0.043597
72.000000 186.000000 300.000000 0.210723
104.000000 72.000000 300.000000 0.303587
72.000000 104.000000 300.000000 0.303587
98.000000 72.000000 300.000000 0.408890
72.000000 98.000000 300.000000 0.408890
73.000000 189.000000 300.000000 0.203143
119.000000 73.000000 300.000000 0.292410
73.000000 119.000000 300.000000 0.292410
74.000000 116.000000 300.000000 0.256933
12.000000 74.000000 300.000000 0.296917
74.000000 12.000000 300.000000 0.296917
100.000000 74.000000 300.000000 0.419113
74.000000 100.000000 300.000000 0.419113
14.000000 75.000000 300.000000 0.298850
75.000000 14.000000 300.000000 0.298850
101.000000 75.000000 300.000000 0.422940
75.000000 101.000000 300.000000 0.422940
75.000000 76.000000 300.000000 0.361300
15.000000 76.000000 300.000000 0.299763
76.000000 15.000000 300.000000 0.299763
76.000000 80.000000 300.000000 0.430020
76.000000 77.000000 300.000000 0.406283
16.000000 77.000000 300.000000 0.295097
77.000000 16.000000 300.000000 0.295097
105.000000 77.000000 300.000000 0.441960
77.000000 105.000000 300.000000 0.441960
321.000000 77.000000 300.000000 0.292987
77.000000 321.000000 300.000000 0.292987
78.000000 318.000000 300.000000 0.389483
79.000000 248.000000 300.000000 0.229473
5.000000 79.000000 300.000000 0.373347
79.000000 5.000000 300.000000 0.373347
83.000000 79.000000 300.000000 0.435847
79.000000 83.000000 300.000000 0.435847
80.000000 6.000000 300.000000 0.141890
80.000000 250.000000 300.000000 0.227003
322.000000 81.000000 300.000000 0.014377
81.000000 322.000000 300.000000 0.014377
81.000000 2.000000 300.000000 0.239967
277.000000 82.000000 300.000000 0.031767
82.000000 277.000000 300.000000 0.031767
263.000000 82.000000 300.000000 0.261943
82.000000 263.000000 300.000000 0.261943
102.000000 82.000000 300.000000 0.418373
82.000000 102.000000 300.000000 0.418373
83.000000 251.000000 300.000000 0.224593
79.000000 83.000000 300.000000 0.435847
83.000000 79.000000 300.000000 0.435847
277.000000 83.000000 300.000000 0.420817
83.000000 277.000000 300.000000 0.420817
101.000000 84.000000 300.000000 0.424567
84.000000 101.000000 300.000000 0.424567
245.000000 84.000000 300.000000 0.147410
84.000000 245.000000 300.000000 0.147410
253.000000 84.000000 300.000000 0.246830
84.000000 253.000000 300.000000 0.246830
5.000000 84.000000 300.000000 0.221143
84.000000 5.000000 300.000000 0.221143
85.000000 99.000000 300.000000 0.412303
182.000000 85.000000 300.000000 0.224413
85.000000 182.000000 300.000000 0.224413
20.000000 85.000000 300.000000 0.411520
85.000000 20.000000 300.000000 0.411520
235.000000 86.000000 300.000000 0.171180
86.000000 235.000000 300.000000 0.171180
32.000000 86.000000 300.000000 0.410150
86.000000 32.000000 300.000000 0.410150
87.000000 86.000000 300.000000 0.415323
86.000000 87.000000 300.000000 0.415323
179.000000 86.000000 300.000000 0.203803
86.000000 179.000000 300.000000 0.203803
87.000000 234.000000 300.000000 0.168883
88.000000 87.000000 300.000000 0.403400
87.000000 88.000000 300.000000 0.403400
86.000000 87.000000 300.000000 0.415323
87.000000 86.000000 300.000000 0.415323
30.000000 88.000000 300.000000 0.433447
88.000000 30.000000 300.000000 0.433447
89.000000 88.000000 300.000000 0.416450
88.000000 89.000000 300.000000 0.416450
96.000000 88.000000 300.000000 0.405953
88.000000 96.000000 300.000000 0.405953
87.000000 88.000000 300.000000 0.403400
88.000000 87.000000 300.000000 0.403400
91.000000 89.000000 300.000000 0.398310
89.000000 91.000000 300.000000 0.398310
174.000000 89.000000 300.000000 0.078017
89.000000 174.000000 300.000000 0.078017
88.000000 89.000000 300.000000 0.416450
89.000000 88.000000 300.000000 0.416450
29.000000 90.000000 300.000000 0.337850
90.000000 29.000000 300.000000 0.337850
90.000000 95.000000 300.000000 0.410800
89.000000 91.000000 300.000000 0.398310
91.000000 89.000000 300.000000 0.398310
91.000000 232.000000 300.000000 0.193493
230.000000 91.000000 300.000000 0.261913
91.000000 230.000000 300.000000 0.261913
70.000000 92.000000 300.000000 0.399230
92.000000 70.000000 300.000000 0.399230
93.000000 92.000000 300.000000 0.416687
92.000000 93.000000 300.000000 0.416687
306.000000 92.000000 300.000000 0.017233
92.000000 306.000000 300.000000 0.017233
92.000000 278.000000 300.000000 0.621193
307.000000 93.000000 300.000000 0.401650
93.000000 307.000000 300.000000 0.401650
92.000000 93.000000 300.000000 0.416687
93.000000 92.000000 300.000000 0.416687
94.000000 93.000000 300.000000 0.471433
93.000000 94.000000 300.000000 0.471433
222.000000 93.000000 300.000000 1.264407
93.000000 222.000000 300.000000 1.264407
118.000000 94.000000 300.000000 0.100030
94.000000 118.000000 300.000000 0.100030
62.000000 94.000000 300.000000 0.198997
94.000000 62.000000 300.000000 0.198997
93.000000 94.000000 300.000000 0.471433
94.000000 93.000000 300.000000 0.471433
30.000000 95.000000 300.000000 0.349990
95.000000 30.000000 300.000000 0.349990
95.000000 106.000000 300.000000 0.409243
228.000000 96.000000 300.000000 0.286600
96.000000 228.000000 300.000000 0.286600
96.000000 91.000000 300.000000 0.409743
88.000000 96.000000 300.000000 0.405953
96.000000 88.000000 300.000000 0.405953
97.000000 96.000000 300.000000 0.416187
97.000000 71.000000 300.000000 0.407000
98.000000 97.000000 300.000000 0.412157
237.000000 98.000000 300.000000 0.113990
98.000000 237.000000 300.000000 0.113990
72.000000 98.000000 300.000000 0.408890
98.000000 72.000000 300.000000 0.408890
99.000000 183.000000 300.000000 0.211707
99.000000 238.000000 300.000000 0.194350
74.000000 100.000000 300.000000 0.419113
100.000000 74.000000 300.000000 0.419113
257.000000 100.000000 300.000000 0.263367
100.000000 257.000000 300.000000 0.263367
100.000000 21.000000 300.000000 0.332637
84.000000 101.000000 300.000000 0.424567
101.000000 84.000000 300.000000 0.424567
101.000000 252.000000 300.000000 0.248007
75.000000 101.000000 300.000000 0.422940
101.000000 75.000000 300.000000 0.422940
280.000000 102.000000 300.000000 0.291937
102.000000 280.000000 300.000000 0.291937
281.000000 102.000000 300.000000 0.722457
102.000000 281.000000 300.000000 0.722457
105.000000 102.000000 300.000000 0.428533
102.000000 105.000000 300.000000 0.428533
82.000000 102.000000 300.000000 0.418373
102.000000 82.000000 300.000000 0.418373
103.000000 4.000000 300.000000 0.417607
35.000000 103.000000 300.000000 0.473640
103.000000 35.000000 300.000000 0.473640
44.000000 104.000000 300.000000 0.409657
104.000000 44.000000 300.000000 0.409657
118.000000 104.000000 300.000000 0.398663
104.000000 118.000000 300.000000 0.398663
63.000000 104.000000 300.000000 0.302537
104.000000 63.000000 300.000000 0.302537
72.000000 104.000000 300.000000 0.303587
104.000000 72.000000 300.000000 0.303587
105.000000 80.000000 300.000000 0.423397
77.000000 105.000000 300.000000 0.441960
105.000000 77.000000 300.000000 0.441960
102.000000 105.000000 300.000000 0.428533
105.000000 102.000000 300.000000 0.428533
106.000000 31.000000 300.000000 0.364807
106.000000 177.000000 300.000000 0.216307
32.000000 107.000000 300.000000 0.366257
107.000000 32.000000 300.000000 0.366257
107.000000 40.000000 300.000000 0.398050
108.000000 34.000000 300.000000 0.377490
108.000000 158.000000 300.000000 0.424343
109.000000 78.000000 300.000000 0.193453
326.000000 110.000000 300.000000 0.282773
110.000000 326.000000 300.000000 0.282773
273.000000 110.000000 300.000000 0.222510
110.000000 273.000000 300.000000 0.222510
322.000000 110.000000 300.000000 0.286323
110.000000 322.000000 300.000000 0.286323
272.000000 111.000000 300.000000 0.412027
111.000000 272.000000 300.000000 0.412027
27.000000 111.000000 300.000000 0.310927
111.000000 27.000000 300.000000 0.310927
117.000000 111.000000 300.000000 0.156903
111.000000 117.000000 300.000000 0.156903
261.000000 112.000000 300.000000 0.117143
112.000000 261.000000 300.000000 0.117143
113.000000 112.000000 300.000000 0.626333
112.000000 113.000000 300.000000 0.626333
262.000000 112.000000 300.000000 0.613827
112.000000 262.000000 300.000000 0.613827
322.000000 113.000000 300.000000 0.173460
113.000000 322.000000 300.000000 0.173460
112.000000 113.000000 300.000000 0.626333
113.000000 112.000000 300.000000 0.626333
262.000000 113.000000 300.000000 0.384867
113.000000 262.000000 300.000000 0.384867
114.000000 75.000000 300.000000 0.399763
13.000000 114.000000 300.000000 0.297697
114.000000 13.000000 300.000000 0.297697
26.000000 114.000000 300.000000 0.421990
114.000000 26.000000 300.000000 0.421990
49.000000 115.000000 300.000000 0.224603
115.000000 49.000000 300.000000 0.224603
50.000000 115.000000 300.000000 0.508613
115.000000 50.000000 300.000000 0.508613
260.000000 115.000000 300.000000 0.422297
115.000000 260.000000 300.000000 0.422297
116.000000 114.000000 300.000000 0.148327
255.000000 116.000000 300.000000 0.425540
116.000000 255.000000 300.000000 0.425540
111.000000 117.000000 300.000000 0.156903
117.000000 111.000000 300.000000 0.156903
117.000000 295.000000 300.000000 0.647950
104.000000 118.000000 300.000000 0.398663
118.000000 104.000000 300.000000 0.398663
94.000000 118.000000 300.000000 0.100030
118.000000 94.000000 300.000000 0.100030
171.000000 119.000000 300.000000 0.117997
119.000000 171.000000 300.000000 0.117997
44.000000 119.000000 300.000000 0.405940
119.000000 44.000000 300.000000 0.405940
65.000000 119.000000 300.000000 0.299847
119.000000 65.000000 300.000000 0.299847
73.000000 119.000000 300.000000 0.292410
119.000000 73.000000 300.000000 0.292410
23.000000 120.000000 300.000000 0.295153
120.000000 23.000000 300.000000 0.295153
22.000000 120.000000 300.000000 0.298207
120.000000 22.000000 300.000000 0.298207
12.000000 120.000000 300.000000 0.300093
120.000000 12.000000 300.000000 0.300093
127.000000 121.000000 300.000000 0.148900
121.000000 127.000000 300.000000 0.148900
200.000000 121.000000 300.000000 0.074900
121.000000 200.000000 300.000000 0.074900
196.000000 121.000000 300.000000 0.150197
121.000000 196.000000 300.000000 0.150197
206.000000 121.000000 300.000000 0.354247
121.000000 206.000000 300.000000 0.354247
197.000000 122.000000 300.000000 0.026610
122.000000 197.000000 300.000000 0.026610
128.000000 122.000000 300.000000 0.132430
122.000000 128.000000 300.000000 0.132430
194.000000 122.000000 300.000000 0.159343
122.000000 194.000000 300.000000 0.159343
123.000000 118.000000 300.000000 0.303820
123.000000 72.000000 300.000000 0.402663
314.000000 124.000000 300.000000 0.076070
124.000000 314.000000 300.000000 0.076070
126.000000 125.000000 300.000000 0.313457
125.000000 126.000000 300.000000 0.313457
218.000000 125.000000 300.000000 0.501903
125.000000 218.000000 300.000000 0.501903
215.000000 125.000000 300.000000 0.358537
125.000000 215.000000 300.000000 0.358537
261.000000 126.000000 300.000000 0.525827
126.000000 261.000000 300.000000 0.525827
125.000000 126.000000 300.000000 0.313457
126.000000 125.000000 300.000000 0.313457
121.000000 127.000000 300.000000 0.148900
127.000000 121.000000 300.000000 0.148900
201.000000 127.000000 300.000000 0.070497
127.000000 201.000000 300.000000 0.070497
194.000000 127.000000 300.000000 0.257403
127.000000 194.000000 300.000000 0.257403
173.000000 128.000000 300.000000 0.091400
128.000000 173.000000 300.000000 0.091400
122.000000 128.000000 300.000000 0.132430
128.000000 122.000000 300.000000 0.132430
210.000000 129.000000 300.000000 0.100727
129.000000 210.000000 300.000000 0.100727
207.000000 129.000000 300.000000 0.499300
129.000000 207.000000 300.000000 0.499300
209.000000 129.000000 300.000000 0.227823
129.000000 209.000000 300.000000 0.227823
130.000000 61.000000 300.000000 0.089457
130.000000 284.000000 300.000000 0.282840
131.000000 153.000000 300.000000 1.939063
132.000000 316.000000 300.000000 0.379397
133.000000 141.000000 300.000000 0.259017
133.000000 134.000000 300.000000 0.260610
134.000000 132.000000 300.000000 0.184817
315.000000 134.000000 300.000000 0.282557
134.000000 315.000000 300.000000 0.282557
301.000000 135.000000 300.000000 0.397227
135.000000 301.000000 300.000000 0.397227
135.000000 133.000000 300.000000 0.549720
141.000000 136.000000 300.000000 0.459273
136.000000 141.000000 300.000000 0.459273
136.000000 140.000000 300.000000 0.302513
143.000000 137.000000 300.000000 0.389110
137.000000 143.000000 300.000000 0.389110
139.000000 137.000000 300.000000 0.345873
137.000000 139.000000 300.000000 0.345873
137.000000 138.000000 300.000000 0.502317
147.000000 138.000000 300.000000 0.290503
138.000000 147.000000 300.000000 0.290503
7.000000 138.000000 300.000000 0.301020
138.000000 7.000000 300.000000 0.301020
138.000000 291.000000 300.000000 0.342237
137.000000 139.000000 300.000000 0.345873
139.000000 137.000000 300.000000 0.345873
139.000000 136.000000 300.000000 0.435140
140.000000 135.000000 300.000000 0.051560
140.000000 275.000000 300.000000 0.523537
172.000000 141.000000 300.000000 0.529160
141.000000 172.000000 300.000000 0.529160
136.000000 141.000000 300.000000 0.459273
141.000000 136.000000 300.000000 0.459273
141.000000 137.000000 300.000000 0.356707
170.000000 142.000000 300.000000 0.054427
142.000000 170.000000 300.000000 0.054427
142.000000 167.000000 300.000000 0.144950
137.000000 143.000000 300.000000 0.389110
143.000000 137.000000 300.000000 0.389110
145.000000 143.000000 300.000000 0.173437
143.000000 145.000000 300.000000 0.173437
147.000000 143.000000 300.000000 0.209207
143.000000 147.000000 300.000000 0.209207
147.000000 144.000000 300.000000 0.179280
144.000000 147.000000 300.000000 0.179280
143.000000 145.000000 300.000000 0.173437
145.000000 143.000000 300.000000 0.173437
317.000000 145.000000 300.000000 0.040307
145.000000 317.000000 300.000000 0.040307
172.000000 145.000000 300.000000 0.103310
145.000000 172.000000 300.000000 0.103310
172.000000 146.000000 300.000000 0.041680
146.000000 172.000000 300.000000 0.041680
146.000000 132.000000 300.000000 0.289657
138.000000 147.000000 300.000000 0.290503
147.000000 138.000000 300.000000 0.290503
143.000000 147.000000 300.000000 0.209207
147.000000 143.000000 300.000000 0.209207
144.000000 147.000000 300.000000 0.179280
147.000000 144.000000 300.000000 0.179280
155.000000 148.000000 300.000000 0.088123
148.000000 155.000000 300.000000 0.088123
149.000000 148.000000 300.000000 0.220330
148.000000 149.000000 300.000000 0.220330
152.000000 148.000000 300.000000 0.400537
148.000000 152.000000 300.000000 0.400537
170.000000 149.000000 300.000000 0.437920
149.000000 170.000000 300.000000 0.437920
148.000000 149.000000 300.000000 0.220330
149.000000 148.000000 300.000000 0.220330
154.000000 149.000000 300.000000 0.047573
149.000000 154.000000 300.000000 0.047573
154.000000 150.000000 300.000000 0.551860
150.000000 154.000000 300.000000 0.551860
150.000000 156.000000 300.000000 0.393623
154.000000 151.000000 300.000000 0.073303
151.000000 154.000000 300.000000 0.073303
151.000000 169.000000 300.000000 0.403313
148.000000 152.000000 300.000000 0.400537
152.000000 148.000000 300.000000 0.400537
152.000000 168.000000 300.000000 0.540970
156.000000 153.000000 300.000000 0.297073
153.000000 156.000000 300.000000 0.297073
153.000000 151.000000 300.000000 0.619820
149.000000 154.000000 300.000000 0.047573
154.000000 149.000000 300.000000 0.047573
151.000000 154.000000 300.000000 0.073303
154.000000 151.000000 300.000000 0.073303
150.000000 154.000000 300.000000 0.551860
154.000000 150.000000 300.000000 0.551860
290.000000 155.000000 300.000000 0.019237
155.000000 290.000000 300.000000 0.019237
148.000000 155.000000 300.000000 0.088123
155.000000 148.000000 300.000000 0.088123
155.000000 150.000000 300.000000 0.313573
153.000000 156.000000 300.000000 0.297073
156.000000 153.000000 300.000000 0.297073
156.000000 290.000000 300.000000 0.729170
18.000000 157.000000 300.000000 0.185793
157.000000 18.000000 300.000000 0.185793
157.000000 268.000000 300.000000 0.297097
158.000000 159.000000 300.000000 0.125457
158.000000 241.000000 300.000000 0.251540
159.000000 327.000000 300.000000 0.195777
174.000000 160.000000 300.000000 0.418780
160.000000 174.000000 300.000000 0.418780
161.000000 165.000000 300.000000 0.120057
161.000000 168.000000 300.000000 0.152333
162.000000 161.000000 300.000000 0.107840
162.000000 292.000000 300.000000 0.501977
163.000000 293.000000 300.000000 1.173217
164.000000 161.000000 300.000000 0.103410
164.000000 165.000000 300.000000 0.174757
165.000000 166.000000 300.000000 0.283357
166.000000 152.000000 300.000000 0.058293
166.000000 142.000000 300.000000 0.205600
167.000000 323.000000 300.000000 0.737310
168.000000 7.000000 300.000000 1.095020
169.000000 170.000000 300.000000 0.172510
169.000000 167.000000 300.000000 0.178040
149.000000 170.000000 300.000000 0.437920
170.000000 149.000000 300.000000 0.437920
142.000000 170.000000 300.000000 0.054427
170.000000 142.000000 300.000000 0.054427
170.000000 152.000000 300.000000 0.202043
119.000000 171.000000 300.000000 0.117997
171.000000 119.000000 300.000000 0.117997
190.000000 171.000000 300.000000 0.305323
171.000000 190.000000 300.000000 0.305323
189.000000 171.000000 300.000000 0.292937
171.000000 189.000000 300.000000 0.292937
146.000000 172.000000 300.000000 0.041680
172.000000 146.000000 300.000000 0.041680
141.000000 172.000000 300.000000 0.529160
172.000000 141.000000 300.000000 0.529160
145.000000 172.000000 300.000000 0.103310
172.000000 145.000000 300.000000 0.103310
128.000000 173.000000 300.000000 0.091400
173.000000 128.000000 300.000000 0.091400
314.000000 173.000000 300.000000 0.409990
173.000000 314.000000 300.000000 0.409990
287.000000 173.000000 300.000000 0.349617
173.000000 287.000000 300.000000 0.349617
89.000000 174.000000 300.000000 0.078017
174.000000 89.000000 300.000000 0.078017
29.000000 174.000000 300.000000 0.366817
174.000000 29.000000 300.000000 0.366817
160.000000 174.000000 300.000000 0.418780
174.000000 160.000000 300.000000 0.418780
176.000000 175.000000 300.000000 0.285560
175.000000 176.000000 300.000000 0.285560
175.000000 32.000000 300.000000 0.213697
175.000000 176.000000 300.000000 0.285560
176.000000 175.000000 300.000000 0.285560
178.000000 177.000000 300.000000 0.263447
177.000000 178.000000 300.000000 0.263447
177.000000 107.000000 300.000000 0.199683
177.000000 178.000000 300.000000 0.263447
178.000000 177.000000 300.000000 0.263447
180.000000 179.000000 300.000000 0.195940
179.000000 180.000000 300.000000 0.195940
86.000000 179.000000 300.000000 0.203803
179.000000 86.000000 300.000000 0.203803
41.000000 179.000000 300.000000 0.206190
179.000000 41.000000 300.000000 0.206190
179.000000 180.000000 300.000000 0.195940
180.000000 179.000000 300.000000 0.195940
181.000000 34.000000 300.000000 0.214667
181.000000 182.000000 300.000000 0.416217
182.000000 183.000000 300.000000 0.429460
41.000000 182.000000 300.000000 0.199443
182.000000 41.000000 300.000000 0.199443
85.000000 182.000000 300.000000 0.224413
182.000000 85.000000 300.000000 0.224413
183.000000 42.000000 300.000000 0.208587
183.000000 184.000000 300.000000 0.415277
184.000000 73.000000 300.000000 0.204890
186.000000 185.000000 300.000000 0.412637
185.000000 186.000000 300.000000 0.412637
185.000000 98.000000 300.000000 0.203933
186.000000 43.000000 300.000000 0.202997
185.000000 186.000000 300.000000 0.412637
186.000000 185.000000 300.000000 0.412637
188.000000 187.000000 300.000000 0.311863
187.000000 188.000000 300.000000 0.311863
187.000000 99.000000 300.000000 0.205557
187.000000 188.000000 300.000000 0.311863
188.000000 187.000000 300.000000 0.311863
189.000000 22.000000 300.000000 0.209593
171.000000 189.000000 300.000000 0.292937
189.000000 171.000000 300.000000 0.292937
23.000000 190.000000 300.000000 0.383157
190.000000 23.000000 300.000000 0.383157
65.000000 190.000000 300.000000 0.032110
190.000000 65.000000 300.000000 0.032110
171.000000 190.000000 300.000000 0.305323
190.000000 171.000000 300.000000 0.305323
62.000000 191.000000 300.000000 0.286540
191.000000 62.000000 300.000000 0.286540
204.000000 192.000000 300.000000 0.153587
192.000000 204.000000 300.000000 0.153587
203.000000 192.000000 300.000000 0.166137
192.000000 203.000000 300.000000 0.166137
198.000000 192.000000 300.000000 0.243867
192.000000 198.000000 300.000000 0.243867
194.000000 193.000000 300.000000 0.106540
193.000000 194.000000 300.000000 0.106540
196.000000 193.000000 300.000000 0.089400
193.000000 196.000000 300.000000 0.089400
198.000000 193.000000 300.000000 0.149517
193.000000 198.000000 300.000000 0.149517
197.000000 193.000000 300.000000 0.161373
193.000000 197.000000 300.000000 0.161373
193.000000 194.000000 300.000000 0.106540
194.000000 193.000000 300.000000 0.106540
122.000000 194.000000 300.000000 0.159343
194.000000 122.000000 300.000000 0.159343
127.000000 194.000000 300.000000 0.257403
194.000000 127.000000 300.000000 0.257403
199.000000 195.000000 300.000000 0.039927
195.000000 199.000000 300.000000 0.039927
198.000000 195.000000 300.000000 0.090260
195.000000 198.000000 300.000000 0.090260
204.000000 195.000000 300.000000 0.197163
195.000000 204.000000 300.000000 0.197163
121.000000 196.000000 300.000000 0.150197
196.000000 121.000000 300.000000 0.150197
193.000000 196.000000 300.000000 0.089400
196.000000 193.000000 300.000000 0.089400
199.000000 196.000000 300.000000 0.170567
196.000000 199.000000 300.000000 0.170567
122.000000 197.000000 300.000000 0.026610
197.000000 122.000000 300.000000 0.026610
203.000000 197.000000 300.000000 0.419807
197.000000 203.000000 300.000000 0.419807
193.000000 197.000000 300.000000 0.161373
197.000000 193.000000 300.000000 0.161373
195.000000 198.000000 300.000000 0.090260
198.000000 195.000000 300.000000 0.090260
193.000000 198.000000 300.000000 0.149517
198.000000 193.000000 300.000000 0.149517
192.000000 198.000000 300.000000 0.243867
198.000000 192.000000 300.000000 0.243867
195.000000 199.000000 300.000000 0.039927
199.000000 195.000000 300.000000 0.039927
196.000000 199.000000 300.000000 0.170567
199.000000 196.000000 300.000000 0.170567
205.000000 199.000000 300.000000 0.197530
199.000000 205.000000 300.000000 0.197530
121.000000 200.000000 300.000000 0.074900
200.000000 121.000000 300.000000 0.074900
202.000000 200.000000 300.000000 0.339240
200.000000 202.000000 300.000000 0.339240
201.000000 200.000000 300.000000 0.154830
200.000000 201.000000 300.000000 0.154830
127.000000 201.000000 300.000000 0.070497
201.000000 127.000000 300.000000 0.070497
200.000000 201.000000 300.000000 0.154830
201.000000 200.000000 300.000000 0.154830
209.000000 201.000000 300.000000 0.138363
201.000000 209.000000 300.000000 0.138363
200.000000 202.000000 300.000000 0.339240
202.000000 200.000000 300.000000 0.339240
206.000000 202.000000 300.000000 0.132417
202.000000 206.000000 300.000000 0.132417
208.000000 202.000000 300.000000 0.141790
202.000000 208.000000 300.000000 0.141790
192.000000 203.000000 300.000000 0.166137
203.000000 192.000000 300.000000 0.166137
287.000000 203.000000 300.000000 0.076343
203.000000 287.000000 300.000000 0.076343
222.000000 203.000000 300.000000 0.089763
203.000000 222.000000 300.000000 0.089763
197.000000 203.000000 300.000000 0.419807
203.000000 197.000000 300.000000 0.419807
195.000000 204.000000 300.000000 0.197163
204.000000 195.000000 300.000000 0.197163
205.000000 204.000000 300.000000 0.039677
204.000000 205.000000 300.000000 0.039677
192.000000 204.000000 300.000000 0.153587
204.000000 192.000000 300.000000 0.153587
206.000000 205.000000 300.000000 0.089013
205.000000 206.000000 300.000000 0.089013
204.000000 205.000000 300.000000 0.039677
205.000000 204.000000 300.000000 0.039677
199.000000 205.000000 300.000000 0.197530
205.000000 199.000000 300.000000 0.197530
202.000000 206.000000 300.000000 0.132417
206.000000 202.000000 300.000000 0.132417
205.000000 206.000000 300.000000 0.089013
206.000000 205.000000 300.000000 0.089013
121.000000 206.000000 300.000000 0.354247
206.000000 121.000000 300.000000 0.354247
46.000000 207.000000 300.000000 0.141613
207.000000 46.000000 300.000000 0.141613
129.000000 207.000000 300.000000 0.499300
207.000000 129.000000 300.000000 0.499300
213.000000 207.000000 300.000000 0.306610
207.000000 213.000000 300.000000 0.306610
208.000000 207.000000 300.000000 0.136827
207.000000 208.000000 300.000000 0.136827
209.000000 208.000000 300.000000 0.490343
208.000000 209.000000 300.000000 0.490343
207.000000 208.000000 300.000000 0.136827
208.000000 207.000000 300.000000 0.136827
202.000000 208.000000 300.000000 0.141790
208.000000 202.000000 300.000000 0.141790
208.000000 209.000000 300.000000 0.490343
209.000000 208.000000 300.000000 0.490343
201.000000 209.000000 300.000000 0.138363
209.000000 201.000000 300.000000 0.138363
129.000000 209.000000 300.000000 0.227823
209.000000 129.000000 300.000000 0.227823
129.000000 210.000000 300.000000 0.100727
210.000000 129.000000 300.000000 0.100727
212.000000 210.000000 300.000000 0.112060
210.000000 212.000000 300.000000 0.112060
211.000000 210.000000 300.000000 0.265643
210.000000 211.000000 300.000000 0.265643
210.000000 211.000000 300.000000 0.265643
211.000000 210.000000 300.000000 0.265643
210.000000 212.000000 300.000000 0.112060
212.000000 210.000000 300.000000 0.112060
214.000000 212.000000 300.000000 0.145310
212.000000 214.000000 300.000000 0.145310
213.000000 212.000000 300.000000 0.490693
212.000000 213.000000 300.000000 0.490693
212.000000 213.000000 300.000000 0.490693
213.000000 212.000000 300.000000 0.490693
308.000000 213.000000 300.000000 0.194483
213.000000 308.000000 300.000000 0.194483
207.000000 213.000000 300.000000 0.306610
213.000000 207.000000 300.000000 0.306610
212.000000 214.000000 300.000000 0.145310
214.000000 212.000000 300.000000 0.145310
215.000000 214.000000 300.000000 0.133067
214.000000 215.000000 300.000000 0.133067
308.000000 214.000000 300.000000 0.402233
214.000000 308.000000 300.000000 0.402233
309.000000 215.000000 300.000000 0.416970
215.000000 309.000000 300.000000 0.416970
214.000000 215.000000 300.000000 0.133067
215.000000 214.000000 300.000000 0.133067
125.000000 215.000000 300.000000 0.358537
215.000000 125.000000 300.000000 0.358537
219.000000 216.000000 300.000000 0.084087
216.000000 219.000000 300.000000 0.084087
217.000000 216.000000 300.000000 0.174087
216.000000 217.000000 300.000000 0.174087
310.000000 216.000000 300.000000 0.155267
216.000000 310.000000 300.000000 0.155267
216.000000 217.000000 300.000000 0.174087
217.000000 216.000000 300.000000 0.174087
219.000000 218.000000 300.000000 0.097757
218.000000 219.000000 300.000000 0.097757
125.000000 218.000000 300.000000 0.501903
218.000000 125.000000 300.000000 0.501903
311.000000 218.000000 300.000000 0.086320
218.000000 311.000000 300.000000 0.086320
261.000000 218.000000 300.000000 0.322430
218.000000 261.000000 300.000000 0.322430
220.000000 219.000000 300.000000 0.167507
219.000000 220.000000 300.000000 0.167507
218.000000 219.000000 300.000000 0.097757
219.000000 218.000000 300.000000 0.097757
216.000000 219.000000 300.000000 0.084087
219.000000 216.000000 300.000000 0.084087
219.000000 220.000000 300.000000 0.167507
220.000000 219.000000 300.000000 0.167507
310.000000 221.000000 300.000000 0.219647
221.000000 310.000000 300.000000 0.219647
52.000000 222.000000 300.000000 0.179687
222.000000 52.000000 300.000000 0.179687
203.000000 222.000000 300.000000 0.089763
222.000000 203.000000 300.000000 0.089763
223.000000 222.000000 300.000000 0.442167
222.000000 223.000000 300.000000 0.442167
93.000000 222.000000 300.000000 1.264407
222.000000 93.000000 300.000000 1.264407
225.000000 223.000000 300.000000 0.094810
223.000000 225.000000 300.000000 0.094810
53.000000 223.000000 300.000000 0.268630
223.000000 53.000000 300.000000 0.268630
222.000000 223.000000 300.000000 0.442167
223.000000 222.000000 300.000000 0.442167
45.000000 224.000000 300.000000 0.318013
224.000000 45.000000 300.000000 0.318013
53.000000 224.000000 300.000000 0.098200
224.000000 53.000000 300.000000 0.098200
226.000000 224.000000 300.000000 0.230537
224.000000 226.000000 300.000000 0.230537
226.000000 225.000000 300.000000 0.053623
225.000000 226.000000 300.000000 0.053623
223.000000 225.000000 300.000000 0.094810
225.000000 223.000000 300.000000 0.094810
46.000000 225.000000 300.000000 0.337313
225.000000 46.000000 300.000000 0.337313
225.000000 226.000000 300.000000 0.053623
226.000000 225.000000 300.000000 0.053623
227.000000 226.000000 300.000000 0.129813
226.000000 227.000000 300.000000 0.129813
224.000000 226.000000 300.000000 0.230537
226.000000 224.000000 300.000000 0.230537
226.000000 227.000000 300.000000 0.129813
227.000000 226.000000 300.000000 0.129813
307.000000 228.000000 300.000000 0.129040
228.000000 307.000000 300.000000 0.129040
96.000000 228.000000 300.000000 0.286600
228.000000 96.000000 300.000000 0.286600
229.000000 228.000000 300.000000 0.179313
228.000000 229.000000 300.000000 0.179313
228.000000 229.000000 300.000000 0.179313
229.000000 228.000000 300.000000 0.179313
231.000000 230.000000 300.000000 0.200333
230.000000 231.000000 300.000000 0.200333
70.000000 230.000000 300.000000 0.151697
230.000000 70.000000 300.000000 0.151697
91.000000 230.000000 300.000000 0.261913
230.000000 91.000000 300.000000 0.261913
230.000000 231.000000 300.000000 0.200333
231.000000 230.000000 300.000000 0.200333
233.000000 232.000000 300.000000 0.388233
232.000000 233.000000 300.000000 0.388233
232.000000 320.000000 300.000000 0.223617
232.000000 233.000000 300.000000 0.388233
233.000000 232.000000 300.000000 0.388233
233.000000 70.000000 300.000000 0.236060
235.000000 234.000000 300.000000 0.417647
234.000000 235.000000 300.000000 0.417647
234.000000 236.000000 300.000000 0.137760
234.000000 235.000000 300.000000 0.417647
235.000000 234.000000 300.000000 0.417647
237.000000 235.000000 300.000000 0.148203
235.000000 237.000000 300.000000 0.148203
86.000000 235.000000 300.000000 0.171180
235.000000 86.000000 300.000000 0.171180
237.000000 236.000000 300.000000 0.415103
236.000000 237.000000 300.000000 0.415103
236.000000 97.000000 300.000000 0.109347
236.000000 237.000000 300.000000 0.415103
237.000000 236.000000 300.000000 0.415103
98.000000 237.000000 300.000000 0.113990
237.000000 98.000000 300.000000 0.113990
235.000000 237.000000 300.000000 0.148203
237.000000 235.000000 300.000000 0.148203
325.000000 238.000000 300.000000 0.020793
238.000000 325.000000 300.000000 0.020793
238.000000 73.000000 300.000000 0.224943
239.000000 33.000000 300.000000 0.204657
240.000000 239.000000 300.000000 0.266607
239.000000 240.000000 300.000000 0.266607
239.000000 240.000000 300.000000 0.266607
240.000000 239.000000 300.000000 0.266607
242.000000 241.000000 300.000000 0.222953
241.000000 242.000000 300.000000 0.222953
241.000000 19.000000 300.000000 0.140657
241.000000 242.000000 300.000000 0.222953
242.000000 241.000000 300.000000 0.222953
244.000000 243.000000 300.000000 0.409403
243.000000 244.000000 300.000000 0.409403
11.000000 243.000000 300.000000 0.099080
243.000000 11.000000 300.000000 0.099080
10.000000 243.000000 300.000000 0.255273
243.000000 10.000000 300.000000 0.255273
289.000000 244.000000 300.000000 0.250423
244.000000 289.000000 300.000000 0.250423
9.000000 244.000000 300.000000 0.149620
244.000000 9.000000 300.000000 0.149620
243.000000 244.000000 300.000000 0.409403
244.000000 243.000000 300.000000 0.409403
246.000000 245.000000 300.000000 0.242983
245.000000 246.000000 300.000000 0.242983
84.000000 245.000000 300.000000 0.147410
245.000000 84.000000 300.000000 0.147410
35.000000 245.000000 300.000000 0.253547
245.000000 35.000000 300.000000 0.253547
245.000000 246.000000 300.000000 0.242983
246.000000 245.000000 300.000000 0.242983
248.000000 247.000000 300.000000 0.379093
247.000000 248.000000 300.000000 0.379093
247.000000 5.000000 300.000000 0.223577
247.000000 248.000000 300.000000 0.379093
248.000000 247.000000 300.000000 0.379093
248.000000 37.000000 300.000000 0.216557
250.000000 249.000000 300.000000 0.232433
249.000000 250.000000 300.000000 0.232433
6.000000 249.000000 300.000000 0.209393
249.000000 6.000000 300.000000 0.209393
5.000000 249.000000 300.000000 0.226587
249.000000 5.000000 300.000000 0.226587
251.000000 250.000000 300.000000 0.429360
250.000000 251.000000 300.000000 0.429360
249.000000 250.000000 300.000000 0.232433
250.000000 249.000000 300.000000 0.232433
250.000000 79.000000 300.000000 0.229090
250.000000 251.000000 300.000000 0.429360
251.000000 250.000000 300.000000 0.429360
251.000000 105.000000 300.000000 0.228890
253.000000 252.000000 300.000000 0.424400
252.000000 253.000000 300.000000 0.424400
252.000000 26.000000 300.000000 0.161387
252.000000 253.000000 300.000000 0.424400
253.000000 252.000000 300.000000 0.424400
9.000000 253.000000 300.000000 0.170477
253.000000 9.000000 300.000000 0.170477
84.000000 253.000000 300.000000 0.246830
253.000000 84.000000 300.000000 0.246830
258.000000 254.000000 300.000000 0.161340
254.000000 258.000000 300.000000 0.161340
9.000000 254.000000 300.000000 0.151093
254.000000 9.000000 300.000000 0.151093
20.000000 254.000000 300.000000 0.618380
254.000000 20.000000 300.000000 0.618380
255.000000 100.000000 300.000000 0.249350
116.000000 255.000000 300.000000 0.425540
255.000000 116.000000 300.000000 0.425540
258.000000 255.000000 300.000000 0.263407
255.000000 258.000000 300.000000 0.263407
21.000000 256.000000 300.000000 0.263430
256.000000 21.000000 300.000000 0.263430
20.000000 256.000000 300.000000 0.159890
256.000000 20.000000 300.000000 0.159890
257.000000 256.000000 300.000000 0.349077
256.000000 257.000000 300.000000 0.349077
256.000000 257.000000 300.000000 0.349077
257.000000 256.000000 300.000000 0.349077
258.000000 257.000000 300.000000 0.249520
257.000000 258.000000 300.000000 0.249520
100.000000 257.000000 300.000000 0.263367
257.000000 100.000000 300.000000 0.263367
254.000000 258.000000 300.000000 0.161340
258.000000 254.000000 300.000000 0.161340
259.000000 258.000000 300.000000 0.186537
258.000000 259.000000 300.000000 0.186537
257.000000 258.000000 300.000000 0.249520
258.000000 257.000000 300.000000 0.249520
255.000000 258.000000 300.000000 0.263407
258.000000 255.000000 300.000000 0.263407
258.000000 259.000000 300.000000 0.186537
259.000000 258.000000 300.000000 0.186537
48.000000 260.000000 300.000000 0.246127
260.000000 48.000000 300.000000 0.246127
311.000000 260.000000 300.000000 0.201680
260.000000 311.000000 300.000000 0.201680
115.000000 260.000000 300.000000 0.422297
260.000000 115.000000 300.000000 0.422297
126.000000 261.000000 300.000000 0.525827
261.000000 126.000000 300.000000 0.525827
112.000000 261.000000 300.000000 0.117143
261.000000 112.000000 300.000000 0.117143
218.000000 261.000000 300.000000 0.322430
261.000000 218.000000 300.000000 0.322430
113.000000 262.000000 300.000000 0.384867
262.000000 113.000000 300.000000 0.384867
326.000000 262.000000 300.000000 0.248200
262.000000 326.000000 300.000000 0.248200
112.000000 262.000000 300.000000 0.613827
262.000000 112.000000 300.000000 0.613827
82.000000 263.000000 300.000000 0.261943
263.000000 82.000000 300.000000 0.261943
17.000000 264.000000 300.000000 0.299993
264.000000 17.000000 300.000000 0.299993
313.000000 264.000000 300.000000 0.030500
264.000000 313.000000 300.000000 0.030500
265.000000 18.000000 300.000000 0.155270
266.000000 265.000000 300.000000 0.084623
300.000000 266.000000 300.000000 0.168500
266.000000 300.000000 300.000000 0.168500
17.000000 267.000000 300.000000 0.280100
267.000000 17.000000 300.000000 0.280100
60.000000 267.000000 300.000000 0.315307
267.000000 60.000000 300.000000 0.315307
268.000000 267.000000 300.000000 0.316963
267.000000 268.000000 300.000000 0.316963
267.000000 268.000000 300.000000 0.316963
268.000000 267.000000 300.000000 0.316963
268.000000 130.000000 300.000000 0.242717
270.000000 269.000000 300.000000 0.075910
269.000000 270.000000 300.000000 0.075910
60.000000 269.000000 300.000000 0.369947
269.000000 60.000000 300.000000 0.369947
59.000000 269.000000 300.000000 0.045447
269.000000 59.000000 300.000000 0.045447
269.000000 270.000000 300.000000 0.075910
270.000000 269.000000 300.000000 0.075910
27.000000 271.000000 300.000000 0.406050
271.000000 27.000000 300.000000 0.406050
304.000000 271.000000 300.000000 0.356907
271.000000 304.000000 300.000000 0.356907
272.000000 271.000000 300.000000 0.308517
271.000000 272.000000 300.000000 0.308517
59.000000 271.000000 300.000000 0.307033
271.000000 59.000000 300.000000 0.307033
111.000000 272.000000 300.000000 0.412027
272.000000 111.000000 300.000000 0.412027
273.000000 272.000000 300.000000 0.190893
272.000000 273.000000 300.000000 0.190893
271.000000 272.000000 300.000000 0.308517
272.000000 271.000000 300.000000 0.308517
272.000000 273.000000 300.000000 0.190893
273.000000 272.000000 300.000000 0.190893
110.000000 273.000000 300.000000 0.222510
273.000000 110.000000 300.000000 0.222510
274.000000 273.000000 300.000000 0.215957
273.000000 274.000000 300.000000 0.215957
273.000000 274.000000 300.000000 0.215957
274.000000 273.000000 300.000000 0.215957
16.000000 276.000000 300.000000 0.151313
276.000000 16.000000 300.000000 0.151313
82.000000 277.000000 300.000000 0.031767
277.000000 82.000000 300.000000 0.031767
39.000000 277.000000 300.000000 0.411110
277.000000 39.000000 300.000000 0.411110
83.000000 277.000000 300.000000 0.420817
277.000000 83.000000 300.000000 0.420817
279.000000 135.000000 300.000000 0.604470
279.000000 275.000000 300.000000 0.254783
102.000000 280.000000 300.000000 0.291937
280.000000 102.000000 300.000000 0.291937
102.000000 281.000000 300.000000 0.722457
281.000000 102.000000 300.000000 0.722457
282.000000 131.000000 300.000000 0.342430
282.000000 283.000000 300.000000 0.097870
283.000000 130.000000 300.000000 0.311887
284.000000 282.000000 300.000000 0.527073
16.000000 285.000000 300.000000 0.117603
285.000000 16.000000 300.000000 0.117603
17.000000 286.000000 300.000000 0.193533
286.000000 17.000000 300.000000 0.193533
313.000000 286.000000 300.000000 0.352147
286.000000 313.000000 300.000000 0.352147
296.000000 286.000000 300.000000 0.696613
286.000000 296.000000 300.000000 0.696613
203.000000 287.000000 300.000000 0.076343
287.000000 203.000000 300.000000 0.076343
173.000000 287.000000 300.000000 0.349617
287.000000 173.000000 300.000000 0.349617
314.000000 287.000000 300.000000 0.728327
287.000000 314.000000 300.000000 0.728327
288.000000 160.000000 300.000000 0.077920
244.000000 289.000000 300.000000 0.250423
289.000000 244.000000 300.000000 0.250423
289.000000 35.000000 300.000000 0.421533
289.000000 8.000000 300.000000 0.463950
155.000000 290.000000 300.000000 0.019237
290.000000 155.000000 300.000000 0.019237
291.000000 162.000000 300.000000 0.347840
323.000000 291.000000 300.000000 0.544820
291.000000 323.000000 300.000000 0.544820
293.000000 294.000000 300.000000 0.897047
293.000000 292.000000 300.000000 0.391500
294.000000 157.000000 300.000000 3.422453
295.000000 81.000000 300.000000 0.207500
59.000000 296.000000 300.000000 0.104040
296.000000 59.000000 300.000000 0.104040
286.000000 296.000000 300.000000 0.696613
296.000000 286.000000 300.000000 0.696613
304.000000 296.000000 300.000000 0.397087
296.000000 304.000000 300.000000 0.397087
58.000000 297.000000 300.000000 0.218993
297.000000 58.000000 300.000000 0.218993
47.000000 298.000000 300.000000 0.136140
298.000000 47.000000 300.000000 0.136140
69.000000 299.000000 300.000000 0.384587
299.000000 69.000000 300.000000 0.384587
266.000000 300.000000 300.000000 0.168500
300.000000 266.000000 300.000000 0.168500
135.000000 301.000000 300.000000 0.397227
301.000000 135.000000 300.000000 0.397227
301.000000 319.000000 300.000000 0.435950
302.000000 87.000000 300.000000 0.200793
303.000000 302.000000 300.000000 0.235530
302.000000 303.000000 300.000000 0.235530
302.000000 303.000000 300.000000 0.235530
303.000000 302.000000 300.000000 0.235530
271.000000 304.000000 300.000000 0.356907
304.000000 271.000000 300.000000 0.356907
305.000000 304.000000 300.000000 0.051163
304.000000 305.000000 300.000000 0.051163
296.000000 304.000000 300.000000 0.397087
304.000000 296.000000 300.000000 0.397087
304.000000 305.000000 300.000000 0.051163
305.000000 304.000000 300.000000 0.051163
326.000000 305.000000 300.000000 0.022683
305.000000 326.000000 300.000000 0.022683
58.000000 305.000000 300.000000 0.302163
305.000000 58.000000 300.000000 0.302163
92.000000 306.000000 300.000000 0.017233
306.000000 92.000000 300.000000 0.017233
93.000000 307.000000 300.000000 0.401650
307.000000 93.000000 300.000000 0.401650
228.000000 307.000000 300.000000 0.129040
307.000000 228.000000 300.000000 0.129040
307.000000 71.000000 300.000000 0.400197
309.000000 308.000000 300.000000 0.104630
308.000000 309.000000 300.000000 0.104630
213.000000 308.000000 300.000000 0.194483
308.000000 213.000000 300.000000 0.194483
214.000000 308.000000 300.000000 0.402233
308.000000 214.000000 300.000000 0.402233
215.000000 309.000000 300.000000 0.416970
309.000000 215.000000 300.000000 0.416970
310.000000 309.000000 300.000000 0.073530
309.000000 310.000000 300.000000 0.073530
308.000000 309.000000 300.000000 0.104630
309.000000 308.000000 300.000000 0.104630
309.000000 310.000000 300.000000 0.073530
310.000000 309.000000 300.000000 0.073530
216.000000 310.000000 300.000000 0.155267
310.000000 216.000000 300.000000 0.155267
221.000000 310.000000 300.000000 0.219647
310.000000 221.000000 300.000000 0.219647
25.000000 311.000000 300.000000 0.219013
311.000000 25.000000 300.000000 0.219013
260.000000 311.000000 300.000000 0.201680
311.000000 260.000000 300.000000 0.201680
218.000000 311.000000 300.000000 0.086320
311.000000 218.000000 300.000000 0.086320
313.000000 312.000000 300.000000 0.529130
312.000000 313.000000 300.000000 0.529130
264.000000 313.000000 300.000000 0.030500
313.000000 264.000000 300.000000 0.030500
286.000000 313.000000 300.000000 0.352147
313.000000 286.000000 300.000000 0.352147
312.000000 313.000000 300.000000 0.529130
313.000000 312.000000 300.000000 0.529130
287.000000 314.000000 300.000000 0.728327
314.000000 287.000000 300.000000 0.728327
173.000000 314.000000 300.000000 0.409990
314.000000 173.000000 300.000000 0.409990
124.000000 314.000000 300.000000 0.076070
314.000000 124.000000 300.000000 0.076070
134.000000 315.000000 300.000000 0.282557
315.000000 134.000000 300.000000 0.282557
316.000000 315.000000 300.000000 0.089937
145.000000 317.000000 300.000000 0.040307
317.000000 145.000000 300.000000 0.040307
317.000000 146.000000 300.000000 0.077490
318.000000 38.000000 300.000000 0.252223
319.000000 279.000000 300.000000 0.233223
320.000000 288.000000 300.000000 0.386660
77.000000 321.000000 300.000000 0.292987
321.000000 77.000000 300.000000 0.292987
81.000000 322.000000 300.000000 0.014377
322.000000 81.000000 300.000000 0.014377
110.000000 322.000000 300.000000 0.286323
322.000000 110.000000 300.000000 0.286323
113.000000 322.000000 300.000000 0.173460
322.000000 113.000000 300.000000 0.173460
323.000000 317.000000 300.000000 0.497770
291.000000 323.000000 300.000000 0.544820
323.000000 291.000000 300.000000 0.544820
324.000000 265.000000 300.000000 0.084930
324.000000 266.000000 300.000000 0.043107
238.000000 325.000000 300.000000 0.020793
325.000000 238.000000 300.000000 0.020793
305.000000 326.000000 300.000000 0.022683
326.000000 305.000000 300.000000 0.022683
110.000000 326.000000 300.000000 0.282773
326.000000 110.000000 300.000000 0.282773
262.000000 326.000000 300.000000 0.248200
326.000000 262.000000 300.000000 0.248200
327.000000 3.000000 300.000000 0.210567
328.000000 327.000000 300.000000 0.239847
327.000000 328.000000 300.000000 0.239847
327.000000 328.000000 300.000000 0.239847
328.000000 327.000000 300.000000 0.239847
