0.000000 360.000000 300.000000 4.986430
1.000000 0.000000 300.000000 1.509160
417.000000 2.000000 300.000000 0.037413
2.000000 417.000000 300.000000 0.037413
125.000000 2.000000 300.000000 0.177310
2.000000 125.000000 300.000000 0.177310
4.000000 3.000000 300.000000 0.206473
3.000000 4.000000 300.000000 0.206473
125.000000 3.000000 300.000000 0.213897
3.000000 125.000000 300.000000 0.213897
129.000000 3.000000 300.000000 0.364507
3.000000 129.000000 300.000000 0.364507
126.000000 4.000000 300.000000 0.220393
4.000000 126.000000 300.000000 0.220393
3.000000 4.000000 300.000000 0.206473
4.000000 3.000000 300.000000 0.206473
127.000000 5.000000 300.000000 0.143897
5.000000 127.000000 300.000000 0.143897
144.000000 5.000000 300.000000 0.121270
5.000000 144.000000 300.000000 0.121270
129.000000 5.000000 300.000000 0.495740
5.000000 129.000000 300.000000 0.495740
357.000000 7.000000 300.000000 0.077180
7.000000 357.000000 300.000000 0.077180
135.000000 7.000000 300.000000 0.071867
7.000000 135.000000 300.000000 0.071867
134.000000 7.000000 300.000000 0.596083
7.000000 134.000000 300.000000 0.596083
8.000000 364.000000 300.000000 0.020137
8.000000 399.000000 300.000000 0.028490
365.000000 10.000000 300.000000 0.037337
10.000000 365.000000 300.000000 0.037337
41.000000 10.000000 300.000000 0.766410
10.000000 41.000000 300.000000 0.766410
10.000000 17.000000 300.000000 0.198220
43.000000 11.000000 300.000000 0.038963
11.000000 43.000000 300.000000 0.038963
11.000000 130.000000 300.000000 0.177443
397.000000 12.000000 300.000000 0.174193
12.000000 397.000000 300.000000 0.174193
12.000000 9.000000 300.000000 0.472530
14.000000 13.000000 300.000000 0.154187
13.000000 14.000000 300.000000 0.154187
13.000000 18.000000 300.000000 0.259367
13.000000 14.000000 300.000000 0.154187
14.000000 13.000000 300.000000 0.154187
15.000000 14.000000 300.000000 0.258527
14.000000 15.000000 300.000000 0.258527
14.000000 15.000000 300.000000 0.258527
15.000000 14.000000 300.000000 0.258527
397.000000 15.000000 300.000000 0.156020
15.000000 397.000000 300.000000 0.156020
397.000000 16.000000 300.000000 0.143820
16.000000 397.000000 300.000000 0.143820
17.000000 32.000000 300.000000 0.798100
18.000000 12.000000 300.000000 0.141090
372.000000 18.000000 300.000000 0.030763
18.000000 372.000000 300.000000 0.030763
396.000000 19.000000 300.000000 0.222500
19.000000 396.000000 300.000000 0.222500
412.000000 19.000000 300.000000 0.792633
19.000000 412.000000 300.000000 0.792633
25.000000 20.000000 300.000000 0.027490
20.000000 25.000000 300.000000 0.027490
406.000000 20.000000 300.000000 0.221683
20.000000 406.000000 300.000000 0.221683
38.000000 21.000000 300.000000 0.052963
21.000000 38.000000 300.000000 0.052963
22.000000 21.000000 300.000000 0.126043
21.000000 22.000000 300.000000 0.126043
21.000000 22.000000 300.000000 0.126043
22.000000 21.000000 300.000000 0.126043
37.000000 22.000000 300.000000 0.064130
22.000000 37.000000 300.000000 0.064130
37.000000 23.000000 300.000000 0.060823
23.000000 37.000000 300.000000 0.060823
24.000000 233.000000 300.000000 0.330323
24.000000 124.000000 300.000000 0.182233
20.000000 25.000000 300.000000 0.027490
25.000000 20.000000 300.000000 0.027490
38.000000 25.000000 300.000000 0.205547
25.000000 38.000000 300.000000 0.205547
25.000000 361.000000 300.000000 0.489397
361.000000 26.000000 300.000000 0.026663
26.000000 361.000000 300.000000 0.026663
26.000000 20.000000 300.000000 0.474627
27.000000 378.000000 300.000000 0.139190
28.000000 27.000000 300.000000 0.026533
27.000000 28.000000 300.000000 0.026533
27.000000 28.000000 300.000000 0.026533
28.000000 27.000000 300.000000 0.026533
28.000000 31.000000 300.000000 0.606103
29.000000 130.000000 300.000000 0.037340
29.000000 43.000000 300.000000 0.193287
30.000000 47.000000 300.000000 0.719243
30.000000 29.000000 300.000000 0.027703
42.000000 31.000000 300.000000 0.193973
31.000000 42.000000 300.000000 0.193973
47.000000 31.000000 300.000000 0.029497
31.000000 47.000000 300.000000 0.029497
31.000000 29.000000 300.000000 0.721177
41.000000 32.000000 300.000000 0.199697
32.000000 41.000000 300.000000 0.199697
32.000000 34.000000 300.000000 0.742307
40.000000 33.000000 300.000000 0.196437
33.000000 40.000000 300.000000 0.196437
378.000000 33.000000 300.000000 0.026267
33.000000 378.000000 300.000000 0.026267
33.000000 28.000000 300.000000 0.138377
39.000000 34.000000 300.000000 0.206860
34.000000 39.000000 300.000000 0.206860
34.000000 372.000000 300.000000 0.317263
279.000000 35.000000 300.000000 0.193087
35.000000 279.000000 300.000000 0.193087
71.000000 35.000000 300.000000 0.026390
35.000000 71.000000 300.000000 0.026390
35.000000 362.000000 300.000000 0.164430
280.000000 36.000000 300.000000 0.205787
36.000000 280.000000 300.000000 0.205787
22.000000 37.000000 300.000000 0.064130
37.000000 22.000000 300.000000 0.064130
23.000000 37.000000 300.000000 0.060823
37.000000 23.000000 300.000000 0.060823
280.000000 37.000000 300.000000 0.802313
37.000000 280.000000 300.000000 0.802313
25.000000 38.000000 300.000000 0.205547
38.000000 25.000000 300.000000 0.205547
21.000000 38.000000 300.000000 0.052963
38.000000 21.000000 300.000000 0.052963
279.000000 38.000000 300.000000 0.704923
38.000000 279.000000 300.000000 0.704923
34.000000 39.000000 300.000000 0.206860
39.000000 34.000000 300.000000 0.206860
40.000000 39.000000 300.000000 0.201460
39.000000 40.000000 300.000000 0.201460
41.000000 39.000000 300.000000 0.746620
39.000000 41.000000 300.000000 0.746620
280.000000 39.000000 300.000000 0.618863
39.000000 280.000000 300.000000 0.618863
39.000000 40.000000 300.000000 0.201460
40.000000 39.000000 300.000000 0.201460
33.000000 40.000000 300.000000 0.196437
40.000000 33.000000 300.000000 0.196437
42.000000 40.000000 300.000000 0.744967
40.000000 42.000000 300.000000 0.744967
279.000000 40.000000 300.000000 0.615703
40.000000 279.000000 300.000000 0.615703
32.000000 41.000000 300.000000 0.199697
41.000000 32.000000 300.000000 0.199697
42.000000 41.000000 300.000000 0.207507
41.000000 42.000000 300.000000 0.207507
10.000000 41.000000 300.000000 0.766410
41.000000 10.000000 300.000000 0.766410
39.000000 41.000000 300.000000 0.746620
41.000000 39.000000 300.000000 0.746620
41.000000 42.000000 300.000000 0.207507
42.000000 41.000000 300.000000 0.207507
31.000000 42.000000 300.000000 0.193973
42.000000 31.000000 300.000000 0.193973
43.000000 42.000000 300.000000 0.737893
42.000000 43.000000 300.000000 0.737893
40.000000 42.000000 300.000000 0.744967
42.000000 40.000000 300.000000 0.744967
11.000000 43.000000 300.000000 0.038963
43.000000 11.000000 300.000000 0.038963
42.000000 43.000000 300.000000 0.737893
43.000000 42.000000 300.000000 0.737893
43.000000 10.000000 300.000000 0.202183
44.000000 56.000000 300.000000 0.085187
230.000000 45.000000 300.000000 0.042007
45.000000 230.000000 300.000000 0.042007
60.000000 45.000000 300.000000 0.208823
45.000000 60.000000 300.000000 0.208823
45.000000 57.000000 300.000000 0.088190
62.000000 46.000000 300.000000 0.042807
46.000000 62.000000 300.000000 0.042807
332.000000 46.000000 300.000000 0.227130
46.000000 332.000000 300.000000 0.227130
60.000000 46.000000 300.000000 0.562517
46.000000 60.000000 300.000000 0.562517
47.000000 27.000000 300.000000 0.604883
31.000000 47.000000 300.000000 0.029497
47.000000 31.000000 300.000000 0.029497
337.000000 47.000000 300.000000 0.161547
47.000000 337.000000 300.000000 0.161547
48.000000 67.000000 300.000000 0.165280
50.000000 48.000000 300.000000 0.192767
48.000000 50.000000 300.000000 0.192767
58.000000 49.000000 300.000000 0.159220
49.000000 58.000000 300.000000 0.159220
84.000000 49.000000 300.000000 0.182800
49.000000 84.000000 300.000000 0.182800
68.000000 49.000000 300.000000 0.181490
49.000000 68.000000 300.000000 0.181490
327.000000 49.000000 300.000000 0.711087
49.000000 327.000000 300.000000 0.711087
52.000000 50.000000 300.000000 0.180770
50.000000 52.000000 300.000000 0.180770
48.000000 50.000000 300.000000 0.192767
50.000000 48.000000 300.000000 0.192767
337.000000 50.000000 300.000000 0.755423
50.000000 337.000000 300.000000 0.755423
367.000000 51.000000 300.000000 0.033133
51.000000 367.000000 300.000000 0.033133
337.000000 51.000000 300.000000 0.699993
51.000000 337.000000 300.000000 0.699993
51.000000 30.000000 300.000000 0.157337
54.000000 52.000000 300.000000 0.254290
52.000000 54.000000 300.000000 0.254290
50.000000 52.000000 300.000000 0.180770
52.000000 50.000000 300.000000 0.180770
335.000000 52.000000 300.000000 0.677753
52.000000 335.000000 300.000000 0.677753
335.000000 53.000000 300.000000 0.686100
53.000000 335.000000 300.000000 0.686100
53.000000 51.000000 300.000000 0.181333
59.000000 54.000000 300.000000 0.361437
54.000000 59.000000 300.000000 0.361437
52.000000 54.000000 300.000000 0.254290
54.000000 52.000000 300.000000 0.254290
65.000000 54.000000 300.000000 0.194287
54.000000 65.000000 300.000000 0.194287
338.000000 54.000000 300.000000 0.143670
54.000000 338.000000 300.000000 0.143670
334.000000 55.000000 300.000000 0.309220
55.000000 334.000000 300.000000 0.309220
65.000000 55.000000 300.000000 0.079263
55.000000 65.000000 300.000000 0.079263
401.000000 55.000000 300.000000 0.072743
55.000000 401.000000 300.000000 0.072743
334.000000 56.000000 300.000000 0.678927
56.000000 334.000000 300.000000 0.678927
56.000000 53.000000 300.000000 0.170410
333.000000 57.000000 300.000000 0.706187
57.000000 333.000000 300.000000 0.706187
57.000000 44.000000 300.000000 0.083747
49.000000 58.000000 300.000000 0.159220
58.000000 49.000000 300.000000 0.159220
62.000000 58.000000 300.000000 0.258927
58.000000 62.000000 300.000000 0.258927
59.000000 58.000000 300.000000 0.325023
58.000000 59.000000 300.000000 0.325023
54.000000 59.000000 300.000000 0.361437
59.000000 54.000000 300.000000 0.361437
58.000000 59.000000 300.000000 0.325023
59.000000 58.000000 300.000000 0.325023
61.000000 59.000000 300.000000 0.240310
59.000000 61.000000 300.000000 0.240310
45.000000 60.000000 300.000000 0.208823
60.000000 45.000000 300.000000 0.208823
46.000000 60.000000 300.000000 0.562517
60.000000 46.000000 300.000000 0.562517
332.000000 60.000000 300.000000 0.532997
60.000000 332.000000 300.000000 0.532997
59.000000 61.000000 300.000000 0.240310
61.000000 59.000000 300.000000 0.240310
62.000000 61.000000 300.000000 0.286483
61.000000 62.000000 300.000000 0.286483
395.000000 61.000000 300.000000 0.169107
61.000000 395.000000 300.000000 0.169107
332.000000 61.000000 300.000000 0.178403
61.000000 332.000000 300.000000 0.178403
46.000000 62.000000 300.000000 0.042807
62.000000 46.000000 300.000000 0.042807
63.000000 62.000000 300.000000 0.159303
62.000000 63.000000 300.000000 0.159303
58.000000 62.000000 300.000000 0.258927
62.000000 58.000000 300.000000 0.258927
61.000000 62.000000 300.000000 0.286483
62.000000 61.000000 300.000000 0.286483
62.000000 63.000000 300.000000 0.159303
63.000000 62.000000 300.000000 0.159303
83.000000 63.000000 300.000000 0.126083
63.000000 83.000000 300.000000 0.126083
84.000000 63.000000 300.000000 0.043910
63.000000 84.000000 300.000000 0.043910
400.000000 64.000000 300.000000 0.140710
64.000000 400.000000 300.000000 0.140710
55.000000 65.000000 300.000000 0.079263
65.000000 55.000000 300.000000 0.079263
54.000000 65.000000 300.000000 0.194287
65.000000 54.000000 300.000000 0.194287
400.000000 65.000000 300.000000 0.074320
65.000000 400.000000 300.000000 0.074320
73.000000 66.000000 300.000000 0.219460
66.000000 73.000000 300.000000 0.219460
67.000000 69.000000 300.000000 0.179410
338.000000 67.000000 300.000000 0.694983
67.000000 338.000000 300.000000 0.694983
363.000000 67.000000 300.000000 0.031150
67.000000 363.000000 300.000000 0.031150
329.000000 68.000000 300.000000 0.720770
68.000000 329.000000 300.000000 0.720770
338.000000 68.000000 300.000000 0.837903
68.000000 338.000000 300.000000 0.837903
49.000000 68.000000 300.000000 0.181490
68.000000 49.000000 300.000000 0.181490
70.000000 68.000000 300.000000 0.173603
68.000000 70.000000 300.000000 0.173603
69.000000 71.000000 300.000000 0.175447
339.000000 69.000000 300.000000 0.771080
69.000000 339.000000 300.000000 0.771080
362.000000 69.000000 300.000000 0.031987
69.000000 362.000000 300.000000 0.031987
330.000000 70.000000 300.000000 0.695877
70.000000 330.000000 300.000000 0.695877
339.000000 70.000000 300.000000 0.841670
70.000000 339.000000 300.000000 0.841670
68.000000 70.000000 300.000000 0.173603
70.000000 68.000000 300.000000 0.173603
72.000000 70.000000 300.000000 0.162130
70.000000 72.000000 300.000000 0.162130
71.000000 26.000000 300.000000 0.137913
35.000000 71.000000 300.000000 0.026390
71.000000 35.000000 300.000000 0.026390
340.000000 71.000000 300.000000 0.851143
71.000000 340.000000 300.000000 0.851143
331.000000 72.000000 300.000000 0.702937
72.000000 331.000000 300.000000 0.702937
70.000000 72.000000 300.000000 0.162130
72.000000 70.000000 300.000000 0.162130
340.000000 72.000000 300.000000 0.836503
72.000000 340.000000 300.000000 0.836503
85.000000 72.000000 300.000000 0.169283
72.000000 85.000000 300.000000 0.169283
340.000000 73.000000 300.000000 0.399503
73.000000 340.000000 300.000000 0.399503
74.000000 73.000000 300.000000 0.226743
73.000000 74.000000 300.000000 0.226743
66.000000 73.000000 300.000000 0.219460
73.000000 66.000000 300.000000 0.219460
73.000000 74.000000 300.000000 0.226743
74.000000 73.000000 300.000000 0.226743
75.000000 74.000000 300.000000 0.296530
74.000000 75.000000 300.000000 0.296530
76.000000 74.000000 300.000000 0.196213
74.000000 76.000000 300.000000 0.196213
406.000000 75.000000 300.000000 0.370053
75.000000 406.000000 300.000000 0.370053
74.000000 75.000000 300.000000 0.296530
75.000000 74.000000 300.000000 0.296530
413.000000 75.000000 300.000000 0.375777
75.000000 413.000000 300.000000 0.375777
74.000000 76.000000 300.000000 0.196213
76.000000 74.000000 300.000000 0.196213
80.000000 77.000000 300.000000 0.190670
77.000000 80.000000 300.000000 0.190670
234.000000 77.000000 300.000000 0.046097
77.000000 234.000000 300.000000 0.046097
77.000000 45.000000 300.000000 0.178903
314.000000 78.000000 300.000000 0.176220
78.000000 314.000000 300.000000 0.176220
235.000000 78.000000 300.000000 0.041963
78.000000 235.000000 300.000000 0.041963
78.000000 77.000000 300.000000 0.649107
336.000000 79.000000 300.000000 0.151560
79.000000 336.000000 300.000000 0.151560
91.000000 79.000000 300.000000 0.459333
79.000000 91.000000 300.000000 0.459333
87.000000 79.000000 300.000000 0.179977
79.000000 87.000000 300.000000 0.179977
77.000000 80.000000 300.000000 0.190670
80.000000 77.000000 300.000000 0.190670
81.000000 80.000000 300.000000 0.158103
80.000000 81.000000 300.000000 0.158103
314.000000 80.000000 300.000000 0.653943
80.000000 314.000000 300.000000 0.653943
80.000000 81.000000 300.000000 0.158103
81.000000 80.000000 300.000000 0.158103
82.000000 81.000000 300.000000 0.162397
81.000000 82.000000 300.000000 0.162397
317.000000 81.000000 300.000000 0.669970
81.000000 317.000000 300.000000 0.669970
81.000000 82.000000 300.000000 0.162397
82.000000 81.000000 300.000000 0.162397
83.000000 82.000000 300.000000 0.168910
82.000000 83.000000 300.000000 0.168910
320.000000 82.000000 300.000000 0.682267
82.000000 320.000000 300.000000 0.682267
82.000000 83.000000 300.000000 0.168910
83.000000 82.000000 300.000000 0.168910
63.000000 83.000000 300.000000 0.126083
83.000000 63.000000 300.000000 0.126083
323.000000 83.000000 300.000000 0.703060
83.000000 323.000000 300.000000 0.703060
63.000000 84.000000 300.000000 0.043910
84.000000 63.000000 300.000000 0.043910
49.000000 84.000000 300.000000 0.182800
84.000000 49.000000 300.000000 0.182800
325.000000 84.000000 300.000000 0.718280
84.000000 325.000000 300.000000 0.718280
86.000000 85.000000 300.000000 0.168090
85.000000 86.000000 300.000000 0.168090
336.000000 85.000000 300.000000 0.699267
85.000000 336.000000 300.000000 0.699267
72.000000 85.000000 300.000000 0.169283
85.000000 72.000000 300.000000 0.169283
85.000000 86.000000 300.000000 0.168090
86.000000 85.000000 300.000000 0.168090
87.000000 86.000000 300.000000 0.516673
86.000000 87.000000 300.000000 0.516673
89.000000 86.000000 300.000000 0.833383
86.000000 89.000000 300.000000 0.833383
86.000000 87.000000 300.000000 0.516673
87.000000 86.000000 300.000000 0.516673
79.000000 87.000000 300.000000 0.179977
87.000000 79.000000 300.000000 0.179977
88.000000 87.000000 300.000000 0.195370
87.000000 88.000000 300.000000 0.195370
87.000000 88.000000 300.000000 0.195370
88.000000 87.000000 300.000000 0.195370
86.000000 89.000000 300.000000 0.833383
89.000000 86.000000 300.000000 0.833383
328.000000 90.000000 300.000000 0.273690
90.000000 328.000000 300.000000 0.273690
336.000000 90.000000 300.000000 0.385453
90.000000 336.000000 300.000000 0.385453
91.000000 90.000000 300.000000 0.186447
90.000000 91.000000 300.000000 0.186447
393.000000 91.000000 300.000000 0.012957
91.000000 393.000000 300.000000 0.012957
79.000000 91.000000 300.000000 0.459333
91.000000 79.000000 300.000000 0.459333
90.000000 91.000000 300.000000 0.186447
91.000000 90.000000 300.000000 0.186447
393.000000 92.000000 300.000000 0.205220
92.000000 393.000000 300.000000 0.205220
101.000000 93.000000 300.000000 1.022107
93.000000 101.000000 300.000000 1.022107
101.000000 94.000000 300.000000 0.645673
94.000000 101.000000 300.000000 0.645673
328.000000 94.000000 300.000000 0.167757
94.000000 328.000000 300.000000 0.167757
393.000000 94.000000 300.000000 0.197780
94.000000 393.000000 300.000000 0.197780
237.000000 95.000000 300.000000 0.040533
95.000000 237.000000 300.000000 0.040533
305.000000 95.000000 300.000000 0.166263
95.000000 305.000000 300.000000 0.166263
95.000000 78.000000 300.000000 0.657917
349.000000 96.000000 300.000000 0.163710
96.000000 349.000000 300.000000 0.163710
96.000000 95.000000 300.000000 0.645367
354.000000 96.000000 300.000000 0.036403
96.000000 354.000000 300.000000 0.036403
98.000000 97.000000 300.000000 0.024633
97.000000 98.000000 300.000000 0.024633
308.000000 97.000000 300.000000 0.639787
97.000000 308.000000 300.000000 0.639787
349.000000 97.000000 300.000000 0.172673
97.000000 349.000000 300.000000 0.172673
97.000000 98.000000 300.000000 0.024633
98.000000 97.000000 300.000000 0.024633
99.000000 98.000000 300.000000 0.170207
98.000000 99.000000 300.000000 0.170207
106.000000 98.000000 300.000000 0.588890
98.000000 106.000000 300.000000 0.588890
299.000000 99.000000 300.000000 0.591207
99.000000 299.000000 300.000000 0.591207
100.000000 99.000000 300.000000 0.027937
99.000000 100.000000 300.000000 0.027937
98.000000 99.000000 300.000000 0.170207
99.000000 98.000000 300.000000 0.170207
99.000000 100.000000 300.000000 0.027937
100.000000 99.000000 300.000000 0.027937
311.000000 100.000000 300.000000 0.634417
100.000000 311.000000 300.000000 0.634417
304.000000 100.000000 300.000000 0.170233
100.000000 304.000000 300.000000 0.170233
94.000000 101.000000 300.000000 0.645673
101.000000 94.000000 300.000000 0.645673
321.000000 101.000000 300.000000 0.175893
101.000000 321.000000 300.000000 0.175893
93.000000 101.000000 300.000000 1.022107
101.000000 93.000000 300.000000 1.022107
304.000000 102.000000 300.000000 0.619157
102.000000 304.000000 300.000000 0.619157
301.000000 102.000000 300.000000 0.173980
102.000000 301.000000 300.000000 0.173980
299.000000 102.000000 300.000000 0.164163
102.000000 299.000000 300.000000 0.164163
296.000000 103.000000 300.000000 0.293050
103.000000 296.000000 300.000000 0.293050
104.000000 103.000000 300.000000 0.147737
103.000000 104.000000 300.000000 0.147737
120.000000 103.000000 300.000000 0.029360
103.000000 120.000000 300.000000 0.029360
297.000000 104.000000 300.000000 0.264320
104.000000 297.000000 300.000000 0.264320
107.000000 104.000000 300.000000 0.204697
104.000000 107.000000 300.000000 0.204697
103.000000 104.000000 300.000000 0.147737
104.000000 103.000000 300.000000 0.147737
296.000000 105.000000 300.000000 0.353457
105.000000 296.000000 300.000000 0.353457
349.000000 105.000000 300.000000 0.608223
105.000000 349.000000 300.000000 0.608223
106.000000 105.000000 300.000000 0.167037
105.000000 106.000000 300.000000 0.167037
297.000000 106.000000 300.000000 0.356153
106.000000 297.000000 300.000000 0.356153
98.000000 106.000000 300.000000 0.588890
106.000000 98.000000 300.000000 0.588890
105.000000 106.000000 300.000000 0.167037
106.000000 105.000000 300.000000 0.167037
299.000000 106.000000 300.000000 0.187173
106.000000 299.000000 300.000000 0.187173
298.000000 107.000000 300.000000 0.228393
107.000000 298.000000 300.000000 0.228393
117.000000 107.000000 300.000000 0.172473
107.000000 117.000000 300.000000 0.172473
104.000000 107.000000 300.000000 0.204697
107.000000 104.000000 300.000000 0.204697
303.000000 108.000000 300.000000 0.474463
108.000000 303.000000 300.000000 0.474463
307.000000 109.000000 300.000000 0.388390
109.000000 307.000000 300.000000 0.388390
321.000000 110.000000 300.000000 0.895547
110.000000 321.000000 300.000000 0.895547
296.000000 111.000000 300.000000 0.157137
111.000000 296.000000 300.000000 0.157137
111.000000 96.000000 300.000000 0.962487
300.000000 112.000000 300.000000 0.162647
112.000000 300.000000 300.000000 0.162647
115.000000 112.000000 300.000000 0.279020
112.000000 115.000000 300.000000 0.279020
302.000000 112.000000 300.000000 0.376920
112.000000 302.000000 300.000000 0.376920
259.000000 113.000000 300.000000 0.069870
113.000000 259.000000 300.000000 0.069870
113.000000 273.000000 300.000000 0.453350
120.000000 114.000000 300.000000 0.129783
114.000000 120.000000 300.000000 0.129783
114.000000 369.000000 300.000000 0.252653
300.000000 115.000000 300.000000 0.170177
115.000000 300.000000 300.000000 0.170177
117.000000 115.000000 300.000000 0.177413
115.000000 117.000000 300.000000 0.177413
112.000000 115.000000 300.000000 0.279020
115.000000 112.000000 300.000000 0.279020
300.000000 116.000000 300.000000 0.172577
116.000000 300.000000 300.000000 0.172577
298.000000 116.000000 300.000000 0.164613
116.000000 298.000000 300.000000 0.164613
117.000000 116.000000 300.000000 0.201123
116.000000 117.000000 300.000000 0.201123
115.000000 117.000000 300.000000 0.177413
117.000000 115.000000 300.000000 0.177413
107.000000 117.000000 300.000000 0.172473
117.000000 107.000000 300.000000 0.172473
116.000000 117.000000 300.000000 0.201123
117.000000 116.000000 300.000000 0.201123
119.000000 118.000000 300.000000 0.204033
118.000000 119.000000 300.000000 0.204033
118.000000 114.000000 300.000000 0.583523
118.000000 119.000000 300.000000 0.204033
119.000000 118.000000 300.000000 0.204033
120.000000 119.000000 300.000000 0.589083
119.000000 120.000000 300.000000 0.589083
379.000000 119.000000 300.000000 0.655253
119.000000 379.000000 300.000000 0.655253
103.000000 120.000000 300.000000 0.029360
120.000000 103.000000 300.000000 0.029360
114.000000 120.000000 300.000000 0.129783
120.000000 114.000000 300.000000 0.129783
119.000000 120.000000 300.000000 0.589083
120.000000 119.000000 300.000000 0.589083
121.000000 225.000000 300.000000 0.394030
226.000000 122.000000 300.000000 0.039567
122.000000 226.000000 300.000000 0.039567
122.000000 2.000000 300.000000 0.231677
131.000000 123.000000 300.000000 0.035830
123.000000 131.000000 300.000000 0.035830
123.000000 377.000000 300.000000 0.151783
124.000000 44.000000 300.000000 0.034550
124.000000 230.000000 300.000000 0.165803
3.000000 125.000000 300.000000 0.213897
125.000000 3.000000 300.000000 0.213897
2.000000 125.000000 300.000000 0.177310
125.000000 2.000000 300.000000 0.177310
358.000000 126.000000 300.000000 0.213167
126.000000 358.000000 300.000000 0.213167
4.000000 126.000000 300.000000 0.220393
126.000000 4.000000 300.000000 0.220393
5.000000 127.000000 300.000000 0.143897
127.000000 5.000000 300.000000 0.143897
358.000000 127.000000 300.000000 0.134670
127.000000 358.000000 300.000000 0.134670
147.000000 127.000000 300.000000 0.268697
127.000000 147.000000 300.000000 0.268697
398.000000 128.000000 300.000000 0.020793
128.000000 398.000000 300.000000 0.020793
377.000000 128.000000 300.000000 0.332890
128.000000 377.000000 300.000000 0.332890
129.000000 128.000000 300.000000 0.302427
128.000000 129.000000 300.000000 0.302427
3.000000 129.000000 300.000000 0.364507
129.000000 3.000000 300.000000 0.364507
5.000000 129.000000 300.000000 0.495740
129.000000 5.000000 300.000000 0.495740
128.000000 129.000000 300.000000 0.302427
129.000000 128.000000 300.000000 0.302427
130.000000 366.000000 300.000000 0.042550
134.000000 130.000000 300.000000 0.446450
130.000000 134.000000 300.000000 0.446450
132.000000 131.000000 300.000000 0.126327
131.000000 132.000000 300.000000 0.126327
123.000000 131.000000 300.000000 0.035830
131.000000 123.000000 300.000000 0.035830
398.000000 131.000000 300.000000 0.309647
131.000000 398.000000 300.000000 0.309647
134.000000 132.000000 300.000000 0.118000
132.000000 134.000000 300.000000 0.118000
131.000000 132.000000 300.000000 0.126327
132.000000 131.000000 300.000000 0.126327
133.000000 132.000000 300.000000 0.418827
132.000000 133.000000 300.000000 0.418827
132.000000 133.000000 300.000000 0.418827
133.000000 132.000000 300.000000 0.418827
132.000000 134.000000 300.000000 0.118000
134.000000 132.000000 300.000000 0.118000
7.000000 134.000000 300.000000 0.596083
134.000000 7.000000 300.000000 0.596083
130.000000 134.000000 300.000000 0.446450
134.000000 130.000000 300.000000 0.446450
7.000000 135.000000 300.000000 0.071867
135.000000 7.000000 300.000000 0.071867
137.000000 135.000000 300.000000 0.122807
135.000000 137.000000 300.000000 0.122807
136.000000 135.000000 300.000000 0.225900
135.000000 136.000000 300.000000 0.225900
142.000000 135.000000 300.000000 0.066803
135.000000 142.000000 300.000000 0.066803
135.000000 136.000000 300.000000 0.225900
136.000000 135.000000 300.000000 0.225900
135.000000 137.000000 300.000000 0.122807
137.000000 135.000000 300.000000 0.122807
141.000000 137.000000 300.000000 0.052233
137.000000 141.000000 300.000000 0.052233
138.000000 137.000000 300.000000 0.237147
137.000000 138.000000 300.000000 0.237147
137.000000 138.000000 300.000000 0.237147
138.000000 137.000000 300.000000 0.237147
141.000000 139.000000 300.000000 0.062157
139.000000 141.000000 300.000000 0.062157
399.000000 139.000000 300.000000 0.096660
139.000000 399.000000 300.000000 0.096660
140.000000 139.000000 300.000000 0.234177
139.000000 140.000000 300.000000 0.234177
139.000000 140.000000 300.000000 0.234177
140.000000 139.000000 300.000000 0.234177
137.000000 141.000000 300.000000 0.052233
141.000000 137.000000 300.000000 0.052233
139.000000 141.000000 300.000000 0.062157
141.000000 139.000000 300.000000 0.062157
142.000000 141.000000 300.000000 0.374910
141.000000 142.000000 300.000000 0.374910
135.000000 142.000000 300.000000 0.066803
142.000000 135.000000 300.000000 0.066803
143.000000 142.000000 300.000000 0.059667
142.000000 143.000000 300.000000 0.059667
141.000000 142.000000 300.000000 0.374910
142.000000 141.000000 300.000000 0.374910
142.000000 143.000000 300.000000 0.059667
143.000000 142.000000 300.000000 0.059667
5.000000 144.000000 300.000000 0.121270
144.000000 5.000000 300.000000 0.121270
150.000000 144.000000 300.000000 0.070493
144.000000 150.000000 300.000000 0.070493
357.000000 144.000000 300.000000 0.147763
144.000000 357.000000 300.000000 0.147763
150.000000 145.000000 300.000000 0.054567
145.000000 150.000000 300.000000 0.054567
149.000000 145.000000 300.000000 0.093277
145.000000 149.000000 300.000000 0.093277
146.000000 8.000000 300.000000 0.258670
127.000000 147.000000 300.000000 0.268697
147.000000 127.000000 300.000000 0.268697
148.000000 147.000000 300.000000 0.275197
147.000000 148.000000 300.000000 0.275197
147.000000 148.000000 300.000000 0.275197
148.000000 147.000000 300.000000 0.275197
145.000000 149.000000 300.000000 0.093277
149.000000 145.000000 300.000000 0.093277
145.000000 150.000000 300.000000 0.054567
150.000000 145.000000 300.000000 0.054567
144.000000 150.000000 300.000000 0.070493
150.000000 144.000000 300.000000 0.070493
357.000000 150.000000 300.000000 0.178040
150.000000 357.000000 300.000000 0.178040
152.000000 151.000000 300.000000 0.065280
151.000000 152.000000 300.000000 0.065280
153.000000 151.000000 300.000000 0.162810
151.000000 153.000000 300.000000 0.162810
193.000000 152.000000 300.000000 0.043737
152.000000 193.000000 300.000000 0.043737
151.000000 152.000000 300.000000 0.065280
152.000000 151.000000 300.000000 0.065280
151.000000 153.000000 300.000000 0.162810
153.000000 151.000000 300.000000 0.162810
355.000000 153.000000 300.000000 0.125773
153.000000 355.000000 300.000000 0.125773
193.000000 154.000000 300.000000 0.124467
154.000000 193.000000 300.000000 0.124467
210.000000 155.000000 300.000000 0.084957
155.000000 210.000000 300.000000 0.084957
359.000000 156.000000 300.000000 0.041847
156.000000 359.000000 300.000000 0.041847
156.000000 229.000000 300.000000 0.768520
159.000000 157.000000 300.000000 0.126967
157.000000 159.000000 300.000000 0.126967
162.000000 157.000000 300.000000 0.174327
157.000000 162.000000 300.000000 0.174327
416.000000 157.000000 300.000000 0.141080
157.000000 416.000000 300.000000 0.141080
195.000000 158.000000 300.000000 0.198730
158.000000 195.000000 300.000000 0.198730
161.000000 158.000000 300.000000 0.163363
158.000000 161.000000 300.000000 0.163363
292.000000 158.000000 300.000000 0.240523
158.000000 292.000000 300.000000 0.240523
197.000000 159.000000 300.000000 0.109510
159.000000 197.000000 300.000000 0.109510
157.000000 159.000000 300.000000 0.126967
159.000000 157.000000 300.000000 0.126967
415.000000 159.000000 300.000000 0.136080
159.000000 415.000000 300.000000 0.136080
415.000000 160.000000 300.000000 0.121707
160.000000 415.000000 300.000000 0.121707
292.000000 160.000000 300.000000 0.118203
160.000000 292.000000 300.000000 0.118203
196.000000 160.000000 300.000000 0.113717
160.000000 196.000000 300.000000 0.113717
158.000000 161.000000 300.000000 0.163363
161.000000 158.000000 300.000000 0.163363
198.000000 161.000000 300.000000 0.157213
161.000000 198.000000 300.000000 0.157213
181.000000 161.000000 300.000000 0.214337
161.000000 181.000000 300.000000 0.214337
341.000000 161.000000 300.000000 0.176377
161.000000 341.000000 300.000000 0.176377
157.000000 162.000000 300.000000 0.174327
162.000000 157.000000 300.000000 0.174327
199.000000 162.000000 300.000000 0.161980
162.000000 199.000000 300.000000 0.161980
163.000000 162.000000 300.000000 0.160660
162.000000 163.000000 300.000000 0.160660
178.000000 162.000000 300.000000 0.166730
162.000000 178.000000 300.000000 0.166730
162.000000 163.000000 300.000000 0.160660
163.000000 162.000000 300.000000 0.160660
164.000000 163.000000 300.000000 0.440630
163.000000 164.000000 300.000000 0.440630
199.000000 163.000000 300.000000 0.301707
163.000000 199.000000 300.000000 0.301707
252.000000 163.000000 300.000000 0.154750
163.000000 252.000000 300.000000 0.154750
197.000000 164.000000 300.000000 0.166980
164.000000 197.000000 300.000000 0.166980
202.000000 164.000000 300.000000 0.533327
164.000000 202.000000 300.000000 0.533327
163.000000 164.000000 300.000000 0.440630
164.000000 163.000000 300.000000 0.440630
166.000000 165.000000 300.000000 0.252567
165.000000 166.000000 300.000000 0.252567
381.000000 165.000000 300.000000 0.520483
165.000000 381.000000 300.000000 0.520483
376.000000 165.000000 300.000000 0.246537
165.000000 376.000000 300.000000 0.246537
342.000000 166.000000 300.000000 0.050777
166.000000 342.000000 300.000000 0.050777
201.000000 166.000000 300.000000 0.249973
166.000000 201.000000 300.000000 0.249973
165.000000 166.000000 300.000000 0.252567
166.000000 165.000000 300.000000 0.252567
341.000000 167.000000 300.000000 0.361307
167.000000 341.000000 300.000000 0.361307
385.000000 167.000000 300.000000 0.121673
167.000000 385.000000 300.000000 0.121673
381.000000 167.000000 300.000000 0.071847
167.000000 381.000000 300.000000 0.071847
170.000000 168.000000 300.000000 0.160677
168.000000 170.000000 300.000000 0.160677
384.000000 168.000000 300.000000 0.085923
168.000000 384.000000 300.000000 0.085923
173.000000 168.000000 300.000000 0.149730
168.000000 173.000000 300.000000 0.149730
171.000000 169.000000 300.000000 0.282043
169.000000 171.000000 300.000000 0.282043
382.000000 170.000000 300.000000 0.009790
170.000000 382.000000 300.000000 0.009790
168.000000 170.000000 300.000000 0.160677
170.000000 168.000000 300.000000 0.160677
174.000000 170.000000 300.000000 0.142303
170.000000 174.000000 300.000000 0.142303
169.000000 171.000000 300.000000 0.282043
171.000000 169.000000 300.000000 0.282043
173.000000 171.000000 300.000000 0.148997
171.000000 173.000000 300.000000 0.148997
172.000000 171.000000 300.000000 0.166353
171.000000 172.000000 300.000000 0.166353
176.000000 172.000000 300.000000 0.165417
172.000000 176.000000 300.000000 0.165417
179.000000 172.000000 300.000000 0.033807
172.000000 179.000000 300.000000 0.033807
171.000000 172.000000 300.000000 0.166353
172.000000 171.000000 300.000000 0.166353
171.000000 173.000000 300.000000 0.148997
173.000000 171.000000 300.000000 0.148997
168.000000 173.000000 300.000000 0.149730
173.000000 168.000000 300.000000 0.149730
174.000000 173.000000 300.000000 0.168197
173.000000 174.000000 300.000000 0.168197
179.000000 174.000000 300.000000 0.129933
174.000000 179.000000 300.000000 0.129933
170.000000 174.000000 300.000000 0.142303
174.000000 170.000000 300.000000 0.142303
173.000000 174.000000 300.000000 0.168197
174.000000 173.000000 300.000000 0.168197
281.000000 174.000000 300.000000 0.167437
174.000000 281.000000 300.000000 0.167437
284.000000 175.000000 300.000000 0.161803
175.000000 284.000000 300.000000 0.161803
194.000000 175.000000 300.000000 0.016427
175.000000 194.000000 300.000000 0.016427
285.000000 175.000000 300.000000 0.170407
175.000000 285.000000 300.000000 0.170407
172.000000 176.000000 300.000000 0.165417
176.000000 172.000000 300.000000 0.165417
283.000000 176.000000 300.000000 0.157580
176.000000 283.000000 300.000000 0.157580
182.000000 176.000000 300.000000 0.340880
176.000000 182.000000 300.000000 0.340880
386.000000 177.000000 300.000000 0.016510
177.000000 386.000000 300.000000 0.016510
188.000000 177.000000 300.000000 0.173920
177.000000 188.000000 300.000000 0.173920
185.000000 177.000000 300.000000 0.155843
177.000000 185.000000 300.000000 0.155843
289.000000 178.000000 300.000000 0.151970
178.000000 289.000000 300.000000 0.151970
162.000000 178.000000 300.000000 0.166730
178.000000 162.000000 300.000000 0.166730
181.000000 178.000000 300.000000 0.141650
178.000000 181.000000 300.000000 0.141650
172.000000 179.000000 300.000000 0.033807
179.000000 172.000000 300.000000 0.033807
174.000000 179.000000 300.000000 0.129933
179.000000 174.000000 300.000000 0.129933
282.000000 179.000000 300.000000 0.158670
179.000000 282.000000 300.000000 0.158670
189.000000 180.000000 300.000000 0.160533
180.000000 189.000000 300.000000 0.160533
186.000000 180.000000 300.000000 0.160803
180.000000 186.000000 300.000000 0.160803
185.000000 180.000000 300.000000 0.175937
180.000000 185.000000 300.000000 0.175937
282.000000 180.000000 300.000000 0.161887
180.000000 282.000000 300.000000 0.161887
178.000000 181.000000 300.000000 0.141650
181.000000 178.000000 300.000000 0.141650
161.000000 181.000000 300.000000 0.214337
181.000000 161.000000 300.000000 0.214337
292.000000 181.000000 300.000000 0.167577
181.000000 292.000000 300.000000 0.167577
287.000000 181.000000 300.000000 0.154163
181.000000 287.000000 300.000000 0.154163
184.000000 182.000000 300.000000 0.170610
182.000000 184.000000 300.000000 0.170610
283.000000 182.000000 300.000000 0.184737
182.000000 283.000000 300.000000 0.184737
176.000000 182.000000 300.000000 0.340880
182.000000 176.000000 300.000000 0.340880
382.000000 183.000000 300.000000 0.160800
183.000000 382.000000 300.000000 0.160800
281.000000 183.000000 300.000000 0.136303
183.000000 281.000000 300.000000 0.136303
187.000000 183.000000 300.000000 0.163793
183.000000 187.000000 300.000000 0.163793
188.000000 184.000000 300.000000 0.149343
184.000000 188.000000 300.000000 0.149343
182.000000 184.000000 300.000000 0.170610
184.000000 182.000000 300.000000 0.170610
185.000000 184.000000 300.000000 0.183210
184.000000 185.000000 300.000000 0.183210
180.000000 185.000000 300.000000 0.175937
185.000000 180.000000 300.000000 0.175937
184.000000 185.000000 300.000000 0.183210
185.000000 184.000000 300.000000 0.183210
177.000000 185.000000 300.000000 0.155843
185.000000 177.000000 300.000000 0.155843
283.000000 185.000000 300.000000 0.169387
185.000000 283.000000 300.000000 0.169387
284.000000 186.000000 300.000000 0.157817
186.000000 284.000000 300.000000 0.157817
187.000000 186.000000 300.000000 0.151743
186.000000 187.000000 300.000000 0.151743
180.000000 186.000000 300.000000 0.160803
186.000000 180.000000 300.000000 0.160803
281.000000 186.000000 300.000000 0.159440
186.000000 281.000000 300.000000 0.159440
190.000000 187.000000 300.000000 0.150907
187.000000 190.000000 300.000000 0.150907
186.000000 187.000000 300.000000 0.151743
187.000000 186.000000 300.000000 0.151743
183.000000 187.000000 300.000000 0.163793
187.000000 183.000000 300.000000 0.163793
191.000000 188.000000 300.000000 0.157443
188.000000 191.000000 300.000000 0.157443
184.000000 188.000000 300.000000 0.149343
188.000000 184.000000 300.000000 0.149343
177.000000 188.000000 300.000000 0.173920
188.000000 177.000000 300.000000 0.173920
268.000000 188.000000 300.000000 0.096657
188.000000 268.000000 300.000000 0.096657
180.000000 189.000000 300.000000 0.160533
189.000000 180.000000 300.000000 0.160533
284.000000 189.000000 300.000000 0.173047
189.000000 284.000000 300.000000 0.173047
386.000000 189.000000 300.000000 0.151467
189.000000 386.000000 300.000000 0.151467
285.000000 189.000000 300.000000 0.156570
189.000000 285.000000 300.000000 0.156570
192.000000 190.000000 300.000000 0.166110
190.000000 192.000000 300.000000 0.166110
187.000000 190.000000 300.000000 0.150907
190.000000 187.000000 300.000000 0.150907
284.000000 190.000000 300.000000 0.157643
190.000000 284.000000 300.000000 0.157643
199.000000 191.000000 300.000000 0.171260
191.000000 199.000000 300.000000 0.171260
188.000000 191.000000 300.000000 0.157443
191.000000 188.000000 300.000000 0.157443
286.000000 191.000000 300.000000 0.181410
191.000000 286.000000 300.000000 0.181410
291.000000 191.000000 300.000000 0.195010
191.000000 291.000000 300.000000 0.195010
190.000000 192.000000 300.000000 0.166110
192.000000 190.000000 300.000000 0.166110
194.000000 192.000000 300.000000 0.156230
192.000000 194.000000 300.000000 0.156230
341.000000 192.000000 300.000000 0.310717
192.000000 341.000000 300.000000 0.310717
193.000000 192.000000 300.000000 0.148253
192.000000 193.000000 300.000000 0.148253
154.000000 193.000000 300.000000 0.124467
193.000000 154.000000 300.000000 0.124467
152.000000 193.000000 300.000000 0.043737
193.000000 152.000000 300.000000 0.043737
192.000000 193.000000 300.000000 0.148253
193.000000 192.000000 300.000000 0.148253
192.000000 194.000000 300.000000 0.156230
194.000000 192.000000 300.000000 0.156230
175.000000 194.000000 300.000000 0.016427
194.000000 175.000000 300.000000 0.016427
198.000000 194.000000 300.000000 0.165143
194.000000 198.000000 300.000000 0.165143
158.000000 195.000000 300.000000 0.198730
195.000000 158.000000 300.000000 0.198730
381.000000 195.000000 300.000000 0.106647
195.000000 381.000000 300.000000 0.106647
196.000000 195.000000 300.000000 0.283667
195.000000 196.000000 300.000000 0.283667
376.000000 196.000000 300.000000 0.071177
196.000000 376.000000 300.000000 0.071177
195.000000 196.000000 300.000000 0.283667
196.000000 195.000000 300.000000 0.283667
160.000000 196.000000 300.000000 0.113717
196.000000 160.000000 300.000000 0.113717
159.000000 197.000000 300.000000 0.109510
197.000000 159.000000 300.000000 0.109510
164.000000 197.000000 300.000000 0.166980
197.000000 164.000000 300.000000 0.166980
376.000000 197.000000 300.000000 0.166003
197.000000 376.000000 300.000000 0.166003
161.000000 198.000000 300.000000 0.157213
198.000000 161.000000 300.000000 0.157213
194.000000 198.000000 300.000000 0.165143
198.000000 194.000000 300.000000 0.165143
287.000000 198.000000 300.000000 0.190533
198.000000 287.000000 300.000000 0.190533
162.000000 199.000000 300.000000 0.161980
199.000000 162.000000 300.000000 0.161980
191.000000 199.000000 300.000000 0.171260
199.000000 191.000000 300.000000 0.171260
289.000000 199.000000 300.000000 0.179280
199.000000 289.000000 300.000000 0.179280
163.000000 199.000000 300.000000 0.301707
199.000000 163.000000 300.000000 0.301707
239.000000 200.000000 300.000000 0.171987
200.000000 239.000000 300.000000 0.171987
351.000000 200.000000 300.000000 0.648017
200.000000 351.000000 300.000000 0.648017
403.000000 200.000000 300.000000 0.162943
200.000000 403.000000 300.000000 0.162943
166.000000 201.000000 300.000000 0.249973
201.000000 166.000000 300.000000 0.249973
343.000000 202.000000 300.000000 0.169823
202.000000 343.000000 300.000000 0.169823
342.000000 202.000000 300.000000 0.182303
202.000000 342.000000 300.000000 0.182303
164.000000 202.000000 300.000000 0.533327
202.000000 164.000000 300.000000 0.533327
238.000000 202.000000 300.000000 0.642117
202.000000 238.000000 300.000000 0.642117
205.000000 203.000000 300.000000 0.163423
203.000000 205.000000 300.000000 0.163423
204.000000 203.000000 300.000000 0.284483
203.000000 204.000000 300.000000 0.284483
209.000000 203.000000 300.000000 0.268997
203.000000 209.000000 300.000000 0.268997
203.000000 204.000000 300.000000 0.284483
204.000000 203.000000 300.000000 0.284483
207.000000 205.000000 300.000000 0.244810
205.000000 207.000000 300.000000 0.244810
203.000000 205.000000 300.000000 0.163423
205.000000 203.000000 300.000000 0.163423
375.000000 205.000000 300.000000 0.129807
205.000000 375.000000 300.000000 0.129807
375.000000 206.000000 300.000000 0.086077
206.000000 375.000000 300.000000 0.086077
205.000000 207.000000 300.000000 0.244810
207.000000 205.000000 300.000000 0.244810
208.000000 207.000000 300.000000 0.204287
207.000000 208.000000 300.000000 0.204287
342.000000 207.000000 300.000000 0.177680
207.000000 342.000000 300.000000 0.177680
211.000000 208.000000 300.000000 0.208773
208.000000 211.000000 300.000000 0.208773
207.000000 208.000000 300.000000 0.204287
208.000000 207.000000 300.000000 0.204287
209.000000 208.000000 300.000000 0.468263
208.000000 209.000000 300.000000 0.468263
210.000000 209.000000 300.000000 0.113733
209.000000 210.000000 300.000000 0.113733
208.000000 209.000000 300.000000 0.468263
209.000000 208.000000 300.000000 0.468263
203.000000 209.000000 300.000000 0.268997
209.000000 203.000000 300.000000 0.268997
212.000000 210.000000 300.000000 0.213657
210.000000 212.000000 300.000000 0.213657
209.000000 210.000000 300.000000 0.113733
210.000000 209.000000 300.000000 0.113733
155.000000 210.000000 300.000000 0.084957
210.000000 155.000000 300.000000 0.084957
214.000000 211.000000 300.000000 0.216327
211.000000 214.000000 300.000000 0.216327
208.000000 211.000000 300.000000 0.208773
211.000000 208.000000 300.000000 0.208773
212.000000 211.000000 300.000000 0.578057
211.000000 212.000000 300.000000 0.578057
210.000000 212.000000 300.000000 0.213657
212.000000 210.000000 300.000000 0.213657
211.000000 212.000000 300.000000 0.578057
212.000000 211.000000 300.000000 0.578057
221.000000 213.000000 300.000000 0.512200
213.000000 221.000000 300.000000 0.512200
213.000000 226.000000 300.000000 0.148347
215.000000 214.000000 300.000000 0.217007
214.000000 215.000000 300.000000 0.217007
211.000000 214.000000 300.000000 0.216327
214.000000 211.000000 300.000000 0.216327
217.000000 215.000000 300.000000 0.208967
215.000000 217.000000 300.000000 0.208967
214.000000 215.000000 300.000000 0.217007
215.000000 214.000000 300.000000 0.217007
216.000000 215.000000 300.000000 0.373887
215.000000 216.000000 300.000000 0.373887
215.000000 216.000000 300.000000 0.373887
216.000000 215.000000 300.000000 0.373887
218.000000 216.000000 300.000000 0.215483
216.000000 218.000000 300.000000 0.215483
356.000000 216.000000 300.000000 0.309530
216.000000 356.000000 300.000000 0.309530
219.000000 217.000000 300.000000 0.216293
217.000000 219.000000 300.000000 0.216293
215.000000 217.000000 300.000000 0.208967
217.000000 215.000000 300.000000 0.208967
218.000000 217.000000 300.000000 0.375430
217.000000 218.000000 300.000000 0.375430
220.000000 218.000000 300.000000 0.193213
218.000000 220.000000 300.000000 0.193213
216.000000 218.000000 300.000000 0.215483
218.000000 216.000000 300.000000 0.215483
217.000000 218.000000 300.000000 0.375430
218.000000 217.000000 300.000000 0.375430
217.000000 219.000000 300.000000 0.216293
219.000000 217.000000 300.000000 0.216293
221.000000 219.000000 300.000000 0.228557
219.000000 221.000000 300.000000 0.228557
220.000000 219.000000 300.000000 0.382570
219.000000 220.000000 300.000000 0.382570
218.000000 220.000000 300.000000 0.193213
220.000000 218.000000 300.000000 0.193213
223.000000 220.000000 300.000000 0.335833
220.000000 223.000000 300.000000 0.335833
219.000000 220.000000 300.000000 0.382570
220.000000 219.000000 300.000000 0.382570
213.000000 221.000000 300.000000 0.512200
221.000000 213.000000 300.000000 0.512200
219.000000 221.000000 300.000000 0.228557
221.000000 219.000000 300.000000 0.228557
228.000000 221.000000 300.000000 0.573107
221.000000 228.000000 300.000000 0.573107
224.000000 222.000000 300.000000 0.153223
222.000000 224.000000 300.000000 0.153223
220.000000 223.000000 300.000000 0.335833
223.000000 220.000000 300.000000 0.335833
224.000000 223.000000 300.000000 0.213237
223.000000 224.000000 300.000000 0.213237
222.000000 224.000000 300.000000 0.153223
224.000000 222.000000 300.000000 0.153223
228.000000 224.000000 300.000000 0.266993
224.000000 228.000000 300.000000 0.266993
223.000000 224.000000 300.000000 0.213237
224.000000 223.000000 300.000000 0.213237
377.000000 225.000000 300.000000 0.074640
225.000000 377.000000 300.000000 0.074640
231.000000 225.000000 300.000000 0.172387
225.000000 231.000000 300.000000 0.172387
225.000000 353.000000 300.000000 0.637617
122.000000 226.000000 300.000000 0.039567
226.000000 122.000000 300.000000 0.039567
226.000000 121.000000 300.000000 0.067007
227.000000 226.000000 300.000000 0.466803
226.000000 227.000000 300.000000 0.466803
231.000000 227.000000 300.000000 0.101840
227.000000 231.000000 300.000000 0.101840
226.000000 227.000000 300.000000 0.466803
227.000000 226.000000 300.000000 0.466803
403.000000 227.000000 300.000000 0.111063
227.000000 403.000000 300.000000 0.111063
224.000000 228.000000 300.000000 0.266993
228.000000 224.000000 300.000000 0.266993
229.000000 228.000000 300.000000 0.218937
228.000000 229.000000 300.000000 0.218937
221.000000 228.000000 300.000000 0.573107
228.000000 221.000000 300.000000 0.573107
228.000000 229.000000 300.000000 0.218937
229.000000 228.000000 300.000000 0.218937
229.000000 417.000000 300.000000 0.360593
232.000000 230.000000 300.000000 0.433483
230.000000 232.000000 300.000000 0.433483
45.000000 230.000000 300.000000 0.042007
230.000000 45.000000 300.000000 0.042007
230.000000 234.000000 300.000000 0.171220
232.000000 231.000000 300.000000 0.626780
231.000000 232.000000 300.000000 0.626780
225.000000 231.000000 300.000000 0.172387
231.000000 225.000000 300.000000 0.172387
227.000000 231.000000 300.000000 0.101840
231.000000 227.000000 300.000000 0.101840
231.000000 232.000000 300.000000 0.626780
232.000000 231.000000 300.000000 0.626780
230.000000 232.000000 300.000000 0.433483
232.000000 230.000000 300.000000 0.433483
353.000000 232.000000 300.000000 0.162200
232.000000 353.000000 300.000000 0.162200
353.000000 233.000000 300.000000 0.174303
233.000000 353.000000 300.000000 0.174303
233.000000 123.000000 300.000000 0.514520
245.000000 234.000000 300.000000 0.167197
234.000000 245.000000 300.000000 0.167197
77.000000 234.000000 300.000000 0.046097
234.000000 77.000000 300.000000 0.046097
234.000000 235.000000 300.000000 0.652770
78.000000 235.000000 300.000000 0.041963
235.000000 78.000000 300.000000 0.041963
246.000000 235.000000 300.000000 0.174360
235.000000 246.000000 300.000000 0.174360
235.000000 237.000000 300.000000 0.656143
351.000000 236.000000 300.000000 0.159733
236.000000 351.000000 300.000000 0.159733
403.000000 236.000000 300.000000 0.645090
236.000000 403.000000 300.000000 0.645090
342.000000 236.000000 300.000000 1.292273
236.000000 342.000000 300.000000 1.292273
237.000000 354.000000 300.000000 0.649980
352.000000 237.000000 300.000000 0.169557
237.000000 352.000000 300.000000 0.169557
95.000000 237.000000 300.000000 0.040533
237.000000 95.000000 300.000000 0.040533
347.000000 238.000000 300.000000 0.172080
238.000000 347.000000 300.000000 0.172080
351.000000 238.000000 300.000000 0.651820
238.000000 351.000000 300.000000 0.651820
202.000000 238.000000 300.000000 0.642117
238.000000 202.000000 300.000000 0.642117
200.000000 239.000000 300.000000 0.171987
239.000000 200.000000 300.000000 0.171987
241.000000 239.000000 300.000000 0.172960
239.000000 241.000000 300.000000 0.172960
240.000000 239.000000 300.000000 0.649727
239.000000 240.000000 300.000000 0.649727
242.000000 240.000000 300.000000 0.173677
240.000000 242.000000 300.000000 0.173677
351.000000 240.000000 300.000000 0.174673
240.000000 351.000000 300.000000 0.174673
239.000000 240.000000 300.000000 0.649727
240.000000 239.000000 300.000000 0.649727
347.000000 240.000000 300.000000 0.650020
240.000000 347.000000 300.000000 0.650020
239.000000 241.000000 300.000000 0.172960
241.000000 239.000000 300.000000 0.172960
243.000000 241.000000 300.000000 0.172960
241.000000 243.000000 300.000000 0.172960
242.000000 241.000000 300.000000 0.651397
241.000000 242.000000 300.000000 0.651397
244.000000 242.000000 300.000000 0.167737
242.000000 244.000000 300.000000 0.167737
240.000000 242.000000 300.000000 0.173677
242.000000 240.000000 300.000000 0.173677
241.000000 242.000000 300.000000 0.651397
242.000000 241.000000 300.000000 0.651397
348.000000 242.000000 300.000000 0.650237
242.000000 348.000000 300.000000 0.650237
241.000000 243.000000 300.000000 0.172960
243.000000 241.000000 300.000000 0.172960
245.000000 243.000000 300.000000 0.158343
243.000000 245.000000 300.000000 0.158343
244.000000 243.000000 300.000000 0.653063
243.000000 244.000000 300.000000 0.653063
246.000000 244.000000 300.000000 0.167447
244.000000 246.000000 300.000000 0.167447
242.000000 244.000000 300.000000 0.167737
244.000000 242.000000 300.000000 0.167737
243.000000 244.000000 300.000000 0.653063
244.000000 243.000000 300.000000 0.653063
350.000000 244.000000 300.000000 0.652163
244.000000 350.000000 300.000000 0.652163
243.000000 245.000000 300.000000 0.158343
245.000000 243.000000 300.000000 0.158343
234.000000 245.000000 300.000000 0.167197
245.000000 234.000000 300.000000 0.167197
246.000000 245.000000 300.000000 0.654733
245.000000 246.000000 300.000000 0.654733
235.000000 246.000000 300.000000 0.174360
246.000000 235.000000 300.000000 0.174360
244.000000 246.000000 300.000000 0.167447
246.000000 244.000000 300.000000 0.167447
352.000000 246.000000 300.000000 0.654670
246.000000 352.000000 300.000000 0.654670
245.000000 246.000000 300.000000 0.654733
246.000000 245.000000 300.000000 0.654733
392.000000 247.000000 300.000000 0.449213
247.000000 392.000000 300.000000 0.449213
295.000000 248.000000 300.000000 0.140790
248.000000 295.000000 300.000000 0.140790
257.000000 248.000000 300.000000 0.339413
248.000000 257.000000 300.000000 0.339413
391.000000 248.000000 300.000000 1.096233
248.000000 391.000000 300.000000 1.096233
249.000000 368.000000 300.000000 0.504610
294.000000 249.000000 300.000000 0.959163
249.000000 294.000000 300.000000 0.959163
295.000000 250.000000 300.000000 0.125413
250.000000 295.000000 300.000000 0.125413
254.000000 250.000000 300.000000 0.045197
250.000000 254.000000 300.000000 0.045197
251.000000 250.000000 300.000000 0.145460
250.000000 251.000000 300.000000 0.145460
250.000000 251.000000 300.000000 0.145460
251.000000 250.000000 300.000000 0.145460
254.000000 252.000000 300.000000 0.119900
252.000000 254.000000 300.000000 0.119900
163.000000 252.000000 300.000000 0.154750
252.000000 163.000000 300.000000 0.154750
390.000000 252.000000 300.000000 1.042370
252.000000 390.000000 300.000000 1.042370
253.000000 252.000000 300.000000 0.165907
252.000000 253.000000 300.000000 0.165907
256.000000 253.000000 300.000000 0.107490
253.000000 256.000000 300.000000 0.107490
291.000000 253.000000 300.000000 0.212200
253.000000 291.000000 300.000000 0.212200
252.000000 253.000000 300.000000 0.165907
253.000000 252.000000 300.000000 0.165907
250.000000 254.000000 300.000000 0.045197
254.000000 250.000000 300.000000 0.045197
252.000000 254.000000 300.000000 0.119900
254.000000 252.000000 300.000000 0.119900
255.000000 254.000000 300.000000 0.171487
254.000000 255.000000 300.000000 0.171487
267.000000 255.000000 300.000000 0.154300
255.000000 267.000000 300.000000 0.154300
256.000000 255.000000 300.000000 0.031673
255.000000 256.000000 300.000000 0.031673
254.000000 255.000000 300.000000 0.171487
255.000000 254.000000 300.000000 0.171487
255.000000 256.000000 300.000000 0.031673
256.000000 255.000000 300.000000 0.031673
253.000000 256.000000 300.000000 0.107490
256.000000 253.000000 300.000000 0.107490
293.000000 256.000000 300.000000 0.161440
256.000000 293.000000 300.000000 0.161440
294.000000 257.000000 300.000000 0.156953
257.000000 294.000000 300.000000 0.156953
262.000000 257.000000 300.000000 0.524453
257.000000 262.000000 300.000000 0.524453
248.000000 257.000000 300.000000 0.339413
257.000000 248.000000 300.000000 0.339413
258.000000 113.000000 300.000000 0.205733
259.000000 258.000000 300.000000 0.204190
258.000000 259.000000 300.000000 0.204190
294.000000 259.000000 300.000000 0.171127
259.000000 294.000000 300.000000 0.171127
113.000000 259.000000 300.000000 0.069870
259.000000 113.000000 300.000000 0.069870
260.000000 259.000000 300.000000 0.473933
259.000000 260.000000 300.000000 0.473933
258.000000 259.000000 300.000000 0.204190
259.000000 258.000000 300.000000 0.204190
259.000000 260.000000 300.000000 0.473933
260.000000 259.000000 300.000000 0.473933
273.000000 260.000000 300.000000 0.151950
260.000000 273.000000 300.000000 0.151950
261.000000 260.000000 300.000000 0.203490
260.000000 261.000000 300.000000 0.203490
294.000000 261.000000 300.000000 0.508620
261.000000 294.000000 300.000000 0.508620
260.000000 261.000000 300.000000 0.203490
261.000000 260.000000 300.000000 0.203490
262.000000 261.000000 300.000000 0.132900
261.000000 262.000000 300.000000 0.132900
278.000000 262.000000 300.000000 0.213047
262.000000 278.000000 300.000000 0.213047
257.000000 262.000000 300.000000 0.524453
262.000000 257.000000 300.000000 0.524453
261.000000 262.000000 300.000000 0.132900
262.000000 261.000000 300.000000 0.132900
263.000000 262.000000 300.000000 0.178920
262.000000 263.000000 300.000000 0.178920
271.000000 263.000000 300.000000 0.228147
263.000000 271.000000 300.000000 0.228147
262.000000 263.000000 300.000000 0.178920
263.000000 262.000000 300.000000 0.178920
264.000000 263.000000 300.000000 0.235120
263.000000 264.000000 300.000000 0.235120
276.000000 263.000000 300.000000 0.146993
263.000000 276.000000 300.000000 0.146993
288.000000 264.000000 300.000000 0.275627
264.000000 288.000000 300.000000 0.275627
263.000000 264.000000 300.000000 0.235120
264.000000 263.000000 300.000000 0.235120
272.000000 264.000000 300.000000 0.113663
264.000000 272.000000 300.000000 0.113663
270.000000 265.000000 300.000000 0.177183
265.000000 270.000000 300.000000 0.177183
272.000000 265.000000 300.000000 0.290953
265.000000 272.000000 300.000000 0.290953
288.000000 265.000000 300.000000 0.159333
265.000000 288.000000 300.000000 0.159333
293.000000 266.000000 300.000000 0.191613
266.000000 293.000000 300.000000 0.191613
267.000000 266.000000 300.000000 0.170177
266.000000 267.000000 300.000000 0.170177
269.000000 266.000000 300.000000 0.119180
266.000000 269.000000 300.000000 0.119180
266.000000 267.000000 300.000000 0.170177
267.000000 266.000000 300.000000 0.170177
295.000000 267.000000 300.000000 0.166483
267.000000 295.000000 300.000000 0.166483
255.000000 267.000000 300.000000 0.154300
267.000000 255.000000 300.000000 0.154300
188.000000 268.000000 300.000000 0.096657
268.000000 188.000000 300.000000 0.096657
290.000000 269.000000 300.000000 0.195197
269.000000 290.000000 300.000000 0.195197
271.000000 269.000000 300.000000 0.208453
269.000000 271.000000 300.000000 0.208453
266.000000 269.000000 300.000000 0.119180
269.000000 266.000000 300.000000 0.119180
291.000000 270.000000 300.000000 0.146423
270.000000 291.000000 300.000000 0.146423
290.000000 270.000000 300.000000 0.178350
270.000000 290.000000 300.000000 0.178350
265.000000 270.000000 300.000000 0.177183
270.000000 265.000000 300.000000 0.177183
263.000000 271.000000 300.000000 0.228147
271.000000 263.000000 300.000000 0.228147
269.000000 271.000000 300.000000 0.208453
271.000000 269.000000 300.000000 0.208453
288.000000 271.000000 300.000000 0.202050
271.000000 288.000000 300.000000 0.202050
265.000000 272.000000 300.000000 0.290953
272.000000 265.000000 300.000000 0.290953
277.000000 272.000000 300.000000 0.169450
272.000000 277.000000 300.000000 0.169450
264.000000 272.000000 300.000000 0.113663
272.000000 264.000000 300.000000 0.113663
260.000000 273.000000 300.000000 0.151950
273.000000 260.000000 300.000000 0.151950
370.000000 273.000000 300.000000 0.031283
273.000000 370.000000 300.000000 0.031283
277.000000 274.000000 300.000000 0.163473
274.000000 277.000000 300.000000 0.163473
276.000000 275.000000 300.000000 0.097720
275.000000 276.000000 300.000000 0.097720
277.000000 276.000000 300.000000 0.366607
276.000000 277.000000 300.000000 0.366607
275.000000 276.000000 300.000000 0.097720
276.000000 275.000000 300.000000 0.097720
263.000000 276.000000 300.000000 0.146993
276.000000 263.000000 300.000000 0.146993
276.000000 277.000000 300.000000 0.366607
277.000000 276.000000 300.000000 0.366607
272.000000 277.000000 300.000000 0.169450
277.000000 272.000000 300.000000 0.169450
274.000000 277.000000 300.000000 0.163473
277.000000 274.000000 300.000000 0.163473
262.000000 278.000000 300.000000 0.213047
278.000000 262.000000 300.000000 0.213047
280.000000 279.000000 300.000000 0.205490
279.000000 280.000000 300.000000 0.205490
35.000000 279.000000 300.000000 0.193087
279.000000 35.000000 300.000000 0.193087
40.000000 279.000000 300.000000 0.615703
279.000000 40.000000 300.000000 0.615703
38.000000 279.000000 300.000000 0.704923
279.000000 38.000000 300.000000 0.704923
36.000000 280.000000 300.000000 0.205787
280.000000 36.000000 300.000000 0.205787
279.000000 280.000000 300.000000 0.205490
280.000000 279.000000 300.000000 0.205490
39.000000 280.000000 300.000000 0.618863
280.000000 39.000000 300.000000 0.618863
37.000000 280.000000 300.000000 0.802313
280.000000 37.000000 300.000000 0.802313
183.000000 281.000000 300.000000 0.136303
281.000000 183.000000 300.000000 0.136303
282.000000 281.000000 300.000000 0.159440
281.000000 282.000000 300.000000 0.159440
186.000000 281.000000 300.000000 0.159440
281.000000 186.000000 300.000000 0.159440
174.000000 281.000000 300.000000 0.167437
281.000000 174.000000 300.000000 0.167437
281.000000 282.000000 300.000000 0.159440
282.000000 281.000000 300.000000 0.159440
283.000000 282.000000 300.000000 0.186447
282.000000 283.000000 300.000000 0.186447
180.000000 282.000000 300.000000 0.161887
282.000000 180.000000 300.000000 0.161887
179.000000 282.000000 300.000000 0.158670
282.000000 179.000000 300.000000 0.158670
282.000000 283.000000 300.000000 0.186447
283.000000 282.000000 300.000000 0.186447
182.000000 283.000000 300.000000 0.184737
283.000000 182.000000 300.000000 0.184737
185.000000 283.000000 300.000000 0.169387
283.000000 185.000000 300.000000 0.169387
176.000000 283.000000 300.000000 0.157580
283.000000 176.000000 300.000000 0.157580
175.000000 284.000000 300.000000 0.161803
284.000000 175.000000 300.000000 0.161803
186.000000 284.000000 300.000000 0.157817
284.000000 186.000000 300.000000 0.157817
190.000000 284.000000 300.000000 0.157643
284.000000 190.000000 300.000000 0.157643
189.000000 284.000000 300.000000 0.173047
284.000000 189.000000 300.000000 0.173047
175.000000 285.000000 300.000000 0.170407
285.000000 175.000000 300.000000 0.170407
286.000000 285.000000 300.000000 0.156280
285.000000 286.000000 300.000000 0.156280
287.000000 285.000000 300.000000 0.169210
285.000000 287.000000 300.000000 0.169210
189.000000 285.000000 300.000000 0.156570
285.000000 189.000000 300.000000 0.156570
289.000000 286.000000 300.000000 0.175880
286.000000 289.000000 300.000000 0.175880
285.000000 286.000000 300.000000 0.156280
286.000000 285.000000 300.000000 0.156280
191.000000 286.000000 300.000000 0.181410
286.000000 191.000000 300.000000 0.181410
386.000000 286.000000 300.000000 0.154877
286.000000 386.000000 300.000000 0.154877
289.000000 287.000000 300.000000 0.150043
287.000000 289.000000 300.000000 0.150043
198.000000 287.000000 300.000000 0.190533
287.000000 198.000000 300.000000 0.190533
285.000000 287.000000 300.000000 0.169210
287.000000 285.000000 300.000000 0.169210
181.000000 287.000000 300.000000 0.154163
287.000000 181.000000 300.000000 0.154163
290.000000 288.000000 300.000000 0.193233
288.000000 290.000000 300.000000 0.193233
264.000000 288.000000 300.000000 0.275627
288.000000 264.000000 300.000000 0.275627
265.000000 288.000000 300.000000 0.159333
288.000000 265.000000 300.000000 0.159333
271.000000 288.000000 300.000000 0.202050
288.000000 271.000000 300.000000 0.202050
178.000000 289.000000 300.000000 0.151970
289.000000 178.000000 300.000000 0.151970
286.000000 289.000000 300.000000 0.175880
289.000000 286.000000 300.000000 0.175880
199.000000 289.000000 300.000000 0.179280
289.000000 199.000000 300.000000 0.179280
287.000000 289.000000 300.000000 0.150043
289.000000 287.000000 300.000000 0.150043
288.000000 290.000000 300.000000 0.193233
290.000000 288.000000 300.000000 0.193233
293.000000 290.000000 300.000000 0.130587
290.000000 293.000000 300.000000 0.130587
270.000000 290.000000 300.000000 0.178350
290.000000 270.000000 300.000000 0.178350
269.000000 290.000000 300.000000 0.195197
290.000000 269.000000 300.000000 0.195197
293.000000 291.000000 300.000000 0.172343
291.000000 293.000000 300.000000 0.172343
270.000000 291.000000 300.000000 0.146423
291.000000 270.000000 300.000000 0.146423
191.000000 291.000000 300.000000 0.195010
291.000000 191.000000 300.000000 0.195010
253.000000 291.000000 300.000000 0.212200
291.000000 253.000000 300.000000 0.212200
160.000000 292.000000 300.000000 0.118203
292.000000 160.000000 300.000000 0.118203
181.000000 292.000000 300.000000 0.167577
292.000000 181.000000 300.000000 0.167577
158.000000 292.000000 300.000000 0.240523
292.000000 158.000000 300.000000 0.240523
416.000000 292.000000 300.000000 0.132380
292.000000 416.000000 300.000000 0.132380
291.000000 293.000000 300.000000 0.172343
293.000000 291.000000 300.000000 0.172343
266.000000 293.000000 300.000000 0.191613
293.000000 266.000000 300.000000 0.191613
290.000000 293.000000 300.000000 0.130587
293.000000 290.000000 300.000000 0.130587
256.000000 293.000000 300.000000 0.161440
293.000000 256.000000 300.000000 0.161440
257.000000 294.000000 300.000000 0.156953
294.000000 257.000000 300.000000 0.156953
259.000000 294.000000 300.000000 0.171127
294.000000 259.000000 300.000000 0.171127
261.000000 294.000000 300.000000 0.508620
294.000000 261.000000 300.000000 0.508620
249.000000 294.000000 300.000000 0.959163
294.000000 249.000000 300.000000 0.959163
248.000000 295.000000 300.000000 0.140790
295.000000 248.000000 300.000000 0.140790
250.000000 295.000000 300.000000 0.125413
295.000000 250.000000 300.000000 0.125413
267.000000 295.000000 300.000000 0.166483
295.000000 267.000000 300.000000 0.166483
389.000000 295.000000 300.000000 1.051130
295.000000 389.000000 300.000000 1.051130
103.000000 296.000000 300.000000 0.293050
296.000000 103.000000 300.000000 0.293050
105.000000 296.000000 300.000000 0.353457
296.000000 105.000000 300.000000 0.353457
111.000000 296.000000 300.000000 0.157137
296.000000 111.000000 300.000000 0.157137
297.000000 296.000000 300.000000 0.152953
296.000000 297.000000 300.000000 0.152953
104.000000 297.000000 300.000000 0.264320
297.000000 104.000000 300.000000 0.264320
298.000000 297.000000 300.000000 0.192987
297.000000 298.000000 300.000000 0.192987
106.000000 297.000000 300.000000 0.356153
297.000000 106.000000 300.000000 0.356153
296.000000 297.000000 300.000000 0.152953
297.000000 296.000000 300.000000 0.152953
107.000000 298.000000 300.000000 0.228393
298.000000 107.000000 300.000000 0.228393
299.000000 298.000000 300.000000 0.363213
298.000000 299.000000 300.000000 0.363213
116.000000 298.000000 300.000000 0.164613
298.000000 116.000000 300.000000 0.164613
297.000000 298.000000 300.000000 0.192987
298.000000 297.000000 300.000000 0.192987
298.000000 299.000000 300.000000 0.363213
299.000000 298.000000 300.000000 0.363213
99.000000 299.000000 300.000000 0.591207
299.000000 99.000000 300.000000 0.591207
102.000000 299.000000 300.000000 0.164163
299.000000 102.000000 300.000000 0.164163
106.000000 299.000000 300.000000 0.187173
299.000000 106.000000 300.000000 0.187173
115.000000 300.000000 300.000000 0.170177
300.000000 115.000000 300.000000 0.170177
301.000000 300.000000 300.000000 0.363197
300.000000 301.000000 300.000000 0.363197
112.000000 300.000000 300.000000 0.162647
300.000000 112.000000 300.000000 0.162647
116.000000 300.000000 300.000000 0.172577
300.000000 116.000000 300.000000 0.172577
300.000000 301.000000 300.000000 0.363197
301.000000 300.000000 300.000000 0.363197
306.000000 301.000000 300.000000 0.618783
301.000000 306.000000 300.000000 0.618783
302.000000 301.000000 300.000000 0.162453
301.000000 302.000000 300.000000 0.162453
102.000000 301.000000 300.000000 0.173980
301.000000 102.000000 300.000000 0.173980
310.000000 302.000000 300.000000 0.612450
302.000000 310.000000 300.000000 0.612450
303.000000 302.000000 300.000000 0.176027
302.000000 303.000000 300.000000 0.176027
301.000000 302.000000 300.000000 0.162453
302.000000 301.000000 300.000000 0.162453
112.000000 302.000000 300.000000 0.376920
302.000000 112.000000 300.000000 0.376920
108.000000 303.000000 300.000000 0.474463
303.000000 108.000000 300.000000 0.474463
312.000000 303.000000 300.000000 0.604367
303.000000 312.000000 300.000000 0.604367
307.000000 303.000000 300.000000 0.173540
303.000000 307.000000 300.000000 0.173540
302.000000 303.000000 300.000000 0.176027
303.000000 302.000000 300.000000 0.176027
102.000000 304.000000 300.000000 0.619157
304.000000 102.000000 300.000000 0.619157
313.000000 304.000000 300.000000 0.640780
304.000000 313.000000 300.000000 0.640780
306.000000 304.000000 300.000000 0.177310
304.000000 306.000000 300.000000 0.177310
100.000000 304.000000 300.000000 0.170233
304.000000 100.000000 300.000000 0.170233
349.000000 305.000000 300.000000 0.644273
305.000000 349.000000 300.000000 0.644273
314.000000 305.000000 300.000000 0.657857
305.000000 314.000000 300.000000 0.657857
95.000000 305.000000 300.000000 0.166263
305.000000 95.000000 300.000000 0.166263
308.000000 305.000000 300.000000 0.167650
305.000000 308.000000 300.000000 0.167650
301.000000 306.000000 300.000000 0.618783
306.000000 301.000000 300.000000 0.618783
316.000000 306.000000 300.000000 0.643980
306.000000 316.000000 300.000000 0.643980
310.000000 306.000000 300.000000 0.168907
306.000000 310.000000 300.000000 0.168907
304.000000 306.000000 300.000000 0.177310
306.000000 304.000000 300.000000 0.177310
109.000000 307.000000 300.000000 0.388390
307.000000 109.000000 300.000000 0.388390
315.000000 307.000000 300.000000 0.609760
307.000000 315.000000 300.000000 0.609760
309.000000 307.000000 300.000000 0.163867
307.000000 309.000000 300.000000 0.163867
303.000000 307.000000 300.000000 0.173540
307.000000 303.000000 300.000000 0.173540
97.000000 308.000000 300.000000 0.639787
308.000000 97.000000 300.000000 0.639787
317.000000 308.000000 300.000000 0.647267
308.000000 317.000000 300.000000 0.647267
305.000000 308.000000 300.000000 0.167650
308.000000 305.000000 300.000000 0.167650
311.000000 308.000000 300.000000 0.172950
308.000000 311.000000 300.000000 0.172950
318.000000 309.000000 300.000000 0.597887
309.000000 318.000000 300.000000 0.597887
307.000000 309.000000 300.000000 0.163867
309.000000 307.000000 300.000000 0.163867
380.000000 309.000000 300.000000 0.474793
309.000000 380.000000 300.000000 0.474793
302.000000 310.000000 300.000000 0.612450
310.000000 302.000000 300.000000 0.612450
319.000000 310.000000 300.000000 0.643373
310.000000 319.000000 300.000000 0.643373
312.000000 310.000000 300.000000 0.170763
310.000000 312.000000 300.000000 0.170763
306.000000 310.000000 300.000000 0.168907
310.000000 306.000000 300.000000 0.168907
100.000000 311.000000 300.000000 0.634417
311.000000 100.000000 300.000000 0.634417
320.000000 311.000000 300.000000 0.641107
311.000000 320.000000 300.000000 0.641107
308.000000 311.000000 300.000000 0.172950
311.000000 308.000000 300.000000 0.172950
313.000000 311.000000 300.000000 0.169457
311.000000 313.000000 300.000000 0.169457
303.000000 312.000000 300.000000 0.604367
312.000000 303.000000 300.000000 0.604367
322.000000 312.000000 300.000000 0.646317
312.000000 322.000000 300.000000 0.646317
315.000000 312.000000 300.000000 0.164697
312.000000 315.000000 300.000000 0.164697
310.000000 312.000000 300.000000 0.170763
312.000000 310.000000 300.000000 0.170763
304.000000 313.000000 300.000000 0.640780
313.000000 304.000000 300.000000 0.640780
323.000000 313.000000 300.000000 0.635553
313.000000 323.000000 300.000000 0.635553
311.000000 313.000000 300.000000 0.169457
313.000000 311.000000 300.000000 0.169457
316.000000 313.000000 300.000000 0.172447
313.000000 316.000000 300.000000 0.172447
317.000000 314.000000 300.000000 0.157347
314.000000 317.000000 300.000000 0.157347
78.000000 314.000000 300.000000 0.176220
314.000000 78.000000 300.000000 0.176220
305.000000 314.000000 300.000000 0.657857
314.000000 305.000000 300.000000 0.657857
80.000000 314.000000 300.000000 0.653943
314.000000 80.000000 300.000000 0.653943
307.000000 315.000000 300.000000 0.609760
315.000000 307.000000 300.000000 0.609760
318.000000 315.000000 300.000000 0.177400
315.000000 318.000000 300.000000 0.177400
312.000000 315.000000 300.000000 0.164697
315.000000 312.000000 300.000000 0.164697
324.000000 315.000000 300.000000 0.641403
315.000000 324.000000 300.000000 0.641403
306.000000 316.000000 300.000000 0.643980
316.000000 306.000000 300.000000 0.643980
325.000000 316.000000 300.000000 0.635273
316.000000 325.000000 300.000000 0.635273
313.000000 316.000000 300.000000 0.172447
316.000000 313.000000 300.000000 0.172447
319.000000 316.000000 300.000000 0.170433
316.000000 319.000000 300.000000 0.170433
320.000000 317.000000 300.000000 0.168580
317.000000 320.000000 300.000000 0.168580
314.000000 317.000000 300.000000 0.157347
317.000000 314.000000 300.000000 0.157347
308.000000 317.000000 300.000000 0.647267
317.000000 308.000000 300.000000 0.647267
81.000000 317.000000 300.000000 0.669970
317.000000 81.000000 300.000000 0.669970
309.000000 318.000000 300.000000 0.597887
318.000000 309.000000 300.000000 0.597887
326.000000 318.000000 300.000000 0.644027
318.000000 326.000000 300.000000 0.644027
321.000000 318.000000 300.000000 0.167300
318.000000 321.000000 300.000000 0.167300
315.000000 318.000000 300.000000 0.177400
318.000000 315.000000 300.000000 0.177400
310.000000 319.000000 300.000000 0.643373
319.000000 310.000000 300.000000 0.643373
327.000000 319.000000 300.000000 0.644083
319.000000 327.000000 300.000000 0.644083
316.000000 319.000000 300.000000 0.170433
319.000000 316.000000 300.000000 0.170433
322.000000 319.000000 300.000000 0.171000
319.000000 322.000000 300.000000 0.171000
323.000000 320.000000 300.000000 0.171730
320.000000 323.000000 300.000000 0.171730
317.000000 320.000000 300.000000 0.168580
320.000000 317.000000 300.000000 0.168580
311.000000 320.000000 300.000000 0.641107
320.000000 311.000000 300.000000 0.641107
82.000000 320.000000 300.000000 0.682267
320.000000 82.000000 300.000000 0.682267
328.000000 321.000000 300.000000 0.641643
321.000000 328.000000 300.000000 0.641643
101.000000 321.000000 300.000000 0.175893
321.000000 101.000000 300.000000 0.175893
318.000000 321.000000 300.000000 0.167300
321.000000 318.000000 300.000000 0.167300
110.000000 321.000000 300.000000 0.895547
321.000000 110.000000 300.000000 0.895547
312.000000 322.000000 300.000000 0.646317
322.000000 312.000000 300.000000 0.646317
329.000000 322.000000 300.000000 0.641100
322.000000 329.000000 300.000000 0.641100
319.000000 322.000000 300.000000 0.171000
322.000000 319.000000 300.000000 0.171000
324.000000 322.000000 300.000000 0.168383
322.000000 324.000000 300.000000 0.168383
325.000000 323.000000 300.000000 0.169710
323.000000 325.000000 300.000000 0.169710
320.000000 323.000000 300.000000 0.171730
323.000000 320.000000 300.000000 0.171730
313.000000 323.000000 300.000000 0.635553
323.000000 313.000000 300.000000 0.635553
83.000000 323.000000 300.000000 0.703060
323.000000 83.000000 300.000000 0.703060
394.000000 324.000000 300.000000 0.639033
324.000000 394.000000 300.000000 0.639033
322.000000 324.000000 300.000000 0.168383
324.000000 322.000000 300.000000 0.168383
326.000000 324.000000 300.000000 0.172450
324.000000 326.000000 300.000000 0.172450
315.000000 324.000000 300.000000 0.641403
324.000000 315.000000 300.000000 0.641403
327.000000 325.000000 300.000000 0.183017
325.000000 327.000000 300.000000 0.183017
323.000000 325.000000 300.000000 0.169710
325.000000 323.000000 300.000000 0.169710
316.000000 325.000000 300.000000 0.635273
325.000000 316.000000 300.000000 0.635273
84.000000 325.000000 300.000000 0.718280
325.000000 84.000000 300.000000 0.718280
318.000000 326.000000 300.000000 0.644027
326.000000 318.000000 300.000000 0.644027
331.000000 326.000000 300.000000 0.656490
326.000000 331.000000 300.000000 0.656490
324.000000 326.000000 300.000000 0.172450
326.000000 324.000000 300.000000 0.172450
328.000000 326.000000 300.000000 0.169317
326.000000 328.000000 300.000000 0.169317
329.000000 327.000000 300.000000 0.166057
327.000000 329.000000 300.000000 0.166057
325.000000 327.000000 300.000000 0.183017
327.000000 325.000000 300.000000 0.183017
319.000000 327.000000 300.000000 0.644083
327.000000 319.000000 300.000000 0.644083
49.000000 327.000000 300.000000 0.711087
327.000000 49.000000 300.000000 0.711087
321.000000 328.000000 300.000000 0.641643
328.000000 321.000000 300.000000 0.641643
90.000000 328.000000 300.000000 0.273690
328.000000 90.000000 300.000000 0.273690
326.000000 328.000000 300.000000 0.169317
328.000000 326.000000 300.000000 0.169317
94.000000 328.000000 300.000000 0.167757
328.000000 94.000000 300.000000 0.167757
322.000000 329.000000 300.000000 0.641100
329.000000 322.000000 300.000000 0.641100
68.000000 329.000000 300.000000 0.720770
329.000000 68.000000 300.000000 0.720770
394.000000 329.000000 300.000000 0.177057
329.000000 394.000000 300.000000 0.177057
327.000000 329.000000 300.000000 0.166057
329.000000 327.000000 300.000000 0.166057
394.000000 330.000000 300.000000 0.021933
330.000000 394.000000 300.000000 0.021933
70.000000 330.000000 300.000000 0.695877
330.000000 70.000000 300.000000 0.695877
331.000000 330.000000 300.000000 0.164267
330.000000 331.000000 300.000000 0.164267
326.000000 331.000000 300.000000 0.656490
331.000000 326.000000 300.000000 0.656490
72.000000 331.000000 300.000000 0.702937
331.000000 72.000000 300.000000 0.702937
336.000000 331.000000 300.000000 0.156847
331.000000 336.000000 300.000000 0.156847
330.000000 331.000000 300.000000 0.164267
331.000000 330.000000 300.000000 0.164267
333.000000 332.000000 300.000000 0.166783
332.000000 333.000000 300.000000 0.166783
46.000000 332.000000 300.000000 0.227130
332.000000 46.000000 300.000000 0.227130
60.000000 332.000000 300.000000 0.532997
332.000000 60.000000 300.000000 0.532997
61.000000 332.000000 300.000000 0.178403
332.000000 61.000000 300.000000 0.178403
334.000000 333.000000 300.000000 0.166217
333.000000 334.000000 300.000000 0.166217
332.000000 333.000000 300.000000 0.166783
333.000000 332.000000 300.000000 0.166783
57.000000 333.000000 300.000000 0.706187
333.000000 57.000000 300.000000 0.706187
395.000000 333.000000 300.000000 0.220990
333.000000 395.000000 300.000000 0.220990
335.000000 334.000000 300.000000 0.168317
334.000000 335.000000 300.000000 0.168317
333.000000 334.000000 300.000000 0.166217
334.000000 333.000000 300.000000 0.166217
56.000000 334.000000 300.000000 0.678927
334.000000 56.000000 300.000000 0.678927
55.000000 334.000000 300.000000 0.309220
334.000000 55.000000 300.000000 0.309220
337.000000 335.000000 300.000000 0.163093
335.000000 337.000000 300.000000 0.163093
334.000000 335.000000 300.000000 0.168317
335.000000 334.000000 300.000000 0.168317
53.000000 335.000000 300.000000 0.686100
335.000000 53.000000 300.000000 0.686100
52.000000 335.000000 300.000000 0.677753
335.000000 52.000000 300.000000 0.677753
90.000000 336.000000 300.000000 0.385453
336.000000 90.000000 300.000000 0.385453
85.000000 336.000000 300.000000 0.699267
336.000000 85.000000 300.000000 0.699267
79.000000 336.000000 300.000000 0.151560
336.000000 79.000000 300.000000 0.151560
331.000000 336.000000 300.000000 0.156847
336.000000 331.000000 300.000000 0.156847
47.000000 337.000000 300.000000 0.161547
337.000000 47.000000 300.000000 0.161547
335.000000 337.000000 300.000000 0.163093
337.000000 335.000000 300.000000 0.163093
51.000000 337.000000 300.000000 0.699993
337.000000 51.000000 300.000000 0.699993
50.000000 337.000000 300.000000 0.755423
337.000000 50.000000 300.000000 0.755423
54.000000 338.000000 300.000000 0.143670
338.000000 54.000000 300.000000 0.143670
339.000000 338.000000 300.000000 0.170110
338.000000 339.000000 300.000000 0.170110
68.000000 338.000000 300.000000 0.837903
338.000000 68.000000 300.000000 0.837903
67.000000 338.000000 300.000000 0.694983
338.000000 67.000000 300.000000 0.694983
338.000000 339.000000 300.000000 0.170110
339.000000 338.000000 300.000000 0.170110
340.000000 339.000000 300.000000 0.176207
339.000000 340.000000 300.000000 0.176207
70.000000 339.000000 300.000000 0.841670
339.000000 70.000000 300.000000 0.841670
69.000000 339.000000 300.000000 0.771080
339.000000 69.000000 300.000000 0.771080
339.000000 340.000000 300.000000 0.176207
340.000000 339.000000 300.000000 0.176207
73.000000 340.000000 300.000000 0.399503
340.000000 73.000000 300.000000 0.399503
72.000000 340.000000 300.000000 0.836503
340.000000 72.000000 300.000000 0.836503
71.000000 340.000000 300.000000 0.851143
340.000000 71.000000 300.000000 0.851143
161.000000 341.000000 300.000000 0.176377
341.000000 161.000000 300.000000 0.176377
167.000000 341.000000 300.000000 0.361307
341.000000 167.000000 300.000000 0.361307
192.000000 341.000000 300.000000 0.310717
341.000000 192.000000 300.000000 0.310717
202.000000 342.000000 300.000000 0.182303
342.000000 202.000000 300.000000 0.182303
166.000000 342.000000 300.000000 0.050777
342.000000 166.000000 300.000000 0.050777
207.000000 342.000000 300.000000 0.177680
342.000000 207.000000 300.000000 0.177680
236.000000 342.000000 300.000000 1.292273
342.000000 236.000000 300.000000 1.292273
202.000000 343.000000 300.000000 0.169823
343.000000 202.000000 300.000000 0.169823
392.000000 343.000000 300.000000 0.029043
343.000000 392.000000 300.000000 0.029043
347.000000 343.000000 300.000000 0.644687
343.000000 347.000000 300.000000 0.644687
390.000000 344.000000 300.000000 0.034153
344.000000 390.000000 300.000000 0.034153
344.000000 343.000000 300.000000 0.177387
348.000000 344.000000 300.000000 0.635687
344.000000 348.000000 300.000000 0.635687
389.000000 345.000000 300.000000 0.033950
345.000000 389.000000 300.000000 0.033950
345.000000 344.000000 300.000000 0.174560
350.000000 345.000000 300.000000 0.634153
345.000000 350.000000 300.000000 0.634153
391.000000 346.000000 300.000000 0.032803
346.000000 391.000000 300.000000 0.032803
346.000000 345.000000 300.000000 0.172927
352.000000 346.000000 300.000000 0.634213
346.000000 352.000000 300.000000 0.634213
238.000000 347.000000 300.000000 0.172080
347.000000 238.000000 300.000000 0.172080
348.000000 347.000000 300.000000 0.173923
347.000000 348.000000 300.000000 0.173923
343.000000 347.000000 300.000000 0.644687
347.000000 343.000000 300.000000 0.644687
240.000000 347.000000 300.000000 0.650020
347.000000 240.000000 300.000000 0.650020
347.000000 348.000000 300.000000 0.173923
348.000000 347.000000 300.000000 0.173923
350.000000 348.000000 300.000000 0.172257
348.000000 350.000000 300.000000 0.172257
344.000000 348.000000 300.000000 0.635687
348.000000 344.000000 300.000000 0.635687
242.000000 348.000000 300.000000 0.650237
348.000000 242.000000 300.000000 0.650237
305.000000 349.000000 300.000000 0.644273
349.000000 305.000000 300.000000 0.644273
97.000000 349.000000 300.000000 0.172673
349.000000 97.000000 300.000000 0.172673
96.000000 349.000000 300.000000 0.163710
349.000000 96.000000 300.000000 0.163710
105.000000 349.000000 300.000000 0.608223
349.000000 105.000000 300.000000 0.608223
348.000000 350.000000 300.000000 0.172257
350.000000 348.000000 300.000000 0.172257
352.000000 350.000000 300.000000 0.174797
350.000000 352.000000 300.000000 0.174797
345.000000 350.000000 300.000000 0.634153
350.000000 345.000000 300.000000 0.634153
244.000000 350.000000 300.000000 0.652163
350.000000 244.000000 300.000000 0.652163
240.000000 351.000000 300.000000 0.174673
351.000000 240.000000 300.000000 0.174673
236.000000 351.000000 300.000000 0.159733
351.000000 236.000000 300.000000 0.159733
200.000000 351.000000 300.000000 0.648017
351.000000 200.000000 300.000000 0.648017
238.000000 351.000000 300.000000 0.651820
351.000000 238.000000 300.000000 0.651820
350.000000 352.000000 300.000000 0.174797
352.000000 350.000000 300.000000 0.174797
237.000000 352.000000 300.000000 0.169557
352.000000 237.000000 300.000000 0.169557
246.000000 352.000000 300.000000 0.654670
352.000000 246.000000 300.000000 0.654670
346.000000 352.000000 300.000000 0.634213
352.000000 346.000000 300.000000 0.634213
353.000000 124.000000 300.000000 0.393457
233.000000 353.000000 300.000000 0.174303
353.000000 233.000000 300.000000 0.174303
232.000000 353.000000 300.000000 0.162200
353.000000 232.000000 300.000000 0.162200
388.000000 354.000000 300.000000 0.125997
354.000000 388.000000 300.000000 0.125997
354.000000 249.000000 300.000000 0.526277
96.000000 354.000000 300.000000 0.036403
354.000000 96.000000 300.000000 0.036403
153.000000 355.000000 300.000000 0.125773
355.000000 153.000000 300.000000 0.125773
383.000000 355.000000 300.000000 0.244677
355.000000 383.000000 300.000000 0.244677
216.000000 356.000000 300.000000 0.309530
356.000000 216.000000 300.000000 0.309530
7.000000 357.000000 300.000000 0.077180
357.000000 7.000000 300.000000 0.077180
144.000000 357.000000 300.000000 0.147763
357.000000 144.000000 300.000000 0.147763
398.000000 357.000000 300.000000 0.396363
357.000000 398.000000 300.000000 0.396363
150.000000 357.000000 300.000000 0.178040
357.000000 150.000000 300.000000 0.178040
126.000000 358.000000 300.000000 0.213167
358.000000 126.000000 300.000000 0.213167
127.000000 358.000000 300.000000 0.134670
358.000000 127.000000 300.000000 0.134670
156.000000 359.000000 300.000000 0.041847
359.000000 156.000000 300.000000 0.041847
26.000000 361.000000 300.000000 0.026663
361.000000 26.000000 300.000000 0.026663
361.000000 35.000000 300.000000 0.136883
69.000000 362.000000 300.000000 0.031987
362.000000 69.000000 300.000000 0.031987
362.000000 363.000000 300.000000 0.179147
67.000000 363.000000 300.000000 0.031150
363.000000 67.000000 300.000000 0.031150
363.000000 33.000000 300.000000 0.274103
364.000000 17.000000 300.000000 0.033817
364.000000 365.000000 300.000000 0.198503
10.000000 365.000000 300.000000 0.037337
365.000000 10.000000 300.000000 0.037337
365.000000 11.000000 300.000000 0.202560
366.000000 30.000000 300.000000 0.032040
366.000000 367.000000 300.000000 0.157010
51.000000 367.000000 300.000000 0.033133
367.000000 51.000000 300.000000 0.033133
367.000000 24.000000 300.000000 0.244487
369.000000 368.000000 300.000000 0.037607
368.000000 369.000000 300.000000 0.037607
368.000000 258.000000 300.000000 0.272730
369.000000 111.000000 300.000000 0.065627
368.000000 369.000000 300.000000 0.037607
369.000000 368.000000 300.000000 0.037607
370.000000 118.000000 300.000000 0.097100
273.000000 370.000000 300.000000 0.031283
370.000000 273.000000 300.000000 0.031283
371.000000 387.000000 300.000000 1.099970
372.000000 36.000000 300.000000 0.299870
18.000000 372.000000 300.000000 0.030763
372.000000 18.000000 300.000000 0.030763
373.000000 1.000000 300.000000 0.169557
375.000000 374.000000 300.000000 0.194833
374.000000 375.000000 300.000000 0.194833
206.000000 375.000000 300.000000 0.086077
375.000000 206.000000 300.000000 0.086077
205.000000 375.000000 300.000000 0.129807
375.000000 205.000000 300.000000 0.129807
374.000000 375.000000 300.000000 0.194833
375.000000 374.000000 300.000000 0.194833
196.000000 376.000000 300.000000 0.071177
376.000000 196.000000 300.000000 0.071177
165.000000 376.000000 300.000000 0.246537
376.000000 165.000000 300.000000 0.246537
197.000000 376.000000 300.000000 0.166003
376.000000 197.000000 300.000000 0.166003
225.000000 377.000000 300.000000 0.074640
377.000000 225.000000 300.000000 0.074640
128.000000 377.000000 300.000000 0.332890
377.000000 128.000000 300.000000 0.332890
377.000000 402.000000 300.000000 0.447157
378.000000 48.000000 300.000000 0.097297
33.000000 378.000000 300.000000 0.026267
378.000000 33.000000 300.000000 0.026267
379.000000 370.000000 300.000000 0.238673
119.000000 379.000000 300.000000 0.655253
379.000000 119.000000 300.000000 0.655253
309.000000 380.000000 300.000000 0.474793
380.000000 309.000000 300.000000 0.474793
167.000000 381.000000 300.000000 0.071847
381.000000 167.000000 300.000000 0.071847
195.000000 381.000000 300.000000 0.106647
381.000000 195.000000 300.000000 0.106647
165.000000 381.000000 300.000000 0.520483
381.000000 165.000000 300.000000 0.520483
183.000000 382.000000 300.000000 0.160800
382.000000 183.000000 300.000000 0.160800
170.000000 382.000000 300.000000 0.009790
382.000000 170.000000 300.000000 0.009790
383.000000 382.000000 300.000000 0.163357
382.000000 383.000000 300.000000 0.163357
355.000000 383.000000 300.000000 0.244677
383.000000 355.000000 300.000000 0.244677
382.000000 383.000000 300.000000 0.163357
383.000000 382.000000 300.000000 0.163357
168.000000 384.000000 300.000000 0.085923
384.000000 168.000000 300.000000 0.085923
167.000000 385.000000 300.000000 0.121673
385.000000 167.000000 300.000000 0.121673
189.000000 386.000000 300.000000 0.151467
386.000000 189.000000 300.000000 0.151467
177.000000 386.000000 300.000000 0.016510
386.000000 177.000000 300.000000 0.016510
286.000000 386.000000 300.000000 0.154877
386.000000 286.000000 300.000000 0.154877
387.000000 373.000000 300.000000 0.519570
388.000000 346.000000 300.000000 0.040720
354.000000 388.000000 300.000000 0.125997
388.000000 354.000000 300.000000 0.125997
345.000000 389.000000 300.000000 0.033950
389.000000 345.000000 300.000000 0.033950
389.000000 391.000000 300.000000 0.176210
295.000000 389.000000 300.000000 1.051130
389.000000 295.000000 300.000000 1.051130
344.000000 390.000000 300.000000 0.034153
390.000000 344.000000 300.000000 0.034153
390.000000 389.000000 300.000000 0.174920
252.000000 390.000000 300.000000 1.042370
390.000000 252.000000 300.000000 1.042370
346.000000 391.000000 300.000000 0.032803
391.000000 346.000000 300.000000 0.032803
391.000000 388.000000 300.000000 0.037213
248.000000 391.000000 300.000000 1.096233
391.000000 248.000000 300.000000 1.096233
343.000000 392.000000 300.000000 0.029043
392.000000 343.000000 300.000000 0.029043
392.000000 390.000000 300.000000 0.177347
247.000000 392.000000 300.000000 0.449213
392.000000 247.000000 300.000000 0.449213
91.000000 393.000000 300.000000 0.012957
393.000000 91.000000 300.000000 0.012957
94.000000 393.000000 300.000000 0.197780
393.000000 94.000000 300.000000 0.197780
92.000000 393.000000 300.000000 0.205220
393.000000 92.000000 300.000000 0.205220
324.000000 394.000000 300.000000 0.639033
394.000000 324.000000 300.000000 0.639033
330.000000 394.000000 300.000000 0.021933
394.000000 330.000000 300.000000 0.021933
329.000000 394.000000 300.000000 0.177057
394.000000 329.000000 300.000000 0.177057
61.000000 395.000000 300.000000 0.169107
395.000000 61.000000 300.000000 0.169107
333.000000 395.000000 300.000000 0.220990
395.000000 333.000000 300.000000 0.220990
401.000000 395.000000 300.000000 0.127087
395.000000 401.000000 300.000000 0.127087
19.000000 396.000000 300.000000 0.222500
396.000000 19.000000 300.000000 0.222500
410.000000 396.000000 300.000000 0.775253
396.000000 410.000000 300.000000 0.775253
16.000000 397.000000 300.000000 0.143820
397.000000 16.000000 300.000000 0.143820
12.000000 397.000000 300.000000 0.174193
397.000000 12.000000 300.000000 0.174193
15.000000 397.000000 300.000000 0.156020
397.000000 15.000000 300.000000 0.156020
128.000000 398.000000 300.000000 0.020793
398.000000 128.000000 300.000000 0.020793
357.000000 398.000000 300.000000 0.396363
398.000000 357.000000 300.000000 0.396363
131.000000 398.000000 300.000000 0.309647
398.000000 131.000000 300.000000 0.309647
139.000000 399.000000 300.000000 0.096660
399.000000 139.000000 300.000000 0.096660
399.000000 364.000000 300.000000 0.038330
65.000000 400.000000 300.000000 0.074320
400.000000 65.000000 300.000000 0.074320
401.000000 400.000000 300.000000 0.088647
400.000000 401.000000 300.000000 0.088647
64.000000 400.000000 300.000000 0.140710
400.000000 64.000000 300.000000 0.140710
400.000000 401.000000 300.000000 0.088647
401.000000 400.000000 300.000000 0.088647
55.000000 401.000000 300.000000 0.072743
401.000000 55.000000 300.000000 0.072743
395.000000 401.000000 300.000000 0.127087
401.000000 395.000000 300.000000 0.127087
402.000000 122.000000 300.000000 0.067327
402.000000 121.000000 300.000000 0.043613
236.000000 403.000000 300.000000 0.645090
403.000000 236.000000 300.000000 0.645090
200.000000 403.000000 300.000000 0.162943
403.000000 200.000000 300.000000 0.162943
227.000000 403.000000 300.000000 0.111063
403.000000 227.000000 300.000000 0.111063
413.000000 404.000000 300.000000 0.468290
404.000000 413.000000 300.000000 0.468290
406.000000 405.000000 300.000000 0.630810
405.000000 406.000000 300.000000 0.630810
407.000000 405.000000 300.000000 0.693093
405.000000 407.000000 300.000000 0.693093
408.000000 405.000000 300.000000 0.215730
405.000000 408.000000 300.000000 0.215730
413.000000 405.000000 300.000000 0.220367
405.000000 413.000000 300.000000 0.220367
20.000000 406.000000 300.000000 0.221683
406.000000 20.000000 300.000000 0.221683
75.000000 406.000000 300.000000 0.370053
406.000000 75.000000 300.000000 0.370053
405.000000 406.000000 300.000000 0.630810
406.000000 405.000000 300.000000 0.630810
405.000000 407.000000 300.000000 0.693093
407.000000 405.000000 300.000000 0.693093
409.000000 408.000000 300.000000 0.720400
408.000000 409.000000 300.000000 0.720400
410.000000 408.000000 300.000000 0.216137
408.000000 410.000000 300.000000 0.216137
405.000000 408.000000 300.000000 0.215730
408.000000 405.000000 300.000000 0.215730
408.000000 409.000000 300.000000 0.720400
409.000000 408.000000 300.000000 0.720400
396.000000 410.000000 300.000000 0.775253
410.000000 396.000000 300.000000 0.775253
411.000000 410.000000 300.000000 0.657883
410.000000 411.000000 300.000000 0.657883
412.000000 410.000000 300.000000 0.207450
410.000000 412.000000 300.000000 0.207450
408.000000 410.000000 300.000000 0.216137
410.000000 408.000000 300.000000 0.216137
410.000000 411.000000 300.000000 0.657883
411.000000 410.000000 300.000000 0.657883
410.000000 412.000000 300.000000 0.207450
412.000000 410.000000 300.000000 0.207450
414.000000 412.000000 300.000000 0.620413
412.000000 414.000000 300.000000 0.620413
19.000000 412.000000 300.000000 0.792633
412.000000 19.000000 300.000000 0.792633
404.000000 413.000000 300.000000 0.468290
413.000000 404.000000 300.000000 0.468290
405.000000 413.000000 300.000000 0.220367
413.000000 405.000000 300.000000 0.220367
75.000000 413.000000 300.000000 0.375777
413.000000 75.000000 300.000000 0.375777
412.000000 414.000000 300.000000 0.620413
414.000000 412.000000 300.000000 0.620413
160.000000 415.000000 300.000000 0.121707
415.000000 160.000000 300.000000 0.121707
159.000000 415.000000 300.000000 0.136080
415.000000 159.000000 300.000000 0.136080
416.000000 415.000000 300.000000 0.125057
415.000000 416.000000 300.000000 0.125057
415.000000 416.000000 300.000000 0.125057
416.000000 415.000000 300.000000 0.125057
292.000000 416.000000 300.000000 0.132380
416.000000 292.000000 300.000000 0.132380
157.000000 416.000000 300.000000 0.141080
416.000000 157.000000 300.000000 0.141080
417.000000 213.000000 300.000000 0.082877
2.000000 417.000000 300.000000 0.037413
417.000000 2.000000 300.000000 0.037413
