0.000000 79.000000 300.000000 0.247053
43.000000 0.000000 300.000000 0.308970
0.000000 43.000000 300.000000 0.308970
2.000000 1.000000 300.000000 0.588933
39.000000 5.000000 300.000000 0.192187
5.000000 39.000000 300.000000 0.192187
47.000000 5.000000 300.000000 0.209250
5.000000 47.000000 300.000000 0.209250
21.000000 5.000000 300.000000 0.396943
5.000000 21.000000 300.000000 0.396943
20.000000 5.000000 300.000000 0.404410
5.000000 20.000000 300.000000 0.404410
49.000000 6.000000 300.000000 0.196277
6.000000 49.000000 300.000000 0.196277
16.000000 6.000000 300.000000 0.405370
6.000000 16.000000 300.000000 0.405370
6.000000 17.000000 300.000000 0.403270
7.000000 45.000000 300.000000 0.188797
7.000000 78.000000 300.000000 0.406813
8.000000 78.000000 300.000000 0.189637
8.000000 45.000000 300.000000 0.406110
9.000000 8.000000 300.000000 0.384680
9.000000 50.000000 300.000000 0.200953
10.000000 11.000000 300.000000 0.411683
11.000000 59.000000 300.000000 0.184267
47.000000 12.000000 300.000000 0.394427
12.000000 47.000000 300.000000 0.394427
12.000000 83.000000 300.000000 0.207353
42.000000 12.000000 300.000000 0.400073
12.000000 42.000000 300.000000 0.400073
13.000000 15.000000 300.000000 0.396483
14.000000 13.000000 300.000000 0.410117
13.000000 14.000000 300.000000 0.410117
13.000000 73.000000 300.000000 0.372950
13.000000 14.000000 300.000000 0.410117
14.000000 13.000000 300.000000 0.410117
25.000000 14.000000 300.000000 0.394973
14.000000 25.000000 300.000000 0.394973
32.000000 14.000000 300.000000 0.207067
14.000000 32.000000 300.000000 0.207067
22.000000 14.000000 300.000000 0.416160
14.000000 22.000000 300.000000 0.416160
15.000000 34.000000 300.000000 0.256440
15.000000 36.000000 300.000000 0.204393
39.000000 16.000000 300.000000 0.394550
16.000000 39.000000 300.000000 0.394550
6.000000 16.000000 300.000000 0.405370
16.000000 6.000000 300.000000 0.405370
59.000000 16.000000 300.000000 0.396783
16.000000 59.000000 300.000000 0.396783
17.000000 21.000000 300.000000 0.188657
39.000000 17.000000 300.000000 0.398537
17.000000 39.000000 300.000000 0.398537
17.000000 52.000000 300.000000 0.414253
18.000000 20.000000 300.000000 0.184830
39.000000 18.000000 300.000000 0.402327
18.000000 39.000000 300.000000 0.402327
38.000000 18.000000 300.000000 0.404220
18.000000 38.000000 300.000000 0.404220
19.000000 38.000000 300.000000 0.190720
20.000000 19.000000 300.000000 0.400067
19.000000 20.000000 300.000000 0.400067
5.000000 20.000000 300.000000 0.404410
20.000000 5.000000 300.000000 0.404410
20.000000 46.000000 300.000000 0.208007
19.000000 20.000000 300.000000 0.400067
20.000000 19.000000 300.000000 0.400067
21.000000 12.000000 300.000000 0.205060
5.000000 21.000000 300.000000 0.396943
21.000000 5.000000 300.000000 0.396943
23.000000 22.000000 300.000000 0.047567
22.000000 23.000000 300.000000 0.047567
14.000000 22.000000 300.000000 0.416160
22.000000 14.000000 300.000000 0.416160
22.000000 23.000000 300.000000 0.047567
23.000000 22.000000 300.000000 0.047567
23.000000 70.000000 300.000000 0.701437
24.000000 29.000000 300.000000 0.263537
24.000000 4.000000 300.000000 0.374343
14.000000 25.000000 300.000000 0.394973
25.000000 14.000000 300.000000 0.394973
70.000000 25.000000 300.000000 0.220007
25.000000 70.000000 300.000000 0.220007
27.000000 81.000000 300.000000 0.268413
28.000000 30.000000 300.000000 0.041560
28.000000 27.000000 300.000000 0.192600
29.000000 27.000000 300.000000 0.060190
29.000000 30.000000 300.000000 0.220523
30.000000 4.000000 300.000000 0.270953
30.000000 26.000000 300.000000 0.398543
31.000000 28.000000 300.000000 0.355737
47.000000 32.000000 300.000000 0.200707
32.000000 47.000000 300.000000 0.200707
37.000000 32.000000 300.000000 0.408277
32.000000 37.000000 300.000000 0.408277
14.000000 32.000000 300.000000 0.207067
32.000000 14.000000 300.000000 0.207067
33.000000 19.000000 300.000000 0.204667
48.000000 33.000000 300.000000 0.119703
33.000000 48.000000 300.000000 0.119703
46.000000 33.000000 300.000000 0.399813
33.000000 46.000000 300.000000 0.399813
34.000000 3.000000 300.000000 0.283433
35.000000 34.000000 300.000000 0.409063
48.000000 35.000000 300.000000 0.213927
35.000000 48.000000 300.000000 0.213927
36.000000 33.000000 300.000000 0.202600
37.000000 36.000000 300.000000 0.394610
36.000000 37.000000 300.000000 0.394610
37.000000 13.000000 300.000000 0.208240
32.000000 37.000000 300.000000 0.408277
37.000000 32.000000 300.000000 0.408277
36.000000 37.000000 300.000000 0.394610
37.000000 36.000000 300.000000 0.394610
38.000000 61.000000 300.000000 0.399910
18.000000 38.000000 300.000000 0.404220
38.000000 18.000000 300.000000 0.404220
16.000000 39.000000 300.000000 0.394550
39.000000 16.000000 300.000000 0.394550
5.000000 39.000000 300.000000 0.192187
39.000000 5.000000 300.000000 0.192187
17.000000 39.000000 300.000000 0.398537
39.000000 17.000000 300.000000 0.398537
18.000000 39.000000 300.000000 0.402327
39.000000 18.000000 300.000000 0.402327
40.000000 51.000000 300.000000 0.189033
41.000000 54.000000 300.000000 0.398507
65.000000 41.000000 300.000000 0.019583
41.000000 65.000000 300.000000 0.019583
12.000000 42.000000 300.000000 0.400073
42.000000 12.000000 300.000000 0.400073
42.000000 68.000000 300.000000 0.114817
77.000000 43.000000 300.000000 0.093867
43.000000 77.000000 300.000000 0.093867
0.000000 43.000000 300.000000 0.308970
43.000000 0.000000 300.000000 0.308970
61.000000 43.000000 300.000000 0.297397
43.000000 61.000000 300.000000 0.297397
44.000000 9.000000 300.000000 0.413817
44.000000 41.000000 300.000000 0.412010
45.000000 44.000000 300.000000 0.391710
45.000000 60.000000 300.000000 0.415093
46.000000 37.000000 300.000000 0.203277
47.000000 46.000000 300.000000 0.406627
46.000000 47.000000 300.000000 0.406627
33.000000 46.000000 300.000000 0.399813
46.000000 33.000000 300.000000 0.399813
12.000000 47.000000 300.000000 0.394427
47.000000 12.000000 300.000000 0.394427
5.000000 47.000000 300.000000 0.209250
47.000000 5.000000 300.000000 0.209250
32.000000 47.000000 300.000000 0.200707
47.000000 32.000000 300.000000 0.200707
46.000000 47.000000 300.000000 0.406627
47.000000 46.000000 300.000000 0.406627
77.000000 48.000000 300.000000 0.735603
48.000000 77.000000 300.000000 0.735603
35.000000 48.000000 300.000000 0.213927
48.000000 35.000000 300.000000 0.213927
33.000000 48.000000 300.000000 0.119703
48.000000 33.000000 300.000000 0.119703
62.000000 49.000000 300.000000 0.175060
49.000000 62.000000 300.000000 0.175060
6.000000 49.000000 300.000000 0.196277
49.000000 6.000000 300.000000 0.196277
60.000000 49.000000 300.000000 0.215170
49.000000 60.000000 300.000000 0.215170
50.000000 40.000000 300.000000 0.033640
64.000000 50.000000 300.000000 0.380413
50.000000 64.000000 300.000000 0.380413
51.000000 69.000000 300.000000 0.272930
51.000000 53.000000 300.000000 0.137330
52.000000 44.000000 300.000000 0.409107
52.000000 60.000000 300.000000 0.399330
53.000000 63.000000 300.000000 0.304847
54.000000 68.000000 300.000000 0.114147
55.000000 40.000000 300.000000 0.285943
55.000000 9.000000 300.000000 0.165207
56.000000 42.000000 300.000000 0.078830
58.000000 56.000000 300.000000 0.256427
58.000000 57.000000 300.000000 0.510843
16.000000 59.000000 300.000000 0.396783
59.000000 16.000000 300.000000 0.396783
61.000000 59.000000 300.000000 0.416323
59.000000 61.000000 300.000000 0.416323
59.000000 18.000000 300.000000 0.402207
49.000000 60.000000 300.000000 0.215170
60.000000 49.000000 300.000000 0.215170
43.000000 61.000000 300.000000 0.297397
61.000000 43.000000 300.000000 0.297397
61.000000 10.000000 300.000000 0.188377
59.000000 61.000000 300.000000 0.416323
61.000000 59.000000 300.000000 0.416323
49.000000 62.000000 300.000000 0.175060
62.000000 49.000000 300.000000 0.175060
63.000000 69.000000 300.000000 0.024510
64.000000 8.000000 300.000000 0.199840
50.000000 64.000000 300.000000 0.380413
64.000000 50.000000 300.000000 0.380413
41.000000 65.000000 300.000000 0.019583
65.000000 41.000000 300.000000 0.019583
65.000000 55.000000 300.000000 0.496127
66.000000 57.000000 300.000000 1.115543
66.000000 82.000000 300.000000 0.580887
67.000000 75.000000 300.000000 0.124580
67.000000 31.000000 300.000000 0.747300
68.000000 52.000000 300.000000 0.286787
69.000000 64.000000 300.000000 0.191883
70.000000 71.000000 300.000000 0.018423
25.000000 70.000000 300.000000 0.220007
70.000000 25.000000 300.000000 0.220007
71.000000 56.000000 300.000000 0.442680
71.000000 65.000000 300.000000 0.751363
72.000000 15.000000 300.000000 0.510127
72.000000 80.000000 300.000000 0.307340
73.000000 76.000000 300.000000 0.124020
73.000000 74.000000 300.000000 0.055800
74.000000 75.000000 300.000000 0.287707
74.000000 22.000000 300.000000 0.377017
75.000000 23.000000 300.000000 0.407877
76.000000 72.000000 300.000000 0.045137
43.000000 77.000000 300.000000 0.093867
77.000000 43.000000 300.000000 0.093867
79.000000 77.000000 300.000000 0.256013
77.000000 79.000000 300.000000 0.256013
48.000000 77.000000 300.000000 0.735603
77.000000 48.000000 300.000000 0.735603
77.000000 79.000000 300.000000 0.256013
79.000000 77.000000 300.000000 0.256013
79.000000 35.000000 300.000000 0.608507
80.000000 26.000000 300.000000 0.086700
80.000000 31.000000 300.000000 0.073527
81.000000 28.000000 300.000000 0.312787
81.000000 67.000000 300.000000 0.043710
82.000000 54.000000 300.000000 0.317500
83.000000 25.000000 300.000000 0.200173
84.000000 83.000000 300.000000 0.230810
83.000000 84.000000 300.000000 0.230810
83.000000 84.000000 300.000000 0.230810
84.000000 83.000000 300.000000 0.230810
