0.000000 133.000000 300.000000 0.046377
2.000000 3.000000 300.000000 0.154340
2.000000 71.000000 300.000000 0.103807
4.000000 73.000000 300.000000 0.372880
5.000000 4.000000 300.000000 0.545897
4.000000 5.000000 300.000000 0.545897
14.000000 5.000000 300.000000 0.495810
5.000000 14.000000 300.000000 0.495810
28.000000 5.000000 300.000000 0.761303
5.000000 28.000000 300.000000 0.761303
4.000000 5.000000 300.000000 0.545897
5.000000 4.000000 300.000000 0.545897
6.000000 127.000000 300.000000 0.140100
6.000000 72.000000 300.000000 0.334243
7.000000 121.000000 300.000000 0.808300
38.000000 8.000000 300.000000 0.733793
8.000000 38.000000 300.000000 0.733793
8.000000 131.000000 300.000000 0.476497
100.000000 9.000000 300.000000 0.412320
9.000000 100.000000 300.000000 0.412320
9.000000 96.000000 300.000000 0.197340
25.000000 10.000000 300.000000 0.406033
10.000000 25.000000 300.000000 0.406033
129.000000 10.000000 300.000000 0.159697
10.000000 129.000000 300.000000 0.159697
101.000000 10.000000 300.000000 0.187570
10.000000 101.000000 300.000000 0.187570
88.000000 10.000000 300.000000 0.253460
10.000000 88.000000 300.000000 0.253460
27.000000 11.000000 300.000000 0.077347
11.000000 27.000000 300.000000 0.077347
130.000000 11.000000 300.000000 0.072530
11.000000 130.000000 300.000000 0.072530
103.000000 11.000000 300.000000 0.311213
11.000000 103.000000 300.000000 0.311213
76.000000 12.000000 300.000000 0.372603
12.000000 76.000000 300.000000 0.372603
137.000000 12.000000 300.000000 0.267533
12.000000 137.000000 300.000000 0.267533
41.000000 12.000000 300.000000 0.265603
12.000000 41.000000 300.000000 0.265603
57.000000 12.000000 300.000000 0.259567
12.000000 57.000000 300.000000 0.259567
14.000000 13.000000 300.000000 0.484733
13.000000 14.000000 300.000000 0.484733
13.000000 15.000000 300.000000 0.696180
5.000000 14.000000 300.000000 0.495810
14.000000 5.000000 300.000000 0.495810
13.000000 14.000000 300.000000 0.484733
14.000000 13.000000 300.000000 0.484733
14.000000 4.000000 300.000000 0.132773
15.000000 75.000000 300.000000 0.317410
64.000000 15.000000 300.000000 0.335230
15.000000 64.000000 300.000000 0.335230
48.000000 15.000000 300.000000 0.438963
15.000000 48.000000 300.000000 0.438963
16.000000 82.000000 300.000000 0.028610
16.000000 74.000000 300.000000 0.362227
51.000000 17.000000 300.000000 0.412363
17.000000 51.000000 300.000000 0.412363
66.000000 17.000000 300.000000 0.342613
17.000000 66.000000 300.000000 0.342613
17.000000 18.000000 300.000000 0.314787
52.000000 18.000000 300.000000 0.408687
18.000000 52.000000 300.000000 0.408687
67.000000 18.000000 300.000000 0.323540
18.000000 67.000000 300.000000 0.323540
18.000000 113.000000 300.000000 0.143827
111.000000 19.000000 300.000000 0.215560
19.000000 111.000000 300.000000 0.215560
68.000000 19.000000 300.000000 0.295837
19.000000 68.000000 300.000000 0.295837
19.000000 117.000000 300.000000 0.176410
54.000000 20.000000 300.000000 0.415733
20.000000 54.000000 300.000000 0.415733
63.000000 20.000000 300.000000 0.271093
20.000000 63.000000 300.000000 0.271093
20.000000 21.000000 300.000000 0.299713
55.000000 21.000000 300.000000 0.418067
21.000000 55.000000 300.000000 0.418067
23.000000 22.000000 300.000000 0.188780
22.000000 23.000000 300.000000 0.188780
70.000000 22.000000 300.000000 0.219777
22.000000 70.000000 300.000000 0.219777
92.000000 22.000000 300.000000 0.447183
22.000000 92.000000 300.000000 0.447183
22.000000 23.000000 300.000000 0.188780
23.000000 22.000000 300.000000 0.188780
95.000000 23.000000 300.000000 0.032350
23.000000 95.000000 300.000000 0.032350
65.000000 23.000000 300.000000 0.224277
23.000000 65.000000 300.000000 0.224277
24.000000 77.000000 300.000000 0.250427
95.000000 24.000000 300.000000 0.327633
24.000000 95.000000 300.000000 0.327633
10.000000 25.000000 300.000000 0.406033
25.000000 10.000000 300.000000 0.406033
35.000000 25.000000 300.000000 0.524700
25.000000 35.000000 300.000000 0.524700
26.000000 25.000000 300.000000 0.314433
25.000000 26.000000 300.000000 0.314433
87.000000 25.000000 300.000000 0.249670
25.000000 87.000000 300.000000 0.249670
104.000000 26.000000 300.000000 0.123597
26.000000 104.000000 300.000000 0.123597
27.000000 26.000000 300.000000 0.378760
26.000000 27.000000 300.000000 0.378760
25.000000 26.000000 300.000000 0.314433
26.000000 25.000000 300.000000 0.314433
11.000000 27.000000 300.000000 0.077347
27.000000 11.000000 300.000000 0.077347
69.000000 27.000000 300.000000 0.275373
27.000000 69.000000 300.000000 0.275373
26.000000 27.000000 300.000000 0.378760
27.000000 26.000000 300.000000 0.378760
29.000000 28.000000 300.000000 0.086673
28.000000 29.000000 300.000000 0.086673
143.000000 28.000000 300.000000 0.104623
28.000000 143.000000 300.000000 0.104623
5.000000 28.000000 300.000000 0.761303
28.000000 5.000000 300.000000 0.761303
28.000000 29.000000 300.000000 0.086673
29.000000 28.000000 300.000000 0.086673
40.000000 29.000000 300.000000 0.268890
29.000000 40.000000 300.000000 0.268890
30.000000 29.000000 300.000000 0.316150
29.000000 30.000000 300.000000 0.316150
31.000000 30.000000 300.000000 0.372540
30.000000 31.000000 300.000000 0.372540
29.000000 30.000000 300.000000 0.316150
30.000000 29.000000 300.000000 0.316150
33.000000 30.000000 300.000000 0.253277
30.000000 33.000000 300.000000 0.253277
41.000000 30.000000 300.000000 0.264703
30.000000 41.000000 300.000000 0.264703
31.000000 42.000000 300.000000 0.262160
30.000000 31.000000 300.000000 0.372540
31.000000 30.000000 300.000000 0.372540
92.000000 32.000000 300.000000 0.156767
32.000000 92.000000 300.000000 0.156767
143.000000 32.000000 300.000000 0.174567
32.000000 143.000000 300.000000 0.174567
33.000000 32.000000 300.000000 0.333670
32.000000 33.000000 300.000000 0.333670
34.000000 33.000000 300.000000 0.370967
33.000000 34.000000 300.000000 0.370967
32.000000 33.000000 300.000000 0.333670
33.000000 32.000000 300.000000 0.333670
94.000000 33.000000 300.000000 0.272917
33.000000 94.000000 300.000000 0.272917
30.000000 33.000000 300.000000 0.253277
33.000000 30.000000 300.000000 0.253277
86.000000 34.000000 300.000000 0.025500
34.000000 86.000000 300.000000 0.025500
33.000000 34.000000 300.000000 0.370967
34.000000 33.000000 300.000000 0.370967
34.000000 31.000000 300.000000 0.266563
25.000000 35.000000 300.000000 0.524700
35.000000 25.000000 300.000000 0.524700
106.000000 35.000000 300.000000 0.159547
35.000000 106.000000 300.000000 0.159547
36.000000 35.000000 300.000000 0.325367
35.000000 36.000000 300.000000 0.325367
86.000000 35.000000 300.000000 0.246990
35.000000 86.000000 300.000000 0.246990
104.000000 36.000000 300.000000 0.508517
36.000000 104.000000 300.000000 0.508517
44.000000 36.000000 300.000000 0.529190
36.000000 44.000000 300.000000 0.529190
37.000000 36.000000 300.000000 0.331870
36.000000 37.000000 300.000000 0.331870
35.000000 36.000000 300.000000 0.325367
36.000000 35.000000 300.000000 0.325367
69.000000 37.000000 300.000000 0.511190
37.000000 69.000000 300.000000 0.511190
45.000000 37.000000 300.000000 0.526027
37.000000 45.000000 300.000000 0.526027
38.000000 37.000000 300.000000 0.319647
37.000000 38.000000 300.000000 0.319647
36.000000 37.000000 300.000000 0.331870
37.000000 36.000000 300.000000 0.331870
8.000000 38.000000 300.000000 0.733793
38.000000 8.000000 300.000000 0.733793
46.000000 38.000000 300.000000 0.517553
38.000000 46.000000 300.000000 0.517553
39.000000 38.000000 300.000000 0.347307
38.000000 39.000000 300.000000 0.347307
37.000000 38.000000 300.000000 0.319647
38.000000 37.000000 300.000000 0.319647
131.000000 39.000000 300.000000 0.440907
39.000000 131.000000 300.000000 0.440907
47.000000 39.000000 300.000000 0.506473
39.000000 47.000000 300.000000 0.506473
38.000000 39.000000 300.000000 0.347307
39.000000 38.000000 300.000000 0.347307
29.000000 40.000000 300.000000 0.268890
40.000000 29.000000 300.000000 0.268890
56.000000 40.000000 300.000000 0.538340
40.000000 56.000000 300.000000 0.538340
41.000000 40.000000 300.000000 0.326360
40.000000 41.000000 300.000000 0.326360
30.000000 41.000000 300.000000 0.264703
41.000000 30.000000 300.000000 0.264703
12.000000 41.000000 300.000000 0.265603
41.000000 12.000000 300.000000 0.265603
42.000000 41.000000 300.000000 0.377917
41.000000 42.000000 300.000000 0.377917
40.000000 41.000000 300.000000 0.326360
41.000000 40.000000 300.000000 0.326360
85.000000 42.000000 300.000000 0.028263
42.000000 85.000000 300.000000 0.028263
42.000000 76.000000 300.000000 0.262190
41.000000 42.000000 300.000000 0.377917
42.000000 41.000000 300.000000 0.377917
44.000000 43.000000 300.000000 0.329853
43.000000 44.000000 300.000000 0.329853
85.000000 43.000000 300.000000 0.257967
43.000000 85.000000 300.000000 0.257967
106.000000 43.000000 300.000000 0.372217
43.000000 106.000000 300.000000 0.372217
59.000000 43.000000 300.000000 0.521257
43.000000 59.000000 300.000000 0.521257
45.000000 44.000000 300.000000 0.329280
44.000000 45.000000 300.000000 0.329280
43.000000 44.000000 300.000000 0.329853
44.000000 43.000000 300.000000 0.329853
36.000000 44.000000 300.000000 0.529190
44.000000 36.000000 300.000000 0.529190
60.000000 44.000000 300.000000 0.521790
44.000000 60.000000 300.000000 0.521790
46.000000 45.000000 300.000000 0.325293
45.000000 46.000000 300.000000 0.325293
44.000000 45.000000 300.000000 0.329280
45.000000 44.000000 300.000000 0.329280
37.000000 45.000000 300.000000 0.526027
45.000000 37.000000 300.000000 0.526027
61.000000 45.000000 300.000000 0.524657
45.000000 61.000000 300.000000 0.524657
47.000000 46.000000 300.000000 0.333640
46.000000 47.000000 300.000000 0.333640
45.000000 46.000000 300.000000 0.325293
46.000000 45.000000 300.000000 0.325293
38.000000 46.000000 300.000000 0.517553
46.000000 38.000000 300.000000 0.517553
62.000000 46.000000 300.000000 0.531993
46.000000 62.000000 300.000000 0.531993
46.000000 47.000000 300.000000 0.333640
47.000000 46.000000 300.000000 0.333640
39.000000 47.000000 300.000000 0.506473
47.000000 39.000000 300.000000 0.506473
48.000000 91.000000 300.000000 0.350363
15.000000 48.000000 300.000000 0.438963
48.000000 15.000000 300.000000 0.438963
56.000000 48.000000 300.000000 0.394433
48.000000 56.000000 300.000000 0.394433
57.000000 49.000000 300.000000 0.402583
49.000000 57.000000 300.000000 0.402583
75.000000 49.000000 300.000000 0.427200
49.000000 75.000000 300.000000 0.427200
49.000000 48.000000 300.000000 0.318487
50.000000 49.000000 300.000000 0.363600
50.000000 16.000000 300.000000 0.415650
51.000000 83.000000 300.000000 0.305730
59.000000 51.000000 300.000000 0.418097
51.000000 59.000000 300.000000 0.418097
17.000000 51.000000 300.000000 0.412363
51.000000 17.000000 300.000000 0.412363
52.000000 51.000000 300.000000 0.324290
60.000000 52.000000 300.000000 0.420200
52.000000 60.000000 300.000000 0.420200
18.000000 52.000000 300.000000 0.408687
52.000000 18.000000 300.000000 0.408687
53.000000 109.000000 300.000000 0.114527
110.000000 53.000000 300.000000 0.125427
53.000000 110.000000 300.000000 0.125427
111.000000 53.000000 300.000000 0.200150
53.000000 111.000000 300.000000 0.200150
54.000000 53.000000 300.000000 0.330877
62.000000 54.000000 300.000000 0.415150
54.000000 62.000000 300.000000 0.415150
20.000000 54.000000 300.000000 0.415733
54.000000 20.000000 300.000000 0.415733
55.000000 54.000000 300.000000 0.320920
21.000000 55.000000 300.000000 0.418067
55.000000 21.000000 300.000000 0.418067
40.000000 56.000000 300.000000 0.538340
56.000000 40.000000 300.000000 0.538340
48.000000 56.000000 300.000000 0.394433
56.000000 48.000000 300.000000 0.394433
57.000000 56.000000 300.000000 0.323800
56.000000 57.000000 300.000000 0.323800
12.000000 57.000000 300.000000 0.259567
57.000000 12.000000 300.000000 0.259567
49.000000 57.000000 300.000000 0.402583
57.000000 49.000000 300.000000 0.402583
58.000000 57.000000 300.000000 0.366897
57.000000 58.000000 300.000000 0.366897
56.000000 57.000000 300.000000 0.323800
57.000000 56.000000 300.000000 0.323800
58.000000 50.000000 300.000000 0.408963
84.000000 58.000000 300.000000 0.027583
58.000000 84.000000 300.000000 0.027583
57.000000 58.000000 300.000000 0.366897
58.000000 57.000000 300.000000 0.366897
60.000000 59.000000 300.000000 0.326470
59.000000 60.000000 300.000000 0.326470
84.000000 59.000000 300.000000 0.283460
59.000000 84.000000 300.000000 0.283460
43.000000 59.000000 300.000000 0.521257
59.000000 43.000000 300.000000 0.521257
51.000000 59.000000 300.000000 0.418097
59.000000 51.000000 300.000000 0.418097
61.000000 60.000000 300.000000 0.333100
60.000000 61.000000 300.000000 0.333100
59.000000 60.000000 300.000000 0.326470
60.000000 59.000000 300.000000 0.326470
44.000000 60.000000 300.000000 0.521790
60.000000 44.000000 300.000000 0.521790
52.000000 60.000000 300.000000 0.420200
60.000000 52.000000 300.000000 0.420200
62.000000 61.000000 300.000000 0.329753
61.000000 62.000000 300.000000 0.329753
60.000000 61.000000 300.000000 0.333100
61.000000 60.000000 300.000000 0.333100
45.000000 61.000000 300.000000 0.524657
61.000000 45.000000 300.000000 0.524657
107.000000 61.000000 300.000000 0.228347
61.000000 107.000000 300.000000 0.228347
61.000000 62.000000 300.000000 0.329753
62.000000 61.000000 300.000000 0.329753
46.000000 62.000000 300.000000 0.531993
62.000000 46.000000 300.000000 0.531993
54.000000 62.000000 300.000000 0.415150
62.000000 54.000000 300.000000 0.415150
20.000000 63.000000 300.000000 0.271093
63.000000 20.000000 300.000000 0.271093
63.000000 116.000000 300.000000 0.146480
64.000000 0.000000 300.000000 0.924333
15.000000 64.000000 300.000000 0.335230
64.000000 15.000000 300.000000 0.335230
23.000000 65.000000 300.000000 0.224277
65.000000 23.000000 300.000000 0.224277
98.000000 65.000000 300.000000 0.198000
65.000000 98.000000 300.000000 0.198000
70.000000 65.000000 300.000000 0.186830
65.000000 70.000000 300.000000 0.186830
66.000000 79.000000 300.000000 0.233023
17.000000 66.000000 300.000000 0.342613
66.000000 17.000000 300.000000 0.342613
67.000000 66.000000 300.000000 0.312917
18.000000 67.000000 300.000000 0.323540
67.000000 18.000000 300.000000 0.323540
19.000000 68.000000 300.000000 0.295837
68.000000 19.000000 300.000000 0.295837
68.000000 67.000000 300.000000 0.339503
27.000000 69.000000 300.000000 0.275373
69.000000 27.000000 300.000000 0.275373
104.000000 69.000000 300.000000 0.328203
69.000000 104.000000 300.000000 0.328203
37.000000 69.000000 300.000000 0.511190
69.000000 37.000000 300.000000 0.511190
97.000000 70.000000 300.000000 0.108730
70.000000 97.000000 300.000000 0.108730
22.000000 70.000000 300.000000 0.219777
70.000000 22.000000 300.000000 0.219777
65.000000 70.000000 300.000000 0.186830
70.000000 65.000000 300.000000 0.186830
71.000000 1.000000 300.000000 0.151750
71.000000 3.000000 300.000000 0.129703
72.000000 2.000000 300.000000 0.361267
73.000000 6.000000 300.000000 0.097193
73.000000 13.000000 300.000000 0.131917
74.000000 78.000000 300.000000 0.535273
75.000000 16.000000 300.000000 0.361023
49.000000 75.000000 300.000000 0.427200
75.000000 49.000000 300.000000 0.427200
12.000000 76.000000 300.000000 0.372603
76.000000 12.000000 300.000000 0.372603
76.000000 58.000000 300.000000 0.260983
77.000000 34.000000 300.000000 0.257280
94.000000 77.000000 300.000000 0.355277
77.000000 94.000000 300.000000 0.355277
78.000000 64.000000 300.000000 0.142083
79.000000 81.000000 300.000000 0.116320
80.000000 63.000000 300.000000 0.031510
81.000000 74.000000 300.000000 0.026370
81.000000 82.000000 300.000000 0.361607
82.000000 17.000000 300.000000 0.330450
82.000000 83.000000 300.000000 0.414930
83.000000 84.000000 300.000000 0.409820
83.000000 50.000000 300.000000 0.026087
58.000000 84.000000 300.000000 0.027583
84.000000 58.000000 300.000000 0.027583
59.000000 84.000000 300.000000 0.283460
84.000000 59.000000 300.000000 0.283460
84.000000 85.000000 300.000000 0.522997
42.000000 85.000000 300.000000 0.028263
85.000000 42.000000 300.000000 0.028263
85.000000 105.000000 300.000000 0.367497
43.000000 85.000000 300.000000 0.257967
85.000000 43.000000 300.000000 0.257967
34.000000 86.000000 300.000000 0.025500
86.000000 34.000000 300.000000 0.025500
35.000000 86.000000 300.000000 0.246990
86.000000 35.000000 300.000000 0.246990
86.000000 87.000000 300.000000 0.515263
25.000000 87.000000 300.000000 0.249670
87.000000 25.000000 300.000000 0.249670
87.000000 88.000000 300.000000 0.435830
10.000000 88.000000 300.000000 0.253460
88.000000 10.000000 300.000000 0.253460
88.000000 124.000000 300.000000 0.190953
89.000000 126.000000 300.000000 0.137560
91.000000 90.000000 300.000000 0.279540
90.000000 91.000000 300.000000 0.279540
91.000000 14.000000 300.000000 0.110410
90.000000 91.000000 300.000000 0.279540
91.000000 90.000000 300.000000 0.279540
32.000000 92.000000 300.000000 0.156767
92.000000 32.000000 300.000000 0.156767
93.000000 92.000000 300.000000 0.139113
92.000000 93.000000 300.000000 0.139113
22.000000 92.000000 300.000000 0.447183
92.000000 22.000000 300.000000 0.447183
92.000000 93.000000 300.000000 0.139113
93.000000 92.000000 300.000000 0.139113
95.000000 94.000000 300.000000 0.266283
94.000000 95.000000 300.000000 0.266283
33.000000 94.000000 300.000000 0.272917
94.000000 33.000000 300.000000 0.272917
77.000000 94.000000 300.000000 0.355277
94.000000 77.000000 300.000000 0.355277
23.000000 95.000000 300.000000 0.032350
95.000000 23.000000 300.000000 0.032350
94.000000 95.000000 300.000000 0.266283
95.000000 94.000000 300.000000 0.266283
24.000000 95.000000 300.000000 0.327633
95.000000 24.000000 300.000000 0.327633
98.000000 96.000000 300.000000 0.071483
96.000000 98.000000 300.000000 0.071483
96.000000 24.000000 300.000000 0.259623
70.000000 97.000000 300.000000 0.108730
97.000000 70.000000 300.000000 0.108730
141.000000 97.000000 300.000000 0.035297
97.000000 141.000000 300.000000 0.035297
100.000000 97.000000 300.000000 0.172790
97.000000 100.000000 300.000000 0.172790
96.000000 98.000000 300.000000 0.071483
98.000000 96.000000 300.000000 0.071483
65.000000 98.000000 300.000000 0.198000
98.000000 65.000000 300.000000 0.198000
99.000000 98.000000 300.000000 0.385503
98.000000 99.000000 300.000000 0.385503
141.000000 99.000000 300.000000 0.021350
99.000000 141.000000 300.000000 0.021350
142.000000 99.000000 300.000000 0.098243
99.000000 142.000000 300.000000 0.098243
98.000000 99.000000 300.000000 0.385503
99.000000 98.000000 300.000000 0.385503
141.000000 100.000000 300.000000 0.143547
100.000000 141.000000 300.000000 0.143547
9.000000 100.000000 300.000000 0.412320
100.000000 9.000000 300.000000 0.412320
97.000000 100.000000 300.000000 0.172790
100.000000 97.000000 300.000000 0.172790
134.000000 100.000000 300.000000 0.600797
100.000000 134.000000 300.000000 0.600797
103.000000 101.000000 300.000000 0.164837
101.000000 103.000000 300.000000 0.164837
135.000000 101.000000 300.000000 0.104750
101.000000 135.000000 300.000000 0.104750
10.000000 101.000000 300.000000 0.187570
101.000000 10.000000 300.000000 0.187570
135.000000 102.000000 300.000000 0.029557
102.000000 135.000000 300.000000 0.029557
101.000000 103.000000 300.000000 0.164837
103.000000 101.000000 300.000000 0.164837
11.000000 103.000000 300.000000 0.311213
103.000000 11.000000 300.000000 0.311213
135.000000 103.000000 300.000000 0.269093
103.000000 135.000000 300.000000 0.269093
26.000000 104.000000 300.000000 0.123597
104.000000 26.000000 300.000000 0.123597
69.000000 104.000000 300.000000 0.328203
104.000000 69.000000 300.000000 0.328203
36.000000 104.000000 300.000000 0.508517
104.000000 36.000000 300.000000 0.508517
106.000000 105.000000 300.000000 0.252887
105.000000 106.000000 300.000000 0.252887
105.000000 86.000000 300.000000 0.161903
35.000000 106.000000 300.000000 0.159547
106.000000 35.000000 300.000000 0.159547
43.000000 106.000000 300.000000 0.372217
106.000000 43.000000 300.000000 0.372217
105.000000 106.000000 300.000000 0.252887
106.000000 105.000000 300.000000 0.252887
110.000000 107.000000 300.000000 0.064693
107.000000 110.000000 300.000000 0.064693
61.000000 107.000000 300.000000 0.228347
107.000000 61.000000 300.000000 0.228347
108.000000 107.000000 300.000000 0.167747
107.000000 108.000000 300.000000 0.167747
107.000000 108.000000 300.000000 0.167747
108.000000 107.000000 300.000000 0.167747
109.000000 52.000000 300.000000 0.221357
110.000000 109.000000 300.000000 0.235487
109.000000 110.000000 300.000000 0.235487
107.000000 110.000000 300.000000 0.064693
110.000000 107.000000 300.000000 0.064693
53.000000 110.000000 300.000000 0.125427
110.000000 53.000000 300.000000 0.125427
109.000000 110.000000 300.000000 0.235487
110.000000 109.000000 300.000000 0.235487
53.000000 111.000000 300.000000 0.200150
111.000000 53.000000 300.000000 0.200150
19.000000 111.000000 300.000000 0.215560
111.000000 19.000000 300.000000 0.215560
112.000000 111.000000 300.000000 0.165453
111.000000 112.000000 300.000000 0.165453
111.000000 112.000000 300.000000 0.165453
112.000000 111.000000 300.000000 0.165453
113.000000 114.000000 300.000000 0.038130
139.000000 113.000000 300.000000 0.024813
113.000000 139.000000 300.000000 0.024813
138.000000 114.000000 300.000000 0.022800
114.000000 138.000000 300.000000 0.022800
114.000000 19.000000 300.000000 0.158570
117.000000 115.000000 300.000000 0.180143
115.000000 117.000000 300.000000 0.180143
116.000000 68.000000 300.000000 0.184527
117.000000 116.000000 300.000000 0.278940
116.000000 117.000000 300.000000 0.278940
115.000000 117.000000 300.000000 0.180143
117.000000 115.000000 300.000000 0.180143
116.000000 117.000000 300.000000 0.278940
117.000000 116.000000 300.000000 0.278940
117.000000 20.000000 300.000000 0.152937
118.000000 118.000000 300.000000 0.682303
118.000000 118.000000 300.000000 0.682303
140.000000 118.000000 300.000000 0.133230
118.000000 140.000000 300.000000 0.133230
119.000000 124.000000 300.000000 0.135987
119.000000 9.000000 300.000000 0.176750
120.000000 89.000000 300.000000 0.246490
120.000000 144.000000 300.000000 0.168463
121.000000 120.000000 300.000000 0.072353
122.000000 129.000000 300.000000 0.200127
122.000000 121.000000 300.000000 0.251470
123.000000 134.000000 300.000000 0.035680
124.000000 122.000000 300.000000 0.010930
126.000000 140.000000 300.000000 0.089233
126.000000 144.000000 300.000000 0.103417
127.000000 71.000000 300.000000 0.017533
127.000000 1.000000 300.000000 0.143460
128.000000 0.000000 300.000000 0.184497
128.000000 127.000000 300.000000 0.248143
10.000000 129.000000 300.000000 0.159697
129.000000 10.000000 300.000000 0.159697
129.000000 136.000000 300.000000 0.653487
11.000000 130.000000 300.000000 0.072530
130.000000 11.000000 300.000000 0.072530
130.000000 8.000000 300.000000 0.374673
39.000000 131.000000 300.000000 0.440907
131.000000 39.000000 300.000000 0.440907
132.000000 123.000000 300.000000 0.207417
132.000000 125.000000 300.000000 0.103883
133.000000 6.000000 300.000000 0.152847
133.000000 13.000000 300.000000 0.188980
100.000000 134.000000 300.000000 0.600797
134.000000 100.000000 300.000000 0.600797
134.000000 119.000000 300.000000 0.071597
102.000000 135.000000 300.000000 0.029557
135.000000 102.000000 300.000000 0.029557
101.000000 135.000000 300.000000 0.104750
135.000000 101.000000 300.000000 0.104750
103.000000 135.000000 300.000000 0.269093
135.000000 103.000000 300.000000 0.269093
136.000000 130.000000 300.000000 0.025233
12.000000 137.000000 300.000000 0.267533
137.000000 12.000000 300.000000 0.267533
114.000000 138.000000 300.000000 0.022800
138.000000 114.000000 300.000000 0.022800
113.000000 139.000000 300.000000 0.024813
139.000000 113.000000 300.000000 0.024813
118.000000 140.000000 300.000000 0.133230
140.000000 118.000000 300.000000 0.133230
140.000000 125.000000 300.000000 0.049130
99.000000 141.000000 300.000000 0.021350
141.000000 99.000000 300.000000 0.021350
97.000000 141.000000 300.000000 0.035297
141.000000 97.000000 300.000000 0.035297
100.000000 141.000000 300.000000 0.143547
141.000000 100.000000 300.000000 0.143547
99.000000 142.000000 300.000000 0.098243
142.000000 99.000000 300.000000 0.098243
32.000000 143.000000 300.000000 0.174567
143.000000 32.000000 300.000000 0.174567
28.000000 143.000000 300.000000 0.104623
143.000000 28.000000 300.000000 0.104623
144.000000 132.000000 300.000000 0.004810
