0.000000 4.000000 300.000000 0.409470
165.000000 0.000000 300.000000 0.401587
0.000000 165.000000 300.000000 0.401587
36.000000 0.000000 300.000000 0.411803
0.000000 36.000000 300.000000 0.411803
115.000000 1.000000 300.000000 0.196793
1.000000 115.000000 300.000000 0.196793
109.000000 1.000000 300.000000 0.198527
1.000000 109.000000 300.000000 0.198527
112.000000 1.000000 300.000000 0.273217
1.000000 112.000000 300.000000 0.273217
37.000000 2.000000 300.000000 0.016767
2.000000 37.000000 300.000000 0.016767
6.000000 2.000000 300.000000 0.547513
2.000000 6.000000 300.000000 0.547513
104.000000 2.000000 300.000000 0.080407
2.000000 104.000000 300.000000 0.080407
165.000000 3.000000 300.000000 0.415237
3.000000 165.000000 300.000000 0.415237
8.000000 3.000000 300.000000 0.337410
3.000000 8.000000 300.000000 0.337410
104.000000 3.000000 300.000000 0.404700
3.000000 104.000000 300.000000 0.404700
4.000000 3.000000 300.000000 0.404053
3.000000 4.000000 300.000000 0.404053
4.000000 9.000000 300.000000 0.345310
38.000000 4.000000 300.000000 0.410223
4.000000 38.000000 300.000000 0.410223
3.000000 4.000000 300.000000 0.404053
4.000000 3.000000 300.000000 0.404053
10.000000 5.000000 300.000000 0.345373
5.000000 10.000000 300.000000 0.345373
115.000000 5.000000 300.000000 0.216860
5.000000 115.000000 300.000000 0.216860
38.000000 5.000000 300.000000 0.412200
5.000000 38.000000 300.000000 0.412200
116.000000 5.000000 300.000000 0.602177
5.000000 116.000000 300.000000 0.602177
7.000000 6.000000 300.000000 0.355433
6.000000 7.000000 300.000000 0.355433
2.000000 6.000000 300.000000 0.547513
6.000000 2.000000 300.000000 0.547513
11.000000 6.000000 300.000000 0.091867
6.000000 11.000000 300.000000 0.091867
8.000000 7.000000 300.000000 0.411743
7.000000 8.000000 300.000000 0.411743
6.000000 7.000000 300.000000 0.355433
7.000000 6.000000 300.000000 0.355433
14.000000 7.000000 300.000000 0.343100
7.000000 14.000000 300.000000 0.343100
104.000000 7.000000 300.000000 0.337170
7.000000 104.000000 300.000000 0.337170
7.000000 8.000000 300.000000 0.411743
8.000000 7.000000 300.000000 0.411743
3.000000 8.000000 300.000000 0.337410
8.000000 3.000000 300.000000 0.337410
15.000000 8.000000 300.000000 0.341973
8.000000 15.000000 300.000000 0.341973
9.000000 8.000000 300.000000 0.406050
8.000000 9.000000 300.000000 0.406050
39.000000 9.000000 300.000000 0.408897
9.000000 39.000000 300.000000 0.408897
9.000000 16.000000 300.000000 0.340750
8.000000 9.000000 300.000000 0.406050
9.000000 8.000000 300.000000 0.406050
118.000000 10.000000 300.000000 0.269937
10.000000 118.000000 300.000000 0.269937
5.000000 10.000000 300.000000 0.345373
10.000000 5.000000 300.000000 0.345373
39.000000 10.000000 300.000000 0.412783
10.000000 39.000000 300.000000 0.412783
100.000000 10.000000 300.000000 0.738240
10.000000 100.000000 300.000000 0.738240
6.000000 11.000000 300.000000 0.091867
11.000000 6.000000 300.000000 0.091867
91.000000 11.000000 300.000000 0.053773
11.000000 91.000000 300.000000 0.053773
13.000000 11.000000 300.000000 0.273593
11.000000 13.000000 300.000000 0.273593
13.000000 12.000000 300.000000 0.238520
12.000000 13.000000 300.000000 0.238520
91.000000 12.000000 300.000000 0.306780
12.000000 91.000000 300.000000 0.306780
41.000000 12.000000 300.000000 0.408740
12.000000 41.000000 300.000000 0.408740
14.000000 13.000000 300.000000 0.415987
13.000000 14.000000 300.000000 0.415987
12.000000 13.000000 300.000000 0.238520
13.000000 12.000000 300.000000 0.238520
11.000000 13.000000 300.000000 0.273593
13.000000 11.000000 300.000000 0.273593
20.000000 13.000000 300.000000 0.343680
13.000000 20.000000 300.000000 0.343680
21.000000 14.000000 300.000000 0.342753
14.000000 21.000000 300.000000 0.342753
15.000000 14.000000 300.000000 0.407770
14.000000 15.000000 300.000000 0.407770
13.000000 14.000000 300.000000 0.415987
14.000000 13.000000 300.000000 0.415987
7.000000 14.000000 300.000000 0.343100
14.000000 7.000000 300.000000 0.343100
8.000000 15.000000 300.000000 0.341973
15.000000 8.000000 300.000000 0.341973
22.000000 15.000000 300.000000 0.343753
15.000000 22.000000 300.000000 0.343753
16.000000 15.000000 300.000000 0.408063
15.000000 16.000000 300.000000 0.408063
14.000000 15.000000 300.000000 0.407770
15.000000 14.000000 300.000000 0.407770
40.000000 16.000000 300.000000 0.407550
16.000000 40.000000 300.000000 0.407550
15.000000 16.000000 300.000000 0.408063
16.000000 15.000000 300.000000 0.408063
16.000000 23.000000 300.000000 0.344607
120.000000 17.000000 300.000000 0.061123
17.000000 120.000000 300.000000 0.061123
118.000000 17.000000 300.000000 0.068503
17.000000 118.000000 300.000000 0.068503
100.000000 17.000000 300.000000 0.404030
17.000000 100.000000 300.000000 0.404030
40.000000 17.000000 300.000000 0.413323
17.000000 40.000000 300.000000 0.413323
19.000000 18.000000 300.000000 0.135333
18.000000 19.000000 300.000000 0.135333
41.000000 18.000000 300.000000 0.031483
18.000000 41.000000 300.000000 0.031483
43.000000 18.000000 300.000000 0.430747
18.000000 43.000000 300.000000 0.430747
44.000000 19.000000 300.000000 0.330427
19.000000 44.000000 300.000000 0.330427
20.000000 19.000000 300.000000 0.393823
19.000000 20.000000 300.000000 0.393823
18.000000 19.000000 300.000000 0.135333
19.000000 18.000000 300.000000 0.135333
46.000000 20.000000 300.000000 0.335143
20.000000 46.000000 300.000000 0.335143
19.000000 20.000000 300.000000 0.393823
20.000000 19.000000 300.000000 0.393823
13.000000 20.000000 300.000000 0.343680
20.000000 13.000000 300.000000 0.343680
21.000000 20.000000 300.000000 0.408767
20.000000 21.000000 300.000000 0.408767
14.000000 21.000000 300.000000 0.342753
21.000000 14.000000 300.000000 0.342753
45.000000 21.000000 300.000000 0.335553
21.000000 45.000000 300.000000 0.335553
22.000000 21.000000 300.000000 0.411813
21.000000 22.000000 300.000000 0.411813
20.000000 21.000000 300.000000 0.408767
21.000000 20.000000 300.000000 0.408767
15.000000 22.000000 300.000000 0.343753
22.000000 15.000000 300.000000 0.343753
23.000000 22.000000 300.000000 0.410137
22.000000 23.000000 300.000000 0.410137
21.000000 22.000000 300.000000 0.411813
22.000000 21.000000 300.000000 0.411813
47.000000 22.000000 300.000000 0.327173
22.000000 47.000000 300.000000 0.327173
23.000000 48.000000 300.000000 0.341083
42.000000 23.000000 300.000000 0.407640
23.000000 42.000000 300.000000 0.407640
22.000000 23.000000 300.000000 0.410137
23.000000 22.000000 300.000000 0.410137
51.000000 24.000000 300.000000 0.343913
24.000000 51.000000 300.000000 0.343913
120.000000 24.000000 300.000000 0.275773
24.000000 120.000000 300.000000 0.275773
101.000000 24.000000 300.000000 0.409077
24.000000 101.000000 300.000000 0.409077
42.000000 24.000000 300.000000 0.406647
24.000000 42.000000 300.000000 0.406647
152.000000 25.000000 300.000000 0.265337
25.000000 152.000000 300.000000 0.265337
51.000000 25.000000 300.000000 0.335657
25.000000 51.000000 300.000000 0.335657
60.000000 25.000000 300.000000 0.397900
25.000000 60.000000 300.000000 0.397900
59.000000 25.000000 300.000000 0.412267
25.000000 59.000000 300.000000 0.412267
87.000000 26.000000 300.000000 0.423877
26.000000 87.000000 300.000000 0.423877
170.000000 26.000000 300.000000 0.541657
26.000000 170.000000 300.000000 0.541657
26.000000 79.000000 300.000000 0.339077
81.000000 27.000000 300.000000 0.331467
27.000000 81.000000 300.000000 0.331467
126.000000 27.000000 300.000000 0.111863
27.000000 126.000000 300.000000 0.111863
129.000000 27.000000 300.000000 0.143473
27.000000 129.000000 300.000000 0.143473
28.000000 27.000000 300.000000 0.408300
27.000000 28.000000 300.000000 0.408300
27.000000 28.000000 300.000000 0.408300
28.000000 27.000000 300.000000 0.408300
158.000000 28.000000 300.000000 0.255763
28.000000 158.000000 300.000000 0.255763
90.000000 28.000000 300.000000 0.349740
28.000000 90.000000 300.000000 0.349740
82.000000 28.000000 300.000000 0.335597
28.000000 82.000000 300.000000 0.335597
83.000000 29.000000 300.000000 0.337333
29.000000 83.000000 300.000000 0.337333
158.000000 29.000000 300.000000 0.155423
29.000000 158.000000 300.000000 0.155423
147.000000 29.000000 300.000000 0.171337
29.000000 147.000000 300.000000 0.171337
33.000000 29.000000 300.000000 0.350333
29.000000 33.000000 300.000000 0.350333
84.000000 30.000000 300.000000 0.338857
30.000000 84.000000 300.000000 0.338857
147.000000 30.000000 300.000000 0.232797
30.000000 147.000000 300.000000 0.232797
31.000000 30.000000 300.000000 0.421710
30.000000 31.000000 300.000000 0.421710
31.000000 132.000000 300.000000 0.347683
88.000000 31.000000 300.000000 0.398660
31.000000 88.000000 300.000000 0.398660
30.000000 31.000000 300.000000 0.421710
31.000000 30.000000 300.000000 0.421710
126.000000 32.000000 300.000000 0.241993
32.000000 126.000000 300.000000 0.241993
131.000000 32.000000 300.000000 0.196263
32.000000 131.000000 300.000000 0.196263
127.000000 32.000000 300.000000 0.270730
32.000000 127.000000 300.000000 0.270730
157.000000 32.000000 300.000000 0.232007
32.000000 157.000000 300.000000 0.232007
90.000000 33.000000 300.000000 0.412920
33.000000 90.000000 300.000000 0.412920
29.000000 33.000000 300.000000 0.350333
33.000000 29.000000 300.000000 0.350333
132.000000 33.000000 300.000000 0.847613
33.000000 132.000000 300.000000 0.847613
103.000000 34.000000 300.000000 0.429787
34.000000 103.000000 300.000000 0.429787
37.000000 35.000000 300.000000 0.521433
35.000000 37.000000 300.000000 0.521433
102.000000 35.000000 300.000000 0.082517
35.000000 102.000000 300.000000 0.082517
103.000000 35.000000 300.000000 0.100660
35.000000 103.000000 300.000000 0.100660
36.000000 105.000000 300.000000 0.381820
0.000000 36.000000 300.000000 0.411803
36.000000 0.000000 300.000000 0.411803
112.000000 36.000000 300.000000 0.138253
36.000000 112.000000 300.000000 0.138253
35.000000 37.000000 300.000000 0.521433
37.000000 35.000000 300.000000 0.521433
2.000000 37.000000 300.000000 0.016767
37.000000 2.000000 300.000000 0.016767
38.000000 36.000000 300.000000 0.412940
5.000000 38.000000 300.000000 0.412200
38.000000 5.000000 300.000000 0.412200
4.000000 38.000000 300.000000 0.410223
38.000000 4.000000 300.000000 0.410223
10.000000 39.000000 300.000000 0.412783
39.000000 10.000000 300.000000 0.412783
9.000000 39.000000 300.000000 0.408897
39.000000 9.000000 300.000000 0.408897
39.000000 38.000000 300.000000 0.343913
16.000000 40.000000 300.000000 0.407550
40.000000 16.000000 300.000000 0.407550
40.000000 117.000000 300.000000 0.068433
17.000000 40.000000 300.000000 0.413323
40.000000 17.000000 300.000000 0.413323
12.000000 41.000000 300.000000 0.408740
41.000000 12.000000 300.000000 0.408740
18.000000 41.000000 300.000000 0.031483
41.000000 18.000000 300.000000 0.031483
24.000000 42.000000 300.000000 0.406647
42.000000 24.000000 300.000000 0.406647
23.000000 42.000000 300.000000 0.407640
42.000000 23.000000 300.000000 0.407640
42.000000 119.000000 300.000000 0.266303
18.000000 43.000000 300.000000 0.430747
43.000000 18.000000 300.000000 0.430747
167.000000 43.000000 300.000000 0.038670
43.000000 167.000000 300.000000 0.038670
44.000000 43.000000 300.000000 0.413227
43.000000 44.000000 300.000000 0.413227
19.000000 44.000000 300.000000 0.330427
44.000000 19.000000 300.000000 0.330427
124.000000 44.000000 300.000000 0.182150
44.000000 124.000000 300.000000 0.182150
46.000000 44.000000 300.000000 0.396297
44.000000 46.000000 300.000000 0.396297
43.000000 44.000000 300.000000 0.413227
44.000000 43.000000 300.000000 0.413227
21.000000 45.000000 300.000000 0.335553
45.000000 21.000000 300.000000 0.335553
151.000000 45.000000 300.000000 0.125840
45.000000 151.000000 300.000000 0.125840
47.000000 45.000000 300.000000 0.412693
45.000000 47.000000 300.000000 0.412693
46.000000 45.000000 300.000000 0.407783
45.000000 46.000000 300.000000 0.407783
20.000000 46.000000 300.000000 0.335143
46.000000 20.000000 300.000000 0.335143
121.000000 46.000000 300.000000 0.125340
46.000000 121.000000 300.000000 0.125340
45.000000 46.000000 300.000000 0.407783
46.000000 45.000000 300.000000 0.407783
44.000000 46.000000 300.000000 0.396297
46.000000 44.000000 300.000000 0.396297
57.000000 47.000000 300.000000 0.344237
47.000000 57.000000 300.000000 0.344237
48.000000 47.000000 300.000000 0.412453
47.000000 48.000000 300.000000 0.412453
45.000000 47.000000 300.000000 0.412693
47.000000 45.000000 300.000000 0.412693
22.000000 47.000000 300.000000 0.327173
47.000000 22.000000 300.000000 0.327173
48.000000 58.000000 300.000000 0.330087
50.000000 48.000000 300.000000 0.404883
48.000000 50.000000 300.000000 0.404883
47.000000 48.000000 300.000000 0.412453
48.000000 47.000000 300.000000 0.412453
51.000000 49.000000 300.000000 0.403830
49.000000 51.000000 300.000000 0.403830
101.000000 49.000000 300.000000 0.339937
49.000000 101.000000 300.000000 0.339937
60.000000 49.000000 300.000000 0.341357
49.000000 60.000000 300.000000 0.341357
50.000000 42.000000 300.000000 0.343487
51.000000 50.000000 300.000000 0.414510
50.000000 51.000000 300.000000 0.414510
48.000000 50.000000 300.000000 0.404883
50.000000 48.000000 300.000000 0.404883
25.000000 51.000000 300.000000 0.335657
51.000000 25.000000 300.000000 0.335657
24.000000 51.000000 300.000000 0.343913
51.000000 24.000000 300.000000 0.343913
49.000000 51.000000 300.000000 0.403830
51.000000 49.000000 300.000000 0.403830
50.000000 51.000000 300.000000 0.414510
51.000000 50.000000 300.000000 0.414510
167.000000 52.000000 300.000000 0.407517
52.000000 167.000000 300.000000 0.407517
53.000000 52.000000 300.000000 0.293357
52.000000 53.000000 300.000000 0.293357
54.000000 53.000000 300.000000 0.404057
53.000000 54.000000 300.000000 0.404057
62.000000 53.000000 300.000000 0.262617
53.000000 62.000000 300.000000 0.262617
123.000000 53.000000 300.000000 0.161307
53.000000 123.000000 300.000000 0.161307
52.000000 53.000000 300.000000 0.293357
53.000000 52.000000 300.000000 0.293357
124.000000 54.000000 300.000000 0.159447
54.000000 124.000000 300.000000 0.159447
63.000000 54.000000 300.000000 0.257677
54.000000 63.000000 300.000000 0.257677
55.000000 54.000000 300.000000 0.401917
54.000000 55.000000 300.000000 0.401917
53.000000 54.000000 300.000000 0.404057
54.000000 53.000000 300.000000 0.404057
121.000000 55.000000 300.000000 0.213027
55.000000 121.000000 300.000000 0.213027
64.000000 55.000000 300.000000 0.265093
55.000000 64.000000 300.000000 0.265093
56.000000 55.000000 300.000000 0.412890
55.000000 56.000000 300.000000 0.412890
54.000000 55.000000 300.000000 0.401917
55.000000 54.000000 300.000000 0.401917
151.000000 56.000000 300.000000 0.215843
56.000000 151.000000 300.000000 0.215843
65.000000 56.000000 300.000000 0.262130
56.000000 65.000000 300.000000 0.262130
57.000000 56.000000 300.000000 0.406553
56.000000 57.000000 300.000000 0.406553
55.000000 56.000000 300.000000 0.412890
56.000000 55.000000 300.000000 0.412890
47.000000 57.000000 300.000000 0.344237
57.000000 47.000000 300.000000 0.344237
66.000000 57.000000 300.000000 0.267710
57.000000 66.000000 300.000000 0.267710
58.000000 57.000000 300.000000 0.408423
57.000000 58.000000 300.000000 0.408423
56.000000 57.000000 300.000000 0.406553
57.000000 56.000000 300.000000 0.406553
59.000000 58.000000 300.000000 0.412087
58.000000 59.000000 300.000000 0.412087
57.000000 58.000000 300.000000 0.408423
58.000000 57.000000 300.000000 0.408423
58.000000 67.000000 300.000000 0.263027
25.000000 59.000000 300.000000 0.412267
59.000000 25.000000 300.000000 0.412267
58.000000 59.000000 300.000000 0.412087
59.000000 58.000000 300.000000 0.412087
59.000000 50.000000 300.000000 0.335397
25.000000 60.000000 300.000000 0.397900
60.000000 25.000000 300.000000 0.397900
69.000000 60.000000 300.000000 0.265980
60.000000 69.000000 300.000000 0.265980
49.000000 60.000000 300.000000 0.341357
60.000000 49.000000 300.000000 0.341357
62.000000 61.000000 300.000000 0.410937
61.000000 62.000000 300.000000 0.410937
63.000000 62.000000 300.000000 0.409087
62.000000 63.000000 300.000000 0.409087
71.000000 62.000000 300.000000 0.327513
62.000000 71.000000 300.000000 0.327513
53.000000 62.000000 300.000000 0.262617
62.000000 53.000000 300.000000 0.262617
61.000000 62.000000 300.000000 0.410937
62.000000 61.000000 300.000000 0.410937
54.000000 63.000000 300.000000 0.257677
63.000000 54.000000 300.000000 0.257677
72.000000 63.000000 300.000000 0.336277
63.000000 72.000000 300.000000 0.336277
64.000000 63.000000 300.000000 0.407453
63.000000 64.000000 300.000000 0.407453
62.000000 63.000000 300.000000 0.409087
63.000000 62.000000 300.000000 0.409087
55.000000 64.000000 300.000000 0.265093
64.000000 55.000000 300.000000 0.265093
63.000000 64.000000 300.000000 0.407453
64.000000 63.000000 300.000000 0.407453
73.000000 64.000000 300.000000 0.333507
64.000000 73.000000 300.000000 0.333507
65.000000 64.000000 300.000000 0.412717
64.000000 65.000000 300.000000 0.412717
56.000000 65.000000 300.000000 0.262130
65.000000 56.000000 300.000000 0.262130
74.000000 65.000000 300.000000 0.337490
65.000000 74.000000 300.000000 0.337490
66.000000 65.000000 300.000000 0.406147
65.000000 66.000000 300.000000 0.406147
64.000000 65.000000 300.000000 0.412717
65.000000 64.000000 300.000000 0.412717
57.000000 66.000000 300.000000 0.267710
66.000000 57.000000 300.000000 0.267710
75.000000 66.000000 300.000000 0.338263
66.000000 75.000000 300.000000 0.338263
67.000000 66.000000 300.000000 0.407310
66.000000 67.000000 300.000000 0.407310
65.000000 66.000000 300.000000 0.406147
66.000000 65.000000 300.000000 0.406147
67.000000 76.000000 300.000000 0.339517
68.000000 67.000000 300.000000 0.412873
67.000000 68.000000 300.000000 0.412873
66.000000 67.000000 300.000000 0.407310
67.000000 66.000000 300.000000 0.407310
152.000000 68.000000 300.000000 0.413573
68.000000 152.000000 300.000000 0.413573
67.000000 68.000000 300.000000 0.412873
68.000000 67.000000 300.000000 0.412873
68.000000 59.000000 300.000000 0.267427
152.000000 69.000000 300.000000 0.407470
69.000000 152.000000 300.000000 0.407470
60.000000 69.000000 300.000000 0.265980
69.000000 60.000000 300.000000 0.265980
78.000000 69.000000 300.000000 0.338147
69.000000 78.000000 300.000000 0.338147
71.000000 70.000000 300.000000 0.422310
70.000000 71.000000 300.000000 0.422310
70.000000 61.000000 300.000000 0.324633
97.000000 70.000000 300.000000 0.361960
70.000000 97.000000 300.000000 0.361960
80.000000 71.000000 300.000000 0.342553
71.000000 80.000000 300.000000 0.342553
62.000000 71.000000 300.000000 0.327513
71.000000 62.000000 300.000000 0.327513
161.000000 71.000000 300.000000 0.231060
71.000000 161.000000 300.000000 0.231060
70.000000 71.000000 300.000000 0.422310
71.000000 70.000000 300.000000 0.422310
63.000000 72.000000 300.000000 0.336277
72.000000 63.000000 300.000000 0.336277
81.000000 72.000000 300.000000 0.342720
72.000000 81.000000 300.000000 0.342720
161.000000 72.000000 300.000000 0.179100
72.000000 161.000000 300.000000 0.179100
73.000000 72.000000 300.000000 0.410767
72.000000 73.000000 300.000000 0.410767
74.000000 73.000000 300.000000 0.407100
73.000000 74.000000 300.000000 0.407100
64.000000 73.000000 300.000000 0.333507
73.000000 64.000000 300.000000 0.333507
82.000000 73.000000 300.000000 0.339463
73.000000 82.000000 300.000000 0.339463
72.000000 73.000000 300.000000 0.410767
73.000000 72.000000 300.000000 0.410767
65.000000 74.000000 300.000000 0.337490
74.000000 65.000000 300.000000 0.337490
83.000000 74.000000 300.000000 0.337660
74.000000 83.000000 300.000000 0.337660
75.000000 74.000000 300.000000 0.403110
74.000000 75.000000 300.000000 0.403110
73.000000 74.000000 300.000000 0.407100
74.000000 73.000000 300.000000 0.407100
66.000000 75.000000 300.000000 0.338263
75.000000 66.000000 300.000000 0.338263
76.000000 75.000000 300.000000 0.412127
75.000000 76.000000 300.000000 0.412127
74.000000 75.000000 300.000000 0.403110
75.000000 74.000000 300.000000 0.403110
84.000000 75.000000 300.000000 0.336667
75.000000 84.000000 300.000000 0.336667
76.000000 85.000000 300.000000 0.343720
75.000000 76.000000 300.000000 0.412127
76.000000 75.000000 300.000000 0.412127
77.000000 76.000000 300.000000 0.406817
76.000000 77.000000 300.000000 0.406817
77.000000 68.000000 300.000000 0.335757
125.000000 77.000000 300.000000 0.413510
77.000000 125.000000 300.000000 0.413510
76.000000 77.000000 300.000000 0.406817
77.000000 76.000000 300.000000 0.406817
125.000000 78.000000 300.000000 0.407213
78.000000 125.000000 300.000000 0.407213
134.000000 78.000000 300.000000 0.338550
78.000000 134.000000 300.000000 0.338550
69.000000 78.000000 300.000000 0.338147
78.000000 69.000000 300.000000 0.338147
79.000000 70.000000 300.000000 0.348960
98.000000 79.000000 300.000000 0.421777
79.000000 98.000000 300.000000 0.421777
80.000000 79.000000 300.000000 0.425053
79.000000 80.000000 300.000000 0.425053
128.000000 80.000000 300.000000 0.145627
80.000000 128.000000 300.000000 0.145627
71.000000 80.000000 300.000000 0.342553
80.000000 71.000000 300.000000 0.342553
160.000000 80.000000 300.000000 0.234093
80.000000 160.000000 300.000000 0.234093
79.000000 80.000000 300.000000 0.425053
80.000000 79.000000 300.000000 0.425053
72.000000 81.000000 300.000000 0.342720
81.000000 72.000000 300.000000 0.342720
27.000000 81.000000 300.000000 0.331467
81.000000 27.000000 300.000000 0.331467
82.000000 81.000000 300.000000 0.410637
81.000000 82.000000 300.000000 0.410637
160.000000 81.000000 300.000000 0.172610
81.000000 160.000000 300.000000 0.172610
83.000000 82.000000 300.000000 0.414340
82.000000 83.000000 300.000000 0.414340
81.000000 82.000000 300.000000 0.410637
82.000000 81.000000 300.000000 0.410637
73.000000 82.000000 300.000000 0.339463
82.000000 73.000000 300.000000 0.339463
28.000000 82.000000 300.000000 0.335597
82.000000 28.000000 300.000000 0.335597
74.000000 83.000000 300.000000 0.337660
83.000000 74.000000 300.000000 0.337660
29.000000 83.000000 300.000000 0.337333
83.000000 29.000000 300.000000 0.337333
84.000000 83.000000 300.000000 0.400807
83.000000 84.000000 300.000000 0.400807
82.000000 83.000000 300.000000 0.414340
83.000000 82.000000 300.000000 0.414340
30.000000 84.000000 300.000000 0.338857
84.000000 30.000000 300.000000 0.338857
144.000000 84.000000 300.000000 0.238627
84.000000 144.000000 300.000000 0.238627
83.000000 84.000000 300.000000 0.400807
84.000000 83.000000 300.000000 0.400807
75.000000 84.000000 300.000000 0.336667
84.000000 75.000000 300.000000 0.336667
85.000000 31.000000 300.000000 0.334593
86.000000 85.000000 300.000000 0.399903
85.000000 86.000000 300.000000 0.399903
144.000000 85.000000 300.000000 0.181153
85.000000 144.000000 300.000000 0.181153
86.000000 77.000000 300.000000 0.338350
153.000000 86.000000 300.000000 0.416693
86.000000 153.000000 300.000000 0.416693
85.000000 86.000000 300.000000 0.399903
86.000000 85.000000 300.000000 0.399903
89.000000 87.000000 300.000000 0.343580
87.000000 89.000000 300.000000 0.343580
128.000000 87.000000 300.000000 0.191673
87.000000 128.000000 300.000000 0.191673
26.000000 87.000000 300.000000 0.423877
87.000000 26.000000 300.000000 0.423877
130.000000 87.000000 300.000000 0.211270
87.000000 130.000000 300.000000 0.211270
88.000000 136.000000 300.000000 0.080487
31.000000 88.000000 300.000000 0.398660
88.000000 31.000000 300.000000 0.398660
131.000000 89.000000 300.000000 0.204533
89.000000 131.000000 300.000000 0.204533
87.000000 89.000000 300.000000 0.343580
89.000000 87.000000 300.000000 0.343580
93.000000 89.000000 300.000000 0.455140
89.000000 93.000000 300.000000 0.455140
127.000000 90.000000 300.000000 0.142210
90.000000 127.000000 300.000000 0.142210
33.000000 90.000000 300.000000 0.412920
90.000000 33.000000 300.000000 0.412920
28.000000 90.000000 300.000000 0.349740
90.000000 28.000000 300.000000 0.349740
11.000000 91.000000 300.000000 0.053773
91.000000 11.000000 300.000000 0.053773
12.000000 91.000000 300.000000 0.306780
91.000000 12.000000 300.000000 0.306780
92.000000 95.000000 300.000000 0.174847
149.000000 92.000000 300.000000 0.194727
92.000000 149.000000 300.000000 0.194727
93.000000 26.000000 300.000000 0.216043
89.000000 93.000000 300.000000 0.455140
93.000000 89.000000 300.000000 0.455140
94.000000 164.000000 300.000000 0.100157
169.000000 95.000000 300.000000 0.025703
95.000000 169.000000 300.000000 0.025703
70.000000 97.000000 300.000000 0.361960
97.000000 70.000000 300.000000 0.361960
97.000000 163.000000 300.000000 0.100420
79.000000 98.000000 300.000000 0.421777
98.000000 79.000000 300.000000 0.421777
170.000000 98.000000 300.000000 0.209167
98.000000 170.000000 300.000000 0.209167
163.000000 98.000000 300.000000 0.283557
98.000000 163.000000 300.000000 0.283557
99.000000 94.000000 300.000000 0.911660
17.000000 100.000000 300.000000 0.404030
100.000000 17.000000 300.000000 0.404030
101.000000 100.000000 300.000000 0.335427
100.000000 101.000000 300.000000 0.335427
10.000000 100.000000 300.000000 0.738240
100.000000 10.000000 300.000000 0.738240
24.000000 101.000000 300.000000 0.409077
101.000000 24.000000 300.000000 0.409077
49.000000 101.000000 300.000000 0.339937
101.000000 49.000000 300.000000 0.339937
100.000000 101.000000 300.000000 0.335427
101.000000 100.000000 300.000000 0.335427
103.000000 102.000000 300.000000 0.126677
102.000000 103.000000 300.000000 0.126677
165.000000 102.000000 300.000000 0.030827
102.000000 165.000000 300.000000 0.030827
35.000000 102.000000 300.000000 0.082517
102.000000 35.000000 300.000000 0.082517
102.000000 103.000000 300.000000 0.126677
103.000000 102.000000 300.000000 0.126677
34.000000 103.000000 300.000000 0.429787
103.000000 34.000000 300.000000 0.429787
35.000000 103.000000 300.000000 0.100660
103.000000 35.000000 300.000000 0.100660
3.000000 104.000000 300.000000 0.404700
104.000000 3.000000 300.000000 0.404700
7.000000 104.000000 300.000000 0.337170
104.000000 7.000000 300.000000 0.337170
2.000000 104.000000 300.000000 0.080407
104.000000 2.000000 300.000000 0.080407
105.000000 106.000000 300.000000 0.410830
109.000000 106.000000 300.000000 0.184467
106.000000 109.000000 300.000000 0.184467
106.000000 166.000000 300.000000 0.036593
107.000000 172.000000 300.000000 0.024240
109.000000 108.000000 300.000000 0.190513
108.000000 109.000000 300.000000 0.190513
1.000000 109.000000 300.000000 0.198527
109.000000 1.000000 300.000000 0.198527
106.000000 109.000000 300.000000 0.184467
109.000000 106.000000 300.000000 0.184467
108.000000 109.000000 300.000000 0.190513
109.000000 108.000000 300.000000 0.190513
110.000000 0.000000 300.000000 0.121133
111.000000 110.000000 300.000000 0.172877
110.000000 111.000000 300.000000 0.172877
110.000000 111.000000 300.000000 0.172877
111.000000 110.000000 300.000000 0.172877
36.000000 112.000000 300.000000 0.138253
112.000000 36.000000 300.000000 0.138253
1.000000 112.000000 300.000000 0.273217
112.000000 1.000000 300.000000 0.273217
113.000000 112.000000 300.000000 0.319453
112.000000 113.000000 300.000000 0.319453
112.000000 113.000000 300.000000 0.319453
113.000000 112.000000 300.000000 0.319453
115.000000 114.000000 300.000000 0.195137
114.000000 115.000000 300.000000 0.195137
5.000000 115.000000 300.000000 0.216860
115.000000 5.000000 300.000000 0.216860
1.000000 115.000000 300.000000 0.196793
115.000000 1.000000 300.000000 0.196793
114.000000 115.000000 300.000000 0.195137
115.000000 114.000000 300.000000 0.195137
5.000000 116.000000 300.000000 0.602177
116.000000 5.000000 300.000000 0.602177
117.000000 39.000000 300.000000 0.271177
118.000000 117.000000 300.000000 0.413210
117.000000 118.000000 300.000000 0.413210
17.000000 118.000000 300.000000 0.068503
118.000000 17.000000 300.000000 0.068503
10.000000 118.000000 300.000000 0.269937
118.000000 10.000000 300.000000 0.269937
117.000000 118.000000 300.000000 0.413210
118.000000 117.000000 300.000000 0.413210
119.000000 40.000000 300.000000 0.068433
120.000000 119.000000 300.000000 0.413473
119.000000 120.000000 300.000000 0.413473
24.000000 120.000000 300.000000 0.275773
120.000000 24.000000 300.000000 0.275773
17.000000 120.000000 300.000000 0.061123
120.000000 17.000000 300.000000 0.061123
119.000000 120.000000 300.000000 0.413473
120.000000 119.000000 300.000000 0.413473
46.000000 121.000000 300.000000 0.125340
121.000000 46.000000 300.000000 0.125340
55.000000 121.000000 300.000000 0.213027
121.000000 55.000000 300.000000 0.213027
151.000000 121.000000 300.000000 0.411057
121.000000 151.000000 300.000000 0.411057
151.000000 122.000000 300.000000 0.175320
122.000000 151.000000 300.000000 0.175320
53.000000 123.000000 300.000000 0.161307
123.000000 53.000000 300.000000 0.161307
124.000000 123.000000 300.000000 0.408957
123.000000 124.000000 300.000000 0.408957
167.000000 123.000000 300.000000 0.167700
123.000000 167.000000 300.000000 0.167700
44.000000 124.000000 300.000000 0.182150
124.000000 44.000000 300.000000 0.182150
54.000000 124.000000 300.000000 0.159447
124.000000 54.000000 300.000000 0.159447
123.000000 124.000000 300.000000 0.408957
124.000000 123.000000 300.000000 0.408957
153.000000 125.000000 300.000000 0.337650
125.000000 153.000000 300.000000 0.337650
152.000000 125.000000 300.000000 0.339693
125.000000 152.000000 300.000000 0.339693
78.000000 125.000000 300.000000 0.407213
125.000000 78.000000 300.000000 0.407213
77.000000 125.000000 300.000000 0.413510
125.000000 77.000000 300.000000 0.413510
27.000000 126.000000 300.000000 0.111863
126.000000 27.000000 300.000000 0.111863
32.000000 126.000000 300.000000 0.241993
126.000000 32.000000 300.000000 0.241993
127.000000 126.000000 300.000000 0.371133
126.000000 127.000000 300.000000 0.371133
32.000000 127.000000 300.000000 0.270730
127.000000 32.000000 300.000000 0.270730
90.000000 127.000000 300.000000 0.142210
127.000000 90.000000 300.000000 0.142210
126.000000 127.000000 300.000000 0.371133
127.000000 126.000000 300.000000 0.371133
87.000000 128.000000 300.000000 0.191673
128.000000 87.000000 300.000000 0.191673
80.000000 128.000000 300.000000 0.145627
128.000000 80.000000 300.000000 0.145627
129.000000 128.000000 300.000000 0.324750
128.000000 129.000000 300.000000 0.324750
130.000000 129.000000 300.000000 0.060213
129.000000 130.000000 300.000000 0.060213
27.000000 129.000000 300.000000 0.143473
129.000000 27.000000 300.000000 0.143473
128.000000 129.000000 300.000000 0.324750
129.000000 128.000000 300.000000 0.324750
131.000000 130.000000 300.000000 0.355760
130.000000 131.000000 300.000000 0.355760
87.000000 130.000000 300.000000 0.211270
130.000000 87.000000 300.000000 0.211270
129.000000 130.000000 300.000000 0.060213
130.000000 129.000000 300.000000 0.060213
89.000000 131.000000 300.000000 0.204533
131.000000 89.000000 300.000000 0.204533
32.000000 131.000000 300.000000 0.196263
131.000000 32.000000 300.000000 0.196263
130.000000 131.000000 300.000000 0.355760
131.000000 130.000000 300.000000 0.355760
133.000000 132.000000 300.000000 0.397273
132.000000 133.000000 300.000000 0.397273
154.000000 132.000000 300.000000 1.645580
132.000000 154.000000 300.000000 1.645580
33.000000 132.000000 300.000000 0.847613
132.000000 33.000000 300.000000 0.847613
133.000000 138.000000 300.000000 0.264647
132.000000 133.000000 300.000000 0.397273
133.000000 132.000000 300.000000 0.397273
135.000000 133.000000 300.000000 0.417820
133.000000 135.000000 300.000000 0.417820
153.000000 134.000000 300.000000 0.404590
134.000000 153.000000 300.000000 0.404590
141.000000 134.000000 300.000000 0.342623
134.000000 141.000000 300.000000 0.342623
78.000000 134.000000 300.000000 0.338550
134.000000 78.000000 300.000000 0.338550
139.000000 135.000000 300.000000 0.261183
135.000000 139.000000 300.000000 0.261183
133.000000 135.000000 300.000000 0.417820
135.000000 133.000000 300.000000 0.417820
155.000000 135.000000 300.000000 0.400867
135.000000 155.000000 300.000000 0.400867
136.000000 143.000000 300.000000 0.098773
137.000000 136.000000 300.000000 0.417087
136.000000 137.000000 300.000000 0.417087
140.000000 137.000000 300.000000 0.082820
137.000000 140.000000 300.000000 0.082820
153.000000 137.000000 300.000000 0.258177
137.000000 153.000000 300.000000 0.258177
136.000000 137.000000 300.000000 0.417087
137.000000 136.000000 300.000000 0.417087
138.000000 88.000000 300.000000 0.080787
139.000000 138.000000 300.000000 0.417363
138.000000 139.000000 300.000000 0.417363
135.000000 139.000000 300.000000 0.261183
139.000000 135.000000 300.000000 0.261183
140.000000 139.000000 300.000000 0.079037
139.000000 140.000000 300.000000 0.079037
138.000000 139.000000 300.000000 0.417363
139.000000 138.000000 300.000000 0.417363
139.000000 140.000000 300.000000 0.079037
140.000000 139.000000 300.000000 0.079037
137.000000 140.000000 300.000000 0.082820
140.000000 137.000000 300.000000 0.082820
141.000000 140.000000 300.000000 0.397557
140.000000 141.000000 300.000000 0.397557
140.000000 141.000000 300.000000 0.397557
141.000000 140.000000 300.000000 0.397557
134.000000 141.000000 300.000000 0.342623
141.000000 134.000000 300.000000 0.342623
155.000000 141.000000 300.000000 0.339903
141.000000 155.000000 300.000000 0.339903
143.000000 142.000000 300.000000 0.303930
142.000000 143.000000 300.000000 0.303930
143.000000 86.000000 300.000000 0.168397
142.000000 143.000000 300.000000 0.303930
143.000000 142.000000 300.000000 0.303930
85.000000 144.000000 300.000000 0.181153
144.000000 85.000000 300.000000 0.181153
84.000000 144.000000 300.000000 0.238627
144.000000 84.000000 300.000000 0.238627
168.000000 144.000000 300.000000 0.038770
144.000000 168.000000 300.000000 0.038770
146.000000 145.000000 300.000000 0.222763
145.000000 146.000000 300.000000 0.222763
145.000000 146.000000 300.000000 0.222763
146.000000 145.000000 300.000000 0.222763
148.000000 146.000000 300.000000 0.354210
146.000000 148.000000 300.000000 0.354210
147.000000 146.000000 300.000000 0.302500
146.000000 147.000000 300.000000 0.302500
29.000000 147.000000 300.000000 0.171337
147.000000 29.000000 300.000000 0.171337
30.000000 147.000000 300.000000 0.232797
147.000000 30.000000 300.000000 0.232797
146.000000 147.000000 300.000000 0.302500
147.000000 146.000000 300.000000 0.302500
146.000000 148.000000 300.000000 0.354210
148.000000 146.000000 300.000000 0.354210
92.000000 149.000000 300.000000 0.194727
149.000000 92.000000 300.000000 0.194727
45.000000 151.000000 300.000000 0.125840
151.000000 45.000000 300.000000 0.125840
56.000000 151.000000 300.000000 0.215843
151.000000 56.000000 300.000000 0.215843
122.000000 151.000000 300.000000 0.175320
151.000000 122.000000 300.000000 0.175320
121.000000 151.000000 300.000000 0.411057
151.000000 121.000000 300.000000 0.411057
125.000000 152.000000 300.000000 0.339693
152.000000 125.000000 300.000000 0.339693
25.000000 152.000000 300.000000 0.265337
152.000000 25.000000 300.000000 0.265337
69.000000 152.000000 300.000000 0.407470
152.000000 69.000000 300.000000 0.407470
68.000000 152.000000 300.000000 0.413573
152.000000 68.000000 300.000000 0.413573
137.000000 153.000000 300.000000 0.258177
153.000000 137.000000 300.000000 0.258177
125.000000 153.000000 300.000000 0.337650
153.000000 125.000000 300.000000 0.337650
134.000000 153.000000 300.000000 0.404590
153.000000 134.000000 300.000000 0.404590
86.000000 153.000000 300.000000 0.416693
153.000000 86.000000 300.000000 0.416693
132.000000 154.000000 300.000000 1.645580
154.000000 132.000000 300.000000 1.645580
155.000000 154.000000 300.000000 1.289397
154.000000 155.000000 300.000000 1.289397
135.000000 155.000000 300.000000 0.400867
155.000000 135.000000 300.000000 0.400867
141.000000 155.000000 300.000000 0.339903
155.000000 141.000000 300.000000 0.339903
154.000000 155.000000 300.000000 1.289397
155.000000 154.000000 300.000000 1.289397
166.000000 156.000000 300.000000 0.228593
156.000000 166.000000 300.000000 0.228593
32.000000 157.000000 300.000000 0.232007
157.000000 32.000000 300.000000 0.232007
28.000000 158.000000 300.000000 0.255763
158.000000 28.000000 300.000000 0.255763
29.000000 158.000000 300.000000 0.155423
158.000000 29.000000 300.000000 0.155423
159.000000 158.000000 300.000000 0.168117
158.000000 159.000000 300.000000 0.168117
158.000000 159.000000 300.000000 0.168117
159.000000 158.000000 300.000000 0.168117
81.000000 160.000000 300.000000 0.172610
160.000000 81.000000 300.000000 0.172610
80.000000 160.000000 300.000000 0.234093
160.000000 80.000000 300.000000 0.234093
161.000000 160.000000 300.000000 0.345400
160.000000 161.000000 300.000000 0.345400
72.000000 161.000000 300.000000 0.179100
161.000000 72.000000 300.000000 0.179100
71.000000 161.000000 300.000000 0.231060
161.000000 71.000000 300.000000 0.231060
160.000000 161.000000 300.000000 0.345400
161.000000 160.000000 300.000000 0.345400
98.000000 163.000000 300.000000 0.283557
163.000000 98.000000 300.000000 0.283557
163.000000 162.000000 300.000000 0.032030
164.000000 92.000000 300.000000 0.024800
102.000000 165.000000 300.000000 0.030827
165.000000 102.000000 300.000000 0.030827
3.000000 165.000000 300.000000 0.415237
165.000000 3.000000 300.000000 0.415237
0.000000 165.000000 300.000000 0.401587
165.000000 0.000000 300.000000 0.401587
156.000000 166.000000 300.000000 0.228593
166.000000 156.000000 300.000000 0.228593
43.000000 167.000000 300.000000 0.038670
167.000000 43.000000 300.000000 0.038670
52.000000 167.000000 300.000000 0.407517
167.000000 52.000000 300.000000 0.407517
123.000000 167.000000 300.000000 0.167700
167.000000 123.000000 300.000000 0.167700
144.000000 168.000000 300.000000 0.038770
168.000000 144.000000 300.000000 0.038770
95.000000 169.000000 300.000000 0.025703
169.000000 95.000000 300.000000 0.025703
98.000000 170.000000 300.000000 0.209167
170.000000 98.000000 300.000000 0.209167
171.000000 170.000000 300.000000 0.239433
170.000000 171.000000 300.000000 0.239433
26.000000 170.000000 300.000000 0.541657
170.000000 26.000000 300.000000 0.541657
170.000000 171.000000 300.000000 0.239433
171.000000 170.000000 300.000000 0.239433
172.000000 105.000000 300.000000 0.412683
172.000000 110.000000 300.000000 0.258587
