0.000000 281.000000 300.000000 0.059957
0.000000 229.000000 300.000000 0.391193
1.000000 0.000000 300.000000 0.021697
1.000000 78.000000 300.000000 0.194280
2.000000 268.000000 300.000000 0.219583
3.000000 231.000000 300.000000 0.375713
3.000000 194.000000 300.000000 0.269040
4.000000 5.000000 300.000000 0.024990
4.000000 65.000000 300.000000 0.256437
5.000000 277.000000 300.000000 0.204547
6.000000 45.000000 300.000000 0.412547
6.000000 303.000000 300.000000 0.552063
7.000000 39.000000 300.000000 0.412983
7.000000 34.000000 300.000000 0.540807
8.000000 88.000000 300.000000 0.290653
9.000000 197.000000 300.000000 0.427917
9.000000 189.000000 300.000000 0.223410
10.000000 79.000000 300.000000 0.226613
10.000000 276.000000 300.000000 0.416977
11.000000 21.000000 300.000000 0.205583
11.000000 67.000000 300.000000 0.259617
12.000000 33.000000 300.000000 0.419787
13.000000 46.000000 300.000000 0.409537
13.000000 7.000000 300.000000 0.553520
14.000000 11.000000 300.000000 0.550267
15.000000 84.000000 300.000000 0.274223
15.000000 4.000000 300.000000 0.390300
16.000000 94.000000 300.000000 0.346883
16.000000 59.000000 300.000000 0.202817
17.000000 93.000000 300.000000 0.113843
17.000000 37.000000 300.000000 0.157767
18.000000 22.000000 300.000000 0.413180
19.000000 119.000000 300.000000 0.821573
23.000000 19.000000 300.000000 0.399860
19.000000 23.000000 300.000000 0.399860
121.000000 19.000000 300.000000 0.222320
19.000000 121.000000 300.000000 0.222320
20.000000 14.000000 300.000000 0.202717
20.000000 21.000000 300.000000 0.549760
21.000000 6.000000 300.000000 0.204947
22.000000 238.000000 300.000000 0.511663
22.000000 289.000000 300.000000 0.231367
19.000000 23.000000 300.000000 0.399860
23.000000 19.000000 300.000000 0.399860
23.000000 259.000000 300.000000 0.399590
23.000000 42.000000 300.000000 1.035363
24.000000 58.000000 300.000000 0.207247
24.000000 25.000000 300.000000 0.548667
25.000000 205.000000 300.000000 0.216637
26.000000 13.000000 300.000000 0.416013
27.000000 109.000000 300.000000 0.379580
27.000000 28.000000 300.000000 0.391037
28.000000 103.000000 300.000000 0.270640
28.000000 29.000000 300.000000 0.378907
29.000000 30.000000 300.000000 0.411280
29.000000 99.000000 300.000000 0.530263
30.000000 50.000000 300.000000 0.327060
30.000000 31.000000 300.000000 0.389327
31.000000 32.000000 300.000000 0.022143
31.000000 71.000000 300.000000 0.330967
32.000000 47.000000 300.000000 0.298043
32.000000 64.000000 300.000000 0.261517
33.000000 49.000000 300.000000 0.246143
33.000000 44.000000 300.000000 0.421670
34.000000 265.000000 300.000000 0.188277
34.000000 81.000000 300.000000 0.341680
35.000000 36.000000 300.000000 0.441410
35.000000 39.000000 300.000000 0.430293
36.000000 37.000000 300.000000 0.429993
36.000000 24.000000 300.000000 0.295073
37.000000 96.000000 300.000000 0.265483
37.000000 91.000000 300.000000 0.212233
38.000000 262.000000 300.000000 0.180717
38.000000 263.000000 300.000000 0.425370
38.000000 264.000000 300.000000 0.238560
39.000000 299.000000 300.000000 0.213270
39.000000 24.000000 300.000000 0.420453
40.000000 116.000000 300.000000 0.377560
121.000000 41.000000 300.000000 0.206540
41.000000 121.000000 300.000000 0.206540
41.000000 42.000000 300.000000 0.221790
43.000000 188.000000 300.000000 0.277603
43.000000 69.000000 300.000000 0.152320
44.000000 45.000000 300.000000 0.647383
44.000000 34.000000 300.000000 0.425310
45.000000 7.000000 300.000000 0.412860
45.000000 46.000000 300.000000 0.550187
46.000000 303.000000 300.000000 0.411573
47.000000 77.000000 300.000000 0.023050
47.000000 66.000000 300.000000 0.255907
48.000000 47.000000 300.000000 0.405740
48.000000 12.000000 300.000000 0.273357
49.000000 68.000000 300.000000 0.242793
49.000000 48.000000 300.000000 0.421510
50.000000 51.000000 300.000000 0.414720
50.000000 74.000000 300.000000 0.261717
51.000000 182.000000 300.000000 0.121450
52.000000 55.000000 300.000000 0.026077
52.000000 53.000000 300.000000 0.385733
53.000000 163.000000 300.000000 0.359123
53.000000 128.000000 300.000000 0.383040
54.000000 53.000000 300.000000 0.023353
54.000000 55.000000 300.000000 0.386293
55.000000 172.000000 300.000000 0.366977
55.000000 201.000000 300.000000 0.378733
56.000000 15.000000 300.000000 0.413853
56.000000 230.000000 300.000000 0.262163
57.000000 107.000000 300.000000 0.377770
58.000000 17.000000 300.000000 0.201057
59.000000 58.000000 300.000000 0.550637
58.000000 59.000000 300.000000 0.550637
58.000000 59.000000 300.000000 0.550637
59.000000 58.000000 300.000000 0.550637
59.000000 25.000000 300.000000 0.208533
60.000000 1.000000 300.000000 0.260557
61.000000 79.000000 300.000000 0.578737
61.000000 60.000000 300.000000 0.198183
62.000000 61.000000 300.000000 0.419913
62.000000 70.000000 300.000000 0.265823
63.000000 62.000000 300.000000 0.050410
64.000000 63.000000 300.000000 0.302930
64.000000 12.000000 300.000000 0.147527
65.000000 66.000000 300.000000 0.024827
65.000000 77.000000 300.000000 0.256580
66.000000 5.000000 300.000000 0.256760
66.000000 67.000000 300.000000 0.405123
67.000000 48.000000 300.000000 0.250683
67.000000 68.000000 300.000000 0.421807
68.000000 6.000000 300.000000 0.261410
210.000000 69.000000 300.000000 0.332347
69.000000 210.000000 300.000000 0.332347
69.000000 2.000000 300.000000 0.271843
70.000000 71.000000 300.000000 0.020140
70.000000 32.000000 300.000000 0.335473
71.000000 97.000000 300.000000 0.259843
71.000000 72.000000 300.000000 0.383073
72.000000 30.000000 300.000000 0.307643
73.000000 72.000000 300.000000 0.173607
72.000000 73.000000 300.000000 0.173607
72.000000 73.000000 300.000000 0.173607
73.000000 72.000000 300.000000 0.173607
230.000000 74.000000 300.000000 0.414807
74.000000 230.000000 300.000000 0.414807
74.000000 15.000000 300.000000 0.250733
75.000000 76.000000 300.000000 0.331710
75.000000 80.000000 300.000000 0.425807
76.000000 44.000000 300.000000 0.340757
76.000000 82.000000 300.000000 0.416660
77.000000 31.000000 300.000000 0.299027
78.000000 241.000000 300.000000 0.170930
78.000000 61.000000 300.000000 0.257827
79.000000 82.000000 300.000000 0.332177
79.000000 75.000000 300.000000 0.421683
80.000000 9.000000 300.000000 0.232193
81.000000 80.000000 300.000000 0.328540
81.000000 76.000000 300.000000 0.432087
82.000000 63.000000 300.000000 0.560530
82.000000 33.000000 300.000000 0.342380
83.000000 84.000000 300.000000 0.389253
83.000000 4.000000 300.000000 0.275137
84.000000 85.000000 300.000000 0.411890
85.000000 56.000000 300.000000 0.273697
87.000000 86.000000 300.000000 0.104307
86.000000 87.000000 300.000000 0.104307
94.000000 86.000000 300.000000 0.112850
86.000000 94.000000 300.000000 0.112850
93.000000 86.000000 300.000000 0.210957
86.000000 93.000000 300.000000 0.210957
86.000000 87.000000 300.000000 0.104307
87.000000 86.000000 300.000000 0.104307
88.000000 89.000000 300.000000 0.209403
92.000000 89.000000 300.000000 0.047773
89.000000 92.000000 300.000000 0.047773
92.000000 90.000000 300.000000 0.184763
90.000000 92.000000 300.000000 0.184763
91.000000 90.000000 300.000000 0.293343
90.000000 91.000000 300.000000 0.293343
96.000000 90.000000 300.000000 0.306473
90.000000 96.000000 300.000000 0.306473
90.000000 91.000000 300.000000 0.293343
91.000000 90.000000 300.000000 0.293343
91.000000 8.000000 300.000000 0.218040
90.000000 92.000000 300.000000 0.184763
92.000000 90.000000 300.000000 0.184763
89.000000 92.000000 300.000000 0.047773
92.000000 89.000000 300.000000 0.047773
95.000000 92.000000 300.000000 0.368830
92.000000 95.000000 300.000000 0.368830
86.000000 93.000000 300.000000 0.210957
93.000000 86.000000 300.000000 0.210957
93.000000 8.000000 300.000000 0.299207
86.000000 94.000000 300.000000 0.112850
94.000000 86.000000 300.000000 0.112850
94.000000 17.000000 300.000000 0.202370
95.000000 18.000000 300.000000 0.501070
92.000000 95.000000 300.000000 0.368830
95.000000 92.000000 300.000000 0.368830
238.000000 95.000000 300.000000 0.425413
95.000000 238.000000 300.000000 0.425413
96.000000 95.000000 300.000000 0.190580
285.000000 96.000000 300.000000 0.282007
96.000000 285.000000 300.000000 0.282007
90.000000 96.000000 300.000000 0.306473
96.000000 90.000000 300.000000 0.306473
97.000000 271.000000 300.000000 0.170600
97.000000 98.000000 300.000000 0.387863
98.000000 72.000000 300.000000 0.255003
98.000000 99.000000 300.000000 0.406953
99.000000 108.000000 300.000000 0.380847
99.000000 57.000000 300.000000 0.368830
100.000000 122.000000 300.000000 0.284053
100.000000 124.000000 300.000000 0.246127
101.000000 60.000000 300.000000 0.039030
101.000000 281.000000 300.000000 0.283157
102.000000 231.000000 300.000000 0.266190
194.000000 102.000000 300.000000 0.376063
102.000000 194.000000 300.000000 0.376063
103.000000 183.000000 300.000000 0.376963
103.000000 102.000000 300.000000 0.377433
104.000000 140.000000 300.000000 0.378927
104.000000 181.000000 300.000000 0.379160
105.000000 40.000000 300.000000 0.351860
105.000000 257.000000 300.000000 0.381563
106.000000 105.000000 300.000000 0.037713
106.000000 115.000000 300.000000 0.376300
107.000000 108.000000 300.000000 0.374307
107.000000 106.000000 300.000000 0.382470
108.000000 28.000000 300.000000 0.488907
108.000000 109.000000 300.000000 0.375940
109.000000 106.000000 300.000000 0.374353
109.000000 284.000000 300.000000 0.380527
110.000000 258.000000 300.000000 0.383113
111.000000 105.000000 300.000000 0.373227
111.000000 116.000000 300.000000 0.374700
112.000000 209.000000 300.000000 0.032660
112.000000 111.000000 300.000000 0.387103
113.000000 112.000000 300.000000 0.372733
207.000000 113.000000 300.000000 0.435047
113.000000 207.000000 300.000000 0.435047
191.000000 114.000000 300.000000 0.377667
114.000000 191.000000 300.000000 0.377667
114.000000 211.000000 300.000000 0.370453
115.000000 111.000000 300.000000 0.034803
115.000000 209.000000 300.000000 0.384843
116.000000 117.000000 300.000000 0.386830
117.000000 112.000000 300.000000 0.399243
117.000000 207.000000 300.000000 0.376617
118.000000 288.000000 300.000000 0.124780
118.000000 119.000000 300.000000 0.405633
119.000000 18.000000 300.000000 0.325560
119.000000 283.000000 300.000000 0.220120
120.000000 267.000000 300.000000 0.152397
121.000000 120.000000 300.000000 0.616933
19.000000 121.000000 300.000000 0.222320
121.000000 19.000000 300.000000 0.222320
41.000000 121.000000 300.000000 0.206540
121.000000 41.000000 300.000000 0.206540
122.000000 269.000000 300.000000 0.154810
122.000000 101.000000 300.000000 0.117987
269.000000 123.000000 300.000000 0.240140
123.000000 269.000000 300.000000 0.240140
123.000000 124.000000 300.000000 0.445477
124.000000 110.000000 300.000000 0.780400
125.000000 130.000000 300.000000 0.374120
125.000000 147.000000 300.000000 0.380427
126.000000 177.000000 300.000000 0.379533
126.000000 129.000000 300.000000 0.379473
127.000000 125.000000 300.000000 0.372357
127.000000 297.000000 300.000000 0.192257
128.000000 127.000000 300.000000 0.024547
128.000000 146.000000 300.000000 0.378930
129.000000 138.000000 300.000000 0.375020
129.000000 131.000000 300.000000 0.374613
130.000000 138.000000 300.000000 0.375223
130.000000 131.000000 300.000000 0.378600
131.000000 203.000000 300.000000 0.382580
131.000000 132.000000 300.000000 0.375253
132.000000 125.000000 300.000000 0.380417
132.000000 54.000000 300.000000 0.371233
133.000000 128.000000 300.000000 0.354993
133.000000 163.000000 300.000000 0.387127
135.000000 134.000000 300.000000 0.258777
134.000000 135.000000 300.000000 0.258777
146.000000 134.000000 300.000000 0.355557
134.000000 146.000000 300.000000 0.355557
134.000000 133.000000 300.000000 0.379227
135.000000 157.000000 300.000000 0.390023
134.000000 135.000000 300.000000 0.258777
135.000000 134.000000 300.000000 0.258777
136.000000 126.000000 300.000000 0.372677
136.000000 104.000000 300.000000 0.389197
137.000000 144.000000 300.000000 0.375750
137.000000 142.000000 300.000000 0.386273
138.000000 136.000000 300.000000 0.381933
138.000000 235.000000 300.000000 0.192580
139.000000 136.000000 300.000000 0.381290
139.000000 137.000000 300.000000 0.373060
140.000000 211.000000 300.000000 0.384053
140.000000 139.000000 300.000000 0.394427
141.000000 113.000000 300.000000 0.387830
141.000000 274.000000 300.000000 0.473623
142.000000 291.000000 300.000000 0.212627
142.000000 245.000000 300.000000 0.038700
143.000000 149.000000 300.000000 0.039513
143.000000 294.000000 300.000000 0.116407
144.000000 147.000000 300.000000 0.379730
144.000000 130.000000 300.000000 0.377170
145.000000 127.000000 300.000000 0.379623
134.000000 146.000000 300.000000 0.355557
146.000000 134.000000 300.000000 0.355557
146.000000 212.000000 300.000000 0.385590
147.000000 145.000000 300.000000 0.370973
147.000000 143.000000 300.000000 0.381227
148.000000 228.000000 300.000000 0.222250
148.000000 144.000000 300.000000 0.388383
149.000000 226.000000 300.000000 0.180737
150.000000 151.000000 300.000000 0.039420
150.000000 152.000000 300.000000 0.367663
151.000000 224.000000 300.000000 0.142150
151.000000 154.000000 300.000000 0.355807
152.000000 141.000000 300.000000 0.812243
153.000000 154.000000 300.000000 0.043827
153.000000 156.000000 300.000000 0.409437
153.000000 150.000000 300.000000 0.379760
154.000000 155.000000 300.000000 0.026593
154.000000 219.000000 300.000000 0.305720
155.000000 153.000000 300.000000 0.035410
155.000000 160.000000 300.000000 0.359840
156.000000 286.000000 300.000000 0.402773
256.000000 157.000000 300.000000 0.175827
157.000000 256.000000 300.000000 0.175827
232.000000 157.000000 300.000000 0.134447
157.000000 232.000000 300.000000 0.134447
215.000000 158.000000 300.000000 0.320027
158.000000 215.000000 300.000000 0.320027
222.000000 158.000000 300.000000 0.331130
158.000000 222.000000 300.000000 0.331130
206.000000 158.000000 300.000000 0.316993
158.000000 206.000000 300.000000 0.316993
248.000000 159.000000 300.000000 0.037253
159.000000 248.000000 300.000000 0.037253
159.000000 223.000000 300.000000 0.313343
222.000000 160.000000 300.000000 0.305663
160.000000 222.000000 300.000000 0.305663
160.000000 159.000000 300.000000 0.378753
161.000000 153.000000 300.000000 0.367917
254.000000 161.000000 300.000000 0.375907
161.000000 254.000000 300.000000 0.375907
163.000000 164.000000 300.000000 0.377387
163.000000 202.000000 300.000000 0.382990
218.000000 164.000000 300.000000 0.190880
164.000000 218.000000 300.000000 0.190880
164.000000 167.000000 300.000000 0.379787
164.000000 204.000000 300.000000 0.154093
165.000000 196.000000 300.000000 0.377893
165.000000 180.000000 300.000000 0.364447
166.000000 177.000000 300.000000 0.378520
166.000000 129.000000 300.000000 0.379953
167.000000 170.000000 300.000000 0.376493
167.000000 202.000000 300.000000 0.370350
168.000000 204.000000 300.000000 0.411327
168.000000 167.000000 300.000000 0.295627
169.000000 170.000000 300.000000 0.380643
170.000000 171.000000 300.000000 0.428960
171.000000 168.000000 300.000000 0.403097
171.000000 179.000000 300.000000 0.194397
172.000000 203.000000 300.000000 0.375327
172.000000 132.000000 300.000000 0.384123
173.000000 253.000000 300.000000 0.378983
173.000000 252.000000 300.000000 0.377050
174.000000 175.000000 300.000000 0.381000
193.000000 174.000000 300.000000 0.374797
174.000000 193.000000 300.000000 0.374797
180.000000 174.000000 300.000000 0.383920
174.000000 180.000000 300.000000 0.383920
175.000000 192.000000 300.000000 0.375470
176.000000 199.000000 300.000000 0.378750
177.000000 176.000000 300.000000 0.383573
177.000000 165.000000 300.000000 0.397450
178.000000 168.000000 300.000000 0.191523
178.000000 179.000000 300.000000 0.407307
174.000000 180.000000 300.000000 0.383920
180.000000 174.000000 300.000000 0.383920
180.000000 184.000000 300.000000 0.376470
191.000000 181.000000 300.000000 0.380927
181.000000 191.000000 300.000000 0.380927
181.000000 251.000000 300.000000 0.378517
182.000000 103.000000 300.000000 0.376450
182.000000 29.000000 300.000000 0.229787
183.000000 27.000000 300.000000 0.371123
183.000000 173.000000 300.000000 0.377193
184.000000 196.000000 300.000000 0.362733
185.000000 175.000000 300.000000 0.379503
185.000000 193.000000 300.000000 0.378333
186.000000 3.000000 300.000000 0.110327
186.000000 185.000000 300.000000 0.382573
187.000000 201.000000 300.000000 0.365267
187.000000 172.000000 300.000000 0.378507
188.000000 197.000000 300.000000 0.220530
210.000000 188.000000 300.000000 0.150907
188.000000 210.000000 300.000000 0.150907
189.000000 190.000000 300.000000 0.192727
210.000000 189.000000 300.000000 0.275280
189.000000 210.000000 300.000000 0.275280
189.000000 2.000000 300.000000 0.431353
268.000000 190.000000 300.000000 0.505253
190.000000 268.000000 300.000000 0.505253
190.000000 262.000000 300.000000 0.265880
114.000000 191.000000 300.000000 0.377667
191.000000 114.000000 300.000000 0.377667
181.000000 191.000000 300.000000 0.380927
191.000000 181.000000 300.000000 0.380927
191.000000 140.000000 300.000000 0.375157
192.000000 180.000000 300.000000 0.383820
192.000000 195.000000 300.000000 0.373223
193.000000 173.000000 300.000000 0.379890
194.000000 193.000000 300.000000 0.382517
193.000000 194.000000 300.000000 0.382517
174.000000 193.000000 300.000000 0.374797
193.000000 174.000000 300.000000 0.374797
194.000000 183.000000 300.000000 0.385360
102.000000 194.000000 300.000000 0.376063
194.000000 102.000000 300.000000 0.376063
193.000000 194.000000 300.000000 0.382517
194.000000 193.000000 300.000000 0.382517
195.000000 165.000000 300.000000 0.383193
195.000000 176.000000 300.000000 0.396757
196.000000 104.000000 300.000000 0.373317
196.000000 126.000000 300.000000 0.392953
197.000000 75.000000 300.000000 0.227303
197.000000 10.000000 300.000000 0.420620
198.000000 187.000000 300.000000 0.375250
199.000000 198.000000 300.000000 0.376770
199.000000 166.000000 300.000000 0.379600
200.000000 169.000000 300.000000 0.356823
200.000000 52.000000 300.000000 0.378737
201.000000 200.000000 300.000000 0.025457
202.000000 52.000000 300.000000 0.361520
202.000000 169.000000 300.000000 0.375823
203.000000 166.000000 300.000000 0.376287
203.000000 198.000000 300.000000 0.381600
204.000000 282.000000 300.000000 0.403390
272.000000 205.000000 300.000000 0.177360
205.000000 272.000000 300.000000 0.177360
205.000000 26.000000 300.000000 0.199500
206.000000 278.000000 300.000000 0.174067
158.000000 206.000000 300.000000 0.316993
206.000000 158.000000 300.000000 0.316993
113.000000 207.000000 300.000000 0.435047
207.000000 113.000000 300.000000 0.435047
207.000000 274.000000 300.000000 0.389063
208.000000 110.000000 300.000000 0.327760
208.000000 100.000000 300.000000 0.799457
209.000000 250.000000 300.000000 0.381993
209.000000 114.000000 300.000000 0.374660
69.000000 210.000000 300.000000 0.332347
210.000000 69.000000 300.000000 0.332347
189.000000 210.000000 300.000000 0.275280
210.000000 189.000000 300.000000 0.275280
188.000000 210.000000 300.000000 0.150907
210.000000 188.000000 300.000000 0.150907
211.000000 141.000000 300.000000 0.041650
211.000000 242.000000 300.000000 0.394720
211.000000 243.000000 300.000000 0.443753
212.000000 220.000000 300.000000 0.039783
212.000000 279.000000 300.000000 0.139260
213.000000 150.000000 300.000000 0.405117
213.000000 156.000000 300.000000 0.364163
214.000000 155.000000 300.000000 0.304540
215.000000 214.000000 300.000000 0.339160
158.000000 215.000000 300.000000 0.320027
215.000000 158.000000 300.000000 0.320027
216.000000 217.000000 300.000000 0.041760
216.000000 295.000000 300.000000 0.196947
217.000000 212.000000 300.000000 0.028693
217.000000 145.000000 300.000000 0.384737
164.000000 218.000000 300.000000 0.190880
218.000000 164.000000 300.000000 0.190880
225.000000 219.000000 300.000000 0.363797
219.000000 225.000000 300.000000 0.363797
219.000000 301.000000 300.000000 0.338573
220.000000 216.000000 300.000000 0.035310
220.000000 215.000000 300.000000 0.166567
221.000000 227.000000 300.000000 0.112643
160.000000 222.000000 300.000000 0.305663
222.000000 160.000000 300.000000 0.305663
158.000000 222.000000 300.000000 0.331130
222.000000 158.000000 300.000000 0.331130
222.000000 214.000000 300.000000 0.364107
223.000000 222.000000 300.000000 0.374573
224.000000 225.000000 300.000000 0.154423
224.000000 247.000000 300.000000 0.142237
247.000000 225.000000 300.000000 0.074070
225.000000 247.000000 300.000000 0.074070
219.000000 225.000000 300.000000 0.363797
225.000000 219.000000 300.000000 0.363797
226.000000 225.000000 300.000000 0.263373
225.000000 226.000000 300.000000 0.263373
228.000000 226.000000 300.000000 0.043567
226.000000 228.000000 300.000000 0.043567
226.000000 246.000000 300.000000 0.203440
225.000000 226.000000 300.000000 0.263373
226.000000 225.000000 300.000000 0.263373
227.000000 162.000000 300.000000 0.178543
227.000000 296.000000 300.000000 0.589973
228.000000 143.000000 300.000000 0.161910
226.000000 228.000000 300.000000 0.043567
228.000000 226.000000 300.000000 0.043567
229.000000 98.000000 300.000000 0.366970
229.000000 57.000000 300.000000 0.401787
74.000000 230.000000 300.000000 0.414807
230.000000 74.000000 300.000000 0.414807
230.000000 51.000000 300.000000 0.261613
231.000000 56.000000 300.000000 0.374023
232.000000 134.000000 300.000000 0.376370
157.000000 232.000000 300.000000 0.134447
232.000000 157.000000 300.000000 0.134447
232.000000 206.000000 300.000000 0.080700
234.000000 233.000000 300.000000 0.256003
233.000000 234.000000 300.000000 0.256003
233.000000 200.000000 300.000000 0.190830
233.000000 234.000000 300.000000 0.256003
234.000000 233.000000 300.000000 0.256003
236.000000 235.000000 300.000000 0.294900
235.000000 236.000000 300.000000 0.294900
235.000000 137.000000 300.000000 0.188440
235.000000 236.000000 300.000000 0.294900
236.000000 235.000000 300.000000 0.294900
283.000000 237.000000 300.000000 0.137607
237.000000 283.000000 300.000000 0.137607
238.000000 36.000000 300.000000 0.404687
95.000000 238.000000 300.000000 0.425413
238.000000 95.000000 300.000000 0.425413
240.000000 239.000000 300.000000 0.169060
239.000000 240.000000 300.000000 0.169060
239.000000 8.000000 300.000000 0.198293
239.000000 240.000000 300.000000 0.169060
240.000000 239.000000 300.000000 0.169060
241.000000 97.000000 300.000000 0.023153
241.000000 70.000000 300.000000 0.256670
242.000000 292.000000 300.000000 0.177940
242.000000 139.000000 300.000000 0.383590
243.000000 244.000000 300.000000 0.399823
243.000000 270.000000 300.000000 0.151820
244.000000 152.000000 300.000000 0.034097
244.000000 151.000000 300.000000 0.366727
245.000000 293.000000 300.000000 0.199027
245.000000 249.000000 300.000000 0.220343
246.000000 148.000000 300.000000 0.038023
246.000000 290.000000 300.000000 0.162330
225.000000 247.000000 300.000000 0.074070
247.000000 225.000000 300.000000 0.074070
247.000000 246.000000 300.000000 0.219497
249.000000 247.000000 300.000000 0.391937
247.000000 249.000000 300.000000 0.391937
159.000000 248.000000 300.000000 0.037253
248.000000 159.000000 300.000000 0.037253
248.000000 162.000000 300.000000 0.589697
248.000000 296.000000 300.000000 0.177453
247.000000 249.000000 300.000000 0.391937
249.000000 247.000000 300.000000 0.391937
249.000000 244.000000 300.000000 0.109013
250.000000 251.000000 300.000000 0.378260
250.000000 191.000000 300.000000 0.376207
251.000000 253.000000 300.000000 0.374410
251.000000 252.000000 300.000000 0.377177
252.000000 284.000000 300.000000 0.376983
252.000000 27.000000 300.000000 0.379280
253.000000 174.000000 300.000000 0.378173
253.000000 184.000000 300.000000 0.390737
255.000000 254.000000 300.000000 0.188890
254.000000 255.000000 300.000000 0.188890
286.000000 254.000000 300.000000 0.189393
254.000000 286.000000 300.000000 0.189393
161.000000 254.000000 300.000000 0.375907
254.000000 161.000000 300.000000 0.375907
254.000000 255.000000 300.000000 0.188890
255.000000 254.000000 300.000000 0.188890
157.000000 256.000000 300.000000 0.175827
256.000000 157.000000 300.000000 0.175827
257.000000 107.000000 300.000000 0.035897
257.000000 208.000000 300.000000 0.380117
258.000000 257.000000 300.000000 0.343120
258.000000 40.000000 300.000000 0.383363
259.000000 118.000000 300.000000 0.334520
260.000000 23.000000 300.000000 0.426543
261.000000 260.000000 300.000000 0.316660
261.000000 259.000000 300.000000 0.419837
262.000000 261.000000 300.000000 0.327090
262.000000 118.000000 300.000000 0.419717
264.000000 263.000000 300.000000 0.720607
263.000000 264.000000 300.000000 0.720607
263.000000 35.000000 300.000000 0.472267
263.000000 264.000000 300.000000 0.720607
264.000000 263.000000 300.000000 0.720607
264.000000 9.000000 300.000000 0.198913
265.000000 35.000000 300.000000 0.242050
266.000000 265.000000 300.000000 0.209090
265.000000 266.000000 300.000000 0.209090
265.000000 266.000000 300.000000 0.209090
266.000000 265.000000 300.000000 0.209090
267.000000 283.000000 300.000000 0.129677
268.000000 260.000000 300.000000 0.210887
190.000000 268.000000 300.000000 0.505253
268.000000 190.000000 300.000000 0.505253
276.000000 269.000000 300.000000 0.187830
269.000000 276.000000 300.000000 0.187830
123.000000 269.000000 300.000000 0.240140
269.000000 123.000000 300.000000 0.240140
269.000000 287.000000 300.000000 0.410027
270.000000 242.000000 300.000000 0.038023
271.000000 78.000000 300.000000 0.026287
271.000000 0.000000 300.000000 0.194993
205.000000 272.000000 300.000000 0.177360
272.000000 205.000000 300.000000 0.177360
273.000000 101.000000 300.000000 0.137483
273.000000 60.000000 300.000000 0.131020
274.000000 275.000000 300.000000 0.065270
275.000000 213.000000 300.000000 0.897820
275.000000 280.000000 300.000000 4.897237
276.000000 273.000000 300.000000 0.026660
269.000000 276.000000 300.000000 0.187830
276.000000 269.000000 300.000000 0.187830
277.000000 11.000000 300.000000 0.207463
279.000000 278.000000 300.000000 0.036377
278.000000 279.000000 300.000000 0.036377
278.000000 220.000000 300.000000 0.152330
278.000000 279.000000 300.000000 0.036377
279.000000 278.000000 300.000000 0.036377
279.000000 232.000000 300.000000 0.244480
280.000000 123.000000 300.000000 0.373017
281.000000 100.000000 300.000000 0.056597
282.000000 135.000000 300.000000 0.408873
282.000000 133.000000 300.000000 0.386237
237.000000 283.000000 300.000000 0.137607
283.000000 237.000000 300.000000 0.137607
284.000000 250.000000 300.000000 0.378780
284.000000 115.000000 300.000000 0.376613
96.000000 285.000000 300.000000 0.282007
285.000000 96.000000 300.000000 0.282007
286.000000 221.000000 300.000000 0.232280
254.000000 286.000000 300.000000 0.189393
286.000000 254.000000 300.000000 0.189393
287.000000 280.000000 300.000000 0.235770
287.000000 43.000000 300.000000 0.408260
287.000000 10.000000 300.000000 0.345950
288.000000 22.000000 300.000000 0.140657
288.000000 289.000000 300.000000 0.302297
289.000000 38.000000 300.000000 0.210527
291.000000 290.000000 300.000000 0.038653
290.000000 291.000000 300.000000 0.038653
290.000000 245.000000 300.000000 0.210697
290.000000 291.000000 300.000000 0.038653
291.000000 290.000000 300.000000 0.038653
291.000000 148.000000 300.000000 0.161973
293.000000 292.000000 300.000000 0.037990
292.000000 293.000000 300.000000 0.037990
292.000000 142.000000 300.000000 0.196943
292.000000 293.000000 300.000000 0.037990
293.000000 292.000000 300.000000 0.037990
293.000000 270.000000 300.000000 0.173870
295.000000 294.000000 300.000000 0.039483
294.000000 295.000000 300.000000 0.039483
294.000000 217.000000 300.000000 0.217413
295.000000 149.000000 300.000000 0.116687
294.000000 295.000000 300.000000 0.039483
295.000000 294.000000 300.000000 0.039483
296.000000 161.000000 300.000000 0.192213
297.000000 54.000000 300.000000 0.190863
298.000000 297.000000 300.000000 0.257667
297.000000 298.000000 300.000000 0.257667
297.000000 298.000000 300.000000 0.257667
298.000000 297.000000 300.000000 0.257667
299.000000 26.000000 300.000000 0.340133
300.000000 299.000000 300.000000 0.201900
299.000000 300.000000 300.000000 0.201900
299.000000 300.000000 300.000000 0.201900
300.000000 299.000000 300.000000 0.201900
301.000000 216.000000 300.000000 0.150430
302.000000 301.000000 300.000000 0.140760
301.000000 302.000000 300.000000 0.140760
301.000000 302.000000 300.000000 0.140760
302.000000 301.000000 300.000000 0.140760
303.000000 20.000000 300.000000 0.207500
