2.000000 0.000000 300.000000 0.090403
0.000000 2.000000 300.000000 0.090403
4.000000 0.000000 300.000000 0.061123
0.000000 4.000000 300.000000 0.061123
148.000000 1.000000 300.000000 0.111600
1.000000 148.000000 300.000000 0.111600
151.000000 1.000000 300.000000 0.042223
1.000000 151.000000 300.000000 0.042223
144.000000 1.000000 300.000000 0.148827
1.000000 144.000000 300.000000 0.148827
113.000000 2.000000 300.000000 0.572447
2.000000 113.000000 300.000000 0.572447
3.000000 2.000000 300.000000 0.164287
2.000000 3.000000 300.000000 0.164287
0.000000 2.000000 300.000000 0.090403
2.000000 0.000000 300.000000 0.090403
107.000000 3.000000 300.000000 0.547163
3.000000 107.000000 300.000000 0.547163
95.000000 3.000000 300.000000 0.158960
3.000000 95.000000 300.000000 0.158960
2.000000 3.000000 300.000000 0.164287
3.000000 2.000000 300.000000 0.164287
118.000000 4.000000 300.000000 0.599863
4.000000 118.000000 300.000000 0.599863
0.000000 4.000000 300.000000 0.061123
4.000000 0.000000 300.000000 0.061123
18.000000 4.000000 300.000000 0.468307
4.000000 18.000000 300.000000 0.468307
20.000000 5.000000 300.000000 0.035343
5.000000 20.000000 300.000000 0.035343
8.000000 5.000000 300.000000 0.154333
5.000000 8.000000 300.000000 0.154333
6.000000 5.000000 300.000000 0.380830
5.000000 6.000000 300.000000 0.380830
5.000000 6.000000 300.000000 0.380830
6.000000 5.000000 300.000000 0.380830
8.000000 7.000000 300.000000 0.466490
7.000000 8.000000 300.000000 0.466490
7.000000 6.000000 300.000000 0.181600
7.000000 8.000000 300.000000 0.466490
8.000000 7.000000 300.000000 0.466490
5.000000 8.000000 300.000000 0.154333
8.000000 5.000000 300.000000 0.154333
9.000000 8.000000 300.000000 0.149260
8.000000 9.000000 300.000000 0.149260
8.000000 9.000000 300.000000 0.149260
9.000000 8.000000 300.000000 0.149260
21.000000 9.000000 300.000000 0.168817
9.000000 21.000000 300.000000 0.168817
10.000000 427.000000 300.000000 0.064160
10.000000 426.000000 300.000000 0.031290
11.000000 370.000000 300.000000 0.029257
11.000000 180.000000 300.000000 0.188497
12.000000 442.000000 300.000000 0.048670
404.000000 12.000000 300.000000 0.424967
12.000000 404.000000 300.000000 0.424967
345.000000 13.000000 300.000000 0.479837
13.000000 345.000000 300.000000 0.479837
13.000000 226.000000 300.000000 0.157913
258.000000 14.000000 300.000000 0.291017
14.000000 258.000000 300.000000 0.291017
15.000000 355.000000 300.000000 0.193733
15.000000 231.000000 300.000000 0.033777
16.000000 230.000000 300.000000 0.159450
273.000000 16.000000 300.000000 0.548530
16.000000 273.000000 300.000000 0.548530
415.000000 17.000000 300.000000 0.034610
17.000000 415.000000 300.000000 0.034610
17.000000 158.000000 300.000000 0.172640
4.000000 18.000000 300.000000 0.468307
18.000000 4.000000 300.000000 0.468307
134.000000 18.000000 300.000000 0.107727
18.000000 134.000000 300.000000 0.107727
120.000000 18.000000 300.000000 0.807647
18.000000 120.000000 300.000000 0.807647
380.000000 19.000000 300.000000 0.031303
19.000000 380.000000 300.000000 0.031303
19.000000 417.000000 300.000000 0.462080
5.000000 20.000000 300.000000 0.035343
20.000000 5.000000 300.000000 0.035343
28.000000 20.000000 300.000000 0.670087
20.000000 28.000000 300.000000 0.670087
9.000000 21.000000 300.000000 0.168817
21.000000 9.000000 300.000000 0.168817
28.000000 21.000000 300.000000 0.158193
21.000000 28.000000 300.000000 0.158193
44.000000 22.000000 300.000000 0.158607
22.000000 44.000000 300.000000 0.158607
24.000000 22.000000 300.000000 0.167167
22.000000 24.000000 300.000000 0.167167
30.000000 22.000000 300.000000 0.480933
22.000000 30.000000 300.000000 0.480933
275.000000 23.000000 300.000000 0.195250
23.000000 275.000000 300.000000 0.195250
292.000000 23.000000 300.000000 0.199413
23.000000 292.000000 300.000000 0.199413
23.000000 263.000000 300.000000 0.408840
425.000000 23.000000 300.000000 0.114793
23.000000 425.000000 300.000000 0.114793
22.000000 24.000000 300.000000 0.167167
24.000000 22.000000 300.000000 0.167167
405.000000 24.000000 300.000000 0.155370
24.000000 405.000000 300.000000 0.155370
463.000000 25.000000 300.000000 0.040440
25.000000 463.000000 300.000000 0.040440
26.000000 408.000000 300.000000 0.031503
27.000000 25.000000 300.000000 0.863213
21.000000 28.000000 300.000000 0.158193
28.000000 21.000000 300.000000 0.158193
29.000000 28.000000 300.000000 0.155847
28.000000 29.000000 300.000000 0.155847
20.000000 28.000000 300.000000 0.670087
28.000000 20.000000 300.000000 0.670087
33.000000 29.000000 300.000000 0.521600
29.000000 33.000000 300.000000 0.521600
28.000000 29.000000 300.000000 0.155847
29.000000 28.000000 300.000000 0.155847
32.000000 29.000000 300.000000 0.155450
29.000000 32.000000 300.000000 0.155450
22.000000 30.000000 300.000000 0.480933
30.000000 22.000000 300.000000 0.480933
30.000000 11.000000 300.000000 0.145363
34.000000 31.000000 300.000000 0.149273
31.000000 34.000000 300.000000 0.149273
404.000000 31.000000 300.000000 0.103127
31.000000 404.000000 300.000000 0.103127
340.000000 31.000000 300.000000 0.464277
31.000000 340.000000 300.000000 0.464277
36.000000 32.000000 300.000000 0.473030
32.000000 36.000000 300.000000 0.473030
35.000000 32.000000 300.000000 0.154427
32.000000 35.000000 300.000000 0.154427
29.000000 32.000000 300.000000 0.155450
32.000000 29.000000 300.000000 0.155450
29.000000 33.000000 300.000000 0.521600
33.000000 29.000000 300.000000 0.521600
36.000000 33.000000 300.000000 0.197590
33.000000 36.000000 300.000000 0.197590
34.000000 33.000000 300.000000 0.163300
33.000000 34.000000 300.000000 0.163300
44.000000 34.000000 300.000000 0.562820
34.000000 44.000000 300.000000 0.562820
31.000000 34.000000 300.000000 0.149273
34.000000 31.000000 300.000000 0.149273
37.000000 34.000000 300.000000 0.160600
34.000000 37.000000 300.000000 0.160600
33.000000 34.000000 300.000000 0.163300
34.000000 33.000000 300.000000 0.163300
32.000000 35.000000 300.000000 0.154427
35.000000 32.000000 300.000000 0.154427
38.000000 35.000000 300.000000 0.158223
35.000000 38.000000 300.000000 0.158223
39.000000 35.000000 300.000000 0.424980
35.000000 39.000000 300.000000 0.424980
32.000000 36.000000 300.000000 0.473030
36.000000 32.000000 300.000000 0.473030
39.000000 36.000000 300.000000 0.307883
36.000000 39.000000 300.000000 0.307883
33.000000 36.000000 300.000000 0.197590
36.000000 33.000000 300.000000 0.197590
40.000000 37.000000 300.000000 0.147717
37.000000 40.000000 300.000000 0.147717
34.000000 37.000000 300.000000 0.160600
37.000000 34.000000 300.000000 0.160600
48.000000 37.000000 300.000000 0.556553
37.000000 48.000000 300.000000 0.556553
41.000000 38.000000 300.000000 0.398573
38.000000 41.000000 300.000000 0.398573
35.000000 38.000000 300.000000 0.158223
38.000000 35.000000 300.000000 0.158223
42.000000 38.000000 300.000000 0.152350
38.000000 42.000000 300.000000 0.152350
41.000000 39.000000 300.000000 0.100687
39.000000 41.000000 300.000000 0.100687
36.000000 39.000000 300.000000 0.307883
39.000000 36.000000 300.000000 0.307883
35.000000 39.000000 300.000000 0.424980
39.000000 35.000000 300.000000 0.424980
50.000000 40.000000 300.000000 0.559437
40.000000 50.000000 300.000000 0.559437
43.000000 40.000000 300.000000 0.154397
40.000000 43.000000 300.000000 0.154397
37.000000 40.000000 300.000000 0.147717
40.000000 37.000000 300.000000 0.147717
38.000000 41.000000 300.000000 0.398573
41.000000 38.000000 300.000000 0.398573
45.000000 41.000000 300.000000 0.147927
41.000000 45.000000 300.000000 0.147927
39.000000 41.000000 300.000000 0.100687
41.000000 39.000000 300.000000 0.100687
45.000000 42.000000 300.000000 0.417940
42.000000 45.000000 300.000000 0.417940
38.000000 42.000000 300.000000 0.152350
42.000000 38.000000 300.000000 0.152350
46.000000 42.000000 300.000000 0.148357
42.000000 46.000000 300.000000 0.148357
54.000000 43.000000 300.000000 0.563580
43.000000 54.000000 300.000000 0.563580
47.000000 43.000000 300.000000 0.155650
43.000000 47.000000 300.000000 0.155650
40.000000 43.000000 300.000000 0.154397
43.000000 40.000000 300.000000 0.154397
22.000000 44.000000 300.000000 0.158607
44.000000 22.000000 300.000000 0.158607
48.000000 44.000000 300.000000 0.150737
44.000000 48.000000 300.000000 0.150737
34.000000 44.000000 300.000000 0.562820
44.000000 34.000000 300.000000 0.562820
42.000000 45.000000 300.000000 0.417940
45.000000 42.000000 300.000000 0.417940
49.000000 45.000000 300.000000 0.112010
45.000000 49.000000 300.000000 0.112010
41.000000 45.000000 300.000000 0.147927
45.000000 41.000000 300.000000 0.147927
51.000000 46.000000 300.000000 0.366713
46.000000 51.000000 300.000000 0.366713
42.000000 46.000000 300.000000 0.148357
46.000000 42.000000 300.000000 0.148357
53.000000 46.000000 300.000000 0.159073
46.000000 53.000000 300.000000 0.159073
58.000000 47.000000 300.000000 0.562230
47.000000 58.000000 300.000000 0.562230
52.000000 47.000000 300.000000 0.146490
47.000000 52.000000 300.000000 0.146490
43.000000 47.000000 300.000000 0.155650
47.000000 43.000000 300.000000 0.155650
44.000000 48.000000 300.000000 0.150737
48.000000 44.000000 300.000000 0.150737
50.000000 48.000000 300.000000 0.155900
48.000000 50.000000 300.000000 0.155900
37.000000 48.000000 300.000000 0.556553
48.000000 37.000000 300.000000 0.556553
45.000000 49.000000 300.000000 0.112010
49.000000 45.000000 300.000000 0.112010
51.000000 49.000000 300.000000 0.079803
49.000000 51.000000 300.000000 0.079803
52.000000 49.000000 300.000000 0.039460
49.000000 52.000000 300.000000 0.039460
48.000000 50.000000 300.000000 0.155900
50.000000 48.000000 300.000000 0.155900
54.000000 50.000000 300.000000 0.149067
50.000000 54.000000 300.000000 0.149067
40.000000 50.000000 300.000000 0.559437
50.000000 40.000000 300.000000 0.559437
46.000000 51.000000 300.000000 0.366713
51.000000 46.000000 300.000000 0.366713
56.000000 51.000000 300.000000 0.153027
51.000000 56.000000 300.000000 0.153027
49.000000 51.000000 300.000000 0.079803
51.000000 49.000000 300.000000 0.079803
55.000000 52.000000 300.000000 0.234300
52.000000 55.000000 300.000000 0.234300
47.000000 52.000000 300.000000 0.146490
52.000000 47.000000 300.000000 0.146490
49.000000 52.000000 300.000000 0.039460
52.000000 49.000000 300.000000 0.039460
56.000000 53.000000 300.000000 0.379913
53.000000 56.000000 300.000000 0.379913
46.000000 53.000000 300.000000 0.159073
53.000000 46.000000 300.000000 0.159073
57.000000 53.000000 300.000000 0.159537
53.000000 57.000000 300.000000 0.159537
50.000000 54.000000 300.000000 0.149067
54.000000 50.000000 300.000000 0.149067
58.000000 54.000000 300.000000 0.151567
54.000000 58.000000 300.000000 0.151567
43.000000 54.000000 300.000000 0.563580
54.000000 43.000000 300.000000 0.563580
52.000000 55.000000 300.000000 0.234300
55.000000 52.000000 300.000000 0.234300
61.000000 55.000000 300.000000 0.333847
55.000000 61.000000 300.000000 0.333847
65.000000 55.000000 300.000000 0.485357
55.000000 65.000000 300.000000 0.485357
60.000000 56.000000 300.000000 0.151480
56.000000 60.000000 300.000000 0.151480
53.000000 56.000000 300.000000 0.379913
56.000000 53.000000 300.000000 0.379913
51.000000 56.000000 300.000000 0.153027
56.000000 51.000000 300.000000 0.153027
60.000000 57.000000 300.000000 0.395137
57.000000 60.000000 300.000000 0.395137
53.000000 57.000000 300.000000 0.159537
57.000000 53.000000 300.000000 0.159537
59.000000 57.000000 300.000000 0.156997
57.000000 59.000000 300.000000 0.156997
54.000000 58.000000 300.000000 0.151567
58.000000 54.000000 300.000000 0.151567
61.000000 58.000000 300.000000 0.159233
58.000000 61.000000 300.000000 0.159233
47.000000 58.000000 300.000000 0.562230
58.000000 47.000000 300.000000 0.562230
62.000000 59.000000 300.000000 0.377120
59.000000 62.000000 300.000000 0.377120
63.000000 59.000000 300.000000 0.152657
59.000000 63.000000 300.000000 0.152657
57.000000 59.000000 300.000000 0.156997
59.000000 57.000000 300.000000 0.156997
56.000000 60.000000 300.000000 0.151480
60.000000 56.000000 300.000000 0.151480
57.000000 60.000000 300.000000 0.395137
60.000000 57.000000 300.000000 0.395137
62.000000 60.000000 300.000000 0.170847
60.000000 62.000000 300.000000 0.170847
58.000000 61.000000 300.000000 0.159233
61.000000 58.000000 300.000000 0.159233
55.000000 61.000000 300.000000 0.333847
61.000000 55.000000 300.000000 0.333847
65.000000 61.000000 300.000000 0.146313
61.000000 65.000000 300.000000 0.146313
59.000000 62.000000 300.000000 0.377120
62.000000 59.000000 300.000000 0.377120
66.000000 62.000000 300.000000 0.155537
62.000000 66.000000 300.000000 0.155537
60.000000 62.000000 300.000000 0.170847
62.000000 60.000000 300.000000 0.170847
66.000000 63.000000 300.000000 0.397460
63.000000 66.000000 300.000000 0.397460
59.000000 63.000000 300.000000 0.152657
63.000000 59.000000 300.000000 0.152657
67.000000 63.000000 300.000000 0.166547
63.000000 67.000000 300.000000 0.166547
75.000000 64.000000 300.000000 0.413527
64.000000 75.000000 300.000000 0.413527
68.000000 64.000000 300.000000 0.151200
64.000000 68.000000 300.000000 0.151200
69.000000 64.000000 300.000000 0.562293
64.000000 69.000000 300.000000 0.562293
70.000000 65.000000 300.000000 0.154620
65.000000 70.000000 300.000000 0.154620
61.000000 65.000000 300.000000 0.146313
65.000000 61.000000 300.000000 0.146313
55.000000 65.000000 300.000000 0.485357
65.000000 55.000000 300.000000 0.485357
73.000000 66.000000 300.000000 0.153657
66.000000 73.000000 300.000000 0.153657
63.000000 66.000000 300.000000 0.397460
66.000000 63.000000 300.000000 0.397460
62.000000 66.000000 300.000000 0.155537
66.000000 62.000000 300.000000 0.155537
63.000000 67.000000 300.000000 0.166547
67.000000 63.000000 300.000000 0.166547
72.000000 67.000000 300.000000 0.164870
67.000000 72.000000 300.000000 0.164870
71.000000 67.000000 300.000000 0.347820
67.000000 71.000000 300.000000 0.347820
79.000000 68.000000 300.000000 0.412847
68.000000 79.000000 300.000000 0.412847
74.000000 68.000000 300.000000 0.165883
68.000000 74.000000 300.000000 0.165883
64.000000 68.000000 300.000000 0.151200
68.000000 64.000000 300.000000 0.151200
75.000000 69.000000 300.000000 0.160777
69.000000 75.000000 300.000000 0.160777
64.000000 69.000000 300.000000 0.562293
69.000000 64.000000 300.000000 0.562293
70.000000 69.000000 300.000000 0.046720
69.000000 70.000000 300.000000 0.046720
65.000000 70.000000 300.000000 0.154620
70.000000 65.000000 300.000000 0.154620
86.000000 70.000000 300.000000 0.547230
70.000000 86.000000 300.000000 0.547230
69.000000 70.000000 300.000000 0.046720
70.000000 69.000000 300.000000 0.046720
77.000000 71.000000 300.000000 0.154250
71.000000 77.000000 300.000000 0.154250
67.000000 71.000000 300.000000 0.347820
71.000000 67.000000 300.000000 0.347820
73.000000 71.000000 300.000000 0.076857
71.000000 73.000000 300.000000 0.076857
77.000000 72.000000 300.000000 0.404023
72.000000 77.000000 300.000000 0.404023
67.000000 72.000000 300.000000 0.164870
72.000000 67.000000 300.000000 0.164870
76.000000 72.000000 300.000000 0.161317
72.000000 76.000000 300.000000 0.161317
66.000000 73.000000 300.000000 0.153657
73.000000 66.000000 300.000000 0.153657
71.000000 73.000000 300.000000 0.076857
73.000000 71.000000 300.000000 0.076857
74.000000 73.000000 300.000000 0.145227
73.000000 74.000000 300.000000 0.145227
68.000000 74.000000 300.000000 0.165883
74.000000 68.000000 300.000000 0.165883
73.000000 74.000000 300.000000 0.145227
74.000000 73.000000 300.000000 0.145227
78.000000 74.000000 300.000000 0.150340
74.000000 78.000000 300.000000 0.150340
64.000000 75.000000 300.000000 0.413527
75.000000 64.000000 300.000000 0.413527
69.000000 75.000000 300.000000 0.160777
75.000000 69.000000 300.000000 0.160777
79.000000 75.000000 300.000000 0.150450
75.000000 79.000000 300.000000 0.150450
82.000000 76.000000 300.000000 0.456207
76.000000 82.000000 300.000000 0.456207
72.000000 76.000000 300.000000 0.161317
76.000000 72.000000 300.000000 0.161317
406.000000 76.000000 300.000000 0.014650
76.000000 406.000000 300.000000 0.014650
72.000000 77.000000 300.000000 0.404023
77.000000 72.000000 300.000000 0.404023
82.000000 77.000000 300.000000 0.152867
77.000000 82.000000 300.000000 0.152867
71.000000 77.000000 300.000000 0.154250
77.000000 71.000000 300.000000 0.154250
83.000000 78.000000 300.000000 0.254907
78.000000 83.000000 300.000000 0.254907
80.000000 78.000000 300.000000 0.155577
78.000000 80.000000 300.000000 0.155577
74.000000 78.000000 300.000000 0.150340
78.000000 74.000000 300.000000 0.150340
68.000000 79.000000 300.000000 0.412847
79.000000 68.000000 300.000000 0.412847
83.000000 79.000000 300.000000 0.162037
79.000000 83.000000 300.000000 0.162037
75.000000 79.000000 300.000000 0.150450
79.000000 75.000000 300.000000 0.150450
457.000000 80.000000 300.000000 0.022570
80.000000 457.000000 300.000000 0.022570
80.000000 84.000000 300.000000 0.146443
78.000000 80.000000 300.000000 0.155577
80.000000 78.000000 300.000000 0.155577
85.000000 81.000000 300.000000 0.507247
81.000000 85.000000 300.000000 0.507247
409.000000 81.000000 300.000000 0.155063
81.000000 409.000000 300.000000 0.155063
406.000000 81.000000 300.000000 0.146930
81.000000 406.000000 300.000000 0.146930
76.000000 82.000000 300.000000 0.456207
82.000000 76.000000 300.000000 0.456207
77.000000 82.000000 300.000000 0.152867
82.000000 77.000000 300.000000 0.152867
85.000000 82.000000 300.000000 0.155067
82.000000 85.000000 300.000000 0.155067
79.000000 83.000000 300.000000 0.162037
83.000000 79.000000 300.000000 0.162037
78.000000 83.000000 300.000000 0.254907
83.000000 78.000000 300.000000 0.254907
86.000000 83.000000 300.000000 0.245117
83.000000 86.000000 300.000000 0.245117
458.000000 84.000000 300.000000 0.018710
84.000000 458.000000 300.000000 0.018710
84.000000 455.000000 300.000000 0.287043
81.000000 85.000000 300.000000 0.507247
85.000000 81.000000 300.000000 0.507247
419.000000 85.000000 300.000000 0.079627
85.000000 419.000000 300.000000 0.079627
82.000000 85.000000 300.000000 0.155067
85.000000 82.000000 300.000000 0.155067
90.000000 86.000000 300.000000 0.158327
86.000000 90.000000 300.000000 0.158327
83.000000 86.000000 300.000000 0.245117
86.000000 83.000000 300.000000 0.245117
70.000000 86.000000 300.000000 0.547230
86.000000 70.000000 300.000000 0.547230
417.000000 86.000000 300.000000 0.104143
86.000000 417.000000 300.000000 0.104143
410.000000 87.000000 300.000000 0.102647
87.000000 410.000000 300.000000 0.102647
88.000000 87.000000 300.000000 0.028897
87.000000 88.000000 300.000000 0.028897
97.000000 88.000000 300.000000 0.533050
88.000000 97.000000 300.000000 0.533050
87.000000 88.000000 300.000000 0.028897
88.000000 87.000000 300.000000 0.028897
95.000000 88.000000 300.000000 0.146690
88.000000 95.000000 300.000000 0.146690
390.000000 89.000000 300.000000 0.153050
89.000000 390.000000 300.000000 0.153050
93.000000 89.000000 300.000000 0.143453
89.000000 93.000000 300.000000 0.143453
380.000000 89.000000 300.000000 0.581177
89.000000 380.000000 300.000000 0.581177
86.000000 90.000000 300.000000 0.158327
90.000000 86.000000 300.000000 0.158327
457.000000 90.000000 300.000000 0.465507
90.000000 457.000000 300.000000 0.465507
94.000000 90.000000 300.000000 0.152513
90.000000 94.000000 300.000000 0.152513
409.000000 91.000000 300.000000 0.514030
91.000000 409.000000 300.000000 0.514030
97.000000 91.000000 300.000000 0.151047
91.000000 97.000000 300.000000 0.151047
419.000000 91.000000 300.000000 0.099570
91.000000 419.000000 300.000000 0.099570
98.000000 92.000000 300.000000 0.159220
92.000000 98.000000 300.000000 0.159220
451.000000 92.000000 300.000000 0.009480
92.000000 451.000000 300.000000 0.009480
104.000000 92.000000 300.000000 0.496413
92.000000 104.000000 300.000000 0.496413
391.000000 93.000000 300.000000 0.162400
93.000000 391.000000 300.000000 0.162400
99.000000 93.000000 300.000000 0.171210
93.000000 99.000000 300.000000 0.171210
89.000000 93.000000 300.000000 0.143453
93.000000 89.000000 300.000000 0.143453
100.000000 94.000000 300.000000 0.154360
94.000000 100.000000 300.000000 0.154360
458.000000 94.000000 300.000000 0.458773
94.000000 458.000000 300.000000 0.458773
90.000000 94.000000 300.000000 0.152513
94.000000 90.000000 300.000000 0.152513
102.000000 95.000000 300.000000 0.524017
95.000000 102.000000 300.000000 0.524017
88.000000 95.000000 300.000000 0.146690
95.000000 88.000000 300.000000 0.146690
3.000000 95.000000 300.000000 0.158960
95.000000 3.000000 300.000000 0.158960
390.000000 96.000000 300.000000 0.028837
96.000000 390.000000 300.000000 0.028837
381.000000 96.000000 300.000000 0.428420
96.000000 381.000000 300.000000 0.428420
101.000000 96.000000 300.000000 0.176417
96.000000 101.000000 300.000000 0.176417
88.000000 97.000000 300.000000 0.533050
97.000000 88.000000 300.000000 0.533050
103.000000 97.000000 300.000000 0.151487
97.000000 103.000000 300.000000 0.151487
91.000000 97.000000 300.000000 0.151047
97.000000 91.000000 300.000000 0.151047
108.000000 98.000000 300.000000 0.508580
98.000000 108.000000 300.000000 0.508580
92.000000 98.000000 300.000000 0.159220
98.000000 92.000000 300.000000 0.159220
452.000000 98.000000 300.000000 0.166610
98.000000 452.000000 300.000000 0.166610
106.000000 99.000000 300.000000 0.185580
99.000000 106.000000 300.000000 0.185580
93.000000 99.000000 300.000000 0.171210
99.000000 93.000000 300.000000 0.171210
115.000000 99.000000 300.000000 0.627773
99.000000 115.000000 300.000000 0.627773
94.000000 100.000000 300.000000 0.154360
100.000000 94.000000 300.000000 0.154360
104.000000 100.000000 300.000000 0.146690
100.000000 104.000000 300.000000 0.146690
456.000000 100.000000 300.000000 0.466510
100.000000 456.000000 300.000000 0.466510
382.000000 101.000000 300.000000 0.400200
101.000000 382.000000 300.000000 0.400200
383.000000 101.000000 300.000000 0.572770
101.000000 383.000000 300.000000 0.572770
96.000000 101.000000 300.000000 0.176417
101.000000 96.000000 300.000000 0.176417
392.000000 101.000000 300.000000 0.123093
101.000000 392.000000 300.000000 0.123093
103.000000 102.000000 300.000000 0.029780
102.000000 103.000000 300.000000 0.029780
95.000000 102.000000 300.000000 0.524017
102.000000 95.000000 300.000000 0.524017
107.000000 102.000000 300.000000 0.153800
102.000000 107.000000 300.000000 0.153800
102.000000 103.000000 300.000000 0.029780
103.000000 102.000000 300.000000 0.029780
97.000000 103.000000 300.000000 0.151487
103.000000 97.000000 300.000000 0.151487
452.000000 103.000000 300.000000 0.044173
103.000000 452.000000 300.000000 0.044173
100.000000 104.000000 300.000000 0.146690
104.000000 100.000000 300.000000 0.146690
108.000000 104.000000 300.000000 0.165153
104.000000 108.000000 300.000000 0.165153
92.000000 104.000000 300.000000 0.496413
104.000000 92.000000 300.000000 0.496413
384.000000 105.000000 300.000000 0.035393
105.000000 384.000000 300.000000 0.035393
105.000000 110.000000 300.000000 0.182853
122.000000 106.000000 300.000000 0.628303
106.000000 122.000000 300.000000 0.628303
425.000000 106.000000 300.000000 0.102033
106.000000 425.000000 300.000000 0.102033
99.000000 106.000000 300.000000 0.185580
106.000000 99.000000 300.000000 0.185580
3.000000 107.000000 300.000000 0.547163
107.000000 3.000000 300.000000 0.547163
102.000000 107.000000 300.000000 0.153800
107.000000 102.000000 300.000000 0.153800
113.000000 107.000000 300.000000 0.153020
107.000000 113.000000 300.000000 0.153020
104.000000 108.000000 300.000000 0.165153
108.000000 104.000000 300.000000 0.165153
98.000000 108.000000 300.000000 0.508580
108.000000 98.000000 300.000000 0.508580
124.000000 108.000000 300.000000 0.382990
108.000000 124.000000 300.000000 0.382990
114.000000 108.000000 300.000000 0.153090
108.000000 114.000000 300.000000 0.153090
447.000000 109.000000 300.000000 0.045670
109.000000 447.000000 300.000000 0.045670
384.000000 109.000000 300.000000 0.349107
109.000000 384.000000 300.000000 0.349107
389.000000 109.000000 300.000000 0.360933
109.000000 389.000000 300.000000 0.360933
413.000000 110.000000 300.000000 0.035073
110.000000 413.000000 300.000000 0.035073
110.000000 119.000000 300.000000 0.190533
392.000000 111.000000 300.000000 0.333577
111.000000 392.000000 300.000000 0.333577
115.000000 111.000000 300.000000 0.183960
111.000000 115.000000 300.000000 0.183960
447.000000 111.000000 300.000000 0.100780
111.000000 447.000000 300.000000 0.100780
403.000000 112.000000 300.000000 0.486633
112.000000 403.000000 300.000000 0.486633
117.000000 112.000000 300.000000 0.177323
112.000000 117.000000 300.000000 0.177323
425.000000 112.000000 300.000000 0.079270
112.000000 425.000000 300.000000 0.079270
2.000000 113.000000 300.000000 0.572447
113.000000 2.000000 300.000000 0.572447
118.000000 113.000000 300.000000 0.155187
113.000000 118.000000 300.000000 0.155187
107.000000 113.000000 300.000000 0.153020
113.000000 107.000000 300.000000 0.153020
120.000000 114.000000 300.000000 0.621577
114.000000 120.000000 300.000000 0.621577
452.000000 114.000000 300.000000 0.492770
114.000000 452.000000 300.000000 0.492770
108.000000 114.000000 300.000000 0.153090
114.000000 108.000000 300.000000 0.153090
122.000000 115.000000 300.000000 0.178560
115.000000 122.000000 300.000000 0.178560
99.000000 115.000000 300.000000 0.627773
115.000000 99.000000 300.000000 0.627773
111.000000 115.000000 300.000000 0.183960
115.000000 111.000000 300.000000 0.183960
413.000000 116.000000 300.000000 0.399783
116.000000 413.000000 300.000000 0.399783
123.000000 116.000000 300.000000 0.177103
116.000000 123.000000 300.000000 0.177103
447.000000 116.000000 300.000000 0.181867
116.000000 447.000000 300.000000 0.181867
121.000000 117.000000 300.000000 0.182480
117.000000 121.000000 300.000000 0.182480
112.000000 117.000000 300.000000 0.177323
117.000000 112.000000 300.000000 0.177323
131.000000 117.000000 300.000000 0.487287
117.000000 131.000000 300.000000 0.487287
4.000000 118.000000 300.000000 0.599863
118.000000 4.000000 300.000000 0.599863
113.000000 118.000000 300.000000 0.155187
118.000000 113.000000 300.000000 0.155187
120.000000 118.000000 300.000000 0.033407
118.000000 120.000000 300.000000 0.033407
385.000000 119.000000 300.000000 0.031910
119.000000 385.000000 300.000000 0.031910
119.000000 125.000000 300.000000 0.186353
118.000000 120.000000 300.000000 0.033407
120.000000 118.000000 300.000000 0.033407
114.000000 120.000000 300.000000 0.621577
120.000000 114.000000 300.000000 0.621577
18.000000 120.000000 300.000000 0.807647
120.000000 18.000000 300.000000 0.807647
128.000000 121.000000 300.000000 0.180590
121.000000 128.000000 300.000000 0.180590
117.000000 121.000000 300.000000 0.182480
121.000000 117.000000 300.000000 0.182480
141.000000 121.000000 300.000000 0.480720
121.000000 141.000000 300.000000 0.480720
106.000000 122.000000 300.000000 0.628303
122.000000 106.000000 300.000000 0.628303
127.000000 122.000000 300.000000 0.179387
122.000000 127.000000 300.000000 0.179387
115.000000 122.000000 300.000000 0.178560
122.000000 115.000000 300.000000 0.178560
133.000000 122.000000 300.000000 0.226657
122.000000 133.000000 300.000000 0.226657
116.000000 123.000000 300.000000 0.177103
123.000000 116.000000 300.000000 0.177103
385.000000 123.000000 300.000000 0.398183
123.000000 385.000000 300.000000 0.398183
132.000000 123.000000 300.000000 0.180497
123.000000 132.000000 300.000000 0.180497
130.000000 124.000000 300.000000 0.153097
124.000000 130.000000 300.000000 0.153097
108.000000 124.000000 300.000000 0.382990
124.000000 108.000000 300.000000 0.382990
126.000000 124.000000 300.000000 0.404847
124.000000 126.000000 300.000000 0.404847
414.000000 125.000000 300.000000 0.034770
125.000000 414.000000 300.000000 0.034770
125.000000 136.000000 300.000000 0.176997
130.000000 126.000000 300.000000 0.269610
126.000000 130.000000 300.000000 0.269610
124.000000 126.000000 300.000000 0.404847
126.000000 124.000000 300.000000 0.404847
129.000000 126.000000 300.000000 0.362883
126.000000 129.000000 300.000000 0.362883
403.000000 127.000000 300.000000 0.142997
127.000000 403.000000 300.000000 0.142997
122.000000 127.000000 300.000000 0.179387
127.000000 122.000000 300.000000 0.179387
448.000000 127.000000 300.000000 0.208987
127.000000 448.000000 300.000000 0.208987
121.000000 128.000000 300.000000 0.180590
128.000000 121.000000 300.000000 0.180590
149.000000 128.000000 300.000000 0.482417
128.000000 149.000000 300.000000 0.482417
138.000000 128.000000 300.000000 0.180060
128.000000 138.000000 300.000000 0.180060
143.000000 129.000000 300.000000 0.486387
129.000000 143.000000 300.000000 0.486387
144.000000 129.000000 300.000000 0.158637
129.000000 144.000000 300.000000 0.158637
126.000000 129.000000 300.000000 0.362883
129.000000 126.000000 300.000000 0.362883
143.000000 130.000000 300.000000 0.154487
130.000000 143.000000 300.000000 0.154487
124.000000 130.000000 300.000000 0.153097
130.000000 124.000000 300.000000 0.153097
126.000000 130.000000 300.000000 0.269610
130.000000 126.000000 300.000000 0.269610
403.000000 131.000000 300.000000 0.187403
131.000000 403.000000 300.000000 0.187403
139.000000 131.000000 300.000000 0.160623
131.000000 139.000000 300.000000 0.160623
117.000000 131.000000 300.000000 0.487287
131.000000 117.000000 300.000000 0.487287
453.000000 131.000000 300.000000 0.021547
131.000000 453.000000 300.000000 0.021547
414.000000 132.000000 300.000000 0.403313
132.000000 414.000000 300.000000 0.403313
146.000000 132.000000 300.000000 0.180743
132.000000 146.000000 300.000000 0.180743
123.000000 132.000000 300.000000 0.180497
132.000000 123.000000 300.000000 0.180497
133.000000 132.000000 300.000000 0.446137
132.000000 133.000000 300.000000 0.446137
122.000000 133.000000 300.000000 0.226657
133.000000 122.000000 300.000000 0.226657
142.000000 133.000000 300.000000 0.114060
133.000000 142.000000 300.000000 0.114060
132.000000 133.000000 300.000000 0.446137
133.000000 132.000000 300.000000 0.446137
135.000000 134.000000 300.000000 0.029417
134.000000 135.000000 300.000000 0.029417
18.000000 134.000000 300.000000 0.107727
134.000000 18.000000 300.000000 0.107727
150.000000 134.000000 300.000000 0.273260
134.000000 150.000000 300.000000 0.273260
137.000000 135.000000 300.000000 0.154870
135.000000 137.000000 300.000000 0.154870
134.000000 135.000000 300.000000 0.029417
135.000000 134.000000 300.000000 0.029417
179.000000 135.000000 300.000000 0.997460
135.000000 179.000000 300.000000 0.997460
386.000000 136.000000 300.000000 0.033517
136.000000 386.000000 300.000000 0.033517
136.000000 17.000000 300.000000 0.191647
140.000000 137.000000 300.000000 0.146320
137.000000 140.000000 300.000000 0.146320
135.000000 137.000000 300.000000 0.154870
137.000000 135.000000 300.000000 0.154870
178.000000 137.000000 300.000000 0.936860
137.000000 178.000000 300.000000 0.936860
161.000000 138.000000 300.000000 0.546403
138.000000 161.000000 300.000000 0.546403
401.000000 138.000000 300.000000 0.184223
138.000000 401.000000 300.000000 0.184223
128.000000 138.000000 300.000000 0.180060
138.000000 128.000000 300.000000 0.180060
396.000000 139.000000 300.000000 0.069227
139.000000 396.000000 300.000000 0.069227
131.000000 139.000000 300.000000 0.160623
139.000000 131.000000 300.000000 0.160623
398.000000 139.000000 300.000000 0.112477
139.000000 398.000000 300.000000 0.112477
145.000000 140.000000 300.000000 0.159023
140.000000 145.000000 300.000000 0.159023
137.000000 140.000000 300.000000 0.146320
140.000000 137.000000 300.000000 0.146320
175.000000 140.000000 300.000000 0.873953
140.000000 175.000000 300.000000 0.873953
149.000000 141.000000 300.000000 0.177597
141.000000 149.000000 300.000000 0.177597
400.000000 141.000000 300.000000 0.120263
141.000000 400.000000 300.000000 0.120263
121.000000 141.000000 300.000000 0.480720
141.000000 121.000000 300.000000 0.480720
453.000000 141.000000 300.000000 0.156143
141.000000 453.000000 300.000000 0.156143
394.000000 142.000000 300.000000 0.063033
142.000000 394.000000 300.000000 0.063033
448.000000 142.000000 300.000000 0.039080
142.000000 448.000000 300.000000 0.039080
133.000000 142.000000 300.000000 0.114060
142.000000 133.000000 300.000000 0.114060
152.000000 143.000000 300.000000 0.155310
143.000000 152.000000 300.000000 0.155310
130.000000 143.000000 300.000000 0.154487
143.000000 130.000000 300.000000 0.154487
129.000000 143.000000 300.000000 0.486387
143.000000 129.000000 300.000000 0.486387
152.000000 144.000000 300.000000 0.489280
144.000000 152.000000 300.000000 0.489280
129.000000 144.000000 300.000000 0.158637
144.000000 129.000000 300.000000 0.158637
1.000000 144.000000 300.000000 0.148827
144.000000 1.000000 300.000000 0.148827
147.000000 145.000000 300.000000 0.158450
145.000000 147.000000 300.000000 0.158450
140.000000 145.000000 300.000000 0.159023
145.000000 140.000000 300.000000 0.159023
174.000000 145.000000 300.000000 0.814447
145.000000 174.000000 300.000000 0.814447
386.000000 146.000000 300.000000 0.404070
146.000000 386.000000 300.000000 0.404070
154.000000 146.000000 300.000000 0.180693
146.000000 154.000000 300.000000 0.180693
132.000000 146.000000 300.000000 0.180743
146.000000 132.000000 300.000000 0.180743
393.000000 146.000000 300.000000 0.132367
146.000000 393.000000 300.000000 0.132367
148.000000 147.000000 300.000000 0.148357
147.000000 148.000000 300.000000 0.148357
145.000000 147.000000 300.000000 0.158450
147.000000 145.000000 300.000000 0.158450
173.000000 147.000000 300.000000 0.753017
147.000000 173.000000 300.000000 0.753017
1.000000 148.000000 300.000000 0.111600
148.000000 1.000000 300.000000 0.111600
147.000000 148.000000 300.000000 0.148357
148.000000 147.000000 300.000000 0.148357
172.000000 148.000000 300.000000 0.692030
148.000000 172.000000 300.000000 0.692030
141.000000 149.000000 300.000000 0.177597
149.000000 141.000000 300.000000 0.177597
128.000000 149.000000 300.000000 0.482417
149.000000 128.000000 300.000000 0.482417
162.000000 149.000000 300.000000 0.212940
149.000000 162.000000 300.000000 0.212940
134.000000 150.000000 300.000000 0.273260
150.000000 134.000000 300.000000 0.273260
171.000000 151.000000 300.000000 0.621950
151.000000 171.000000 300.000000 0.621950
1.000000 151.000000 300.000000 0.042223
151.000000 1.000000 300.000000 0.042223
153.000000 151.000000 300.000000 0.151430
151.000000 153.000000 300.000000 0.151430
160.000000 152.000000 300.000000 0.161163
152.000000 160.000000 300.000000 0.161163
143.000000 152.000000 300.000000 0.155310
152.000000 143.000000 300.000000 0.155310
144.000000 152.000000 300.000000 0.489280
152.000000 144.000000 300.000000 0.489280
170.000000 153.000000 300.000000 0.560827
153.000000 170.000000 300.000000 0.560827
151.000000 153.000000 300.000000 0.151430
153.000000 151.000000 300.000000 0.151430
156.000000 153.000000 300.000000 0.150143
153.000000 156.000000 300.000000 0.150143
146.000000 154.000000 300.000000 0.180693
154.000000 146.000000 300.000000 0.180693
157.000000 154.000000 300.000000 0.099703
154.000000 157.000000 300.000000 0.099703
415.000000 154.000000 300.000000 0.396910
154.000000 415.000000 300.000000 0.396910
163.000000 155.000000 300.000000 0.180997
155.000000 163.000000 300.000000 0.180997
394.000000 155.000000 300.000000 0.178797
155.000000 394.000000 300.000000 0.178797
395.000000 155.000000 300.000000 0.395350
155.000000 395.000000 300.000000 0.395350
169.000000 156.000000 300.000000 0.494597
156.000000 169.000000 300.000000 0.494597
153.000000 156.000000 300.000000 0.150143
156.000000 153.000000 300.000000 0.150143
160.000000 156.000000 300.000000 0.153013
156.000000 160.000000 300.000000 0.153013
154.000000 157.000000 300.000000 0.099703
157.000000 154.000000 300.000000 0.099703
395.000000 157.000000 300.000000 0.111300
157.000000 395.000000 300.000000 0.111300
163.000000 157.000000 300.000000 0.754620
157.000000 163.000000 300.000000 0.754620
416.000000 158.000000 300.000000 0.033903
158.000000 416.000000 300.000000 0.033903
158.000000 440.000000 300.000000 0.456280
161.000000 159.000000 300.000000 0.374220
159.000000 161.000000 300.000000 0.374220
402.000000 159.000000 300.000000 0.215670
159.000000 402.000000 300.000000 0.215670
401.000000 159.000000 300.000000 0.200807
159.000000 401.000000 300.000000 0.200807
168.000000 160.000000 300.000000 0.420490
160.000000 168.000000 300.000000 0.420490
152.000000 160.000000 300.000000 0.161163
160.000000 152.000000 300.000000 0.161163
156.000000 160.000000 300.000000 0.153013
160.000000 156.000000 300.000000 0.153013
159.000000 161.000000 300.000000 0.374220
161.000000 159.000000 300.000000 0.374220
164.000000 161.000000 300.000000 0.188773
161.000000 164.000000 300.000000 0.188773
162.000000 161.000000 300.000000 0.082293
161.000000 162.000000 300.000000 0.082293
138.000000 161.000000 300.000000 0.546403
161.000000 138.000000 300.000000 0.546403
399.000000 162.000000 300.000000 0.183363
162.000000 399.000000 300.000000 0.183363
161.000000 162.000000 300.000000 0.082293
162.000000 161.000000 300.000000 0.082293
149.000000 162.000000 300.000000 0.212940
162.000000 149.000000 300.000000 0.212940
155.000000 163.000000 300.000000 0.180997
163.000000 155.000000 300.000000 0.180997
166.000000 163.000000 300.000000 0.189570
163.000000 166.000000 300.000000 0.189570
397.000000 163.000000 300.000000 0.181607
163.000000 397.000000 300.000000 0.181607
157.000000 163.000000 300.000000 0.754620
163.000000 157.000000 300.000000 0.754620
164.000000 473.000000 300.000000 0.345820
161.000000 164.000000 300.000000 0.188773
164.000000 161.000000 300.000000 0.188773
387.000000 165.000000 300.000000 0.401047
165.000000 387.000000 300.000000 0.401047
449.000000 165.000000 300.000000 0.103347
165.000000 449.000000 300.000000 0.103347
416.000000 165.000000 300.000000 0.561527
165.000000 416.000000 300.000000 0.561527
166.000000 472.000000 300.000000 0.525497
163.000000 166.000000 300.000000 0.189570
166.000000 163.000000 300.000000 0.189570
167.000000 449.000000 300.000000 0.063807
160.000000 168.000000 300.000000 0.420490
168.000000 160.000000 300.000000 0.420490
168.000000 169.000000 300.000000 0.169317
156.000000 169.000000 300.000000 0.494597
169.000000 156.000000 300.000000 0.494597
169.000000 170.000000 300.000000 0.171593
153.000000 170.000000 300.000000 0.560827
170.000000 153.000000 300.000000 0.560827
170.000000 429.000000 300.000000 0.113143
151.000000 171.000000 300.000000 0.621950
171.000000 151.000000 300.000000 0.621950
171.000000 172.000000 300.000000 0.164367
148.000000 172.000000 300.000000 0.692030
172.000000 148.000000 300.000000 0.692030
172.000000 173.000000 300.000000 0.162537
147.000000 173.000000 300.000000 0.753017
173.000000 147.000000 300.000000 0.753017
173.000000 174.000000 300.000000 0.170720
145.000000 174.000000 300.000000 0.814447
174.000000 145.000000 300.000000 0.814447
174.000000 175.000000 300.000000 0.168497
432.000000 175.000000 300.000000 0.032397
175.000000 432.000000 300.000000 0.032397
140.000000 175.000000 300.000000 0.873953
175.000000 140.000000 300.000000 0.873953
175.000000 178.000000 300.000000 0.163970
177.000000 176.000000 300.000000 0.032100
137.000000 178.000000 300.000000 0.936860
178.000000 137.000000 300.000000 0.936860
178.000000 179.000000 300.000000 0.164233
135.000000 179.000000 300.000000 0.997460
179.000000 135.000000 300.000000 0.997460
179.000000 435.000000 300.000000 0.157617
371.000000 180.000000 300.000000 0.028020
180.000000 371.000000 300.000000 0.028020
180.000000 446.000000 300.000000 0.266713
182.000000 181.000000 300.000000 0.184687
181.000000 182.000000 300.000000 0.184687
181.000000 184.000000 300.000000 0.668340
423.000000 182.000000 300.000000 0.145837
182.000000 423.000000 300.000000 0.145837
183.000000 182.000000 300.000000 0.176423
182.000000 183.000000 300.000000 0.176423
181.000000 182.000000 300.000000 0.184687
182.000000 181.000000 300.000000 0.184687
186.000000 183.000000 300.000000 0.184997
183.000000 186.000000 300.000000 0.184997
182.000000 183.000000 300.000000 0.176423
183.000000 182.000000 300.000000 0.176423
195.000000 183.000000 300.000000 0.596093
183.000000 195.000000 300.000000 0.596093
188.000000 184.000000 300.000000 0.195640
184.000000 188.000000 300.000000 0.195640
184.000000 341.000000 300.000000 0.396740
376.000000 185.000000 300.000000 0.028377
185.000000 376.000000 300.000000 0.028377
185.000000 192.000000 300.000000 0.346527
190.000000 186.000000 300.000000 0.175807
186.000000 190.000000 300.000000 0.175807
183.000000 186.000000 300.000000 0.184997
186.000000 183.000000 300.000000 0.184997
200.000000 186.000000 300.000000 0.550150
186.000000 200.000000 300.000000 0.550150
191.000000 187.000000 300.000000 0.144693
187.000000 191.000000 300.000000 0.144693
423.000000 187.000000 300.000000 0.410653
187.000000 423.000000 300.000000 0.410653
197.000000 188.000000 300.000000 0.400573
188.000000 197.000000 300.000000 0.400573
191.000000 188.000000 300.000000 0.059687
188.000000 191.000000 300.000000 0.059687
184.000000 188.000000 300.000000 0.195640
188.000000 184.000000 300.000000 0.195640
193.000000 189.000000 300.000000 0.185433
189.000000 193.000000 300.000000 0.185433
367.000000 189.000000 300.000000 0.010060
189.000000 367.000000 300.000000 0.010060
375.000000 189.000000 300.000000 0.394013
189.000000 375.000000 300.000000 0.394013
368.000000 190.000000 300.000000 0.038537
190.000000 368.000000 300.000000 0.038537
186.000000 190.000000 300.000000 0.175807
190.000000 186.000000 300.000000 0.175807
205.000000 190.000000 300.000000 0.550683
190.000000 205.000000 300.000000 0.550683
187.000000 191.000000 300.000000 0.144693
191.000000 187.000000 300.000000 0.144693
194.000000 191.000000 300.000000 0.122140
191.000000 194.000000 300.000000 0.122140
188.000000 191.000000 300.000000 0.059687
191.000000 188.000000 300.000000 0.059687
412.000000 192.000000 300.000000 0.034107
192.000000 412.000000 300.000000 0.034107
192.000000 199.000000 300.000000 0.190993
189.000000 193.000000 300.000000 0.185433
193.000000 189.000000 300.000000 0.185433
376.000000 193.000000 300.000000 0.400910
193.000000 376.000000 300.000000 0.400910
201.000000 193.000000 300.000000 0.177400
193.000000 201.000000 300.000000 0.177400
196.000000 193.000000 300.000000 0.101153
193.000000 196.000000 300.000000 0.101153
198.000000 194.000000 300.000000 0.134470
194.000000 198.000000 300.000000 0.134470
191.000000 194.000000 300.000000 0.122140
194.000000 191.000000 300.000000 0.122140
203.000000 194.000000 300.000000 0.402487
194.000000 203.000000 300.000000 0.402487
200.000000 195.000000 300.000000 0.133420
195.000000 200.000000 300.000000 0.133420
459.000000 195.000000 300.000000 0.147630
195.000000 459.000000 300.000000 0.147630
183.000000 195.000000 300.000000 0.596093
195.000000 183.000000 300.000000 0.596093
368.000000 196.000000 300.000000 0.168917
196.000000 368.000000 300.000000 0.168917
193.000000 196.000000 300.000000 0.101153
196.000000 193.000000 300.000000 0.101153
210.000000 196.000000 300.000000 0.544573
196.000000 210.000000 300.000000 0.544573
188.000000 197.000000 300.000000 0.400573
197.000000 188.000000 300.000000 0.400573
434.000000 197.000000 300.000000 0.022397
197.000000 434.000000 300.000000 0.022397
197.000000 470.000000 300.000000 0.123617
459.000000 198.000000 300.000000 0.016503
198.000000 459.000000 300.000000 0.016503
194.000000 198.000000 300.000000 0.134470
198.000000 194.000000 300.000000 0.134470
365.000000 198.000000 300.000000 0.168213
198.000000 365.000000 300.000000 0.168213
378.000000 199.000000 300.000000 0.027270
199.000000 378.000000 300.000000 0.027270
199.000000 207.000000 300.000000 0.188787
205.000000 200.000000 300.000000 0.184310
200.000000 205.000000 300.000000 0.184310
195.000000 200.000000 300.000000 0.133420
200.000000 195.000000 300.000000 0.133420
186.000000 200.000000 300.000000 0.550150
200.000000 186.000000 300.000000 0.550150
204.000000 200.000000 300.000000 0.114910
200.000000 204.000000 300.000000 0.114910
193.000000 201.000000 300.000000 0.177400
201.000000 193.000000 300.000000 0.177400
377.000000 201.000000 300.000000 0.406273
201.000000 377.000000 300.000000 0.406273
206.000000 201.000000 300.000000 0.181643
201.000000 206.000000 300.000000 0.181643
202.000000 434.000000 300.000000 0.124613
202.000000 470.000000 300.000000 0.023083
217.000000 202.000000 300.000000 0.474827
202.000000 217.000000 300.000000 0.474827
203.000000 436.000000 300.000000 0.124830
203.000000 469.000000 300.000000 0.023373
194.000000 203.000000 300.000000 0.402487
203.000000 194.000000 300.000000 0.402487
219.000000 204.000000 300.000000 0.404703
204.000000 219.000000 300.000000 0.404703
200.000000 204.000000 300.000000 0.114910
204.000000 200.000000 300.000000 0.114910
459.000000 204.000000 300.000000 0.157330
204.000000 459.000000 300.000000 0.157330
208.000000 204.000000 300.000000 0.186217
204.000000 208.000000 300.000000 0.186217
200.000000 205.000000 300.000000 0.184310
205.000000 200.000000 300.000000 0.184310
208.000000 205.000000 300.000000 0.092833
205.000000 208.000000 300.000000 0.092833
210.000000 205.000000 300.000000 0.179993
205.000000 210.000000 300.000000 0.179993
190.000000 205.000000 300.000000 0.550683
205.000000 190.000000 300.000000 0.550683
412.000000 206.000000 300.000000 0.401727
206.000000 412.000000 300.000000 0.401727
369.000000 206.000000 300.000000 0.102030
206.000000 369.000000 300.000000 0.102030
201.000000 206.000000 300.000000 0.181643
206.000000 201.000000 300.000000 0.181643
211.000000 206.000000 300.000000 0.179300
206.000000 211.000000 300.000000 0.179300
207.000000 19.000000 300.000000 0.162593
379.000000 207.000000 300.000000 0.032593
207.000000 379.000000 300.000000 0.032593
229.000000 208.000000 300.000000 0.393713
208.000000 229.000000 300.000000 0.393713
205.000000 208.000000 300.000000 0.092833
208.000000 205.000000 300.000000 0.092833
214.000000 208.000000 300.000000 0.173043
208.000000 214.000000 300.000000 0.173043
204.000000 208.000000 300.000000 0.186217
208.000000 204.000000 300.000000 0.186217
436.000000 209.000000 300.000000 0.029847
209.000000 436.000000 300.000000 0.029847
360.000000 209.000000 300.000000 0.075123
209.000000 360.000000 300.000000 0.075123
209.000000 469.000000 300.000000 0.126240
221.000000 210.000000 300.000000 0.215323
210.000000 221.000000 300.000000 0.215323
205.000000 210.000000 300.000000 0.179993
210.000000 205.000000 300.000000 0.179993
214.000000 210.000000 300.000000 0.055140
210.000000 214.000000 300.000000 0.055140
196.000000 210.000000 300.000000 0.544573
210.000000 196.000000 300.000000 0.544573
378.000000 211.000000 300.000000 0.418930
211.000000 378.000000 300.000000 0.418930
450.000000 211.000000 300.000000 0.227287
211.000000 450.000000 300.000000 0.227287
206.000000 211.000000 300.000000 0.179300
211.000000 206.000000 300.000000 0.179300
212.000000 219.000000 300.000000 0.176923
365.000000 212.000000 300.000000 0.224463
212.000000 365.000000 300.000000 0.224463
237.000000 213.000000 300.000000 0.473783
213.000000 237.000000 300.000000 0.473783
225.000000 213.000000 300.000000 0.188287
213.000000 225.000000 300.000000 0.188287
369.000000 213.000000 300.000000 0.272600
213.000000 369.000000 300.000000 0.272600
236.000000 214.000000 300.000000 0.399807
214.000000 236.000000 300.000000 0.399807
208.000000 214.000000 300.000000 0.173043
214.000000 208.000000 300.000000 0.173043
210.000000 214.000000 300.000000 0.055140
214.000000 210.000000 300.000000 0.055140
215.000000 10.000000 300.000000 0.254270
242.000000 215.000000 300.000000 0.391070
215.000000 242.000000 300.000000 0.391070
248.000000 216.000000 300.000000 0.548020
216.000000 248.000000 300.000000 0.548020
216.000000 209.000000 300.000000 0.185263
202.000000 217.000000 300.000000 0.474827
217.000000 202.000000 300.000000 0.474827
228.000000 217.000000 300.000000 0.171670
217.000000 228.000000 300.000000 0.171670
218.000000 215.000000 300.000000 0.153950
344.000000 218.000000 300.000000 0.345287
218.000000 344.000000 300.000000 0.345287
204.000000 219.000000 300.000000 0.404703
219.000000 204.000000 300.000000 0.404703
219.000000 474.000000 300.000000 0.037887
220.000000 218.000000 300.000000 0.157960
344.000000 220.000000 300.000000 0.520810
220.000000 344.000000 300.000000 0.520810
224.000000 221.000000 300.000000 0.036010
221.000000 224.000000 300.000000 0.036010
420.000000 221.000000 300.000000 0.152750
221.000000 420.000000 300.000000 0.152750
210.000000 221.000000 300.000000 0.215323
221.000000 210.000000 300.000000 0.215323
222.000000 220.000000 300.000000 0.158737
254.000000 222.000000 300.000000 0.561793
222.000000 254.000000 300.000000 0.561793
255.000000 223.000000 300.000000 0.542410
223.000000 255.000000 300.000000 0.542410
474.000000 223.000000 300.000000 0.027357
223.000000 474.000000 300.000000 0.027357
223.000000 216.000000 300.000000 0.174610
234.000000 224.000000 300.000000 0.202243
224.000000 234.000000 300.000000 0.202243
221.000000 224.000000 300.000000 0.036010
224.000000 221.000000 300.000000 0.036010
235.000000 224.000000 300.000000 0.214467
224.000000 235.000000 300.000000 0.214467
249.000000 225.000000 300.000000 0.486750
225.000000 249.000000 300.000000 0.486750
234.000000 225.000000 300.000000 0.173873
225.000000 234.000000 300.000000 0.173873
213.000000 225.000000 300.000000 0.188287
225.000000 213.000000 300.000000 0.188287
254.000000 226.000000 300.000000 0.444423
226.000000 254.000000 300.000000 0.444423
226.000000 418.000000 300.000000 0.078470
237.000000 227.000000 300.000000 0.183420
227.000000 237.000000 300.000000 0.183420
450.000000 227.000000 300.000000 0.036273
227.000000 450.000000 300.000000 0.036273
369.000000 227.000000 300.000000 0.414380
227.000000 369.000000 300.000000 0.414380
360.000000 228.000000 300.000000 0.397003
228.000000 360.000000 300.000000 0.397003
217.000000 228.000000 300.000000 0.171670
228.000000 217.000000 300.000000 0.171670
460.000000 228.000000 300.000000 0.153473
228.000000 460.000000 300.000000 0.153473
229.000000 468.000000 300.000000 0.090337
208.000000 229.000000 300.000000 0.393713
229.000000 208.000000 300.000000 0.393713
439.000000 229.000000 300.000000 0.029430
229.000000 439.000000 300.000000 0.029430
267.000000 230.000000 300.000000 0.513957
230.000000 267.000000 300.000000 0.513957
230.000000 13.000000 300.000000 0.155810
231.000000 422.000000 300.000000 0.130940
232.000000 439.000000 300.000000 0.033017
266.000000 232.000000 300.000000 0.549667
232.000000 266.000000 300.000000 0.549667
269.000000 233.000000 300.000000 0.473410
233.000000 269.000000 300.000000 0.473410
233.000000 16.000000 300.000000 0.159070
260.000000 234.000000 300.000000 0.485780
234.000000 260.000000 300.000000 0.485780
224.000000 234.000000 300.000000 0.202243
234.000000 224.000000 300.000000 0.202243
225.000000 234.000000 300.000000 0.173873
234.000000 225.000000 300.000000 0.173873
275.000000 235.000000 300.000000 0.700470
235.000000 275.000000 300.000000 0.700470
245.000000 235.000000 300.000000 0.180793
235.000000 245.000000 300.000000 0.180793
224.000000 235.000000 300.000000 0.214467
235.000000 224.000000 300.000000 0.214467
236.000000 245.000000 300.000000 0.185480
214.000000 236.000000 300.000000 0.399807
236.000000 214.000000 300.000000 0.399807
213.000000 237.000000 300.000000 0.473783
237.000000 213.000000 300.000000 0.473783
249.000000 237.000000 300.000000 0.182470
237.000000 249.000000 300.000000 0.182470
227.000000 237.000000 300.000000 0.183420
237.000000 227.000000 300.000000 0.183420
460.000000 238.000000 300.000000 0.032803
238.000000 460.000000 300.000000 0.032803
248.000000 238.000000 300.000000 0.174393
238.000000 248.000000 300.000000 0.174393
244.000000 238.000000 300.000000 0.179573
238.000000 244.000000 300.000000 0.179573
239.000000 14.000000 300.000000 0.093290
246.000000 239.000000 300.000000 0.098093
239.000000 246.000000 300.000000 0.098093
246.000000 240.000000 300.000000 0.379610
240.000000 246.000000 300.000000 0.379610
250.000000 240.000000 300.000000 0.144603
240.000000 250.000000 300.000000 0.144603
422.000000 240.000000 300.000000 0.252267
240.000000 422.000000 300.000000 0.252267
241.000000 231.000000 300.000000 0.157753
250.000000 241.000000 300.000000 0.379963
241.000000 250.000000 300.000000 0.379963
242.000000 264.000000 300.000000 0.269950
215.000000 242.000000 300.000000 0.391070
242.000000 215.000000 300.000000 0.391070
243.000000 467.000000 300.000000 0.122837
278.000000 243.000000 300.000000 0.546383
243.000000 278.000000 300.000000 0.546383
256.000000 244.000000 300.000000 0.704983
244.000000 256.000000 300.000000 0.704983
411.000000 244.000000 300.000000 0.180827
244.000000 411.000000 300.000000 0.180827
354.000000 244.000000 300.000000 0.185827
244.000000 354.000000 300.000000 0.185827
238.000000 244.000000 300.000000 0.179573
244.000000 238.000000 300.000000 0.179573
245.000000 443.000000 300.000000 0.029037
235.000000 245.000000 300.000000 0.180793
245.000000 235.000000 300.000000 0.180793
240.000000 246.000000 300.000000 0.379610
246.000000 240.000000 300.000000 0.379610
257.000000 246.000000 300.000000 0.154507
246.000000 257.000000 300.000000 0.154507
239.000000 246.000000 300.000000 0.098093
246.000000 239.000000 300.000000 0.098093
344.000000 247.000000 300.000000 0.081103
247.000000 344.000000 300.000000 0.081103
264.000000 247.000000 300.000000 0.219943
247.000000 264.000000 300.000000 0.219943
283.000000 247.000000 300.000000 0.579803
247.000000 283.000000 300.000000 0.579803
255.000000 248.000000 300.000000 0.175937
248.000000 255.000000 300.000000 0.175937
216.000000 248.000000 300.000000 0.548020
248.000000 216.000000 300.000000 0.548020
238.000000 248.000000 300.000000 0.174393
248.000000 238.000000 300.000000 0.174393
225.000000 249.000000 300.000000 0.486750
249.000000 225.000000 300.000000 0.486750
260.000000 249.000000 300.000000 0.186483
249.000000 260.000000 300.000000 0.186483
237.000000 249.000000 300.000000 0.182470
249.000000 237.000000 300.000000 0.182470
262.000000 250.000000 300.000000 0.158573
250.000000 262.000000 300.000000 0.158573
240.000000 250.000000 300.000000 0.144603
250.000000 240.000000 300.000000 0.144603
241.000000 250.000000 300.000000 0.379963
250.000000 241.000000 300.000000 0.379963
257.000000 250.000000 300.000000 0.383370
250.000000 257.000000 300.000000 0.383370
251.000000 243.000000 300.000000 0.180830
282.000000 251.000000 300.000000 0.546517
251.000000 282.000000 300.000000 0.546517
443.000000 251.000000 300.000000 0.028160
251.000000 443.000000 300.000000 0.028160
252.000000 241.000000 300.000000 0.155243
262.000000 252.000000 300.000000 0.379067
252.000000 262.000000 300.000000 0.379067
258.000000 253.000000 300.000000 0.152553
253.000000 258.000000 300.000000 0.152553
269.000000 253.000000 300.000000 0.394987
253.000000 269.000000 300.000000 0.394987
226.000000 254.000000 300.000000 0.444423
254.000000 226.000000 300.000000 0.444423
261.000000 254.000000 300.000000 0.080523
254.000000 261.000000 300.000000 0.080523
222.000000 254.000000 300.000000 0.561793
254.000000 222.000000 300.000000 0.561793
248.000000 255.000000 300.000000 0.175937
255.000000 248.000000 300.000000 0.175937
358.000000 255.000000 300.000000 0.059593
255.000000 358.000000 300.000000 0.059593
223.000000 255.000000 300.000000 0.542410
255.000000 223.000000 300.000000 0.542410
244.000000 256.000000 300.000000 0.704983
256.000000 244.000000 300.000000 0.704983
430.000000 256.000000 300.000000 0.028940
256.000000 430.000000 300.000000 0.028940
256.000000 271.000000 300.000000 0.181487
272.000000 257.000000 300.000000 0.156643
257.000000 272.000000 300.000000 0.156643
250.000000 257.000000 300.000000 0.383370
257.000000 250.000000 300.000000 0.383370
246.000000 257.000000 300.000000 0.154507
257.000000 246.000000 300.000000 0.154507
258.000000 257.000000 300.000000 0.287313
257.000000 258.000000 300.000000 0.287313
253.000000 258.000000 300.000000 0.152553
258.000000 253.000000 300.000000 0.152553
14.000000 258.000000 300.000000 0.291017
258.000000 14.000000 300.000000 0.291017
257.000000 258.000000 300.000000 0.287313
258.000000 257.000000 300.000000 0.287313
259.000000 251.000000 300.000000 0.177433
289.000000 259.000000 300.000000 0.550810
259.000000 289.000000 300.000000 0.550810
234.000000 260.000000 300.000000 0.485780
260.000000 234.000000 300.000000 0.485780
275.000000 260.000000 300.000000 0.180980
260.000000 275.000000 300.000000 0.180980
249.000000 260.000000 300.000000 0.186483
260.000000 249.000000 300.000000 0.186483
303.000000 261.000000 300.000000 0.546790
261.000000 303.000000 300.000000 0.546790
254.000000 261.000000 300.000000 0.080523
261.000000 254.000000 300.000000 0.080523
297.000000 261.000000 300.000000 0.701340
261.000000 297.000000 300.000000 0.701340
252.000000 262.000000 300.000000 0.379067
262.000000 252.000000 300.000000 0.379067
272.000000 262.000000 300.000000 0.384730
262.000000 272.000000 300.000000 0.384730
277.000000 262.000000 300.000000 0.151840
262.000000 277.000000 300.000000 0.151840
250.000000 262.000000 300.000000 0.158573
262.000000 250.000000 300.000000 0.158573
263.000000 259.000000 300.000000 0.089550
279.000000 263.000000 300.000000 0.183547
263.000000 279.000000 300.000000 0.183547
264.000000 465.000000 300.000000 0.137163
247.000000 264.000000 300.000000 0.219943
264.000000 247.000000 300.000000 0.219943
265.000000 430.000000 300.000000 0.092533
274.000000 265.000000 300.000000 0.322467
265.000000 274.000000 300.000000 0.322467
358.000000 266.000000 300.000000 0.125283
266.000000 358.000000 300.000000 0.125283
278.000000 266.000000 300.000000 0.176900
266.000000 278.000000 300.000000 0.176900
232.000000 266.000000 300.000000 0.549667
266.000000 232.000000 300.000000 0.549667
276.000000 267.000000 300.000000 0.080140
267.000000 276.000000 300.000000 0.080140
230.000000 267.000000 300.000000 0.513957
267.000000 230.000000 300.000000 0.513957
345.000000 267.000000 300.000000 0.150683
267.000000 345.000000 300.000000 0.150683
301.000000 268.000000 300.000000 0.453407
268.000000 301.000000 300.000000 0.453407
345.000000 268.000000 300.000000 0.078237
268.000000 345.000000 300.000000 0.078237
276.000000 268.000000 300.000000 0.154663
268.000000 276.000000 300.000000 0.154663
233.000000 269.000000 300.000000 0.473410
269.000000 233.000000 300.000000 0.473410
346.000000 269.000000 300.000000 0.112383
269.000000 346.000000 300.000000 0.112383
253.000000 269.000000 300.000000 0.394987
269.000000 253.000000 300.000000 0.394987
285.000000 270.000000 300.000000 0.173113
270.000000 285.000000 300.000000 0.173113
284.000000 270.000000 300.000000 0.692600
270.000000 284.000000 300.000000 0.692600
411.000000 270.000000 300.000000 0.183667
270.000000 411.000000 300.000000 0.183667
411.000000 271.000000 300.000000 0.703137
271.000000 411.000000 300.000000 0.703137
271.000000 431.000000 300.000000 0.067193
262.000000 272.000000 300.000000 0.384730
272.000000 262.000000 300.000000 0.384730
257.000000 272.000000 300.000000 0.156643
272.000000 257.000000 300.000000 0.156643
350.000000 272.000000 300.000000 0.277133
272.000000 350.000000 300.000000 0.277133
16.000000 273.000000 300.000000 0.548530
273.000000 16.000000 300.000000 0.548530
346.000000 273.000000 300.000000 0.150167
273.000000 346.000000 300.000000 0.150167
348.000000 273.000000 300.000000 0.119243
273.000000 348.000000 300.000000 0.119243
461.000000 274.000000 300.000000 0.152200
274.000000 461.000000 300.000000 0.152200
265.000000 274.000000 300.000000 0.322467
274.000000 265.000000 300.000000 0.322467
277.000000 274.000000 300.000000 0.056423
274.000000 277.000000 300.000000 0.056423
235.000000 275.000000 300.000000 0.700470
275.000000 235.000000 300.000000 0.700470
23.000000 275.000000 300.000000 0.195250
275.000000 23.000000 300.000000 0.195250
260.000000 275.000000 300.000000 0.180980
275.000000 260.000000 300.000000 0.180980
298.000000 276.000000 300.000000 0.352700
276.000000 298.000000 300.000000 0.352700
267.000000 276.000000 300.000000 0.080140
276.000000 267.000000 300.000000 0.080140
268.000000 276.000000 300.000000 0.154663
276.000000 268.000000 300.000000 0.154663
262.000000 277.000000 300.000000 0.151840
277.000000 262.000000 300.000000 0.151840
274.000000 277.000000 300.000000 0.056423
277.000000 274.000000 300.000000 0.056423
350.000000 277.000000 300.000000 0.267087
277.000000 350.000000 300.000000 0.267087
266.000000 278.000000 300.000000 0.176900
278.000000 266.000000 300.000000 0.176900
281.000000 278.000000 300.000000 0.150613
278.000000 281.000000 300.000000 0.150613
243.000000 278.000000 300.000000 0.546383
278.000000 243.000000 300.000000 0.546383
292.000000 279.000000 300.000000 0.409350
279.000000 292.000000 300.000000 0.409350
286.000000 279.000000 300.000000 0.176207
279.000000 286.000000 300.000000 0.176207
263.000000 279.000000 300.000000 0.183547
279.000000 263.000000 300.000000 0.183547
280.000000 265.000000 300.000000 0.157400
431.000000 280.000000 300.000000 0.029553
280.000000 431.000000 300.000000 0.029553
461.000000 280.000000 300.000000 0.321563
280.000000 461.000000 300.000000 0.321563
278.000000 281.000000 300.000000 0.150613
281.000000 278.000000 300.000000 0.150613
282.000000 281.000000 300.000000 0.028007
281.000000 282.000000 300.000000 0.028007
290.000000 281.000000 300.000000 0.188450
281.000000 290.000000 300.000000 0.188450
281.000000 282.000000 300.000000 0.028007
282.000000 281.000000 300.000000 0.028007
289.000000 282.000000 300.000000 0.179510
282.000000 289.000000 300.000000 0.179510
251.000000 282.000000 300.000000 0.546517
282.000000 251.000000 300.000000 0.546517
247.000000 283.000000 300.000000 0.579803
283.000000 247.000000 300.000000 0.579803
283.000000 297.000000 300.000000 0.205510
270.000000 284.000000 300.000000 0.692600
284.000000 270.000000 300.000000 0.692600
445.000000 284.000000 300.000000 0.032947
284.000000 445.000000 300.000000 0.032947
284.000000 299.000000 300.000000 0.180960
296.000000 285.000000 300.000000 0.187640
285.000000 296.000000 300.000000 0.187640
270.000000 285.000000 300.000000 0.173113
285.000000 270.000000 300.000000 0.173113
299.000000 285.000000 300.000000 0.690157
285.000000 299.000000 300.000000 0.690157
306.000000 286.000000 300.000000 0.413087
286.000000 306.000000 300.000000 0.413087
295.000000 286.000000 300.000000 0.189247
286.000000 295.000000 300.000000 0.189247
279.000000 286.000000 300.000000 0.176207
286.000000 279.000000 300.000000 0.176207
287.000000 445.000000 300.000000 0.036237
291.000000 287.000000 300.000000 0.329590
287.000000 291.000000 300.000000 0.329590
461.000000 288.000000 300.000000 0.324680
288.000000 461.000000 300.000000 0.324680
294.000000 288.000000 300.000000 0.233740
288.000000 294.000000 300.000000 0.233740
350.000000 288.000000 300.000000 0.153290
288.000000 350.000000 300.000000 0.153290
291.000000 288.000000 300.000000 0.464147
288.000000 291.000000 300.000000 0.464147
282.000000 289.000000 300.000000 0.179510
289.000000 282.000000 300.000000 0.179510
295.000000 289.000000 300.000000 0.087263
289.000000 295.000000 300.000000 0.087263
259.000000 289.000000 300.000000 0.550810
289.000000 259.000000 300.000000 0.550810
357.000000 290.000000 300.000000 0.292240
290.000000 357.000000 300.000000 0.292240
304.000000 290.000000 300.000000 0.182233
290.000000 304.000000 300.000000 0.182233
281.000000 290.000000 300.000000 0.188450
290.000000 281.000000 300.000000 0.188450
287.000000 291.000000 300.000000 0.329590
291.000000 287.000000 300.000000 0.329590
461.000000 291.000000 300.000000 0.157860
291.000000 461.000000 300.000000 0.157860
288.000000 291.000000 300.000000 0.464147
291.000000 288.000000 300.000000 0.464147
279.000000 292.000000 300.000000 0.409350
292.000000 279.000000 300.000000 0.409350
306.000000 292.000000 300.000000 0.178033
292.000000 306.000000 300.000000 0.178033
23.000000 292.000000 300.000000 0.199413
292.000000 23.000000 300.000000 0.199413
348.000000 293.000000 300.000000 0.228677
293.000000 348.000000 300.000000 0.228677
293.000000 302.000000 300.000000 0.153803
319.000000 294.000000 300.000000 0.724073
294.000000 319.000000 300.000000 0.724073
305.000000 294.000000 300.000000 0.160657
294.000000 305.000000 300.000000 0.160657
288.000000 294.000000 300.000000 0.233740
294.000000 288.000000 300.000000 0.233740
289.000000 295.000000 300.000000 0.087263
295.000000 289.000000 300.000000 0.087263
357.000000 295.000000 300.000000 0.194123
295.000000 357.000000 300.000000 0.194123
286.000000 295.000000 300.000000 0.189247
295.000000 286.000000 300.000000 0.189247
312.000000 295.000000 300.000000 0.410757
295.000000 312.000000 300.000000 0.410757
308.000000 296.000000 300.000000 0.179707
296.000000 308.000000 300.000000 0.179707
285.000000 296.000000 300.000000 0.187640
296.000000 285.000000 300.000000 0.187640
309.000000 296.000000 300.000000 0.690550
296.000000 309.000000 300.000000 0.690550
261.000000 297.000000 300.000000 0.701340
297.000000 261.000000 300.000000 0.701340
297.000000 303.000000 300.000000 0.159113
276.000000 298.000000 300.000000 0.352700
298.000000 276.000000 300.000000 0.352700
298.000000 293.000000 300.000000 0.175657
285.000000 299.000000 300.000000 0.690157
299.000000 285.000000 300.000000 0.690157
299.000000 438.000000 300.000000 0.096797
300.000000 287.000000 300.000000 0.153113
310.000000 300.000000 300.000000 0.601450
300.000000 310.000000 300.000000 0.601450
301.000000 298.000000 300.000000 0.180533
268.000000 301.000000 300.000000 0.453407
301.000000 268.000000 300.000000 0.453407
347.000000 302.000000 300.000000 0.231243
302.000000 347.000000 300.000000 0.231243
302.000000 462.000000 300.000000 0.420913
261.000000 303.000000 300.000000 0.546790
303.000000 261.000000 300.000000 0.546790
303.000000 433.000000 300.000000 0.060200
324.000000 304.000000 300.000000 0.700177
304.000000 324.000000 300.000000 0.700177
290.000000 304.000000 300.000000 0.182233
304.000000 290.000000 300.000000 0.182233
313.000000 304.000000 300.000000 0.317960
304.000000 313.000000 300.000000 0.317960
322.000000 305.000000 300.000000 0.674883
305.000000 322.000000 300.000000 0.674883
311.000000 305.000000 300.000000 0.145883
305.000000 311.000000 300.000000 0.145883
294.000000 305.000000 300.000000 0.160657
305.000000 294.000000 300.000000 0.160657
286.000000 306.000000 300.000000 0.413087
306.000000 286.000000 300.000000 0.413087
312.000000 306.000000 300.000000 0.176493
306.000000 312.000000 300.000000 0.176493
292.000000 306.000000 300.000000 0.178033
306.000000 292.000000 300.000000 0.178033
307.000000 437.000000 300.000000 0.068783
441.000000 307.000000 300.000000 0.608640
307.000000 441.000000 300.000000 0.608640
296.000000 308.000000 300.000000 0.179707
308.000000 296.000000 300.000000 0.179707
317.000000 308.000000 300.000000 0.690067
308.000000 317.000000 300.000000 0.690067
316.000000 308.000000 300.000000 0.186613
308.000000 316.000000 300.000000 0.186613
296.000000 309.000000 300.000000 0.690550
309.000000 296.000000 300.000000 0.690550
309.000000 317.000000 300.000000 0.193570
300.000000 310.000000 300.000000 0.601450
310.000000 300.000000 300.000000 0.601450
441.000000 310.000000 300.000000 0.145707
310.000000 441.000000 300.000000 0.145707
466.000000 310.000000 300.000000 0.138503
310.000000 466.000000 300.000000 0.138503
327.000000 311.000000 300.000000 0.567530
311.000000 327.000000 300.000000 0.567530
305.000000 311.000000 300.000000 0.145883
311.000000 305.000000 300.000000 0.145883
466.000000 311.000000 300.000000 0.038460
311.000000 466.000000 300.000000 0.038460
306.000000 312.000000 300.000000 0.176493
312.000000 306.000000 300.000000 0.176493
295.000000 312.000000 300.000000 0.410757
312.000000 295.000000 300.000000 0.410757
318.000000 312.000000 300.000000 0.188700
312.000000 318.000000 300.000000 0.188700
331.000000 313.000000 300.000000 0.554573
313.000000 331.000000 300.000000 0.554573
320.000000 313.000000 300.000000 0.181183
313.000000 320.000000 300.000000 0.181183
304.000000 313.000000 300.000000 0.317960
313.000000 304.000000 300.000000 0.317960
314.000000 307.000000 300.000000 0.158483
329.000000 314.000000 300.000000 0.702080
314.000000 329.000000 300.000000 0.702080
441.000000 315.000000 300.000000 0.073993
315.000000 441.000000 300.000000 0.073993
328.000000 315.000000 300.000000 0.445093
315.000000 328.000000 300.000000 0.445093
349.000000 315.000000 300.000000 0.420470
315.000000 349.000000 300.000000 0.420470
466.000000 315.000000 300.000000 0.153177
315.000000 466.000000 300.000000 0.153177
326.000000 316.000000 300.000000 0.698060
316.000000 326.000000 300.000000 0.698060
323.000000 316.000000 300.000000 0.137067
316.000000 323.000000 300.000000 0.137067
308.000000 316.000000 300.000000 0.186613
316.000000 308.000000 300.000000 0.186613
308.000000 317.000000 300.000000 0.690067
317.000000 308.000000 300.000000 0.690067
444.000000 317.000000 300.000000 0.030710
317.000000 444.000000 300.000000 0.030710
317.000000 326.000000 300.000000 0.180680
324.000000 318.000000 300.000000 0.181893
318.000000 324.000000 300.000000 0.181893
357.000000 318.000000 300.000000 0.410860
318.000000 357.000000 300.000000 0.410860
312.000000 318.000000 300.000000 0.188700
318.000000 312.000000 300.000000 0.188700
319.000000 463.000000 300.000000 0.037643
294.000000 319.000000 300.000000 0.724073
319.000000 294.000000 300.000000 0.724073
335.000000 320.000000 300.000000 0.484777
320.000000 335.000000 300.000000 0.484777
313.000000 320.000000 300.000000 0.181183
320.000000 313.000000 300.000000 0.181183
323.000000 320.000000 300.000000 0.180640
320.000000 323.000000 300.000000 0.180640
321.000000 444.000000 300.000000 0.106513
329.000000 321.000000 300.000000 0.546117
321.000000 329.000000 300.000000 0.546117
305.000000 322.000000 300.000000 0.674883
322.000000 305.000000 300.000000 0.674883
322.000000 327.000000 300.000000 0.190973
325.000000 323.000000 300.000000 0.050517
323.000000 325.000000 300.000000 0.050517
316.000000 323.000000 300.000000 0.137067
323.000000 316.000000 300.000000 0.137067
320.000000 323.000000 300.000000 0.180640
323.000000 320.000000 300.000000 0.180640
304.000000 324.000000 300.000000 0.700177
324.000000 304.000000 300.000000 0.700177
331.000000 324.000000 300.000000 0.179217
324.000000 331.000000 300.000000 0.179217
318.000000 324.000000 300.000000 0.181893
324.000000 318.000000 300.000000 0.181893
330.000000 325.000000 300.000000 0.377500
325.000000 330.000000 300.000000 0.377500
323.000000 325.000000 300.000000 0.050517
325.000000 323.000000 300.000000 0.050517
333.000000 325.000000 300.000000 0.160490
325.000000 333.000000 300.000000 0.160490
316.000000 326.000000 300.000000 0.698060
326.000000 316.000000 300.000000 0.698060
326.000000 343.000000 300.000000 0.210977
311.000000 327.000000 300.000000 0.567530
327.000000 311.000000 300.000000 0.567530
327.000000 328.000000 300.000000 0.225397
315.000000 328.000000 300.000000 0.445093
328.000000 315.000000 300.000000 0.445093
328.000000 349.000000 300.000000 0.227170
321.000000 329.000000 300.000000 0.546117
329.000000 321.000000 300.000000 0.546117
314.000000 329.000000 300.000000 0.702080
329.000000 314.000000 300.000000 0.702080
332.000000 329.000000 300.000000 0.049573
329.000000 332.000000 300.000000 0.049573
325.000000 330.000000 300.000000 0.377500
330.000000 325.000000 300.000000 0.377500
333.000000 330.000000 300.000000 0.362997
330.000000 333.000000 300.000000 0.362997
424.000000 330.000000 300.000000 0.124770
330.000000 424.000000 300.000000 0.124770
313.000000 331.000000 300.000000 0.554573
331.000000 313.000000 300.000000 0.554573
324.000000 331.000000 300.000000 0.179217
331.000000 324.000000 300.000000 0.179217
336.000000 331.000000 300.000000 0.180523
331.000000 336.000000 300.000000 0.180523
332.000000 428.000000 300.000000 0.363080
329.000000 332.000000 300.000000 0.049573
332.000000 329.000000 300.000000 0.049573
335.000000 333.000000 300.000000 0.554020
333.000000 335.000000 300.000000 0.554020
330.000000 333.000000 300.000000 0.362997
333.000000 330.000000 300.000000 0.362997
337.000000 333.000000 300.000000 0.177657
333.000000 337.000000 300.000000 0.177657
325.000000 333.000000 300.000000 0.160490
333.000000 325.000000 300.000000 0.160490
334.000000 321.000000 300.000000 0.272213
334.000000 343.000000 300.000000 0.030590
320.000000 335.000000 300.000000 0.484777
335.000000 320.000000 300.000000 0.484777
336.000000 335.000000 300.000000 0.108900
335.000000 336.000000 300.000000 0.108900
333.000000 335.000000 300.000000 0.554020
335.000000 333.000000 300.000000 0.554020
335.000000 336.000000 300.000000 0.108900
336.000000 335.000000 300.000000 0.108900
356.000000 336.000000 300.000000 0.126307
336.000000 356.000000 300.000000 0.126307
331.000000 336.000000 300.000000 0.180523
336.000000 331.000000 300.000000 0.180523
337.000000 356.000000 300.000000 0.647733
333.000000 337.000000 300.000000 0.177657
337.000000 333.000000 300.000000 0.177657
339.000000 402.000000 300.000000 0.071577
401.000000 339.000000 300.000000 0.340100
339.000000 401.000000 300.000000 0.340100
340.000000 12.000000 300.000000 0.155553
31.000000 340.000000 300.000000 0.464277
340.000000 31.000000 300.000000 0.464277
341.000000 197.000000 300.000000 0.170283
341.000000 342.000000 300.000000 0.034143
342.000000 364.000000 300.000000 0.202867
343.000000 337.000000 300.000000 0.621120
343.000000 26.000000 300.000000 0.031923
247.000000 344.000000 300.000000 0.081103
344.000000 247.000000 300.000000 0.081103
218.000000 344.000000 300.000000 0.345287
344.000000 218.000000 300.000000 0.345287
220.000000 344.000000 300.000000 0.520810
344.000000 220.000000 300.000000 0.520810
13.000000 345.000000 300.000000 0.479837
345.000000 13.000000 300.000000 0.479837
267.000000 345.000000 300.000000 0.150683
345.000000 267.000000 300.000000 0.150683
268.000000 345.000000 300.000000 0.078237
345.000000 268.000000 300.000000 0.078237
347.000000 346.000000 300.000000 0.116017
346.000000 347.000000 300.000000 0.116017
269.000000 346.000000 300.000000 0.112383
346.000000 269.000000 300.000000 0.112383
273.000000 346.000000 300.000000 0.150167
346.000000 273.000000 300.000000 0.150167
346.000000 347.000000 300.000000 0.116017
347.000000 346.000000 300.000000 0.116017
302.000000 347.000000 300.000000 0.231243
347.000000 302.000000 300.000000 0.231243
348.000000 347.000000 300.000000 0.153060
347.000000 348.000000 300.000000 0.153060
347.000000 348.000000 300.000000 0.153060
348.000000 347.000000 300.000000 0.153060
293.000000 348.000000 300.000000 0.228677
348.000000 293.000000 300.000000 0.228677
273.000000 348.000000 300.000000 0.119243
348.000000 273.000000 300.000000 0.119243
349.000000 351.000000 300.000000 0.143677
315.000000 349.000000 300.000000 0.420470
349.000000 315.000000 300.000000 0.420470
277.000000 350.000000 300.000000 0.267087
350.000000 277.000000 300.000000 0.267087
272.000000 350.000000 300.000000 0.277133
350.000000 272.000000 300.000000 0.277133
288.000000 350.000000 300.000000 0.153290
350.000000 288.000000 300.000000 0.153290
351.000000 332.000000 300.000000 0.195777
353.000000 352.000000 300.000000 0.451513
352.000000 353.000000 300.000000 0.451513
354.000000 352.000000 300.000000 0.124940
352.000000 354.000000 300.000000 0.124940
352.000000 353.000000 300.000000 0.451513
353.000000 352.000000 300.000000 0.451513
355.000000 353.000000 300.000000 0.271407
353.000000 355.000000 300.000000 0.271407
354.000000 353.000000 300.000000 0.428523
353.000000 354.000000 300.000000 0.428523
353.000000 354.000000 300.000000 0.428523
354.000000 353.000000 300.000000 0.428523
244.000000 354.000000 300.000000 0.185827
354.000000 244.000000 300.000000 0.185827
352.000000 354.000000 300.000000 0.124940
354.000000 352.000000 300.000000 0.124940
353.000000 355.000000 300.000000 0.271407
355.000000 353.000000 300.000000 0.271407
355.000000 256.000000 300.000000 0.179497
336.000000 356.000000 300.000000 0.126307
356.000000 336.000000 300.000000 0.126307
356.000000 339.000000 300.000000 0.306057
290.000000 357.000000 300.000000 0.292240
357.000000 290.000000 300.000000 0.292240
295.000000 357.000000 300.000000 0.194123
357.000000 295.000000 300.000000 0.194123
318.000000 357.000000 300.000000 0.410860
357.000000 318.000000 300.000000 0.410860
255.000000 358.000000 300.000000 0.059593
358.000000 255.000000 300.000000 0.059593
266.000000 358.000000 300.000000 0.125283
358.000000 266.000000 300.000000 0.125283
359.000000 358.000000 300.000000 0.279200
358.000000 359.000000 300.000000 0.279200
358.000000 359.000000 300.000000 0.279200
359.000000 358.000000 300.000000 0.279200
209.000000 360.000000 300.000000 0.075123
360.000000 209.000000 300.000000 0.075123
228.000000 360.000000 300.000000 0.397003
360.000000 228.000000 300.000000 0.397003
460.000000 360.000000 300.000000 0.448417
360.000000 460.000000 300.000000 0.448417
361.000000 342.000000 300.000000 0.114387
363.000000 361.000000 300.000000 0.196937
361.000000 363.000000 300.000000 0.196937
363.000000 362.000000 300.000000 0.193323
362.000000 363.000000 300.000000 0.193323
364.000000 363.000000 300.000000 0.061920
363.000000 364.000000 300.000000 0.061920
362.000000 363.000000 300.000000 0.193323
363.000000 362.000000 300.000000 0.193323
361.000000 363.000000 300.000000 0.196937
363.000000 361.000000 300.000000 0.196937
363.000000 364.000000 300.000000 0.061920
364.000000 363.000000 300.000000 0.061920
364.000000 362.000000 300.000000 0.193357
198.000000 365.000000 300.000000 0.168213
365.000000 198.000000 300.000000 0.168213
212.000000 365.000000 300.000000 0.224463
365.000000 212.000000 300.000000 0.224463
366.000000 365.000000 300.000000 0.235747
365.000000 366.000000 300.000000 0.235747
366.000000 212.000000 300.000000 0.083570
365.000000 366.000000 300.000000 0.235747
366.000000 365.000000 300.000000 0.235747
189.000000 367.000000 300.000000 0.010060
367.000000 189.000000 300.000000 0.010060
368.000000 367.000000 300.000000 0.090763
367.000000 368.000000 300.000000 0.090763
374.000000 367.000000 300.000000 0.548197
367.000000 374.000000 300.000000 0.548197
196.000000 368.000000 300.000000 0.168917
368.000000 196.000000 300.000000 0.168917
190.000000 368.000000 300.000000 0.038537
368.000000 190.000000 300.000000 0.038537
367.000000 368.000000 300.000000 0.090763
368.000000 367.000000 300.000000 0.090763
206.000000 369.000000 300.000000 0.102030
369.000000 206.000000 300.000000 0.102030
213.000000 369.000000 300.000000 0.272600
369.000000 213.000000 300.000000 0.272600
227.000000 369.000000 300.000000 0.414380
369.000000 227.000000 300.000000 0.414380
370.000000 181.000000 300.000000 0.485393
371.000000 370.000000 300.000000 0.191503
180.000000 371.000000 300.000000 0.028020
371.000000 180.000000 300.000000 0.028020
372.000000 371.000000 300.000000 0.962050
371.000000 372.000000 300.000000 0.962050
372.000000 371.000000 300.000000 0.175930
373.000000 372.000000 300.000000 0.087490
446.000000 373.000000 300.000000 0.035363
373.000000 446.000000 300.000000 0.035363
374.000000 373.000000 300.000000 0.096360
367.000000 374.000000 300.000000 0.548197
374.000000 367.000000 300.000000 0.548197
375.000000 374.000000 300.000000 0.179957
189.000000 375.000000 300.000000 0.394013
375.000000 189.000000 300.000000 0.394013
376.000000 375.000000 300.000000 0.180883
185.000000 376.000000 300.000000 0.028377
376.000000 185.000000 300.000000 0.028377
193.000000 376.000000 300.000000 0.400910
376.000000 193.000000 300.000000 0.400910
377.000000 376.000000 300.000000 0.182763
201.000000 377.000000 300.000000 0.406273
377.000000 201.000000 300.000000 0.406273
378.000000 412.000000 300.000000 0.179837
199.000000 378.000000 300.000000 0.027270
378.000000 199.000000 300.000000 0.027270
211.000000 378.000000 300.000000 0.418930
378.000000 211.000000 300.000000 0.418930
450.000000 379.000000 300.000000 0.326457
379.000000 450.000000 300.000000 0.326457
207.000000 379.000000 300.000000 0.032593
379.000000 207.000000 300.000000 0.032593
379.000000 378.000000 300.000000 0.194100
380.000000 379.000000 300.000000 0.159390
89.000000 380.000000 300.000000 0.581177
380.000000 89.000000 300.000000 0.581177
19.000000 380.000000 300.000000 0.031303
380.000000 19.000000 300.000000 0.031303
96.000000 381.000000 300.000000 0.428420
381.000000 96.000000 300.000000 0.428420
381.000000 380.000000 300.000000 0.273807
417.000000 382.000000 300.000000 0.030750
382.000000 417.000000 300.000000 0.030750
101.000000 382.000000 300.000000 0.400200
382.000000 101.000000 300.000000 0.400200
382.000000 381.000000 300.000000 0.188257
383.000000 382.000000 300.000000 0.168743
101.000000 383.000000 300.000000 0.572770
383.000000 101.000000 300.000000 0.572770
105.000000 384.000000 300.000000 0.035393
384.000000 105.000000 300.000000 0.035393
384.000000 389.000000 300.000000 0.187193
109.000000 384.000000 300.000000 0.349107
384.000000 109.000000 300.000000 0.349107
385.000000 413.000000 300.000000 0.195377
119.000000 385.000000 300.000000 0.031910
385.000000 119.000000 300.000000 0.031910
123.000000 385.000000 300.000000 0.398183
385.000000 123.000000 300.000000 0.398183
386.000000 414.000000 300.000000 0.178763
136.000000 386.000000 300.000000 0.033517
386.000000 136.000000 300.000000 0.033517
146.000000 386.000000 300.000000 0.404070
386.000000 146.000000 300.000000 0.404070
387.000000 416.000000 300.000000 0.180117
165.000000 387.000000 300.000000 0.401047
387.000000 165.000000 300.000000 0.401047
388.000000 440.000000 300.000000 0.031330
388.000000 387.000000 300.000000 0.262973
389.000000 383.000000 300.000000 0.186513
109.000000 389.000000 300.000000 0.360933
389.000000 109.000000 300.000000 0.360933
96.000000 390.000000 300.000000 0.028837
390.000000 96.000000 300.000000 0.028837
89.000000 390.000000 300.000000 0.153050
390.000000 89.000000 300.000000 0.153050
391.000000 390.000000 300.000000 0.115980
390.000000 391.000000 300.000000 0.115980
392.000000 391.000000 300.000000 0.152430
391.000000 392.000000 300.000000 0.152430
93.000000 391.000000 300.000000 0.162400
391.000000 93.000000 300.000000 0.162400
390.000000 391.000000 300.000000 0.115980
391.000000 390.000000 300.000000 0.115980
111.000000 392.000000 300.000000 0.333577
392.000000 111.000000 300.000000 0.333577
391.000000 392.000000 300.000000 0.152430
392.000000 391.000000 300.000000 0.152430
101.000000 392.000000 300.000000 0.123093
392.000000 101.000000 300.000000 0.123093
394.000000 393.000000 300.000000 0.396317
393.000000 394.000000 300.000000 0.396317
395.000000 393.000000 300.000000 0.176267
393.000000 395.000000 300.000000 0.176267
146.000000 393.000000 300.000000 0.132367
393.000000 146.000000 300.000000 0.132367
155.000000 394.000000 300.000000 0.178797
394.000000 155.000000 300.000000 0.178797
142.000000 394.000000 300.000000 0.063033
394.000000 142.000000 300.000000 0.063033
393.000000 394.000000 300.000000 0.396317
394.000000 393.000000 300.000000 0.396317
393.000000 395.000000 300.000000 0.176267
395.000000 393.000000 300.000000 0.176267
157.000000 395.000000 300.000000 0.111300
395.000000 157.000000 300.000000 0.111300
155.000000 395.000000 300.000000 0.395350
395.000000 155.000000 300.000000 0.395350
397.000000 396.000000 300.000000 0.411643
396.000000 397.000000 300.000000 0.411643
139.000000 396.000000 300.000000 0.069227
396.000000 139.000000 300.000000 0.069227
448.000000 396.000000 300.000000 0.147390
396.000000 448.000000 300.000000 0.147390
396.000000 397.000000 300.000000 0.411643
397.000000 396.000000 300.000000 0.411643
163.000000 397.000000 300.000000 0.181607
397.000000 163.000000 300.000000 0.181607
399.000000 397.000000 300.000000 0.180870
397.000000 399.000000 300.000000 0.180870
400.000000 398.000000 300.000000 0.033997
398.000000 400.000000 300.000000 0.033997
139.000000 398.000000 300.000000 0.112477
398.000000 139.000000 300.000000 0.112477
453.000000 398.000000 300.000000 0.081820
398.000000 453.000000 300.000000 0.081820
400.000000 399.000000 300.000000 0.363457
399.000000 400.000000 300.000000 0.363457
397.000000 399.000000 300.000000 0.180870
399.000000 397.000000 300.000000 0.180870
162.000000 399.000000 300.000000 0.183363
399.000000 162.000000 300.000000 0.183363
399.000000 400.000000 300.000000 0.363457
400.000000 399.000000 300.000000 0.363457
398.000000 400.000000 300.000000 0.033997
400.000000 398.000000 300.000000 0.033997
141.000000 400.000000 300.000000 0.120263
400.000000 141.000000 300.000000 0.120263
339.000000 401.000000 300.000000 0.340100
401.000000 339.000000 300.000000 0.340100
138.000000 401.000000 300.000000 0.184223
401.000000 138.000000 300.000000 0.184223
159.000000 401.000000 300.000000 0.200807
401.000000 159.000000 300.000000 0.200807
402.000000 164.000000 300.000000 0.421483
159.000000 402.000000 300.000000 0.215670
402.000000 159.000000 300.000000 0.215670
127.000000 403.000000 300.000000 0.142997
403.000000 127.000000 300.000000 0.142997
112.000000 403.000000 300.000000 0.486633
403.000000 112.000000 300.000000 0.486633
131.000000 403.000000 300.000000 0.187403
403.000000 131.000000 300.000000 0.187403
405.000000 404.000000 300.000000 0.149023
404.000000 405.000000 300.000000 0.149023
31.000000 404.000000 300.000000 0.103127
404.000000 31.000000 300.000000 0.103127
12.000000 404.000000 300.000000 0.424967
404.000000 12.000000 300.000000 0.424967
24.000000 405.000000 300.000000 0.155370
405.000000 24.000000 300.000000 0.155370
404.000000 405.000000 300.000000 0.149023
405.000000 404.000000 300.000000 0.149023
76.000000 406.000000 300.000000 0.014650
406.000000 76.000000 300.000000 0.014650
81.000000 406.000000 300.000000 0.146930
406.000000 81.000000 300.000000 0.146930
428.000000 407.000000 300.000000 0.028907
407.000000 428.000000 300.000000 0.028907
408.000000 334.000000 300.000000 0.031393
408.000000 407.000000 300.000000 0.271170
91.000000 409.000000 300.000000 0.514030
409.000000 91.000000 300.000000 0.514030
81.000000 409.000000 300.000000 0.155063
409.000000 81.000000 300.000000 0.155063
410.000000 409.000000 300.000000 0.029410
409.000000 410.000000 300.000000 0.029410
409.000000 410.000000 300.000000 0.029410
410.000000 409.000000 300.000000 0.029410
87.000000 410.000000 300.000000 0.102647
410.000000 87.000000 300.000000 0.102647
271.000000 411.000000 300.000000 0.703137
411.000000 271.000000 300.000000 0.703137
244.000000 411.000000 300.000000 0.180827
411.000000 244.000000 300.000000 0.180827
270.000000 411.000000 300.000000 0.183667
411.000000 270.000000 300.000000 0.183667
412.000000 377.000000 300.000000 0.170063
206.000000 412.000000 300.000000 0.401727
412.000000 206.000000 300.000000 0.401727
192.000000 412.000000 300.000000 0.034107
412.000000 192.000000 300.000000 0.034107
110.000000 413.000000 300.000000 0.035073
413.000000 110.000000 300.000000 0.035073
116.000000 413.000000 300.000000 0.399783
413.000000 116.000000 300.000000 0.399783
413.000000 384.000000 300.000000 0.170787
414.000000 385.000000 300.000000 0.180450
132.000000 414.000000 300.000000 0.403313
414.000000 132.000000 300.000000 0.403313
125.000000 414.000000 300.000000 0.034770
414.000000 125.000000 300.000000 0.034770
415.000000 386.000000 300.000000 0.188490
17.000000 415.000000 300.000000 0.034610
415.000000 17.000000 300.000000 0.034610
154.000000 415.000000 300.000000 0.396910
415.000000 154.000000 300.000000 0.396910
416.000000 415.000000 300.000000 0.176267
158.000000 416.000000 300.000000 0.033903
416.000000 158.000000 300.000000 0.033903
165.000000 416.000000 300.000000 0.561527
416.000000 165.000000 300.000000 0.561527
382.000000 417.000000 300.000000 0.030750
417.000000 382.000000 300.000000 0.030750
417.000000 105.000000 300.000000 0.538513
86.000000 417.000000 300.000000 0.104143
417.000000 86.000000 300.000000 0.104143
418.000000 222.000000 300.000000 0.074130
85.000000 419.000000 300.000000 0.079627
419.000000 85.000000 300.000000 0.079627
91.000000 419.000000 300.000000 0.099570
419.000000 91.000000 300.000000 0.099570
455.000000 419.000000 300.000000 0.145070
419.000000 455.000000 300.000000 0.145070
221.000000 420.000000 300.000000 0.152750
420.000000 221.000000 300.000000 0.152750
421.000000 15.000000 300.000000 0.137140
240.000000 422.000000 300.000000 0.252267
422.000000 240.000000 300.000000 0.252267
422.000000 239.000000 300.000000 0.625743
182.000000 423.000000 300.000000 0.145837
423.000000 182.000000 300.000000 0.145837
187.000000 423.000000 300.000000 0.410653
423.000000 187.000000 300.000000 0.410653
330.000000 424.000000 300.000000 0.124770
424.000000 330.000000 300.000000 0.124770
106.000000 425.000000 300.000000 0.102033
425.000000 106.000000 300.000000 0.102033
112.000000 425.000000 300.000000 0.079270
425.000000 112.000000 300.000000 0.079270
23.000000 425.000000 300.000000 0.114793
425.000000 23.000000 300.000000 0.114793
427.000000 464.000000 300.000000 0.271223
407.000000 428.000000 300.000000 0.028907
428.000000 407.000000 300.000000 0.028907
428.000000 334.000000 300.000000 0.260307
429.000000 171.000000 300.000000 0.044803
430.000000 252.000000 300.000000 0.059667
256.000000 430.000000 300.000000 0.028940
430.000000 256.000000 300.000000 0.028940
280.000000 431.000000 300.000000 0.029553
431.000000 280.000000 300.000000 0.029553
431.000000 284.000000 300.000000 0.111127
175.000000 432.000000 300.000000 0.032397
432.000000 175.000000 300.000000 0.032397
432.000000 177.000000 300.000000 0.082830
433.000000 301.000000 300.000000 0.121193
434.000000 361.000000 300.000000 0.055263
197.000000 434.000000 300.000000 0.022397
434.000000 197.000000 300.000000 0.022397
436.000000 366.000000 300.000000 0.053597
209.000000 436.000000 300.000000 0.029847
436.000000 209.000000 300.000000 0.029847
437.000000 300.000000 300.000000 0.088700
438.000000 309.000000 300.000000 0.084503
438.000000 437.000000 300.000000 0.028637
439.000000 223.000000 300.000000 0.147587
229.000000 439.000000 300.000000 0.029430
439.000000 229.000000 300.000000 0.029430
440.000000 168.000000 300.000000 0.083690
315.000000 441.000000 300.000000 0.073993
441.000000 315.000000 300.000000 0.073993
307.000000 441.000000 300.000000 0.608640
441.000000 307.000000 300.000000 0.608640
310.000000 441.000000 300.000000 0.145707
441.000000 310.000000 300.000000 0.145707
251.000000 443.000000 300.000000 0.028160
443.000000 251.000000 300.000000 0.028160
443.000000 23.000000 300.000000 0.678107
444.000000 314.000000 300.000000 0.051287
317.000000 444.000000 300.000000 0.030710
444.000000 317.000000 300.000000 0.030710
445.000000 280.000000 300.000000 0.111673
284.000000 445.000000 300.000000 0.032947
445.000000 284.000000 300.000000 0.032947
373.000000 446.000000 300.000000 0.035363
446.000000 373.000000 300.000000 0.035363
446.000000 185.000000 300.000000 0.456643
109.000000 447.000000 300.000000 0.045670
447.000000 109.000000 300.000000 0.045670
116.000000 447.000000 300.000000 0.181867
447.000000 116.000000 300.000000 0.181867
111.000000 447.000000 300.000000 0.100780
447.000000 111.000000 300.000000 0.100780
142.000000 448.000000 300.000000 0.039080
448.000000 142.000000 300.000000 0.039080
127.000000 448.000000 300.000000 0.208987
448.000000 127.000000 300.000000 0.208987
396.000000 448.000000 300.000000 0.147390
448.000000 396.000000 300.000000 0.147390
449.000000 471.000000 300.000000 0.149083
165.000000 449.000000 300.000000 0.103347
449.000000 165.000000 300.000000 0.103347
227.000000 450.000000 300.000000 0.036273
450.000000 227.000000 300.000000 0.036273
379.000000 450.000000 300.000000 0.326457
450.000000 379.000000 300.000000 0.326457
211.000000 450.000000 300.000000 0.227287
450.000000 211.000000 300.000000 0.227287
92.000000 451.000000 300.000000 0.009480
451.000000 92.000000 300.000000 0.009480
451.000000 454.000000 300.000000 0.013927
103.000000 452.000000 300.000000 0.044173
452.000000 103.000000 300.000000 0.044173
114.000000 452.000000 300.000000 0.492770
452.000000 114.000000 300.000000 0.492770
98.000000 452.000000 300.000000 0.166610
452.000000 98.000000 300.000000 0.166610
141.000000 453.000000 300.000000 0.156143
453.000000 141.000000 300.000000 0.156143
398.000000 453.000000 300.000000 0.081820
453.000000 398.000000 300.000000 0.081820
131.000000 453.000000 300.000000 0.021547
453.000000 131.000000 300.000000 0.021547
455.000000 454.000000 300.000000 0.012530
454.000000 455.000000 300.000000 0.012530
454.000000 456.000000 300.000000 0.131587
454.000000 455.000000 300.000000 0.012530
455.000000 454.000000 300.000000 0.012530
455.000000 451.000000 300.000000 0.013953
419.000000 455.000000 300.000000 0.145070
455.000000 419.000000 300.000000 0.145070
100.000000 456.000000 300.000000 0.466510
456.000000 100.000000 300.000000 0.466510
456.000000 458.000000 300.000000 0.155887
80.000000 457.000000 300.000000 0.022570
457.000000 80.000000 300.000000 0.022570
90.000000 457.000000 300.000000 0.465507
457.000000 90.000000 300.000000 0.465507
84.000000 458.000000 300.000000 0.018710
458.000000 84.000000 300.000000 0.018710
94.000000 458.000000 300.000000 0.458773
458.000000 94.000000 300.000000 0.458773
458.000000 457.000000 300.000000 0.144987
198.000000 459.000000 300.000000 0.016503
459.000000 198.000000 300.000000 0.016503
195.000000 459.000000 300.000000 0.147630
459.000000 195.000000 300.000000 0.147630
204.000000 459.000000 300.000000 0.157330
459.000000 204.000000 300.000000 0.157330
238.000000 460.000000 300.000000 0.032803
460.000000 238.000000 300.000000 0.032803
360.000000 460.000000 300.000000 0.448417
460.000000 360.000000 300.000000 0.448417
228.000000 460.000000 300.000000 0.153473
460.000000 228.000000 300.000000 0.153473
274.000000 461.000000 300.000000 0.152200
461.000000 274.000000 300.000000 0.152200
288.000000 461.000000 300.000000 0.324680
461.000000 288.000000 300.000000 0.324680
291.000000 461.000000 300.000000 0.157860
461.000000 291.000000 300.000000 0.157860
280.000000 461.000000 300.000000 0.321563
461.000000 280.000000 300.000000 0.321563
462.000000 319.000000 300.000000 0.045040
25.000000 463.000000 300.000000 0.040440
463.000000 25.000000 300.000000 0.040440
463.000000 322.000000 300.000000 0.123563
464.000000 242.000000 300.000000 0.083873
465.000000 283.000000 300.000000 0.122533
315.000000 466.000000 300.000000 0.153177
466.000000 315.000000 300.000000 0.153177
311.000000 466.000000 300.000000 0.038460
466.000000 311.000000 300.000000 0.038460
310.000000 466.000000 300.000000 0.138503
466.000000 310.000000 300.000000 0.138503
467.000000 232.000000 300.000000 0.055933
468.000000 467.000000 300.000000 0.029477
467.000000 468.000000 300.000000 0.029477
468.000000 236.000000 300.000000 0.088550
467.000000 468.000000 300.000000 0.029477
468.000000 467.000000 300.000000 0.029477
469.000000 202.000000 300.000000 0.060850
470.000000 203.000000 300.000000 0.062033
471.000000 388.000000 300.000000 0.289730
472.000000 167.000000 300.000000 0.179547
473.000000 166.000000 300.000000 0.274250
474.000000 229.000000 300.000000 0.147893
223.000000 474.000000 300.000000 0.027357
474.000000 223.000000 300.000000 0.027357
