68.000000 0.000000 300.000000 0.101650
0.000000 68.000000 300.000000 0.101650
0.000000 1.000000 300.000000 0.313247
1.000000 3.000000 300.000000 0.047560
2.000000 3.000000 300.000000 0.255723
3.000000 62.000000 300.000000 0.374847
3.000000 4.000000 300.000000 0.311333
55.000000 4.000000 300.000000 0.264417
4.000000 55.000000 300.000000 0.264417
4.000000 5.000000 300.000000 0.320703
5.000000 43.000000 300.000000 0.265257
5.000000 52.000000 300.000000 0.315937
54.000000 6.000000 300.000000 0.319253
6.000000 54.000000 300.000000 0.319253
30.000000 6.000000 300.000000 0.327713
6.000000 30.000000 300.000000 0.327713
6.000000 29.000000 300.000000 0.258323
42.000000 7.000000 300.000000 0.166107
7.000000 42.000000 300.000000 0.166107
16.000000 7.000000 300.000000 0.099440
7.000000 16.000000 300.000000 0.099440
37.000000 8.000000 300.000000 0.376470
8.000000 37.000000 300.000000 0.376470
8.000000 14.000000 300.000000 0.343153
46.000000 9.000000 300.000000 0.319977
9.000000 46.000000 300.000000 0.319977
19.000000 9.000000 300.000000 0.615070
9.000000 19.000000 300.000000 0.615070
9.000000 32.000000 300.000000 0.261513
10.000000 8.000000 300.000000 0.328543
39.000000 10.000000 300.000000 0.314850
10.000000 39.000000 300.000000 0.314850
26.000000 11.000000 300.000000 0.240783
11.000000 26.000000 300.000000 0.240783
11.000000 10.000000 300.000000 0.347657
12.000000 11.000000 300.000000 0.297037
13.000000 138.000000 300.000000 0.597783
13.000000 12.000000 300.000000 0.063333
14.000000 134.000000 300.000000 0.282253
15.000000 9.000000 300.000000 0.270280
15.000000 23.000000 300.000000 0.322843
7.000000 16.000000 300.000000 0.099440
16.000000 7.000000 300.000000 0.099440
27.000000 16.000000 300.000000 0.250923
16.000000 27.000000 300.000000 0.250923
46.000000 16.000000 300.000000 0.331483
16.000000 46.000000 300.000000 0.331483
47.000000 17.000000 300.000000 0.092053
17.000000 47.000000 300.000000 0.092053
42.000000 17.000000 300.000000 0.170863
17.000000 42.000000 300.000000 0.170863
24.000000 18.000000 300.000000 0.325360
18.000000 24.000000 300.000000 0.325360
63.000000 18.000000 300.000000 0.148560
18.000000 63.000000 300.000000 0.148560
64.000000 18.000000 300.000000 0.158937
18.000000 64.000000 300.000000 0.158937
19.000000 40.000000 300.000000 0.241877
9.000000 19.000000 300.000000 0.615070
19.000000 9.000000 300.000000 0.615070
20.000000 44.000000 300.000000 0.603017
37.000000 21.000000 300.000000 0.230953
21.000000 37.000000 300.000000 0.230953
39.000000 21.000000 300.000000 0.105847
21.000000 39.000000 300.000000 0.105847
54.000000 21.000000 300.000000 0.325790
21.000000 54.000000 300.000000 0.325790
22.000000 25.000000 300.000000 0.270917
41.000000 22.000000 300.000000 0.289907
22.000000 41.000000 300.000000 0.289907
23.000000 33.000000 300.000000 0.266383
23.000000 27.000000 300.000000 0.325967
31.000000 24.000000 300.000000 0.317780
24.000000 31.000000 300.000000 0.317780
18.000000 24.000000 300.000000 0.325360
24.000000 18.000000 300.000000 0.325360
24.000000 6.000000 300.000000 0.267417
25.000000 19.000000 300.000000 0.264357
25.000000 50.000000 300.000000 0.290637
11.000000 26.000000 300.000000 0.240783
26.000000 11.000000 300.000000 0.240783
38.000000 26.000000 300.000000 0.198430
26.000000 38.000000 300.000000 0.198430
28.000000 26.000000 300.000000 0.069043
26.000000 28.000000 300.000000 0.069043
16.000000 27.000000 300.000000 0.250923
27.000000 16.000000 300.000000 0.250923
34.000000 27.000000 300.000000 0.288797
27.000000 34.000000 300.000000 0.288797
27.000000 14.000000 300.000000 0.397747
26.000000 28.000000 300.000000 0.069043
28.000000 26.000000 300.000000 0.069043
48.000000 28.000000 300.000000 0.274093
28.000000 48.000000 300.000000 0.274093
56.000000 28.000000 300.000000 0.394150
28.000000 56.000000 300.000000 0.394150
41.000000 29.000000 300.000000 0.331290
29.000000 41.000000 300.000000 0.331290
33.000000 29.000000 300.000000 0.319270
29.000000 33.000000 300.000000 0.319270
29.000000 15.000000 300.000000 0.266603
41.000000 30.000000 300.000000 0.257267
30.000000 41.000000 300.000000 0.257267
63.000000 30.000000 300.000000 0.125150
30.000000 63.000000 300.000000 0.125150
6.000000 30.000000 300.000000 0.327713
30.000000 6.000000 300.000000 0.327713
36.000000 30.000000 300.000000 0.297560
30.000000 36.000000 300.000000 0.297560
24.000000 31.000000 300.000000 0.317780
31.000000 24.000000 300.000000 0.317780
31.000000 56.000000 300.000000 0.259623
38.000000 31.000000 300.000000 0.361067
31.000000 38.000000 300.000000 0.361067
32.000000 44.000000 300.000000 0.267400
40.000000 32.000000 300.000000 0.603593
32.000000 40.000000 300.000000 0.603593
45.000000 32.000000 300.000000 0.327123
32.000000 45.000000 300.000000 0.327123
29.000000 33.000000 300.000000 0.319270
33.000000 29.000000 300.000000 0.319270
34.000000 33.000000 300.000000 0.313630
33.000000 34.000000 300.000000 0.313630
33.000000 54.000000 300.000000 0.262520
37.000000 34.000000 300.000000 0.035147
34.000000 37.000000 300.000000 0.035147
33.000000 34.000000 300.000000 0.313630
34.000000 33.000000 300.000000 0.313630
27.000000 34.000000 300.000000 0.288797
34.000000 27.000000 300.000000 0.288797
35.000000 49.000000 300.000000 0.375097
36.000000 119.000000 300.000000 0.195363
30.000000 36.000000 300.000000 0.297560
36.000000 30.000000 300.000000 0.297560
34.000000 37.000000 300.000000 0.035147
37.000000 34.000000 300.000000 0.035147
21.000000 37.000000 300.000000 0.230953
37.000000 21.000000 300.000000 0.230953
8.000000 37.000000 300.000000 0.376470
37.000000 8.000000 300.000000 0.376470
39.000000 38.000000 300.000000 0.156607
38.000000 39.000000 300.000000 0.156607
26.000000 38.000000 300.000000 0.198430
38.000000 26.000000 300.000000 0.198430
31.000000 38.000000 300.000000 0.361067
38.000000 31.000000 300.000000 0.361067
21.000000 39.000000 300.000000 0.105847
39.000000 21.000000 300.000000 0.105847
38.000000 39.000000 300.000000 0.156607
39.000000 38.000000 300.000000 0.156607
10.000000 39.000000 300.000000 0.314850
39.000000 10.000000 300.000000 0.314850
40.000000 20.000000 300.000000 0.274453
32.000000 40.000000 300.000000 0.603593
40.000000 32.000000 300.000000 0.603593
22.000000 41.000000 300.000000 0.289907
41.000000 22.000000 300.000000 0.289907
29.000000 41.000000 300.000000 0.331290
41.000000 29.000000 300.000000 0.331290
50.000000 41.000000 300.000000 0.268383
41.000000 50.000000 300.000000 0.268383
30.000000 41.000000 300.000000 0.257267
41.000000 30.000000 300.000000 0.257267
7.000000 42.000000 300.000000 0.166107
42.000000 7.000000 300.000000 0.166107
45.000000 42.000000 300.000000 0.348010
42.000000 45.000000 300.000000 0.348010
17.000000 42.000000 300.000000 0.170863
42.000000 17.000000 300.000000 0.170863
55.000000 43.000000 300.000000 0.322183
43.000000 55.000000 300.000000 0.322183
43.000000 24.000000 300.000000 0.263223
56.000000 43.000000 300.000000 0.319190
43.000000 56.000000 300.000000 0.319190
44.000000 51.000000 300.000000 0.327183
32.000000 45.000000 300.000000 0.327123
45.000000 32.000000 300.000000 0.327123
42.000000 45.000000 300.000000 0.348010
45.000000 42.000000 300.000000 0.348010
45.000000 46.000000 300.000000 0.263480
46.000000 23.000000 300.000000 0.270280
16.000000 46.000000 300.000000 0.331483
46.000000 16.000000 300.000000 0.331483
9.000000 46.000000 300.000000 0.319977
46.000000 9.000000 300.000000 0.319977
53.000000 47.000000 300.000000 0.246043
47.000000 53.000000 300.000000 0.246043
17.000000 47.000000 300.000000 0.092053
47.000000 17.000000 300.000000 0.092053
28.000000 48.000000 300.000000 0.274093
48.000000 28.000000 300.000000 0.274093
48.000000 12.000000 300.000000 0.164690
49.000000 51.000000 300.000000 0.252043
41.000000 50.000000 300.000000 0.268383
50.000000 41.000000 300.000000 0.268383
50.000000 15.000000 300.000000 0.330213
51.000000 45.000000 300.000000 0.268480
51.000000 47.000000 300.000000 0.369040
52.000000 48.000000 300.000000 0.437313
138.000000 52.000000 300.000000 0.054577
52.000000 138.000000 300.000000 0.054577
53.000000 35.000000 300.000000 0.029953
47.000000 53.000000 300.000000 0.246043
53.000000 47.000000 300.000000 0.246043
21.000000 54.000000 300.000000 0.325790
54.000000 21.000000 300.000000 0.325790
54.000000 31.000000 300.000000 0.266150
6.000000 54.000000 300.000000 0.319253
54.000000 6.000000 300.000000 0.319253
43.000000 55.000000 300.000000 0.322183
55.000000 43.000000 300.000000 0.322183
64.000000 55.000000 300.000000 0.103247
55.000000 64.000000 300.000000 0.103247
4.000000 55.000000 300.000000 0.264417
55.000000 4.000000 300.000000 0.264417
56.000000 52.000000 300.000000 0.270897
43.000000 56.000000 300.000000 0.319190
56.000000 43.000000 300.000000 0.319190
28.000000 56.000000 300.000000 0.394150
56.000000 28.000000 300.000000 0.394150
57.000000 58.000000 300.000000 0.154647
61.000000 57.000000 300.000000 0.258087
57.000000 61.000000 300.000000 0.258087
58.000000 59.000000 300.000000 0.154867
59.000000 60.000000 300.000000 0.106023
62.000000 59.000000 300.000000 0.252533
59.000000 62.000000 300.000000 0.252533
60.000000 2.000000 300.000000 0.270960
61.000000 36.000000 300.000000 0.114753
57.000000 61.000000 300.000000 0.258087
61.000000 57.000000 300.000000 0.258087
63.000000 61.000000 300.000000 0.298753
61.000000 63.000000 300.000000 0.298753
62.000000 61.000000 300.000000 0.307673
59.000000 62.000000 300.000000 0.252533
62.000000 59.000000 300.000000 0.252533
64.000000 62.000000 300.000000 0.310317
62.000000 64.000000 300.000000 0.310317
30.000000 63.000000 300.000000 0.125150
63.000000 30.000000 300.000000 0.125150
18.000000 63.000000 300.000000 0.148560
63.000000 18.000000 300.000000 0.148560
61.000000 63.000000 300.000000 0.298753
63.000000 61.000000 300.000000 0.298753
18.000000 64.000000 300.000000 0.158937
64.000000 18.000000 300.000000 0.158937
55.000000 64.000000 300.000000 0.103247
64.000000 55.000000 300.000000 0.103247
62.000000 64.000000 300.000000 0.310317
64.000000 62.000000 300.000000 0.310317
68.000000 65.000000 300.000000 0.320453
65.000000 68.000000 300.000000 0.320453
65.000000 1.000000 300.000000 0.109157
73.000000 66.000000 300.000000 0.330723
66.000000 73.000000 300.000000 0.330723
66.000000 127.000000 300.000000 0.261830
67.000000 66.000000 300.000000 0.041470
0.000000 68.000000 300.000000 0.101650
68.000000 0.000000 300.000000 0.101650
65.000000 68.000000 300.000000 0.320453
68.000000 65.000000 300.000000 0.320453
128.000000 68.000000 300.000000 0.097140
68.000000 128.000000 300.000000 0.097140
91.000000 68.000000 300.000000 1.242430
68.000000 91.000000 300.000000 1.242430
74.000000 69.000000 300.000000 0.241330
69.000000 74.000000 300.000000 0.241330
69.000000 114.000000 300.000000 0.205757
75.000000 70.000000 300.000000 0.344287
70.000000 75.000000 300.000000 0.344287
70.000000 67.000000 300.000000 0.216800
71.000000 70.000000 300.000000 0.110223
72.000000 116.000000 300.000000 0.325373
72.000000 76.000000 300.000000 0.335163
112.000000 73.000000 300.000000 0.316527
73.000000 112.000000 300.000000 0.316527
66.000000 73.000000 300.000000 0.330723
73.000000 66.000000 300.000000 0.330723
128.000000 73.000000 300.000000 0.253997
73.000000 128.000000 300.000000 0.253997
75.000000 73.000000 300.000000 0.250800
73.000000 75.000000 300.000000 0.250800
69.000000 74.000000 300.000000 0.241330
74.000000 69.000000 300.000000 0.241330
74.000000 130.000000 300.000000 0.026557
70.000000 75.000000 300.000000 0.344287
75.000000 70.000000 300.000000 0.344287
73.000000 75.000000 300.000000 0.250800
75.000000 73.000000 300.000000 0.250800
77.000000 75.000000 300.000000 0.184470
75.000000 77.000000 300.000000 0.184470
80.000000 75.000000 300.000000 0.314150
75.000000 80.000000 300.000000 0.314150
76.000000 115.000000 300.000000 0.113827
75.000000 77.000000 300.000000 0.184470
77.000000 75.000000 300.000000 0.184470
79.000000 77.000000 300.000000 0.072447
77.000000 79.000000 300.000000 0.072447
78.000000 117.000000 300.000000 0.292230
84.000000 78.000000 300.000000 0.379897
78.000000 84.000000 300.000000 0.379897
82.000000 79.000000 300.000000 0.302443
79.000000 82.000000 300.000000 0.302443
77.000000 79.000000 300.000000 0.072447
79.000000 77.000000 300.000000 0.072447
75.000000 80.000000 300.000000 0.314150
80.000000 75.000000 300.000000 0.314150
85.000000 80.000000 300.000000 0.330890
80.000000 85.000000 300.000000 0.330890
82.000000 80.000000 300.000000 0.262517
80.000000 82.000000 300.000000 0.262517
116.000000 81.000000 300.000000 0.335910
81.000000 116.000000 300.000000 0.335910
81.000000 76.000000 300.000000 0.215183
88.000000 82.000000 300.000000 0.329000
82.000000 88.000000 300.000000 0.329000
79.000000 82.000000 300.000000 0.302443
82.000000 79.000000 300.000000 0.302443
80.000000 82.000000 300.000000 0.262517
82.000000 80.000000 300.000000 0.262517
86.000000 82.000000 300.000000 0.256867
82.000000 86.000000 300.000000 0.256867
108.000000 83.000000 300.000000 0.118277
83.000000 108.000000 300.000000 0.118277
103.000000 83.000000 300.000000 0.295850
83.000000 103.000000 300.000000 0.295850
129.000000 83.000000 300.000000 0.271533
83.000000 129.000000 300.000000 0.271533
84.000000 81.000000 300.000000 0.300487
78.000000 84.000000 300.000000 0.379897
84.000000 78.000000 300.000000 0.379897
80.000000 85.000000 300.000000 0.330890
85.000000 80.000000 300.000000 0.330890
94.000000 85.000000 300.000000 0.507637
85.000000 94.000000 300.000000 0.507637
88.000000 85.000000 300.000000 0.266123
85.000000 88.000000 300.000000 0.266123
109.000000 86.000000 300.000000 0.153540
86.000000 109.000000 300.000000 0.153540
90.000000 86.000000 300.000000 0.322677
86.000000 90.000000 300.000000 0.322677
103.000000 86.000000 300.000000 0.297223
86.000000 103.000000 300.000000 0.297223
82.000000 86.000000 300.000000 0.256867
86.000000 82.000000 300.000000 0.256867
117.000000 87.000000 300.000000 0.432937
87.000000 117.000000 300.000000 0.432937
87.000000 84.000000 300.000000 0.295607
96.000000 88.000000 300.000000 0.464160
88.000000 96.000000 300.000000 0.464160
82.000000 88.000000 300.000000 0.329000
88.000000 82.000000 300.000000 0.329000
85.000000 88.000000 300.000000 0.266123
88.000000 85.000000 300.000000 0.266123
90.000000 88.000000 300.000000 0.267477
88.000000 90.000000 300.000000 0.267477
95.000000 89.000000 300.000000 0.320243
89.000000 95.000000 300.000000 0.320243
108.000000 89.000000 300.000000 0.166150
89.000000 108.000000 300.000000 0.166150
109.000000 89.000000 300.000000 0.120223
89.000000 109.000000 300.000000 0.120223
92.000000 89.000000 300.000000 0.263987
89.000000 92.000000 300.000000 0.263987
86.000000 90.000000 300.000000 0.322677
90.000000 86.000000 300.000000 0.322677
88.000000 90.000000 300.000000 0.267477
90.000000 88.000000 300.000000 0.267477
95.000000 90.000000 300.000000 0.264837
90.000000 95.000000 300.000000 0.264837
118.000000 90.000000 300.000000 0.418730
90.000000 118.000000 300.000000 0.418730
94.000000 91.000000 300.000000 0.276563
91.000000 94.000000 300.000000 0.276563
68.000000 91.000000 300.000000 1.242430
91.000000 68.000000 300.000000 1.242430
121.000000 91.000000 300.000000 0.307430
91.000000 121.000000 300.000000 0.307430
97.000000 92.000000 300.000000 0.316950
92.000000 97.000000 300.000000 0.316950
89.000000 92.000000 300.000000 0.263987
92.000000 89.000000 300.000000 0.263987
107.000000 92.000000 300.000000 0.269467
92.000000 107.000000 300.000000 0.269467
129.000000 92.000000 300.000000 0.274987
92.000000 129.000000 300.000000 0.274987
93.000000 110.000000 300.000000 0.267013
107.000000 93.000000 300.000000 0.110933
93.000000 107.000000 300.000000 0.110933
91.000000 94.000000 300.000000 0.276563
94.000000 91.000000 300.000000 0.276563
96.000000 94.000000 300.000000 0.276193
94.000000 96.000000 300.000000 0.276193
85.000000 94.000000 300.000000 0.507637
94.000000 85.000000 300.000000 0.507637
99.000000 95.000000 300.000000 0.367500
95.000000 99.000000 300.000000 0.367500
89.000000 95.000000 300.000000 0.320243
95.000000 89.000000 300.000000 0.320243
90.000000 95.000000 300.000000 0.264837
95.000000 90.000000 300.000000 0.264837
97.000000 95.000000 300.000000 0.262940
95.000000 97.000000 300.000000 0.262940
94.000000 96.000000 300.000000 0.276193
96.000000 94.000000 300.000000 0.276193
88.000000 96.000000 300.000000 0.464160
96.000000 88.000000 300.000000 0.464160
118.000000 96.000000 300.000000 0.268623
96.000000 118.000000 300.000000 0.268623
92.000000 97.000000 300.000000 0.316950
97.000000 92.000000 300.000000 0.316950
100.000000 97.000000 300.000000 0.315563
97.000000 100.000000 300.000000 0.315563
95.000000 97.000000 300.000000 0.262940
97.000000 95.000000 300.000000 0.262940
98.000000 97.000000 300.000000 0.264103
97.000000 98.000000 300.000000 0.264103
97.000000 98.000000 300.000000 0.264103
98.000000 97.000000 300.000000 0.264103
101.000000 98.000000 300.000000 0.233117
98.000000 101.000000 300.000000 0.233117
107.000000 98.000000 300.000000 0.317517
98.000000 107.000000 300.000000 0.317517
100.000000 99.000000 300.000000 0.270837
99.000000 100.000000 300.000000 0.270837
95.000000 99.000000 300.000000 0.367500
99.000000 95.000000 300.000000 0.367500
118.000000 99.000000 300.000000 0.261947
99.000000 118.000000 300.000000 0.261947
99.000000 100.000000 300.000000 0.270837
100.000000 99.000000 300.000000 0.270837
97.000000 100.000000 300.000000 0.315563
100.000000 97.000000 300.000000 0.315563
102.000000 101.000000 300.000000 0.220270
101.000000 102.000000 300.000000 0.220270
110.000000 101.000000 300.000000 0.275580
101.000000 110.000000 300.000000 0.275580
98.000000 101.000000 300.000000 0.233117
101.000000 98.000000 300.000000 0.233117
126.000000 101.000000 300.000000 0.309653
101.000000 126.000000 300.000000 0.309653
101.000000 102.000000 300.000000 0.220270
102.000000 101.000000 300.000000 0.220270
86.000000 103.000000 300.000000 0.297223
103.000000 86.000000 300.000000 0.297223
83.000000 103.000000 300.000000 0.295850
103.000000 83.000000 300.000000 0.295850
103.000000 79.000000 300.000000 0.241643
129.000000 104.000000 300.000000 0.021153
104.000000 129.000000 300.000000 0.021153
104.000000 93.000000 300.000000 0.330487
136.000000 105.000000 300.000000 0.284597
105.000000 136.000000 300.000000 0.284597
125.000000 106.000000 300.000000 0.066953
106.000000 125.000000 300.000000 0.066953
124.000000 106.000000 300.000000 0.077150
106.000000 124.000000 300.000000 0.077150
137.000000 106.000000 300.000000 0.576847
106.000000 137.000000 300.000000 0.576847
92.000000 107.000000 300.000000 0.269467
107.000000 92.000000 300.000000 0.269467
98.000000 107.000000 300.000000 0.317517
107.000000 98.000000 300.000000 0.317517
93.000000 107.000000 300.000000 0.110933
107.000000 93.000000 300.000000 0.110933
83.000000 108.000000 300.000000 0.118277
108.000000 83.000000 300.000000 0.118277
89.000000 108.000000 300.000000 0.166150
108.000000 89.000000 300.000000 0.166150
109.000000 108.000000 300.000000 0.291403
108.000000 109.000000 300.000000 0.291403
86.000000 109.000000 300.000000 0.153540
109.000000 86.000000 300.000000 0.153540
89.000000 109.000000 300.000000 0.120223
109.000000 89.000000 300.000000 0.120223
108.000000 109.000000 300.000000 0.291403
109.000000 108.000000 300.000000 0.291403
124.000000 110.000000 300.000000 0.340840
110.000000 124.000000 300.000000 0.340840
101.000000 110.000000 300.000000 0.275580
110.000000 101.000000 300.000000 0.275580
112.000000 111.000000 300.000000 0.286230
111.000000 112.000000 300.000000 0.286230
73.000000 112.000000 300.000000 0.316527
112.000000 73.000000 300.000000 0.316527
111.000000 112.000000 300.000000 0.286230
112.000000 111.000000 300.000000 0.286230
113.000000 112.000000 300.000000 0.175873
112.000000 113.000000 300.000000 0.175873
112.000000 113.000000 300.000000 0.175873
113.000000 112.000000 300.000000 0.175873
122.000000 114.000000 300.000000 0.247863
114.000000 122.000000 300.000000 0.247863
114.000000 72.000000 300.000000 0.072447
115.000000 122.000000 300.000000 0.131483
115.000000 104.000000 300.000000 0.548797
81.000000 116.000000 300.000000 0.335910
116.000000 81.000000 300.000000 0.335910
116.000000 78.000000 300.000000 0.294507
87.000000 117.000000 300.000000 0.432937
117.000000 87.000000 300.000000 0.432937
117.000000 135.000000 300.000000 0.288753
90.000000 118.000000 300.000000 0.418730
118.000000 90.000000 300.000000 0.418730
96.000000 118.000000 300.000000 0.268623
118.000000 96.000000 300.000000 0.268623
99.000000 118.000000 300.000000 0.261947
118.000000 99.000000 300.000000 0.261947
119.000000 22.000000 300.000000 0.065613
121.000000 13.000000 300.000000 0.123947
91.000000 121.000000 300.000000 0.307430
121.000000 91.000000 300.000000 0.307430
122.000000 74.000000 300.000000 0.209237
114.000000 122.000000 300.000000 0.247863
122.000000 114.000000 300.000000 0.247863
124.000000 123.000000 300.000000 0.316810
123.000000 124.000000 300.000000 0.316810
106.000000 124.000000 300.000000 0.077150
124.000000 106.000000 300.000000 0.077150
123.000000 124.000000 300.000000 0.316810
124.000000 123.000000 300.000000 0.316810
110.000000 124.000000 300.000000 0.340840
124.000000 110.000000 300.000000 0.340840
106.000000 125.000000 300.000000 0.066953
125.000000 106.000000 300.000000 0.066953
126.000000 126.000000 300.000000 0.156463
126.000000 126.000000 300.000000 0.156463
101.000000 126.000000 300.000000 0.309653
126.000000 101.000000 300.000000 0.309653
127.000000 65.000000 300.000000 0.087803
128.000000 127.000000 300.000000 0.321870
127.000000 128.000000 300.000000 0.321870
68.000000 128.000000 300.000000 0.097140
128.000000 68.000000 300.000000 0.097140
73.000000 128.000000 300.000000 0.253997
128.000000 73.000000 300.000000 0.253997
127.000000 128.000000 300.000000 0.321870
128.000000 127.000000 300.000000 0.321870
104.000000 129.000000 300.000000 0.021153
129.000000 104.000000 300.000000 0.021153
83.000000 129.000000 300.000000 0.271533
129.000000 83.000000 300.000000 0.271533
92.000000 129.000000 300.000000 0.274987
129.000000 92.000000 300.000000 0.274987
130.000000 71.000000 300.000000 0.152717
130.000000 77.000000 300.000000 0.349587
131.000000 136.000000 300.000000 0.160240
131.000000 87.000000 300.000000 0.297300
133.000000 132.000000 300.000000 0.033537
135.000000 131.000000 300.000000 0.464877
105.000000 136.000000 300.000000 0.284597
136.000000 105.000000 300.000000 0.284597
136.000000 137.000000 300.000000 0.131513
106.000000 137.000000 300.000000 0.576847
137.000000 106.000000 300.000000 0.576847
138.000000 0.000000 300.000000 0.636597
52.000000 138.000000 300.000000 0.054577
138.000000 52.000000 300.000000 0.054577
