0 8 300.00 0.031550
0 11 300.00 0.370293
8 493 300.00 0.022263
11 398 300.00 0.202493
11 120 300.00 0.385320
1 142 300.00 0.413947
1 248 300.00 0.544580
142 284 300.00 0.466093
142 9 300.00 0.439810
248 249 300.00 0.025343
248 253 300.00 0.558377
2 1 300.00 0.023410
2 280 300.00 0.486540
280 260 300.00 0.364397
280 281 300.00 0.370807
3 287 300.00 0.545260
3 2 300.00 0.370870
287 348 300.00 0.294163
287 288 300.00 0.560427
4 5 300.00 0.378520
5 6 300.00 0.392347
5 22 300.00 0.369417
6 7 300.00 0.346373
6 23 300.00 0.373457
22 21 300.00 0.376600
22 32 300.00 0.486817
7 444 300.00 0.025587
7 15 300.00 0.261473
23 22 300.00 0.391333
23 33 300.00 0.258500
444 440 300.00 0.444003
444 443 300.00 0.331453
15 14 300.00 0.353610
15 18 300.00 0.256853
493 410 300.00 0.328373
9 270 300.00 0.427007
9 379 300.00 0.360697
270 284 300.00 0.453827
270 278 300.00 0.404463
379 271 300.00 0.194557
10 315 300.00 0.408983
10 417 300.00 0.561713
315 316 300.00 0.493477
417 375 300.00 0.200203
417 325 300.00 0.551133
398 258 300.00 0.211640
398 399 300.00 0.213883
120 230 300.00 0.420160
120 118 300.00 0.358510
12 11 300.00 0.031023
12 8 300.00 0.369623
13 5 300.00 0.264503
14 13 300.00 0.392073
14 6 300.00 0.266753
18 438 300.00 0.028653
18 125 300.00 0.356637
16 17 300.00 0.387917
16 13 300.00 0.257583
17 18 300.00 0.357527
17 14 300.00 0.255050
438 439 300.00 0.033797
438 133 300.00 0.357590
438 19 300.00 0.322967
125 229 300.00 0.352217
125 124 300.00 0.301670
19 219 300.00 0.354030
19 20 300.00 0.543603
219 218 300.00 0.307090
219 133 300.00 0.327030
20 475 300.00 0.114153
20 236 300.00 0.267613
475 38 300.00 0.279287
475 240 300.00 0.315467
236 237 300.00 0.327620
21 4 300.00 0.361367
32 493 300.00 0.406827
32 12 300.00 0.204400
33 32 300.00 0.449490
33 119 300.00 0.425200
24 25 300.00 0.258203
25 63 300.00 0.390970
63 226 300.00 0.392147
63 62 300.00 0.259197
26 66 300.00 0.406693
26 27 300.00 0.404273
66 65 300.00 0.359277
66 79 300.00 0.391113
27 28 300.00 0.032347
28 29 300.00 0.409120
29 69 300.00 0.419200
69 225 300.00 0.384407
69 68 300.00 0.413797
30 70 300.00 0.426457
30 334 300.00 0.330480
70 341 300.00 0.167553
70 69 300.00 0.409843
334 31 300.00 0.095157
31 408 300.00 0.195873
119 120 300.00 0.025143
119 12 300.00 0.385723
34 7 300.00 0.436153
34 33 300.00 0.399130
35 34 300.00 0.030203
35 444 300.00 0.422930
36 35 300.00 0.377653
36 220 300.00 0.460630
220 221 300.00 0.359963
220 286 300.00 0.852750
37 36 300.00 0.438653
37 355 300.00 0.314153
355 37 300.00 0.314153
355 353 300.00 0.198480
355 354 300.00 0.200473
38 37 300.00 0.221623
38 353 300.00 0.345790
353 259 300.00 0.180187
353 355 300.00 0.198480
39 20 300.00 0.347217
39 219 300.00 0.552193
40 39 300.00 0.300570
40 489 300.00 0.614493
489 235 300.00 0.032583
489 451 300.00 0.476130
41 40 300.00 0.219307
41 217 300.00 0.552353
217 216 300.00 0.263030
217 135 300.00 0.329520
42 358 300.00 0.413457
42 55 300.00 0.554640
358 41 300.00 0.270613
358 208 300.00 1.396903
55 114 300.00 0.330437
55 74 300.00 0.410907
43 42 300.00 0.405030
43 436 300.00 0.521593
436 90 300.00 0.421753
436 420 300.00 0.491283
44 43 300.00 0.452230
44 89 300.00 0.561020
89 82 300.00 0.381747
89 112 300.00 0.326860
45 44 300.00 0.391607
45 466 300.00 0.461960
466 83 300.00 0.035733
466 106 300.00 0.419497
46 45 300.00 0.414700
46 105 300.00 0.561003
105 99 300.00 0.034727
105 104 300.00 0.326663
47 94 300.00 0.415487
47 202 300.00 0.468500
94 46 300.00 0.033263
94 99 300.00 0.561010
202 428 300.00 0.245550
202 201 300.00 0.404323
48 200 300.00 0.448403
48 333 300.00 0.422327
200 148 300.00 0.567797
200 199 300.00 0.412310
333 47 300.00 0.406800
49 212 300.00 0.568610
49 48 300.00 0.411133
212 140 300.00 0.330940
212 476 300.00 0.236197
50 472 300.00 0.159720
50 474 300.00 0.223223
472 471 300.00 0.272940
472 49 300.00 0.259777
474 50 300.00 0.223223
51 52 300.00 0.411170
51 78 300.00 0.420963
52 53 300.00 0.409967
52 186 300.00 0.454687
78 175 300.00 0.722993
53 54 300.00 0.374700
53 76 300.00 0.415060
186 174 300.00 0.408027
186 187 300.00 0.283997
54 42 300.00 1.397713
54 208 300.00 0.439743
76 92 300.00 0.402187
76 77 300.00 0.420177
208 209 300.00 0.279013
208 194 300.00 0.381720
114 56 300.00 0.030930
114 113 300.00 0.406077
74 89 300.00 0.458923
74 43 300.00 0.554797
56 57 300.00 0.343097
56 73 300.00 0.406567
57 226 300.00 0.399027
57 58 300.00 0.391267
73 113 300.00 0.028817
73 88 300.00 0.466407
226 227 300.00 0.261010
226 342 300.00 0.343447
58 63 300.00 0.395173
59 409 300.00 0.121070
409 480 300.00 0.018363
409 408 300.00 0.427520
60 16 300.00 0.350313
61 228 300.00 0.393367
61 60 300.00 0.300963
228 124 300.00 0.344333
228 229 300.00 0.303207
62 24 300.00 0.389457
62 61 300.00 0.207487
64 339 300.00 0.081017
64 497 300.00 0.174483
339 58 300.00 0.322807
497 72 300.00 0.217220
497 498 300.00 0.484150
65 64 300.00 0.487293
79 87 300.00 0.365923
79 80 300.00 0.336737
67 66 300.00 0.407533
67 27 300.00 0.413027
68 67 300.00 0.032067
68 28 300.00 0.412640
225 122 300.00 0.344020
225 101 300.00 0.413107
341 337 300.00 0.210437
71 334 300.00 0.429090
71 70 300.00 0.320587
72 57 300.00 0.401040
72 73 300.00 0.341693
113 112 300.00 0.465360
113 74 300.00 0.329467
88 87 300.00 0.343893
88 80 300.00 0.373293
75 54 300.00 0.417133
75 76 300.00 0.363410
92 91 300.00 0.360277
92 86 300.00 0.432397
77 52 300.00 0.420700
77 78 300.00 0.411953
175 432 300.00 0.444363
175 93 300.00 0.039527
87 72 300.00 0.478550
87 498 300.00 0.218313
80 81 300.00 0.033040
80 103 300.00 0.414147
81 104 300.00 0.413947
81 82 300.00 0.322543
103 100 300.00 0.029827
103 102 300.00 0.344383
104 111 300.00 0.030117
104 103 300.00 0.023930
82 105 300.00 0.410987
82 45 300.00 0.561697
83 84 300.00 0.520217
84 85 300.00 0.395637
84 107 300.00 0.422913
85 91 300.00 0.426727
85 86 300.00 0.348023
107 340 300.00 0.031353
107 106 300.00 0.552607
91 449 300.00 0.393043
91 75 300.00 0.408357
86 109 300.00 0.417650
86 502 300.00 0.438843
109 96 300.00 0.029563
109 108 300.00 0.342463
502 93 300.00 0.443143
502 432 300.00 0.041827
498 497 300.00 0.484150
498 65 300.00 0.169277
112 88 300.00 0.031020
112 81 300.00 0.374527
90 83 300.00 0.402957
90 44 300.00 0.498460
449 420 300.00 0.418557
449 84 300.00 0.410490
93 92 300.00 0.431243
93 77 300.00 0.384927
99 111 300.00 0.325797
99 309 300.00 0.209917
95 110 300.00 0.032417
95 96 300.00 0.448187
110 502 300.00 0.420047
110 109 300.00 0.445783
96 193 300.00 0.414417
96 97 300.00 0.340037
193 192 300.00 0.418580
193 185 300.00 0.450263
97 108 300.00 0.027913
97 340 300.00 0.396813
108 85 300.00 0.419063
108 107 300.00 0.396593
340 150 300.00 0.414370
340 98 300.00 0.553117
98 94 300.00 0.463403
98 202 300.00 0.414457
111 100 300.00 0.023767
111 308 300.00 0.212447
309 215 300.00 0.201767
100 122 300.00 0.414157
100 101 300.00 0.345067
122 137 300.00 0.026350
122 121 300.00 0.410110
101 102 300.00 0.027783
101 68 300.00 0.390050
102 79 300.00 0.413257
102 67 300.00 0.390057
106 98 300.00 0.031150
106 46 300.00 0.463693
308 309 300.00 0.322133
308 137 300.00 0.201547
115 119 300.00 0.358240
115 34 300.00 0.620640
116 115 300.00 0.028533
116 132 300.00 0.357270
132 35 300.00 0.278070
132 220 300.00 0.327170
117 116 300.00 0.025623
117 222 300.00 0.320627
222 396 300.00 0.268147
222 223 300.00 0.426700
118 117 300.00 0.028230
118 115 300.00 0.025713
230 231 300.00 0.411590
230 400 300.00 0.162730
121 138 300.00 0.028410
121 139 300.00 0.426637
138 495 300.00 0.423283
138 214 300.00 0.321823
139 496 300.00 0.019920
139 495 300.00 0.023630
137 465 300.00 0.203127
137 215 300.00 0.324837
123 342 300.00 0.260933
123 227 300.00 0.341347
342 136 300.00 0.030027
342 56 300.00 0.404460
227 228 300.00 0.212380
227 62 300.00 0.395090
124 134 300.00 0.030163
124 123 300.00 0.211857
134 135 300.00 0.211417
134 218 300.00 0.326543
229 60 300.00 0.387723
229 17 300.00 0.348450
126 118 300.00 0.421950
126 230 300.00 0.364340
127 232 300.00 0.374177
127 483 300.00 0.405500
232 233 300.00 0.410013
232 277 300.00 0.373333
483 508 300.00 0.029150
483 126 300.00 0.408817
483 130 300.00 0.076357
128 313 300.00 0.410237
313 507 300.00 0.027750
313 129 300.00 0.416260
129 347 300.00 0.515487
129 130 300.00 0.395707
347 275 300.00 0.274917
347 312 300.00 0.412113
130 508 300.00 0.076050
130 224 300.00 0.320367
508 131 300.00 0.401870
224 223 300.00 0.469990
224 392 300.00 0.533117
131 126 300.00 0.030793
131 117 300.00 0.422737
133 125 300.00 0.026033
133 134 300.00 0.300767
135 123 300.00 0.029883
135 136 300.00 0.261670
218 217 300.00 0.212703
218 40 300.00 0.554550
136 114 300.00 0.405307
136 216 300.00 0.326400
216 55 300.00 0.406973
216 358 300.00 0.557370
465 464 300.00 0.320123
465 138 300.00 0.207007
215 47 300.00 0.557190
215 464 300.00 0.207157
495 496 300.00 0.022557
495 213 300.00 0.322570
214 213 300.00 0.424747
214 333 300.00 0.561863
496 140 300.00 0.383913
140 425 300.00 0.240247
425 453 300.00 0.367100
141 154 300.00 0.406680
141 151 300.00 0.355850
154 203 300.00 0.346447
151 152 300.00 0.456757
284 456 300.00 0.170830
284 285 300.00 0.411867
143 385 300.00 0.294910
143 329 300.00 0.365850
385 282 300.00 0.170097
329 327 300.00 0.479467
144 242 300.00 0.235477
144 143 300.00 0.590657
242 384 300.00 0.081540
145 198 300.00 0.572477
145 141 300.00 0.352357
198 50 300.00 0.445707
198 197 300.00 0.386330
146 199 300.00 0.573550
146 145 300.00 0.407287
199 49 300.00 0.444903
199 198 300.00 0.416690
332 147 300.00 0.396727
332 205 300.00 0.212397
147 332 300.00 0.396727
147 146 300.00 0.207207
148 147 300.00 0.214060
148 473 300.00 0.176217
473 205 300.00 0.215247
473 503 300.00 0.031290
149 148 300.00 0.416320
149 427 300.00 0.314700
427 201 300.00 0.249550
150 434 300.00 0.140690
150 207 300.00 0.394940
434 149 300.00 0.265390
434 435 300.00 0.393793
207 97 300.00 0.414883
207 193 300.00 0.338467
152 155 300.00 0.486867
152 153 300.00 0.342043
155 154 300.00 0.062290
155 156 300.00 0.316907
153 161 300.00 0.225290
161 157 300.00 0.737823
161 407 300.00 0.674807
203 204 300.00 0.405517
203 145 300.00 0.402757
156 155 300.00 0.316907
156 157 300.00 0.197420
156 153 300.00 0.642437
157 156 300.00 0.197420
157 160 300.00 0.391253
160 159 300.00 0.407117
160 190 300.00 0.194787
158 183 300.00 0.279357
183 184 300.00 0.388180
159 158 300.00 0.435107
159 191 300.00 0.198533
191 159 300.00 0.198533
191 190 300.00 0.406567
191 204 300.00 0.323643
190 156 300.00 0.395177
190 494 300.00 0.055960
407 406 300.00 0.160200
162 240 300.00 0.199743
162 38 300.00 0.468153
240 241 300.00 0.319757
240 236 300.00 0.095213
163 331 300.00 0.592003
163 144 300.00 0.575683
331 143 300.00 0.332247
331 349 300.00 0.293797
164 189 300.00 0.362263
164 239 300.00 0.145577
189 446 300.00 0.019407
189 442 300.00 0.346930
239 455 300.00 0.310253
239 238 300.00 0.386580
165 166 300.00 0.199947
165 172 300.00 0.055303
166 344 300.00 0.049127
166 415 300.00 0.518643
166 167 300.00 0.360247
172 165 300.00 0.055303
172 299 300.00 0.269097
344 356 300.00 0.038757
344 431 300.00 0.416767
415 416 300.00 0.238717
167 171 300.00 0.052527
167 168 300.00 0.218353
171 481 300.00 0.264140
171 344 300.00 0.344073
168 170 300.00 0.050200
168 164 300.00 0.485290
170 171 300.00 0.232910
169 164 300.00 0.049223
169 170 300.00 0.486487
481 296 300.00 0.678003
299 172 300.00 0.269097
299 430 300.00 0.170980
299 300 300.00 0.485023
299 301 300.00 0.387190
173 187 300.00 0.403977
173 174 300.00 0.287457
187 195 300.00 0.403283
187 188 300.00 0.225313
174 51 300.00 0.460267
432 499 300.00 0.418987
176 351 300.00 1.196740
351 350 300.00 0.527387
351 177 300.00 0.707007
177 290 300.00 0.252480
177 486 300.00 0.554690
290 289 300.00 0.110837
486 487 300.00 0.027883
486 429 300.00 0.030963
179 264 300.00 0.682617
179 364 300.00 0.263890
264 365 300.00 0.351073
364 365 300.00 0.612290
364 303 300.00 0.270603
180 352 300.00 0.506360
352 481 300.00 0.387127
352 295 300.00 1.014487
181 182 300.00 0.020370
182 176 300.00 0.243567
182 168 300.00 1.022330
184 185 300.00 0.422577
184 192 300.00 0.458517
184 411 300.00 0.234380
185 95 300.00 0.408867
185 243 300.00 0.271957
192 454 300.00 0.396843
192 206 300.00 0.339010
411 184 300.00 0.234380
243 185 300.00 0.271957
195 194 300.00 0.283647
195 209 300.00 0.387720
188 238 300.00 0.227890
188 455 300.00 0.398893
238 189 300.00 0.181180
238 437 300.00 0.406007
455 173 300.00 0.226627
446 346 300.00 0.183217
442 376 300.00 0.160763
494 203 300.00 0.266663
494 505 300.00 0.034643
204 332 300.00 0.211213
204 146 300.00 0.397397
454 158 300.00 0.193650
454 500 300.00 0.230670
206 435 300.00 0.262583
206 149 300.00 0.391970
194 53 300.00 0.447483
194 186 300.00 0.406170
209 210 300.00 0.227587
209 484 300.00 0.471433
196 195 300.00 0.223800
196 188 300.00 0.399710
197 419 300.00 0.228230
419 452 300.00 0.400157
419 141 300.00 0.350107
201 333 300.00 0.455987
201 200 300.00 0.421120
428 427 300.00 0.408790
428 150 300.00 0.308063
205 206 300.00 0.411687
205 454 300.00 0.331233
435 207 300.00 0.148547
210 211 300.00 0.169043
210 196 300.00 0.390710
484 235 300.00 0.463287
484 451 300.00 0.034183
211 163 300.00 0.172630
476 477 300.00 0.187927
476 453 300.00 0.155210
213 470 300.00 0.451107
213 212 300.00 0.409220
470 469 300.00 0.185720
470 48 300.00 0.115973
464 465 300.00 0.320123
464 214 300.00 0.201473
221 116 300.00 0.327027
286 260 300.00 0.369820
286 281 300.00 0.369203
396 397 300.00 0.235753
396 261 300.00 0.584613
223 222 300.00 0.426700
223 131 300.00 0.320597
223 224 300.00 0.469990
392 390 300.00 0.163263
392 394 300.00 0.248603
392 262 300.00 0.336130
231 232 300.00 0.411997
231 483 300.00 0.370430
400 258 300.00 0.218007
400 491 300.00 0.168840
233 234 300.00 0.390807
233 319 300.00 0.370167
277 319 300.00 0.416280
234 321 300.00 0.365477
234 433 300.00 0.234847
319 321 300.00 0.387640
321 234 300.00 0.365477
433 234 300.00 0.234847
433 320 300.00 0.146990
235 41 300.00 0.803520
237 241 300.00 0.143113
237 39 300.00 0.607483
241 242 300.00 0.194537
437 196 300.00 0.174507
437 211 300.00 0.393110
384 162 300.00 0.234607
384 385 300.00 0.591347
244 424 300.00 0.139313
244 421 300.00 0.137927
424 423 300.00 0.135137
424 337 300.00 0.287770
421 423 300.00 0.135423
421 139 300.00 0.217580
245 306 300.00 0.241883
306 305 300.00 0.484693
306 322 300.00 0.185957
306 501 300.00 0.138180
246 488 300.00 0.023720
246 336 300.00 0.166500
488 247 300.00 0.371187
488 252 300.00 0.548180
336 468 300.00 0.181200
247 288 300.00 0.534890
288 294 300.00 0.160357
288 252 300.00 0.377790
249 2 300.00 0.545860
249 287 300.00 0.372463
253 255 300.00 0.419670
253 246 300.00 0.548570
250 331 300.00 0.285857
250 376 300.00 0.446007
376 163 300.00 0.293447
251 348 300.00 0.556067
251 292 300.00 0.523007
348 326 300.00 0.118670
292 293 300.00 0.259237
252 253 300.00 0.024077
252 249 300.00 0.557740
255 272 300.00 0.407210
255 256 300.00 0.555920
254 255 300.00 0.554257
254 246 300.00 0.431387
272 266 300.00 0.415977
272 273 300.00 0.560250
256 377 300.00 0.194483
256 248 300.00 0.418060
377 142 300.00 0.355083
377 378 300.00 0.226510
257 395 300.00 0.207410
257 393 300.00 0.335080
395 394 300.00 0.333640
395 262 300.00 0.243727
393 223 300.00 0.525917
393 394 300.00 0.203913
258 403 300.00 0.256530
258 404 300.00 0.144893
403 402 300.00 0.222357
403 269 300.00 0.153967
404 405 300.00 0.411017
259 286 300.00 0.375157
260 261 300.00 0.022580
260 221 300.00 0.846030
261 285 300.00 0.367330
261 257 300.00 0.416147
285 1 300.00 0.484537
262 458 300.00 0.235837
262 389 300.00 0.161560
458 459 300.00 0.222310
458 270 300.00 0.162513
389 279 300.00 0.246217
389 390 300.00 0.335897
365 364 300.00 0.612290
365 265 300.00 0.325163
265 273 300.00 0.414413
265 266 300.00 0.566160
273 303 300.00 0.131837
266 418 300.00 0.207787
266 267 300.00 0.556280
418 375 300.00 0.554817
418 325 300.00 0.200633
267 271 300.00 0.409500
271 272 300.00 0.552563
271 256 300.00 0.427293
268 405 300.00 0.212723
405 404 300.00 0.411017
405 269 300.00 0.148933
269 401 300.00 0.222447
269 277 300.00 0.411660
401 231 300.00 0.153820
278 383 300.00 0.070633
303 254 300.00 0.255960
274 263 300.00 0.431157
274 388 300.00 0.276863
388 387 300.00 0.333717
388 318 300.00 0.131047
275 391 300.00 0.071553
391 390 300.00 0.235753
391 279 300.00 0.337043
276 310 300.00 0.316360
276 283 300.00 0.084400
310 317 300.00 0.406253
310 311 300.00 0.415580
283 276 300.00 0.084400
283 10 300.00 0.406337
383 382 300.00 0.158683
383 283 300.00 0.338680
279 278 300.00 0.395703
279 310 300.00 0.412547
281 3 300.00 0.482220
282 259 300.00 0.529197
456 257 300.00 0.203180
456 457 300.00 0.030980
294 293 300.00 0.512603
294 251 300.00 0.132267
289 247 300.00 0.115873
289 336 300.00 0.384503
345 291 300.00 0.029330
345 296 300.00 0.470960
345 461 300.00 0.418590
291 345 300.00 0.029330
291 301 300.00 0.178667
291 430 300.00 0.378257
301 291 300.00 0.178667
301 299 300.00 0.387190
301 413 300.00 0.614463
430 299 300.00 0.170980
430 431 300.00 0.032043
430 356 300.00 0.391240
293 290 300.00 0.301973
295 416 300.00 0.286820
416 415 300.00 0.238717
416 167 300.00 0.448043
296 298 300.00 0.607570
296 180 300.00 0.330363
297 343 300.00 0.386343
300 299 300.00 0.485023
413 301 300.00 0.614463
413 414 300.00 0.251527
302 461 300.00 0.028193
302 291 300.00 0.415270
461 462 300.00 0.019957
304 307 300.00 0.463103
307 178 300.00 0.165023
305 306 300.00 0.484693
305 304 300.00 0.196590
322 324 300.00 0.412907
322 367 300.00 0.239277
501 306 300.00 0.138180
317 263 300.00 0.417267
317 318 300.00 0.423543
311 312 300.00 0.263893
311 275 300.00 0.415337
312 313 300.00 0.524210
507 482 300.00 0.070617
507 320 300.00 0.334827
314 373 300.00 0.206353
314 315 300.00 0.557427
373 485 300.00 0.015623
373 372 300.00 0.549150
316 317 300.00 0.317777
316 276 300.00 0.412080
318 386 300.00 0.464147
318 311 300.00 0.416407
386 128 300.00 0.314807
320 433 300.00 0.146990
324 265 300.00 0.413593
367 369 300.00 0.107497
323 314 300.00 0.551073
325 372 300.00 0.209317
325 368 300.00 0.228960
372 323 300.00 0.204900
368 366 300.00 0.101590
326 330 300.00 0.308883
326 357 300.00 0.319847
330 329 300.00 0.238183
357 328 300.00 0.737310
357 250 300.00 0.313723
327 281 300.00 0.403650
327 282 300.00 0.166803
328 445 300.00 0.146357
328 250 300.00 0.423953
445 446 300.00 0.213257
445 442 300.00 0.205603
349 357 300.00 0.332723
349 330 300.00 0.208730
335 31 300.00 0.429997
335 71 300.00 0.109083
468 486 300.00 0.028793
468 429 300.00 0.046250
337 422 300.00 0.136680
337 225 300.00 0.409527
422 423 300.00 0.288707
422 121 300.00 0.208387
338 339 300.00 0.412693
338 64 300.00 0.398197
356 166 300.00 0.060900
356 172 300.00 0.193640
431 430 300.00 0.032043
431 345 300.00 0.372590
346 447 300.00 0.394810
346 169 300.00 0.171950
447 448 300.00 0.308183
447 350 300.00 0.280363
350 292 300.00 0.179040
350 351 300.00 0.527387
354 355 300.00 0.200473
359 460 300.00 0.227173
460 302 300.00 0.218703
360 307 300.00 0.279577
360 361 300.00 0.270983
361 363 300.00 0.101070
361 490 300.00 0.204743
363 362 300.00 0.137090
363 322 300.00 0.504193
490 361 300.00 0.204743
490 509 300.00 0.046693
490 510 300.00 0.509667
362 363 300.00 0.137090
366 371 300.00 0.293983
366 324 300.00 0.240407
371 367 300.00 0.115017
369 323 300.00 0.228973
369 370 300.00 0.116577
370 368 300.00 0.294333
370 371 300.00 0.105827
485 374 300.00 0.189033
485 417 300.00 0.192943
374 485 300.00 0.189033
375 267 300.00 0.205080
375 418 300.00 0.554817
378 381 300.00 0.220620
378 380 300.00 0.075047
378 379 300.00 0.204030
381 378 300.00 0.220620
380 378 300.00 0.075047
382 383 300.00 0.158683
387 388 300.00 0.333717
390 389 300.00 0.335897
390 392 300.00 0.163263
390 391 300.00 0.235753
394 392 300.00 0.248603
394 393 300.00 0.203913
394 395 300.00 0.333640
397 396 300.00 0.235753
399 398 300.00 0.213883
491 402 300.00 0.083080
491 492 300.00 0.062290
402 401 300.00 0.158860
402 403 300.00 0.222357
480 335 300.00 0.157793
480 341 300.00 0.670793
410 21 300.00 0.314450
511 412 300.00 0.223650
511 95 300.00 0.063220
412 511 300.00 0.223650
414 413 300.00 0.251527
452 419 300.00 0.400157
452 463 300.00 0.225447
420 449 300.00 0.418557
420 75 300.00 0.396560
423 421 300.00 0.135423
423 422 300.00 0.288707
423 424 300.00 0.135137
453 478 300.00 0.572907
426 59 300.00 0.066123
429 179 300.00 0.559787
499 110 300.00 0.045877
499 511 300.00 0.018203
439 467 300.00 0.334013
467 443 300.00 0.457320
440 441 300.00 0.031680
440 467 300.00 0.332583
441 439 300.00 0.031643
441 438 300.00 0.041337
443 36 300.00 0.236290
448 447 300.00 0.308183
450 433 300.00 0.385517
451 210 300.00 0.304620
478 50 300.00 0.216537
478 479 300.00 0.389707
500 191 300.00 0.199887
500 504 300.00 0.018850
457 456 300.00 0.030980
459 458 300.00 0.222310
462 343 300.00 0.177600
469 470 300.00 0.185720
471 472 300.00 0.272940
503 473 300.00 0.031290
477 476 300.00 0.187927
479 197 300.00 0.151150
482 233 300.00 0.377850
482 127 300.00 0.405817
487 298 300.00 0.424593
487 180 300.00 0.551603
509 490 300.00 0.046693
510 490 300.00 0.509667
492 491 300.00 0.062290
505 494 300.00 0.034643
504 500 300.00 0.018850
506 128 300.00 0.305593
