0.000000 240.000000 300.000000 0.269477
1.000000 0.000000 300.000000 0.156943
275.000000 1.000000 300.000000 0.232513
1.000000 275.000000 300.000000 0.232513
2.000000 1.000000 300.000000 0.265577
241.000000 3.000000 300.000000 0.282323
3.000000 241.000000 300.000000 0.282323
3.000000 2.000000 300.000000 0.084343
5.000000 4.000000 300.000000 0.302037
4.000000 5.000000 300.000000 0.302037
16.000000 4.000000 300.000000 0.295600
4.000000 16.000000 300.000000 0.295600
4.000000 8.000000 300.000000 0.364883
6.000000 5.000000 300.000000 0.300493
5.000000 6.000000 300.000000 0.300493
4.000000 5.000000 300.000000 0.302037
5.000000 4.000000 300.000000 0.302037
146.000000 5.000000 300.000000 0.367120
5.000000 146.000000 300.000000 0.367120
9.000000 5.000000 300.000000 0.374397
5.000000 9.000000 300.000000 0.374397
7.000000 6.000000 300.000000 0.298733
6.000000 7.000000 300.000000 0.298733
5.000000 6.000000 300.000000 0.300493
6.000000 5.000000 300.000000 0.300493
6.000000 157.000000 300.000000 0.371390
6.000000 7.000000 300.000000 0.298733
7.000000 6.000000 300.000000 0.298733
11.000000 7.000000 300.000000 0.363770
7.000000 11.000000 300.000000 0.363770
12.000000 7.000000 300.000000 0.225250
7.000000 12.000000 300.000000 0.225250
9.000000 8.000000 300.000000 0.295690
8.000000 9.000000 300.000000 0.295690
17.000000 8.000000 300.000000 0.300993
8.000000 17.000000 300.000000 0.300993
10.000000 9.000000 300.000000 0.303843
9.000000 10.000000 300.000000 0.303843
8.000000 9.000000 300.000000 0.295690
9.000000 8.000000 300.000000 0.295690
5.000000 9.000000 300.000000 0.374397
9.000000 5.000000 300.000000 0.374397
11.000000 10.000000 300.000000 0.290747
10.000000 11.000000 300.000000 0.290747
9.000000 10.000000 300.000000 0.303843
10.000000 9.000000 300.000000 0.303843
10.000000 6.000000 300.000000 0.375973
10.000000 11.000000 300.000000 0.290747
11.000000 10.000000 300.000000 0.290747
287.000000 11.000000 300.000000 0.139727
11.000000 287.000000 300.000000 0.139727
7.000000 11.000000 300.000000 0.363770
11.000000 7.000000 300.000000 0.363770
445.000000 12.000000 300.000000 0.050943
12.000000 445.000000 300.000000 0.050943
12.000000 443.000000 300.000000 0.263810
7.000000 12.000000 300.000000 0.225250
12.000000 7.000000 300.000000 0.225250
146.000000 13.000000 300.000000 0.300830
13.000000 146.000000 300.000000 0.300830
15.000000 13.000000 300.000000 0.304847
13.000000 15.000000 300.000000 0.304847
13.000000 4.000000 300.000000 0.370753
14.000000 13.000000 300.000000 0.342683
14.000000 38.000000 300.000000 0.270937
13.000000 15.000000 300.000000 0.304847
15.000000 13.000000 300.000000 0.304847
236.000000 15.000000 300.000000 0.243007
15.000000 236.000000 300.000000 0.243007
16.000000 15.000000 300.000000 0.378793
15.000000 16.000000 300.000000 0.378793
118.000000 15.000000 300.000000 0.647967
15.000000 118.000000 300.000000 0.647967
4.000000 16.000000 300.000000 0.295600
16.000000 4.000000 300.000000 0.295600
352.000000 16.000000 300.000000 0.177390
16.000000 352.000000 300.000000 0.177390
17.000000 16.000000 300.000000 0.366623
16.000000 17.000000 300.000000 0.366623
15.000000 16.000000 300.000000 0.378793
16.000000 15.000000 300.000000 0.378793
8.000000 17.000000 300.000000 0.300993
17.000000 8.000000 300.000000 0.300993
16.000000 17.000000 300.000000 0.366623
17.000000 16.000000 300.000000 0.366623
388.000000 17.000000 300.000000 0.363370
17.000000 388.000000 300.000000 0.363370
18.000000 42.000000 300.000000 0.386213
19.000000 18.000000 300.000000 0.373143
18.000000 19.000000 300.000000 0.373143
21.000000 19.000000 300.000000 0.381807
19.000000 21.000000 300.000000 0.381807
45.000000 19.000000 300.000000 0.738703
19.000000 45.000000 300.000000 0.738703
18.000000 19.000000 300.000000 0.373143
19.000000 18.000000 300.000000 0.373143
40.000000 19.000000 300.000000 0.385843
19.000000 40.000000 300.000000 0.385843
21.000000 20.000000 300.000000 0.378983
20.000000 21.000000 300.000000 0.378983
152.000000 20.000000 300.000000 0.370997
20.000000 152.000000 300.000000 0.370997
20.000000 18.000000 300.000000 0.383747
30.000000 21.000000 300.000000 0.375590
21.000000 30.000000 300.000000 0.375590
20.000000 21.000000 300.000000 0.378983
21.000000 20.000000 300.000000 0.378983
25.000000 21.000000 300.000000 0.372493
21.000000 25.000000 300.000000 0.372493
19.000000 21.000000 300.000000 0.381807
21.000000 19.000000 300.000000 0.381807
353.000000 22.000000 300.000000 0.370253
22.000000 353.000000 300.000000 0.370253
394.000000 22.000000 300.000000 0.300317
22.000000 394.000000 300.000000 0.300317
27.000000 22.000000 300.000000 0.384833
22.000000 27.000000 300.000000 0.384833
28.000000 23.000000 300.000000 0.355163
23.000000 28.000000 300.000000 0.355163
29.000000 24.000000 300.000000 0.173153
24.000000 29.000000 300.000000 0.173153
28.000000 24.000000 300.000000 0.379897
24.000000 28.000000 300.000000 0.379897
221.000000 24.000000 300.000000 0.372637
24.000000 221.000000 300.000000 0.372637
26.000000 25.000000 300.000000 0.374607
25.000000 26.000000 300.000000 0.374607
43.000000 25.000000 300.000000 0.376887
25.000000 43.000000 300.000000 0.376887
41.000000 25.000000 300.000000 0.379947
25.000000 41.000000 300.000000 0.379947
21.000000 25.000000 300.000000 0.372493
25.000000 21.000000 300.000000 0.372493
355.000000 26.000000 300.000000 0.024537
26.000000 355.000000 300.000000 0.024537
25.000000 26.000000 300.000000 0.374607
26.000000 25.000000 300.000000 0.374607
26.000000 30.000000 300.000000 0.371663
28.000000 27.000000 300.000000 0.390333
27.000000 28.000000 300.000000 0.390333
355.000000 27.000000 300.000000 0.356390
27.000000 355.000000 300.000000 0.356390
66.000000 27.000000 300.000000 0.378387
27.000000 66.000000 300.000000 0.378387
22.000000 27.000000 300.000000 0.384833
27.000000 22.000000 300.000000 0.384833
24.000000 28.000000 300.000000 0.379897
28.000000 24.000000 300.000000 0.379897
27.000000 28.000000 300.000000 0.390333
28.000000 27.000000 300.000000 0.390333
23.000000 28.000000 300.000000 0.355163
28.000000 23.000000 300.000000 0.355163
67.000000 28.000000 300.000000 0.377920
28.000000 67.000000 300.000000 0.377920
24.000000 29.000000 300.000000 0.173153
29.000000 24.000000 300.000000 0.173153
68.000000 29.000000 300.000000 0.425863
29.000000 68.000000 300.000000 0.425863
225.000000 29.000000 300.000000 0.686397
29.000000 225.000000 300.000000 0.686397
304.000000 29.000000 300.000000 0.491487
29.000000 304.000000 300.000000 0.491487
353.000000 30.000000 300.000000 0.027607
30.000000 353.000000 300.000000 0.027607
21.000000 30.000000 300.000000 0.375590
30.000000 21.000000 300.000000 0.375590
30.000000 391.000000 300.000000 0.539143
363.000000 31.000000 300.000000 0.024820
31.000000 363.000000 300.000000 0.024820
41.000000 31.000000 300.000000 0.375200
31.000000 41.000000 300.000000 0.375200
31.000000 26.000000 300.000000 0.385643
32.000000 70.000000 300.000000 0.367770
32.000000 374.000000 300.000000 0.047407
379.000000 33.000000 300.000000 0.034700
33.000000 379.000000 300.000000 0.034700
58.000000 33.000000 300.000000 0.261267
33.000000 58.000000 300.000000 0.261267
33.000000 32.000000 300.000000 0.274297
34.000000 407.000000 300.000000 0.322963
34.000000 230.000000 300.000000 0.051640
35.000000 34.000000 300.000000 0.057763
36.000000 231.000000 300.000000 0.051253
117.000000 37.000000 300.000000 0.304460
37.000000 117.000000 300.000000 0.304460
402.000000 37.000000 300.000000 0.030690
37.000000 402.000000 300.000000 0.030690
37.000000 403.000000 300.000000 0.265070
312.000000 38.000000 300.000000 0.079360
38.000000 312.000000 300.000000 0.079360
38.000000 37.000000 300.000000 0.453847
49.000000 39.000000 300.000000 0.252417
39.000000 49.000000 300.000000 0.252417
48.000000 39.000000 300.000000 0.289310
39.000000 48.000000 300.000000 0.289310
52.000000 39.000000 300.000000 0.390080
39.000000 52.000000 300.000000 0.390080
216.000000 40.000000 300.000000 0.271313
40.000000 216.000000 300.000000 0.271313
19.000000 40.000000 300.000000 0.385843
40.000000 19.000000 300.000000 0.385843
45.000000 40.000000 300.000000 0.380287
40.000000 45.000000 300.000000 0.380287
69.000000 41.000000 300.000000 0.375323
41.000000 69.000000 300.000000 0.375323
25.000000 41.000000 300.000000 0.379947
41.000000 25.000000 300.000000 0.379947
31.000000 41.000000 300.000000 0.375200
41.000000 31.000000 300.000000 0.375200
44.000000 41.000000 300.000000 0.374790
41.000000 44.000000 300.000000 0.374790
216.000000 42.000000 300.000000 0.100990
42.000000 216.000000 300.000000 0.100990
219.000000 42.000000 300.000000 0.462780
42.000000 219.000000 300.000000 0.462780
25.000000 43.000000 300.000000 0.376887
43.000000 25.000000 300.000000 0.376887
43.000000 20.000000 300.000000 0.371797
307.000000 43.000000 300.000000 0.192160
43.000000 307.000000 300.000000 0.192160
44.000000 361.000000 300.000000 0.273603
41.000000 44.000000 300.000000 0.374790
44.000000 41.000000 300.000000 0.374790
366.000000 44.000000 300.000000 0.364430
44.000000 366.000000 300.000000 0.364430
478.000000 45.000000 300.000000 0.112670
45.000000 478.000000 300.000000 0.112670
19.000000 45.000000 300.000000 0.738703
45.000000 19.000000 300.000000 0.738703
40.000000 45.000000 300.000000 0.380287
45.000000 40.000000 300.000000 0.380287
347.000000 46.000000 300.000000 0.258583
46.000000 347.000000 300.000000 0.258583
46.000000 191.000000 300.000000 0.274037
342.000000 47.000000 300.000000 0.908427
47.000000 342.000000 300.000000 0.908427
47.000000 401.000000 300.000000 0.165133
192.000000 48.000000 300.000000 0.285407
48.000000 192.000000 300.000000 0.285407
441.000000 48.000000 300.000000 0.130013
48.000000 441.000000 300.000000 0.130013
39.000000 48.000000 300.000000 0.289310
48.000000 39.000000 300.000000 0.289310
50.000000 49.000000 300.000000 0.656073
49.000000 50.000000 300.000000 0.656073
39.000000 49.000000 300.000000 0.252417
49.000000 39.000000 300.000000 0.252417
442.000000 49.000000 300.000000 0.114640
49.000000 442.000000 300.000000 0.114640
302.000000 50.000000 300.000000 0.100547
50.000000 302.000000 300.000000 0.100547
49.000000 50.000000 300.000000 0.656073
50.000000 49.000000 300.000000 0.656073
50.000000 46.000000 300.000000 0.307563
391.000000 51.000000 300.000000 0.313473
51.000000 391.000000 300.000000 0.313473
51.000000 478.000000 300.000000 0.287203
303.000000 52.000000 300.000000 0.277987
52.000000 303.000000 300.000000 0.277987
39.000000 52.000000 300.000000 0.390080
52.000000 39.000000 300.000000 0.390080
52.000000 395.000000 300.000000 0.602387
176.000000 53.000000 300.000000 0.137353
53.000000 176.000000 300.000000 0.137353
197.000000 53.000000 300.000000 0.255227
53.000000 197.000000 300.000000 0.255227
223.000000 53.000000 300.000000 0.439570
53.000000 223.000000 300.000000 0.439570
55.000000 54.000000 300.000000 0.764860
54.000000 55.000000 300.000000 0.764860
351.000000 54.000000 300.000000 0.276347
54.000000 351.000000 300.000000 0.276347
56.000000 54.000000 300.000000 0.290243
54.000000 56.000000 300.000000 0.290243
289.000000 54.000000 300.000000 0.321640
54.000000 289.000000 300.000000 0.321640
54.000000 55.000000 300.000000 0.764860
55.000000 54.000000 300.000000 0.764860
291.000000 55.000000 300.000000 0.226530
55.000000 291.000000 300.000000 0.226530
290.000000 55.000000 300.000000 0.239087
55.000000 290.000000 300.000000 0.239087
57.000000 56.000000 300.000000 0.771793
56.000000 57.000000 300.000000 0.771793
58.000000 56.000000 300.000000 0.295210
56.000000 58.000000 300.000000 0.295210
54.000000 56.000000 300.000000 0.290243
56.000000 54.000000 300.000000 0.290243
56.000000 57.000000 300.000000 0.771793
57.000000 56.000000 300.000000 0.771793
57.000000 498.000000 300.000000 0.184433
33.000000 58.000000 300.000000 0.261267
58.000000 33.000000 300.000000 0.261267
56.000000 58.000000 300.000000 0.295210
58.000000 56.000000 300.000000 0.295210
235.000000 58.000000 300.000000 0.811513
58.000000 235.000000 300.000000 0.811513
60.000000 59.000000 300.000000 0.214697
59.000000 60.000000 300.000000 0.214697
77.000000 59.000000 300.000000 0.287740
59.000000 77.000000 300.000000 0.287740
76.000000 59.000000 300.000000 0.189240
59.000000 76.000000 300.000000 0.189240
289.000000 60.000000 300.000000 0.279647
60.000000 289.000000 300.000000 0.279647
59.000000 60.000000 300.000000 0.214697
60.000000 59.000000 300.000000 0.214697
159.000000 60.000000 300.000000 0.831243
60.000000 159.000000 300.000000 0.831243
450.000000 60.000000 300.000000 0.278300
60.000000 450.000000 300.000000 0.278300
237.000000 61.000000 300.000000 0.250023
61.000000 237.000000 300.000000 0.250023
277.000000 61.000000 300.000000 0.277263
61.000000 277.000000 300.000000 0.277263
141.000000 61.000000 300.000000 0.285407
61.000000 141.000000 300.000000 0.285407
120.000000 61.000000 300.000000 0.678453
61.000000 120.000000 300.000000 0.678453
62.000000 378.000000 300.000000 0.045433
62.000000 351.000000 300.000000 0.097973
481.000000 63.000000 300.000000 0.273373
63.000000 481.000000 300.000000 0.273373
162.000000 63.000000 300.000000 0.054703
63.000000 162.000000 300.000000 0.054703
161.000000 63.000000 300.000000 0.350303
63.000000 161.000000 300.000000 0.350303
74.000000 64.000000 300.000000 0.226553
64.000000 74.000000 300.000000 0.226553
430.000000 64.000000 300.000000 0.482690
64.000000 430.000000 300.000000 0.482690
310.000000 64.000000 300.000000 0.339123
64.000000 310.000000 300.000000 0.339123
294.000000 65.000000 300.000000 0.421613
65.000000 294.000000 300.000000 0.421613
78.000000 65.000000 300.000000 0.107380
65.000000 78.000000 300.000000 0.107380
292.000000 65.000000 300.000000 0.346273
65.000000 292.000000 300.000000 0.346273
67.000000 66.000000 300.000000 0.384480
66.000000 67.000000 300.000000 0.384480
363.000000 66.000000 300.000000 0.364410
66.000000 363.000000 300.000000 0.364410
92.000000 66.000000 300.000000 0.372193
66.000000 92.000000 300.000000 0.372193
27.000000 66.000000 300.000000 0.378387
66.000000 27.000000 300.000000 0.378387
221.000000 67.000000 300.000000 0.368443
67.000000 221.000000 300.000000 0.368443
66.000000 67.000000 300.000000 0.384480
67.000000 66.000000 300.000000 0.384480
28.000000 67.000000 300.000000 0.377920
67.000000 28.000000 300.000000 0.377920
514.000000 68.000000 300.000000 0.311050
68.000000 514.000000 300.000000 0.311050
29.000000 68.000000 300.000000 0.425863
68.000000 29.000000 300.000000 0.425863
281.000000 68.000000 300.000000 0.156590
68.000000 281.000000 300.000000 0.156590
224.000000 68.000000 300.000000 0.478930
68.000000 224.000000 300.000000 0.478930
377.000000 69.000000 300.000000 0.376577
69.000000 377.000000 300.000000 0.376577
41.000000 69.000000 300.000000 0.375323
69.000000 41.000000 300.000000 0.375323
93.000000 69.000000 300.000000 0.364037
69.000000 93.000000 300.000000 0.364037
94.000000 69.000000 300.000000 0.380330
69.000000 94.000000 300.000000 0.380330
377.000000 70.000000 300.000000 0.045513
70.000000 377.000000 300.000000 0.045513
70.000000 62.000000 300.000000 0.373273
71.000000 72.000000 300.000000 0.114637
256.000000 71.000000 300.000000 0.311807
71.000000 256.000000 300.000000 0.311807
72.000000 155.000000 300.000000 0.489623
73.000000 72.000000 300.000000 0.293527
72.000000 73.000000 300.000000 0.293527
256.000000 73.000000 300.000000 0.226517
73.000000 256.000000 300.000000 0.226517
481.000000 73.000000 300.000000 0.022860
73.000000 481.000000 300.000000 0.022860
72.000000 73.000000 300.000000 0.293527
73.000000 72.000000 300.000000 0.293527
75.000000 74.000000 300.000000 0.836730
74.000000 75.000000 300.000000 0.836730
166.000000 74.000000 300.000000 0.275780
74.000000 166.000000 300.000000 0.275780
64.000000 74.000000 300.000000 0.226553
74.000000 64.000000 300.000000 0.226553
164.000000 74.000000 300.000000 0.436500
74.000000 164.000000 300.000000 0.436500
311.000000 75.000000 300.000000 0.312237
75.000000 311.000000 300.000000 0.312237
74.000000 75.000000 300.000000 0.836730
75.000000 74.000000 300.000000 0.836730
154.000000 75.000000 300.000000 0.224437
75.000000 154.000000 300.000000 0.224437
461.000000 75.000000 300.000000 0.101687
75.000000 461.000000 300.000000 0.101687
59.000000 76.000000 300.000000 0.189240
76.000000 59.000000 300.000000 0.189240
311.000000 76.000000 300.000000 0.301340
76.000000 311.000000 300.000000 0.301340
460.000000 76.000000 300.000000 0.217440
76.000000 460.000000 300.000000 0.217440
59.000000 77.000000 300.000000 0.287740
77.000000 59.000000 300.000000 0.287740
77.000000 471.000000 300.000000 0.223263
65.000000 78.000000 300.000000 0.107380
78.000000 65.000000 300.000000 0.107380
166.000000 78.000000 300.000000 0.132503
78.000000 166.000000 300.000000 0.132503
293.000000 78.000000 300.000000 0.560220
78.000000 293.000000 300.000000 0.560220
79.000000 188.000000 300.000000 0.210353
80.000000 79.000000 300.000000 0.461463
79.000000 80.000000 300.000000 0.461463
152.000000 80.000000 300.000000 0.189527
80.000000 152.000000 300.000000 0.189527
149.000000 80.000000 300.000000 0.217143
80.000000 149.000000 300.000000 0.217143
79.000000 80.000000 300.000000 0.461463
80.000000 79.000000 300.000000 0.461463
131.000000 82.000000 300.000000 0.257103
82.000000 131.000000 300.000000 0.257103
434.000000 82.000000 300.000000 0.079117
82.000000 434.000000 300.000000 0.079117
83.000000 82.000000 300.000000 0.720633
82.000000 83.000000 300.000000 0.720633
82.000000 83.000000 300.000000 0.720633
83.000000 82.000000 300.000000 0.720633
83.000000 175.000000 300.000000 0.230037
449.000000 84.000000 300.000000 0.151133
84.000000 449.000000 300.000000 0.151133
266.000000 84.000000 300.000000 0.115000
84.000000 266.000000 300.000000 0.115000
88.000000 84.000000 300.000000 0.201023
84.000000 88.000000 300.000000 0.201023
381.000000 85.000000 300.000000 0.249957
85.000000 381.000000 300.000000 0.249957
126.000000 85.000000 300.000000 0.418370
85.000000 126.000000 300.000000 0.418370
86.000000 85.000000 300.000000 0.258377
85.000000 86.000000 300.000000 0.258377
428.000000 85.000000 300.000000 0.664383
85.000000 428.000000 300.000000 0.664383
87.000000 86.000000 300.000000 0.266483
86.000000 87.000000 300.000000 0.266483
376.000000 86.000000 300.000000 0.102587
86.000000 376.000000 300.000000 0.102587
341.000000 86.000000 300.000000 0.421120
86.000000 341.000000 300.000000 0.421120
85.000000 86.000000 300.000000 0.258377
86.000000 85.000000 300.000000 0.258377
129.000000 87.000000 300.000000 0.265700
87.000000 129.000000 300.000000 0.265700
86.000000 87.000000 300.000000 0.266483
87.000000 86.000000 300.000000 0.266483
132.000000 87.000000 300.000000 0.414960
87.000000 132.000000 300.000000 0.414960
340.000000 87.000000 300.000000 0.441273
87.000000 340.000000 300.000000 0.441273
473.000000 88.000000 300.000000 0.238713
88.000000 473.000000 300.000000 0.238713
84.000000 88.000000 300.000000 0.201023
88.000000 84.000000 300.000000 0.201023
258.000000 89.000000 300.000000 0.335373
89.000000 258.000000 300.000000 0.335373
433.000000 90.000000 300.000000 0.558060
90.000000 433.000000 300.000000 0.558060
310.000000 91.000000 300.000000 0.306987
91.000000 310.000000 300.000000 0.306987
91.000000 208.000000 300.000000 0.439470
368.000000 92.000000 300.000000 0.379433
92.000000 368.000000 300.000000 0.379433
372.000000 92.000000 300.000000 0.386723
92.000000 372.000000 300.000000 0.386723
66.000000 92.000000 300.000000 0.372193
92.000000 66.000000 300.000000 0.372193
222.000000 92.000000 300.000000 0.739433
92.000000 222.000000 300.000000 0.739433
69.000000 93.000000 300.000000 0.364037
93.000000 69.000000 300.000000 0.364037
368.000000 93.000000 300.000000 0.027977
93.000000 368.000000 300.000000 0.027977
93.000000 31.000000 300.000000 0.374967
94.000000 44.000000 300.000000 0.383217
69.000000 94.000000 300.000000 0.380330
94.000000 69.000000 300.000000 0.380330
163.000000 94.000000 300.000000 0.443560
94.000000 163.000000 300.000000 0.443560
232.000000 95.000000 300.000000 0.282337
95.000000 232.000000 300.000000 0.282337
462.000000 95.000000 300.000000 0.058797
95.000000 462.000000 300.000000 0.058797
514.000000 95.000000 300.000000 0.136840
95.000000 514.000000 300.000000 0.136840
365.000000 95.000000 300.000000 0.392067
95.000000 365.000000 300.000000 0.392067
365.000000 96.000000 300.000000 0.041237
96.000000 365.000000 300.000000 0.041237
96.000000 276.000000 300.000000 0.191600
438.000000 96.000000 300.000000 0.571510
96.000000 438.000000 300.000000 0.571510
97.000000 438.000000 300.000000 0.174290
97.000000 439.000000 300.000000 0.108793
336.000000 98.000000 300.000000 0.236537
98.000000 336.000000 300.000000 0.236537
448.000000 98.000000 300.000000 0.219837
98.000000 448.000000 300.000000 0.219837
253.000000 98.000000 300.000000 0.310083
98.000000 253.000000 300.000000 0.310083
252.000000 99.000000 300.000000 0.253307
99.000000 252.000000 300.000000 0.253307
440.000000 99.000000 300.000000 0.115143
99.000000 440.000000 300.000000 0.115143
125.000000 99.000000 300.000000 0.481617
99.000000 125.000000 300.000000 0.481617
336.000000 99.000000 300.000000 0.272677
99.000000 336.000000 300.000000 0.272677
125.000000 100.000000 300.000000 0.249290
100.000000 125.000000 300.000000 0.249290
359.000000 100.000000 300.000000 0.839887
100.000000 359.000000 300.000000 0.839887
337.000000 100.000000 300.000000 0.258690
100.000000 337.000000 300.000000 0.258690
253.000000 101.000000 300.000000 0.233250
101.000000 253.000000 300.000000 0.233250
101.000000 110.000000 300.000000 0.410120
320.000000 102.000000 300.000000 0.131057
102.000000 320.000000 300.000000 0.131057
489.000000 102.000000 300.000000 0.018123
102.000000 489.000000 300.000000 0.018123
102.000000 317.000000 300.000000 0.131083
187.000000 103.000000 300.000000 0.123487
103.000000 187.000000 300.000000 0.123487
328.000000 103.000000 300.000000 0.086570
103.000000 328.000000 300.000000 0.086570
172.000000 103.000000 300.000000 0.202397
103.000000 172.000000 300.000000 0.202397
261.000000 103.000000 300.000000 0.178790
103.000000 261.000000 300.000000 0.178790
174.000000 104.000000 300.000000 0.090227
104.000000 174.000000 300.000000 0.090227
187.000000 104.000000 300.000000 0.129050
104.000000 187.000000 300.000000 0.129050
181.000000 104.000000 300.000000 0.173480
104.000000 181.000000 300.000000 0.173480
177.000000 104.000000 300.000000 0.180360
104.000000 177.000000 300.000000 0.180360
176.000000 105.000000 300.000000 0.178937
105.000000 176.000000 300.000000 0.178937
191.000000 105.000000 300.000000 0.141840
105.000000 191.000000 300.000000 0.141840
171.000000 105.000000 300.000000 0.137803
105.000000 171.000000 300.000000 0.137803
303.000000 105.000000 300.000000 0.914087
105.000000 303.000000 300.000000 0.914087
106.000000 425.000000 300.000000 0.354223
106.000000 399.000000 300.000000 0.038670
107.000000 106.000000 300.000000 0.240187
360.000000 107.000000 300.000000 0.041323
107.000000 360.000000 300.000000 0.041323
354.000000 108.000000 300.000000 0.034603
108.000000 354.000000 300.000000 0.034603
108.000000 357.000000 300.000000 0.193617
434.000000 108.000000 300.000000 0.272360
108.000000 434.000000 300.000000 0.272360
250.000000 109.000000 300.000000 0.559747
109.000000 250.000000 300.000000 0.559747
324.000000 110.000000 300.000000 0.142057
110.000000 324.000000 300.000000 0.142057
110.000000 198.000000 300.000000 0.355023
111.000000 271.000000 300.000000 0.709743
247.000000 112.000000 300.000000 0.175960
112.000000 247.000000 300.000000 0.175960
509.000000 112.000000 300.000000 0.467823
112.000000 509.000000 300.000000 0.467823
119.000000 112.000000 300.000000 0.282973
112.000000 119.000000 300.000000 0.282973
505.000000 113.000000 300.000000 0.209590
113.000000 505.000000 300.000000 0.209590
141.000000 113.000000 300.000000 0.281447
113.000000 141.000000 300.000000 0.281447
383.000000 113.000000 300.000000 0.744547
113.000000 383.000000 300.000000 0.744547
147.000000 113.000000 300.000000 0.186307
113.000000 147.000000 300.000000 0.186307
503.000000 114.000000 300.000000 0.170303
114.000000 503.000000 300.000000 0.170303
115.000000 114.000000 300.000000 0.124727
114.000000 115.000000 300.000000 0.124727
455.000000 114.000000 300.000000 0.448090
114.000000 455.000000 300.000000 0.448090
457.000000 114.000000 300.000000 0.690013
114.000000 457.000000 300.000000 0.690013
114.000000 115.000000 300.000000 0.124727
115.000000 114.000000 300.000000 0.124727
472.000000 115.000000 300.000000 0.456180
115.000000 472.000000 300.000000 0.456180
477.000000 115.000000 300.000000 0.194290
115.000000 477.000000 300.000000 0.194290
246.000000 116.000000 300.000000 0.242363
116.000000 246.000000 300.000000 0.242363
121.000000 116.000000 300.000000 0.322443
116.000000 121.000000 300.000000 0.322443
228.000000 116.000000 300.000000 0.425060
116.000000 228.000000 300.000000 0.425060
37.000000 117.000000 300.000000 0.304460
117.000000 37.000000 300.000000 0.304460
246.000000 117.000000 300.000000 0.235303
117.000000 246.000000 300.000000 0.235303
227.000000 117.000000 300.000000 0.871007
117.000000 227.000000 300.000000 0.871007
121.000000 117.000000 300.000000 0.600920
117.000000 121.000000 300.000000 0.600920
477.000000 118.000000 300.000000 0.042547
118.000000 477.000000 300.000000 0.042547
306.000000 118.000000 300.000000 0.234067
118.000000 306.000000 300.000000 0.234067
15.000000 118.000000 300.000000 0.647967
118.000000 15.000000 300.000000 0.647967
120.000000 119.000000 300.000000 0.211267
119.000000 120.000000 300.000000 0.211267
141.000000 119.000000 300.000000 0.764900
119.000000 141.000000 300.000000 0.764900
112.000000 119.000000 300.000000 0.282973
119.000000 112.000000 300.000000 0.282973
119.000000 120.000000 300.000000 0.211267
120.000000 119.000000 300.000000 0.211267
61.000000 120.000000 300.000000 0.678453
120.000000 61.000000 300.000000 0.678453
233.000000 120.000000 300.000000 0.307203
120.000000 233.000000 300.000000 0.307203
116.000000 121.000000 300.000000 0.322443
121.000000 116.000000 300.000000 0.322443
117.000000 121.000000 300.000000 0.600920
121.000000 117.000000 300.000000 0.600920
292.000000 121.000000 300.000000 0.274910
121.000000 292.000000 300.000000 0.274910
258.000000 122.000000 300.000000 0.184887
122.000000 258.000000 300.000000 0.184887
340.000000 122.000000 300.000000 0.366220
122.000000 340.000000 300.000000 0.366220
376.000000 123.000000 300.000000 0.317830
123.000000 376.000000 300.000000 0.317830
132.000000 123.000000 300.000000 0.259280
123.000000 132.000000 300.000000 0.259280
126.000000 123.000000 300.000000 0.265807
123.000000 126.000000 300.000000 0.265807
446.000000 123.000000 300.000000 0.413020
123.000000 446.000000 300.000000 0.413020
124.000000 339.000000 300.000000 0.245997
358.000000 124.000000 300.000000 0.043553
124.000000 358.000000 300.000000 0.043553
446.000000 124.000000 300.000000 0.350073
124.000000 446.000000 300.000000 0.350073
100.000000 125.000000 300.000000 0.249290
125.000000 100.000000 300.000000 0.249290
338.000000 125.000000 300.000000 0.283143
125.000000 338.000000 300.000000 0.283143
99.000000 125.000000 300.000000 0.481617
125.000000 99.000000 300.000000 0.481617
85.000000 126.000000 300.000000 0.418370
126.000000 85.000000 300.000000 0.418370
123.000000 126.000000 300.000000 0.265807
126.000000 123.000000 300.000000 0.265807
428.000000 126.000000 300.000000 0.275450
126.000000 428.000000 300.000000 0.275450
381.000000 127.000000 300.000000 0.092213
127.000000 381.000000 300.000000 0.092213
200.000000 128.000000 300.000000 0.219890
128.000000 200.000000 300.000000 0.219890
137.000000 128.000000 300.000000 0.289247
128.000000 137.000000 300.000000 0.289247
87.000000 129.000000 300.000000 0.265700
129.000000 87.000000 300.000000 0.265700
258.000000 129.000000 300.000000 0.403563
129.000000 258.000000 300.000000 0.403563
299.000000 129.000000 300.000000 0.579397
129.000000 299.000000 300.000000 0.579397
130.000000 129.000000 300.000000 0.406217
129.000000 130.000000 300.000000 0.406217
432.000000 130.000000 300.000000 0.105193
130.000000 432.000000 300.000000 0.105193
132.000000 130.000000 300.000000 0.262080
130.000000 132.000000 300.000000 0.262080
131.000000 130.000000 300.000000 0.194563
130.000000 131.000000 300.000000 0.194563
129.000000 130.000000 300.000000 0.406217
130.000000 129.000000 300.000000 0.406217
297.000000 131.000000 300.000000 0.054620
131.000000 297.000000 300.000000 0.054620
82.000000 131.000000 300.000000 0.257103
131.000000 82.000000 300.000000 0.257103
130.000000 131.000000 300.000000 0.194563
131.000000 130.000000 300.000000 0.194563
130.000000 132.000000 300.000000 0.262080
132.000000 130.000000 300.000000 0.262080
123.000000 132.000000 300.000000 0.259280
132.000000 123.000000 300.000000 0.259280
87.000000 132.000000 300.000000 0.414960
132.000000 87.000000 300.000000 0.414960
133.000000 132.000000 300.000000 0.455070
132.000000 133.000000 300.000000 0.455070
446.000000 133.000000 300.000000 0.284547
133.000000 446.000000 300.000000 0.284547
434.000000 133.000000 300.000000 0.133547
133.000000 434.000000 300.000000 0.133547
132.000000 133.000000 300.000000 0.455070
133.000000 132.000000 300.000000 0.455070
453.000000 134.000000 300.000000 0.265173
134.000000 453.000000 300.000000 0.265173
433.000000 134.000000 300.000000 0.178823
134.000000 433.000000 300.000000 0.178823
139.000000 135.000000 300.000000 0.373530
135.000000 139.000000 300.000000 0.373530
136.000000 135.000000 300.000000 0.416807
135.000000 136.000000 300.000000 0.416807
136.000000 140.000000 300.000000 0.365627
135.000000 136.000000 300.000000 0.416807
136.000000 135.000000 300.000000 0.416807
128.000000 137.000000 300.000000 0.289247
137.000000 128.000000 300.000000 0.289247
386.000000 138.000000 300.000000 0.107133
138.000000 386.000000 300.000000 0.107133
273.000000 138.000000 300.000000 0.307973
138.000000 273.000000 300.000000 0.307973
243.000000 139.000000 300.000000 0.086670
139.000000 243.000000 300.000000 0.086670
273.000000 139.000000 300.000000 0.115047
139.000000 273.000000 300.000000 0.115047
135.000000 139.000000 300.000000 0.373530
139.000000 135.000000 300.000000 0.373530
511.000000 140.000000 300.000000 0.188657
140.000000 511.000000 300.000000 0.188657
61.000000 141.000000 300.000000 0.285407
141.000000 61.000000 300.000000 0.285407
113.000000 141.000000 300.000000 0.281447
141.000000 113.000000 300.000000 0.281447
142.000000 141.000000 300.000000 0.250883
141.000000 142.000000 300.000000 0.250883
119.000000 141.000000 300.000000 0.764900
141.000000 119.000000 300.000000 0.764900
237.000000 142.000000 300.000000 0.305483
142.000000 237.000000 300.000000 0.305483
479.000000 142.000000 300.000000 0.647473
142.000000 479.000000 300.000000 0.647473
141.000000 142.000000 300.000000 0.250883
142.000000 141.000000 300.000000 0.250883
143.000000 496.000000 300.000000 0.090137
477.000000 143.000000 300.000000 0.766447
143.000000 477.000000 300.000000 0.766447
145.000000 144.000000 300.000000 0.548087
144.000000 145.000000 300.000000 0.548087
148.000000 144.000000 300.000000 0.166170
144.000000 148.000000 300.000000 0.166170
149.000000 144.000000 300.000000 0.224213
144.000000 149.000000 300.000000 0.224213
144.000000 145.000000 300.000000 0.548087
145.000000 144.000000 300.000000 0.548087
145.000000 151.000000 300.000000 0.363800
157.000000 146.000000 300.000000 0.292290
146.000000 157.000000 300.000000 0.292290
13.000000 146.000000 300.000000 0.300830
146.000000 13.000000 300.000000 0.300830
5.000000 146.000000 300.000000 0.367120
146.000000 5.000000 300.000000 0.367120
312.000000 146.000000 300.000000 0.179740
146.000000 312.000000 300.000000 0.179740
113.000000 147.000000 300.000000 0.186307
147.000000 113.000000 300.000000 0.186307
144.000000 148.000000 300.000000 0.166170
148.000000 144.000000 300.000000 0.166170
144.000000 149.000000 300.000000 0.224213
149.000000 144.000000 300.000000 0.224213
80.000000 149.000000 300.000000 0.217143
149.000000 80.000000 300.000000 0.217143
151.000000 150.000000 300.000000 0.293380
150.000000 151.000000 300.000000 0.293380
150.000000 151.000000 300.000000 0.293380
151.000000 150.000000 300.000000 0.293380
151.000000 71.000000 300.000000 0.225680
20.000000 152.000000 300.000000 0.370997
152.000000 20.000000 300.000000 0.370997
80.000000 152.000000 300.000000 0.189527
152.000000 80.000000 300.000000 0.189527
493.000000 152.000000 300.000000 0.039193
152.000000 493.000000 300.000000 0.039193
266.000000 153.000000 300.000000 0.152050
153.000000 266.000000 300.000000 0.152050
153.000000 268.000000 300.000000 0.457717
75.000000 154.000000 300.000000 0.224437
154.000000 75.000000 300.000000 0.224437
430.000000 154.000000 300.000000 0.344993
154.000000 430.000000 300.000000 0.344993
460.000000 154.000000 300.000000 0.601843
154.000000 460.000000 300.000000 0.601843
155.000000 210.000000 300.000000 0.463017
155.000000 257.000000 300.000000 0.300277
163.000000 156.000000 300.000000 0.242820
156.000000 163.000000 300.000000 0.242820
162.000000 156.000000 300.000000 0.242130
156.000000 162.000000 300.000000 0.242130
212.000000 156.000000 300.000000 0.388643
156.000000 212.000000 300.000000 0.388643
146.000000 157.000000 300.000000 0.292290
157.000000 146.000000 300.000000 0.292290
312.000000 157.000000 300.000000 0.342670
157.000000 312.000000 300.000000 0.342670
295.000000 157.000000 300.000000 0.080703
157.000000 295.000000 300.000000 0.080703
158.000000 77.000000 300.000000 0.084667
212.000000 158.000000 300.000000 0.042343
158.000000 212.000000 300.000000 0.042343
165.000000 159.000000 300.000000 0.094050
159.000000 165.000000 300.000000 0.094050
60.000000 159.000000 300.000000 0.831243
159.000000 60.000000 300.000000 0.831243
290.000000 159.000000 300.000000 0.436457
159.000000 290.000000 300.000000 0.436457
210.000000 160.000000 300.000000 0.309887
160.000000 210.000000 300.000000 0.309887
435.000000 160.000000 300.000000 0.383663
160.000000 435.000000 300.000000 0.383663
460.000000 160.000000 300.000000 0.313677
160.000000 460.000000 300.000000 0.313677
257.000000 160.000000 300.000000 0.456303
160.000000 257.000000 300.000000 0.456303
366.000000 161.000000 300.000000 0.427327
161.000000 366.000000 300.000000 0.427327
256.000000 161.000000 300.000000 0.288757
161.000000 256.000000 300.000000 0.288757
63.000000 161.000000 300.000000 0.350303
161.000000 63.000000 300.000000 0.350303
63.000000 162.000000 300.000000 0.054703
162.000000 63.000000 300.000000 0.054703
211.000000 162.000000 300.000000 0.408850
162.000000 211.000000 300.000000 0.408850
156.000000 162.000000 300.000000 0.242130
162.000000 156.000000 300.000000 0.242130
213.000000 163.000000 300.000000 0.376127
163.000000 213.000000 300.000000 0.376127
366.000000 163.000000 300.000000 0.387423
163.000000 366.000000 300.000000 0.387423
156.000000 163.000000 300.000000 0.242820
163.000000 156.000000 300.000000 0.242820
94.000000 163.000000 300.000000 0.443560
163.000000 94.000000 300.000000 0.443560
74.000000 164.000000 300.000000 0.436500
164.000000 74.000000 300.000000 0.436500
294.000000 164.000000 300.000000 0.611577
164.000000 294.000000 300.000000 0.611577
208.000000 164.000000 300.000000 0.876227
164.000000 208.000000 300.000000 0.876227
159.000000 165.000000 300.000000 0.094050
165.000000 159.000000 300.000000 0.094050
461.000000 165.000000 300.000000 0.171573
165.000000 461.000000 300.000000 0.171573
166.000000 165.000000 300.000000 0.874663
165.000000 166.000000 300.000000 0.874663
78.000000 166.000000 300.000000 0.132503
166.000000 78.000000 300.000000 0.132503
74.000000 166.000000 300.000000 0.275780
166.000000 74.000000 300.000000 0.275780
165.000000 166.000000 300.000000 0.874663
166.000000 165.000000 300.000000 0.874663
325.000000 167.000000 300.000000 0.046727
167.000000 325.000000 300.000000 0.046727
173.000000 167.000000 300.000000 0.099097
167.000000 173.000000 300.000000 0.099097
169.000000 167.000000 300.000000 0.226920
167.000000 169.000000 300.000000 0.226920
184.000000 168.000000 300.000000 0.159840
168.000000 184.000000 300.000000 0.159840
197.000000 168.000000 300.000000 0.341853
168.000000 197.000000 300.000000 0.341853
261.000000 168.000000 300.000000 0.142243
168.000000 261.000000 300.000000 0.142243
167.000000 169.000000 300.000000 0.226920
169.000000 167.000000 300.000000 0.226920
169.000000 348.000000 300.000000 0.072553
171.000000 170.000000 300.000000 0.179527
170.000000 171.000000 300.000000 0.179527
176.000000 170.000000 300.000000 0.130507
170.000000 176.000000 300.000000 0.130507
262.000000 170.000000 300.000000 0.127213
170.000000 262.000000 300.000000 0.127213
105.000000 171.000000 300.000000 0.137803
171.000000 105.000000 300.000000 0.137803
174.000000 171.000000 300.000000 0.125957
171.000000 174.000000 300.000000 0.125957
170.000000 171.000000 300.000000 0.179527
171.000000 170.000000 300.000000 0.179527
103.000000 172.000000 300.000000 0.202397
172.000000 103.000000 300.000000 0.202397
172.000000 349.000000 300.000000 0.089397
167.000000 173.000000 300.000000 0.099097
173.000000 167.000000 300.000000 0.099097
323.000000 173.000000 300.000000 0.026380
173.000000 323.000000 300.000000 0.026380
260.000000 173.000000 300.000000 0.177633
173.000000 260.000000 300.000000 0.177633
171.000000 174.000000 300.000000 0.125957
174.000000 171.000000 300.000000 0.125957
104.000000 174.000000 300.000000 0.090227
174.000000 104.000000 300.000000 0.090227
262.000000 174.000000 300.000000 0.177290
174.000000 262.000000 300.000000 0.177290
175.000000 390.000000 300.000000 0.029050
175.000000 108.000000 300.000000 0.788303
53.000000 176.000000 300.000000 0.137353
176.000000 53.000000 300.000000 0.137353
105.000000 176.000000 300.000000 0.178937
176.000000 105.000000 300.000000 0.178937
170.000000 176.000000 300.000000 0.130507
176.000000 170.000000 300.000000 0.130507
262.000000 177.000000 300.000000 0.088367
177.000000 262.000000 300.000000 0.088367
334.000000 177.000000 300.000000 0.126890
177.000000 334.000000 300.000000 0.126890
104.000000 177.000000 300.000000 0.180360
177.000000 104.000000 300.000000 0.180360
248.000000 178.000000 300.000000 0.258427
178.000000 248.000000 300.000000 0.258427
179.000000 178.000000 300.000000 0.062673
178.000000 179.000000 300.000000 0.062673
251.000000 178.000000 300.000000 0.662677
178.000000 251.000000 300.000000 0.662677
178.000000 179.000000 300.000000 0.062673
179.000000 178.000000 300.000000 0.062673
184.000000 179.000000 300.000000 0.187753
179.000000 184.000000 300.000000 0.187753
260.000000 179.000000 300.000000 0.138693
179.000000 260.000000 300.000000 0.138693
184.000000 180.000000 300.000000 0.498737
180.000000 184.000000 300.000000 0.498737
104.000000 181.000000 300.000000 0.173480
181.000000 104.000000 300.000000 0.173480
181.000000 350.000000 300.000000 0.103907
329.000000 182.000000 300.000000 0.131337
182.000000 329.000000 300.000000 0.131337
487.000000 182.000000 300.000000 0.021960
182.000000 487.000000 300.000000 0.021960
182.000000 102.000000 300.000000 0.180453
516.000000 183.000000 300.000000 0.054050
183.000000 516.000000 300.000000 0.054050
517.000000 183.000000 300.000000 0.048753
183.000000 517.000000 300.000000 0.048753
518.000000 183.000000 300.000000 0.241670
183.000000 518.000000 300.000000 0.241670
179.000000 184.000000 300.000000 0.187753
184.000000 179.000000 300.000000 0.187753
168.000000 184.000000 300.000000 0.159840
184.000000 168.000000 300.000000 0.159840
180.000000 184.000000 300.000000 0.498737
184.000000 180.000000 300.000000 0.498737
517.000000 185.000000 300.000000 0.166363
185.000000 517.000000 300.000000 0.166363
197.000000 185.000000 300.000000 0.185377
185.000000 197.000000 300.000000 0.185377
516.000000 185.000000 300.000000 0.814997
185.000000 516.000000 300.000000 0.814997
187.000000 186.000000 300.000000 0.188610
186.000000 187.000000 300.000000 0.188610
186.000000 181.000000 300.000000 0.124667
104.000000 187.000000 300.000000 0.129050
187.000000 104.000000 300.000000 0.129050
103.000000 187.000000 300.000000 0.123487
187.000000 103.000000 300.000000 0.123487
186.000000 187.000000 300.000000 0.188610
187.000000 186.000000 300.000000 0.188610
334.000000 187.000000 300.000000 0.183617
187.000000 334.000000 300.000000 0.183617
188.000000 149.000000 300.000000 0.484320
188.000000 145.000000 300.000000 0.218100
190.000000 207.000000 300.000000 0.284023
195.000000 190.000000 300.000000 0.684433
190.000000 195.000000 300.000000 0.684433
105.000000 191.000000 300.000000 0.141840
191.000000 105.000000 300.000000 0.141840
191.000000 52.000000 300.000000 0.929547
192.000000 395.000000 300.000000 0.324797
196.000000 192.000000 300.000000 0.040307
192.000000 196.000000 300.000000 0.040307
48.000000 192.000000 300.000000 0.285407
192.000000 48.000000 300.000000 0.285407
193.000000 412.000000 300.000000 0.199087
204.000000 194.000000 300.000000 0.269543
194.000000 204.000000 300.000000 0.269543
194.000000 193.000000 300.000000 0.662323
217.000000 195.000000 300.000000 0.422310
195.000000 217.000000 300.000000 0.422310
190.000000 195.000000 300.000000 0.684433
195.000000 190.000000 300.000000 0.684433
204.000000 195.000000 300.000000 0.853840
195.000000 204.000000 300.000000 0.853840
205.000000 195.000000 300.000000 0.927537
195.000000 205.000000 300.000000 0.927537
192.000000 196.000000 300.000000 0.040307
196.000000 192.000000 300.000000 0.040307
196.000000 194.000000 300.000000 0.404723
168.000000 197.000000 300.000000 0.341853
197.000000 168.000000 300.000000 0.341853
53.000000 197.000000 300.000000 0.255227
197.000000 53.000000 300.000000 0.255227
262.000000 197.000000 300.000000 0.140297
197.000000 262.000000 300.000000 0.140297
185.000000 197.000000 300.000000 0.185377
197.000000 185.000000 300.000000 0.185377
315.000000 198.000000 300.000000 0.146200
198.000000 315.000000 300.000000 0.146200
198.000000 209.000000 300.000000 0.325220
479.000000 199.000000 300.000000 0.232463
199.000000 479.000000 300.000000 0.232463
199.000000 495.000000 300.000000 0.064987
128.000000 200.000000 300.000000 0.219890
200.000000 128.000000 300.000000 0.219890
341.000000 200.000000 300.000000 0.565890
200.000000 341.000000 300.000000 0.565890
270.000000 201.000000 300.000000 0.330737
201.000000 270.000000 300.000000 0.330737
270.000000 202.000000 300.000000 0.181380
202.000000 270.000000 300.000000 0.181380
202.000000 201.000000 300.000000 0.129517
203.000000 81.000000 300.000000 0.736090
429.000000 204.000000 300.000000 0.556133
204.000000 429.000000 300.000000 0.556133
194.000000 204.000000 300.000000 0.269543
204.000000 194.000000 300.000000 0.269543
195.000000 204.000000 300.000000 0.853840
204.000000 195.000000 300.000000 0.853840
205.000000 411.000000 300.000000 0.040387
195.000000 205.000000 300.000000 0.927537
205.000000 195.000000 300.000000 0.927537
206.000000 190.000000 300.000000 0.965307
207.000000 218.000000 300.000000 0.117590
164.000000 208.000000 300.000000 0.876227
208.000000 164.000000 300.000000 0.876227
208.000000 203.000000 300.000000 0.457840
209.000000 313.000000 300.000000 0.131730
209.000000 475.000000 300.000000 0.025850
160.000000 210.000000 300.000000 0.309887
210.000000 160.000000 300.000000 0.309887
210.000000 431.000000 300.000000 0.921613
211.000000 212.000000 300.000000 0.309577
471.000000 211.000000 300.000000 0.035977
211.000000 471.000000 300.000000 0.035977
162.000000 211.000000 300.000000 0.408850
211.000000 162.000000 300.000000 0.408850
158.000000 212.000000 300.000000 0.042343
212.000000 158.000000 300.000000 0.042343
212.000000 213.000000 300.000000 0.304440
156.000000 212.000000 300.000000 0.388643
212.000000 156.000000 300.000000 0.388643
163.000000 213.000000 300.000000 0.376127
213.000000 163.000000 300.000000 0.376127
380.000000 213.000000 300.000000 0.048943
213.000000 380.000000 300.000000 0.048943
213.000000 378.000000 300.000000 0.437580
214.000000 464.000000 300.000000 0.029360
214.000000 463.000000 300.000000 0.061510
42.000000 216.000000 300.000000 0.100990
216.000000 42.000000 300.000000 0.100990
40.000000 216.000000 300.000000 0.271313
216.000000 40.000000 300.000000 0.271313
216.000000 217.000000 300.000000 0.324127
195.000000 217.000000 300.000000 0.422310
217.000000 195.000000 300.000000 0.422310
220.000000 217.000000 300.000000 0.498223
217.000000 220.000000 300.000000 0.498223
220.000000 218.000000 300.000000 0.259617
218.000000 220.000000 300.000000 0.259617
218.000000 214.000000 300.000000 0.374700
463.000000 219.000000 300.000000 0.201187
219.000000 463.000000 300.000000 0.201187
219.000000 220.000000 300.000000 0.405430
42.000000 219.000000 300.000000 0.462780
219.000000 42.000000 300.000000 0.462780
218.000000 220.000000 300.000000 0.259617
220.000000 218.000000 300.000000 0.259617
217.000000 220.000000 300.000000 0.498223
220.000000 217.000000 300.000000 0.498223
222.000000 221.000000 300.000000 0.375980
221.000000 222.000000 300.000000 0.375980
24.000000 221.000000 300.000000 0.372637
221.000000 24.000000 300.000000 0.372637
281.000000 221.000000 300.000000 0.256680
221.000000 281.000000 300.000000 0.256680
67.000000 221.000000 300.000000 0.368443
221.000000 67.000000 300.000000 0.368443
280.000000 222.000000 300.000000 0.270107
222.000000 280.000000 300.000000 0.270107
370.000000 222.000000 300.000000 0.388397
222.000000 370.000000 300.000000 0.388397
221.000000 222.000000 300.000000 0.375980
222.000000 221.000000 300.000000 0.375980
92.000000 222.000000 300.000000 0.739433
222.000000 92.000000 300.000000 0.739433
486.000000 223.000000 300.000000 0.284260
223.000000 486.000000 300.000000 0.284260
225.000000 223.000000 300.000000 0.257633
223.000000 225.000000 300.000000 0.257633
53.000000 223.000000 300.000000 0.439570
223.000000 53.000000 300.000000 0.439570
225.000000 224.000000 300.000000 0.353360
224.000000 225.000000 300.000000 0.353360
485.000000 224.000000 300.000000 0.195080
224.000000 485.000000 300.000000 0.195080
68.000000 224.000000 300.000000 0.478930
224.000000 68.000000 300.000000 0.478930
223.000000 225.000000 300.000000 0.257633
225.000000 223.000000 300.000000 0.257633
29.000000 225.000000 300.000000 0.686397
225.000000 29.000000 300.000000 0.686397
224.000000 225.000000 300.000000 0.353360
225.000000 224.000000 300.000000 0.353360
498.000000 226.000000 300.000000 0.034090
226.000000 498.000000 300.000000 0.034090
226.000000 238.000000 300.000000 0.268983
227.000000 226.000000 300.000000 0.099940
235.000000 227.000000 300.000000 0.034743
227.000000 235.000000 300.000000 0.034743
117.000000 227.000000 300.000000 0.871007
227.000000 117.000000 300.000000 0.871007
308.000000 228.000000 300.000000 0.107303
228.000000 308.000000 300.000000 0.107303
519.000000 228.000000 300.000000 0.016033
228.000000 519.000000 300.000000 0.016033
116.000000 228.000000 300.000000 0.425060
228.000000 116.000000 300.000000 0.425060
242.000000 228.000000 300.000000 0.315583
228.000000 242.000000 300.000000 0.315583
229.000000 305.000000 300.000000 0.049333
230.000000 245.000000 300.000000 0.065257
231.000000 227.000000 300.000000 0.238760
231.000000 35.000000 300.000000 0.088893
280.000000 232.000000 300.000000 0.116640
232.000000 280.000000 300.000000 0.116640
95.000000 232.000000 300.000000 0.282337
232.000000 95.000000 300.000000 0.282337
369.000000 232.000000 300.000000 0.393313
232.000000 369.000000 300.000000 0.393313
233.000000 451.000000 300.000000 0.035503
120.000000 233.000000 300.000000 0.307203
233.000000 120.000000 300.000000 0.307203
234.000000 300.000000 300.000000 0.151710
301.000000 234.000000 300.000000 0.261577
234.000000 301.000000 300.000000 0.261577
58.000000 235.000000 300.000000 0.811513
235.000000 58.000000 300.000000 0.811513
227.000000 235.000000 300.000000 0.034743
235.000000 227.000000 300.000000 0.034743
235.000000 35.000000 300.000000 0.246563
15.000000 236.000000 300.000000 0.243007
236.000000 15.000000 300.000000 0.243007
61.000000 237.000000 300.000000 0.250023
237.000000 61.000000 300.000000 0.250023
278.000000 237.000000 300.000000 0.346237
237.000000 278.000000 300.000000 0.346237
142.000000 237.000000 300.000000 0.305483
237.000000 142.000000 300.000000 0.305483
242.000000 238.000000 300.000000 0.134523
238.000000 242.000000 300.000000 0.134523
238.000000 246.000000 300.000000 0.697040
239.000000 494.000000 300.000000 0.206000
239.000000 470.000000 300.000000 0.044090
3.000000 241.000000 300.000000 0.282323
241.000000 3.000000 300.000000 0.282323
272.000000 241.000000 300.000000 0.104123
241.000000 272.000000 300.000000 0.104123
274.000000 241.000000 300.000000 0.128480
241.000000 274.000000 300.000000 0.128480
243.000000 241.000000 300.000000 0.376213
241.000000 243.000000 300.000000 0.376213
308.000000 242.000000 300.000000 0.357497
242.000000 308.000000 300.000000 0.357497
242.000000 291.000000 300.000000 0.143360
228.000000 242.000000 300.000000 0.315583
242.000000 228.000000 300.000000 0.315583
238.000000 242.000000 300.000000 0.134523
242.000000 238.000000 300.000000 0.134523
511.000000 243.000000 300.000000 0.133670
243.000000 511.000000 300.000000 0.133670
139.000000 243.000000 300.000000 0.086670
243.000000 139.000000 300.000000 0.086670
241.000000 243.000000 300.000000 0.376213
243.000000 241.000000 300.000000 0.376213
244.000000 375.000000 300.000000 0.357123
372.000000 244.000000 300.000000 0.038220
244.000000 372.000000 300.000000 0.038220
245.000000 497.000000 300.000000 0.125580
245.000000 229.000000 300.000000 0.047017
117.000000 246.000000 300.000000 0.235303
246.000000 117.000000 300.000000 0.235303
116.000000 246.000000 300.000000 0.242363
246.000000 116.000000 300.000000 0.242363
112.000000 247.000000 300.000000 0.175960
247.000000 112.000000 300.000000 0.175960
254.000000 248.000000 300.000000 0.020230
248.000000 254.000000 300.000000 0.020230
178.000000 248.000000 300.000000 0.258427
248.000000 178.000000 300.000000 0.258427
251.000000 248.000000 300.000000 0.427487
248.000000 251.000000 300.000000 0.427487
324.000000 249.000000 300.000000 0.104853
249.000000 324.000000 300.000000 0.104853
327.000000 249.000000 300.000000 0.099767
249.000000 327.000000 300.000000 0.099767
253.000000 249.000000 300.000000 0.413133
249.000000 253.000000 300.000000 0.413133
109.000000 250.000000 300.000000 0.559747
250.000000 109.000000 300.000000 0.559747
269.000000 250.000000 300.000000 0.257870
250.000000 269.000000 300.000000 0.257870
335.000000 251.000000 300.000000 0.267050
251.000000 335.000000 300.000000 0.267050
248.000000 251.000000 300.000000 0.427487
251.000000 248.000000 300.000000 0.427487
178.000000 251.000000 300.000000 0.662677
251.000000 178.000000 300.000000 0.662677
354.000000 252.000000 300.000000 0.544577
252.000000 354.000000 300.000000 0.544577
99.000000 252.000000 300.000000 0.253307
252.000000 99.000000 300.000000 0.253307
338.000000 252.000000 300.000000 0.455307
252.000000 338.000000 300.000000 0.455307
448.000000 252.000000 300.000000 0.480977
252.000000 448.000000 300.000000 0.480977
335.000000 253.000000 300.000000 0.259500
253.000000 335.000000 300.000000 0.259500
249.000000 253.000000 300.000000 0.413133
253.000000 249.000000 300.000000 0.413133
101.000000 253.000000 300.000000 0.233250
253.000000 101.000000 300.000000 0.233250
98.000000 253.000000 300.000000 0.310083
253.000000 98.000000 300.000000 0.310083
488.000000 254.000000 300.000000 0.025987
254.000000 488.000000 300.000000 0.025987
248.000000 254.000000 300.000000 0.020230
254.000000 248.000000 300.000000 0.020230
254.000000 182.000000 300.000000 0.139573
255.000000 314.000000 300.000000 0.184090
73.000000 256.000000 300.000000 0.226517
256.000000 73.000000 300.000000 0.226517
161.000000 256.000000 300.000000 0.288757
256.000000 161.000000 300.000000 0.288757
71.000000 256.000000 300.000000 0.311807
256.000000 71.000000 300.000000 0.311807
160.000000 257.000000 300.000000 0.456303
257.000000 160.000000 300.000000 0.456303
257.000000 211.000000 300.000000 0.295430
481.000000 257.000000 300.000000 0.465173
257.000000 481.000000 300.000000 0.465173
89.000000 258.000000 300.000000 0.335373
258.000000 89.000000 300.000000 0.335373
129.000000 258.000000 300.000000 0.403563
258.000000 129.000000 300.000000 0.403563
122.000000 258.000000 300.000000 0.184887
258.000000 122.000000 300.000000 0.184887
173.000000 260.000000 300.000000 0.177633
260.000000 173.000000 300.000000 0.177633
179.000000 260.000000 300.000000 0.138693
260.000000 179.000000 300.000000 0.138693
331.000000 260.000000 300.000000 0.134757
260.000000 331.000000 300.000000 0.134757
330.000000 260.000000 300.000000 0.085490
260.000000 330.000000 300.000000 0.085490
103.000000 261.000000 300.000000 0.178790
261.000000 103.000000 300.000000 0.178790
168.000000 261.000000 300.000000 0.142243
261.000000 168.000000 300.000000 0.142243
334.000000 261.000000 300.000000 0.126760
261.000000 334.000000 300.000000 0.126760
332.000000 261.000000 300.000000 0.083683
261.000000 332.000000 300.000000 0.083683
170.000000 262.000000 300.000000 0.127213
262.000000 170.000000 300.000000 0.127213
177.000000 262.000000 300.000000 0.088367
262.000000 177.000000 300.000000 0.088367
174.000000 262.000000 300.000000 0.177290
262.000000 174.000000 300.000000 0.177290
197.000000 262.000000 300.000000 0.140297
262.000000 197.000000 300.000000 0.140297
267.000000 264.000000 300.000000 0.257983
264.000000 267.000000 300.000000 0.257983
266.000000 264.000000 300.000000 0.154400
264.000000 266.000000 300.000000 0.154400
265.000000 264.000000 300.000000 0.415673
264.000000 265.000000 300.000000 0.415673
270.000000 265.000000 300.000000 0.186883
265.000000 270.000000 300.000000 0.186883
269.000000 265.000000 300.000000 0.124950
265.000000 269.000000 300.000000 0.124950
267.000000 265.000000 300.000000 0.102190
265.000000 267.000000 300.000000 0.102190
264.000000 265.000000 300.000000 0.415673
265.000000 264.000000 300.000000 0.415673
264.000000 266.000000 300.000000 0.154400
266.000000 264.000000 300.000000 0.154400
84.000000 266.000000 300.000000 0.115000
266.000000 84.000000 300.000000 0.115000
153.000000 266.000000 300.000000 0.152050
266.000000 153.000000 300.000000 0.152050
264.000000 267.000000 300.000000 0.257983
267.000000 264.000000 300.000000 0.257983
265.000000 267.000000 300.000000 0.102190
267.000000 265.000000 300.000000 0.102190
268.000000 267.000000 300.000000 0.158497
267.000000 268.000000 300.000000 0.158497
267.000000 268.000000 300.000000 0.158497
268.000000 267.000000 300.000000 0.158497
268.000000 202.000000 300.000000 0.164233
250.000000 269.000000 300.000000 0.257870
269.000000 250.000000 300.000000 0.257870
265.000000 269.000000 300.000000 0.124950
269.000000 265.000000 300.000000 0.124950
202.000000 270.000000 300.000000 0.181380
270.000000 202.000000 300.000000 0.181380
265.000000 270.000000 300.000000 0.186883
270.000000 265.000000 300.000000 0.186883
201.000000 270.000000 300.000000 0.330737
270.000000 201.000000 300.000000 0.330737
271.000000 189.000000 300.000000 0.125370
241.000000 272.000000 300.000000 0.104123
272.000000 241.000000 300.000000 0.104123
502.000000 272.000000 300.000000 0.178953
272.000000 502.000000 300.000000 0.178953
499.000000 272.000000 300.000000 0.187997
272.000000 499.000000 300.000000 0.187997
139.000000 273.000000 300.000000 0.115047
273.000000 139.000000 300.000000 0.115047
138.000000 273.000000 300.000000 0.307973
273.000000 138.000000 300.000000 0.307973
274.000000 273.000000 300.000000 0.443637
273.000000 274.000000 300.000000 0.443637
241.000000 274.000000 300.000000 0.128480
274.000000 241.000000 300.000000 0.128480
273.000000 274.000000 300.000000 0.443637
274.000000 273.000000 300.000000 0.443637
275.000000 274.000000 300.000000 0.301747
274.000000 275.000000 300.000000 0.301747
1.000000 275.000000 300.000000 0.232513
275.000000 1.000000 300.000000 0.232513
387.000000 275.000000 300.000000 0.775303
275.000000 387.000000 300.000000 0.775303
274.000000 275.000000 300.000000 0.301747
275.000000 274.000000 300.000000 0.301747
276.000000 233.000000 300.000000 0.284687
437.000000 276.000000 300.000000 0.990250
276.000000 437.000000 300.000000 0.990250
277.000000 244.000000 300.000000 0.546017
61.000000 277.000000 300.000000 0.277263
277.000000 61.000000 300.000000 0.277263
237.000000 278.000000 300.000000 0.346237
278.000000 237.000000 300.000000 0.346237
379.000000 278.000000 300.000000 0.307750
278.000000 379.000000 300.000000 0.307750
479.000000 278.000000 300.000000 0.697037
278.000000 479.000000 300.000000 0.697037
279.000000 277.000000 300.000000 0.223007
370.000000 279.000000 300.000000 0.039410
279.000000 370.000000 300.000000 0.039410
222.000000 280.000000 300.000000 0.270107
280.000000 222.000000 300.000000 0.270107
232.000000 280.000000 300.000000 0.116640
280.000000 232.000000 300.000000 0.116640
281.000000 280.000000 300.000000 0.372863
280.000000 281.000000 300.000000 0.372863
280.000000 281.000000 300.000000 0.372863
281.000000 280.000000 300.000000 0.372863
68.000000 281.000000 300.000000 0.156590
281.000000 68.000000 300.000000 0.156590
221.000000 281.000000 300.000000 0.256680
281.000000 221.000000 300.000000 0.256680
282.000000 452.000000 300.000000 0.038057
423.000000 282.000000 300.000000 0.034363
282.000000 423.000000 300.000000 0.034363
283.000000 196.000000 300.000000 0.265567
429.000000 284.000000 300.000000 0.092983
284.000000 429.000000 300.000000 0.092983
284.000000 283.000000 300.000000 0.271590
285.000000 444.000000 300.000000 0.033153
294.000000 285.000000 300.000000 0.143400
285.000000 294.000000 300.000000 0.143400
287.000000 286.000000 300.000000 0.378070
286.000000 287.000000 300.000000 0.378070
286.000000 287.000000 300.000000 0.378070
287.000000 286.000000 300.000000 0.378070
288.000000 287.000000 300.000000 0.133933
287.000000 288.000000 300.000000 0.133933
11.000000 287.000000 300.000000 0.139727
287.000000 11.000000 300.000000 0.139727
443.000000 287.000000 300.000000 0.765217
287.000000 443.000000 300.000000 0.765217
287.000000 288.000000 300.000000 0.133933
288.000000 287.000000 300.000000 0.133933
54.000000 289.000000 300.000000 0.321640
289.000000 54.000000 300.000000 0.321640
60.000000 289.000000 300.000000 0.279647
289.000000 60.000000 300.000000 0.279647
290.000000 289.000000 300.000000 0.705033
289.000000 290.000000 300.000000 0.705033
289.000000 290.000000 300.000000 0.705033
290.000000 289.000000 300.000000 0.705033
159.000000 290.000000 300.000000 0.436457
290.000000 159.000000 300.000000 0.436457
55.000000 290.000000 300.000000 0.239087
290.000000 55.000000 300.000000 0.239087
55.000000 291.000000 300.000000 0.226530
291.000000 55.000000 300.000000 0.226530
291.000000 57.000000 300.000000 0.087980
293.000000 292.000000 300.000000 0.451860
292.000000 293.000000 300.000000 0.451860
121.000000 292.000000 300.000000 0.274910
292.000000 121.000000 300.000000 0.274910
65.000000 292.000000 300.000000 0.346273
292.000000 65.000000 300.000000 0.346273
292.000000 293.000000 300.000000 0.451860
293.000000 292.000000 300.000000 0.451860
308.000000 293.000000 300.000000 0.325083
293.000000 308.000000 300.000000 0.325083
78.000000 293.000000 300.000000 0.560220
293.000000 78.000000 300.000000 0.560220
65.000000 294.000000 300.000000 0.421613
294.000000 65.000000 300.000000 0.421613
285.000000 294.000000 300.000000 0.143400
294.000000 285.000000 300.000000 0.143400
164.000000 294.000000 300.000000 0.611577
294.000000 164.000000 300.000000 0.611577
157.000000 295.000000 300.000000 0.080703
295.000000 157.000000 300.000000 0.080703
295.000000 12.000000 300.000000 0.264240
297.000000 296.000000 300.000000 0.693800
296.000000 297.000000 300.000000 0.693800
296.000000 83.000000 300.000000 0.298473
432.000000 297.000000 300.000000 0.157750
297.000000 432.000000 300.000000 0.157750
131.000000 297.000000 300.000000 0.054620
297.000000 131.000000 300.000000 0.054620
296.000000 297.000000 300.000000 0.693800
297.000000 296.000000 300.000000 0.693800
447.000000 298.000000 300.000000 0.277817
298.000000 447.000000 300.000000 0.277817
298.000000 234.000000 300.000000 0.159330
427.000000 299.000000 300.000000 0.031737
299.000000 427.000000 300.000000 0.031737
129.000000 299.000000 300.000000 0.579397
299.000000 129.000000 300.000000 0.579397
447.000000 299.000000 300.000000 0.152817
299.000000 447.000000 300.000000 0.152817
300.000000 296.000000 300.000000 0.156077
301.000000 300.000000 300.000000 0.327427
300.000000 301.000000 300.000000 0.327427
300.000000 301.000000 300.000000 0.327427
301.000000 300.000000 300.000000 0.327427
234.000000 301.000000 300.000000 0.261577
301.000000 234.000000 300.000000 0.261577
476.000000 301.000000 300.000000 0.028647
301.000000 476.000000 300.000000 0.028647
50.000000 302.000000 300.000000 0.100547
302.000000 50.000000 300.000000 0.100547
304.000000 303.000000 300.000000 0.248403
303.000000 304.000000 300.000000 0.248403
396.000000 303.000000 300.000000 0.578603
303.000000 396.000000 300.000000 0.578603
52.000000 303.000000 300.000000 0.277987
303.000000 52.000000 300.000000 0.277987
105.000000 303.000000 300.000000 0.914087
303.000000 105.000000 300.000000 0.914087
303.000000 304.000000 300.000000 0.248403
304.000000 303.000000 300.000000 0.248403
29.000000 304.000000 300.000000 0.491487
304.000000 29.000000 300.000000 0.491487
392.000000 304.000000 300.000000 0.592103
304.000000 392.000000 300.000000 0.592103
305.000000 36.000000 300.000000 0.069460
305.000000 406.000000 300.000000 0.222770
118.000000 306.000000 300.000000 0.234067
306.000000 118.000000 300.000000 0.234067
306.000000 402.000000 300.000000 0.064910
43.000000 307.000000 300.000000 0.192160
307.000000 43.000000 300.000000 0.192160
228.000000 308.000000 300.000000 0.107303
308.000000 228.000000 300.000000 0.107303
242.000000 308.000000 300.000000 0.357497
308.000000 242.000000 300.000000 0.357497
293.000000 308.000000 300.000000 0.325083
308.000000 293.000000 300.000000 0.325083
310.000000 309.000000 300.000000 0.480013
309.000000 310.000000 300.000000 0.480013
430.000000 309.000000 300.000000 0.328810
309.000000 430.000000 300.000000 0.328810
431.000000 309.000000 300.000000 0.309313
309.000000 431.000000 300.000000 0.309313
309.000000 310.000000 300.000000 0.480013
310.000000 309.000000 300.000000 0.480013
64.000000 310.000000 300.000000 0.339123
310.000000 64.000000 300.000000 0.339123
91.000000 310.000000 300.000000 0.306987
310.000000 91.000000 300.000000 0.306987
76.000000 311.000000 300.000000 0.301340
311.000000 76.000000 300.000000 0.301340
75.000000 311.000000 300.000000 0.312237
311.000000 75.000000 300.000000 0.312237
461.000000 311.000000 300.000000 0.345007
311.000000 461.000000 300.000000 0.345007
157.000000 312.000000 300.000000 0.342670
312.000000 157.000000 300.000000 0.342670
38.000000 312.000000 300.000000 0.079360
312.000000 38.000000 300.000000 0.079360
146.000000 312.000000 300.000000 0.179740
312.000000 146.000000 300.000000 0.179740
313.000000 491.000000 300.000000 0.526090
315.000000 313.000000 300.000000 0.331530
313.000000 315.000000 300.000000 0.331530
314.000000 346.000000 300.000000 0.050713
321.000000 314.000000 300.000000 0.252133
314.000000 321.000000 300.000000 0.252133
198.000000 315.000000 300.000000 0.146200
315.000000 198.000000 300.000000 0.146200
324.000000 315.000000 300.000000 0.328357
315.000000 324.000000 300.000000 0.328357
318.000000 315.000000 300.000000 0.145043
315.000000 318.000000 300.000000 0.145043
313.000000 315.000000 300.000000 0.331530
315.000000 313.000000 300.000000 0.331530
316.000000 169.000000 300.000000 0.124040
323.000000 316.000000 300.000000 0.238787
316.000000 323.000000 300.000000 0.238787
317.000000 255.000000 300.000000 0.135903
490.000000 317.000000 300.000000 0.022207
317.000000 490.000000 300.000000 0.022207
315.000000 318.000000 300.000000 0.145043
318.000000 315.000000 300.000000 0.145043
490.000000 318.000000 300.000000 0.592363
318.000000 490.000000 300.000000 0.592363
327.000000 318.000000 300.000000 0.305470
318.000000 327.000000 300.000000 0.305470
326.000000 319.000000 300.000000 0.216067
319.000000 326.000000 300.000000 0.216067
319.000000 172.000000 300.000000 0.129437
321.000000 320.000000 300.000000 0.049637
320.000000 321.000000 300.000000 0.049637
102.000000 320.000000 300.000000 0.131057
320.000000 102.000000 300.000000 0.131057
329.000000 320.000000 300.000000 0.177507
320.000000 329.000000 300.000000 0.177507
322.000000 321.000000 300.000000 0.076483
321.000000 322.000000 300.000000 0.076483
320.000000 321.000000 300.000000 0.049637
321.000000 320.000000 300.000000 0.049637
314.000000 321.000000 300.000000 0.252133
321.000000 314.000000 300.000000 0.252133
323.000000 322.000000 300.000000 0.051237
322.000000 323.000000 300.000000 0.051237
321.000000 322.000000 300.000000 0.076483
322.000000 321.000000 300.000000 0.076483
330.000000 322.000000 300.000000 0.177337
322.000000 330.000000 300.000000 0.177337
173.000000 323.000000 300.000000 0.026380
323.000000 173.000000 300.000000 0.026380
322.000000 323.000000 300.000000 0.051237
323.000000 322.000000 300.000000 0.051237
316.000000 323.000000 300.000000 0.238787
323.000000 316.000000 300.000000 0.238787
110.000000 324.000000 300.000000 0.142057
324.000000 110.000000 300.000000 0.142057
249.000000 324.000000 300.000000 0.104853
324.000000 249.000000 300.000000 0.104853
315.000000 324.000000 300.000000 0.328357
324.000000 315.000000 300.000000 0.328357
326.000000 325.000000 300.000000 0.077243
325.000000 326.000000 300.000000 0.077243
167.000000 325.000000 300.000000 0.046727
325.000000 167.000000 300.000000 0.046727
331.000000 325.000000 300.000000 0.179433
325.000000 331.000000 300.000000 0.179433
328.000000 326.000000 300.000000 0.048323
326.000000 328.000000 300.000000 0.048323
325.000000 326.000000 300.000000 0.077243
326.000000 325.000000 300.000000 0.077243
319.000000 326.000000 300.000000 0.216067
326.000000 319.000000 300.000000 0.216067
249.000000 327.000000 300.000000 0.099767
327.000000 249.000000 300.000000 0.099767
488.000000 327.000000 300.000000 0.380287
327.000000 488.000000 300.000000 0.380287
318.000000 327.000000 300.000000 0.305470
327.000000 318.000000 300.000000 0.305470
103.000000 328.000000 300.000000 0.086570
328.000000 103.000000 300.000000 0.086570
326.000000 328.000000 300.000000 0.048323
328.000000 326.000000 300.000000 0.048323
332.000000 328.000000 300.000000 0.176943
328.000000 332.000000 300.000000 0.176943
330.000000 329.000000 300.000000 0.125790
329.000000 330.000000 300.000000 0.125790
182.000000 329.000000 300.000000 0.131337
329.000000 182.000000 300.000000 0.131337
320.000000 329.000000 300.000000 0.177507
329.000000 320.000000 300.000000 0.177507
260.000000 330.000000 300.000000 0.085490
330.000000 260.000000 300.000000 0.085490
329.000000 330.000000 300.000000 0.125790
330.000000 329.000000 300.000000 0.125790
322.000000 330.000000 300.000000 0.177337
330.000000 322.000000 300.000000 0.177337
332.000000 331.000000 300.000000 0.128377
331.000000 332.000000 300.000000 0.128377
260.000000 331.000000 300.000000 0.134757
331.000000 260.000000 300.000000 0.134757
325.000000 331.000000 300.000000 0.179433
331.000000 325.000000 300.000000 0.179433
261.000000 332.000000 300.000000 0.083683
332.000000 261.000000 300.000000 0.083683
331.000000 332.000000 300.000000 0.128377
332.000000 331.000000 300.000000 0.128377
328.000000 332.000000 300.000000 0.176943
332.000000 328.000000 300.000000 0.176943
335.000000 333.000000 300.000000 0.234063
333.000000 335.000000 300.000000 0.234063
187.000000 334.000000 300.000000 0.183617
334.000000 187.000000 300.000000 0.183617
177.000000 334.000000 300.000000 0.126890
334.000000 177.000000 300.000000 0.126890
261.000000 334.000000 300.000000 0.126760
334.000000 261.000000 300.000000 0.126760
251.000000 335.000000 300.000000 0.267050
335.000000 251.000000 300.000000 0.267050
253.000000 335.000000 300.000000 0.259500
335.000000 253.000000 300.000000 0.259500
333.000000 335.000000 300.000000 0.234063
335.000000 333.000000 300.000000 0.234063
335.000000 336.000000 300.000000 0.269200
99.000000 336.000000 300.000000 0.272677
336.000000 99.000000 300.000000 0.272677
98.000000 336.000000 300.000000 0.236537
336.000000 98.000000 300.000000 0.236537
484.000000 337.000000 300.000000 0.229360
337.000000 484.000000 300.000000 0.229360
360.000000 337.000000 300.000000 0.800100
337.000000 360.000000 300.000000 0.800100
100.000000 337.000000 300.000000 0.258690
337.000000 100.000000 300.000000 0.258690
125.000000 338.000000 300.000000 0.283143
338.000000 125.000000 300.000000 0.283143
358.000000 338.000000 300.000000 0.539523
338.000000 358.000000 300.000000 0.539523
252.000000 338.000000 300.000000 0.455307
338.000000 252.000000 300.000000 0.455307
339.000000 107.000000 300.000000 0.250807
359.000000 339.000000 300.000000 0.041897
339.000000 359.000000 300.000000 0.041897
341.000000 340.000000 300.000000 0.260040
340.000000 341.000000 300.000000 0.260040
122.000000 340.000000 300.000000 0.366220
340.000000 122.000000 300.000000 0.366220
87.000000 340.000000 300.000000 0.441273
340.000000 87.000000 300.000000 0.441273
86.000000 341.000000 300.000000 0.421120
341.000000 86.000000 300.000000 0.421120
340.000000 341.000000 300.000000 0.260040
341.000000 340.000000 300.000000 0.260040
200.000000 341.000000 300.000000 0.565890
341.000000 200.000000 300.000000 0.565890
47.000000 342.000000 300.000000 0.908427
342.000000 47.000000 300.000000 0.908427
343.000000 342.000000 300.000000 0.040903
342.000000 343.000000 300.000000 0.040903
346.000000 342.000000 300.000000 0.362077
342.000000 346.000000 300.000000 0.362077
342.000000 343.000000 300.000000 0.040903
343.000000 342.000000 300.000000 0.040903
344.000000 343.000000 300.000000 0.216807
343.000000 344.000000 300.000000 0.216807
343.000000 344.000000 300.000000 0.216807
344.000000 343.000000 300.000000 0.216807
348.000000 344.000000 300.000000 0.343590
344.000000 348.000000 300.000000 0.343590
345.000000 344.000000 300.000000 0.299857
344.000000 345.000000 300.000000 0.299857
347.000000 345.000000 300.000000 0.259877
345.000000 347.000000 300.000000 0.259877
349.000000 345.000000 300.000000 0.307827
345.000000 349.000000 300.000000 0.307827
344.000000 345.000000 300.000000 0.299857
345.000000 344.000000 300.000000 0.299857
346.000000 316.000000 300.000000 0.074037
342.000000 346.000000 300.000000 0.362077
346.000000 342.000000 300.000000 0.362077
345.000000 347.000000 300.000000 0.259877
347.000000 345.000000 300.000000 0.259877
46.000000 347.000000 300.000000 0.258583
347.000000 46.000000 300.000000 0.258583
350.000000 347.000000 300.000000 0.293317
347.000000 350.000000 300.000000 0.293317
348.000000 319.000000 300.000000 0.058253
344.000000 348.000000 300.000000 0.343590
348.000000 344.000000 300.000000 0.343590
349.000000 186.000000 300.000000 0.040023
345.000000 349.000000 300.000000 0.307827
349.000000 345.000000 300.000000 0.307827
350.000000 191.000000 300.000000 0.262430
347.000000 350.000000 300.000000 0.293317
350.000000 347.000000 300.000000 0.293317
54.000000 351.000000 300.000000 0.276347
351.000000 54.000000 300.000000 0.276347
351.000000 380.000000 300.000000 0.339473
16.000000 352.000000 300.000000 0.177390
352.000000 16.000000 300.000000 0.177390
22.000000 353.000000 300.000000 0.370253
353.000000 22.000000 300.000000 0.370253
30.000000 353.000000 300.000000 0.027607
353.000000 30.000000 300.000000 0.027607
353.000000 355.000000 300.000000 0.371910
108.000000 354.000000 300.000000 0.034603
354.000000 108.000000 300.000000 0.034603
252.000000 354.000000 300.000000 0.544577
354.000000 252.000000 300.000000 0.544577
354.000000 500.000000 300.000000 0.464107
27.000000 355.000000 300.000000 0.356390
355.000000 27.000000 300.000000 0.356390
26.000000 355.000000 300.000000 0.024537
355.000000 26.000000 300.000000 0.024537
355.000000 363.000000 300.000000 0.385727
357.000000 356.000000 300.000000 0.039040
356.000000 357.000000 300.000000 0.039040
356.000000 354.000000 300.000000 0.195943
357.000000 124.000000 300.000000 0.214970
356.000000 357.000000 300.000000 0.039040
357.000000 356.000000 300.000000 0.039040
338.000000 358.000000 300.000000 0.539523
358.000000 338.000000 300.000000 0.539523
124.000000 358.000000 300.000000 0.043553
358.000000 124.000000 300.000000 0.043553
358.000000 356.000000 300.000000 0.215080
100.000000 359.000000 300.000000 0.839887
359.000000 100.000000 300.000000 0.839887
339.000000 359.000000 300.000000 0.041897
359.000000 339.000000 300.000000 0.041897
359.000000 358.000000 300.000000 0.245520
337.000000 360.000000 300.000000 0.800100
360.000000 337.000000 300.000000 0.800100
107.000000 360.000000 300.000000 0.041323
360.000000 107.000000 300.000000 0.041323
360.000000 359.000000 300.000000 0.250877
361.000000 43.000000 300.000000 0.102203
364.000000 361.000000 300.000000 0.238063
361.000000 364.000000 300.000000 0.238063
362.000000 106.000000 300.000000 0.042420
362.000000 360.000000 300.000000 0.239917
31.000000 363.000000 300.000000 0.024820
363.000000 31.000000 300.000000 0.024820
363.000000 368.000000 300.000000 0.374400
66.000000 363.000000 300.000000 0.364410
363.000000 66.000000 300.000000 0.364410
361.000000 364.000000 300.000000 0.238063
364.000000 361.000000 300.000000 0.238063
365.000000 400.000000 300.000000 0.327613
96.000000 365.000000 300.000000 0.041237
365.000000 96.000000 300.000000 0.041237
95.000000 365.000000 300.000000 0.392067
365.000000 95.000000 300.000000 0.392067
163.000000 366.000000 300.000000 0.387423
366.000000 163.000000 300.000000 0.387423
44.000000 366.000000 300.000000 0.364430
366.000000 44.000000 300.000000 0.364430
161.000000 366.000000 300.000000 0.427327
366.000000 161.000000 300.000000 0.427327
367.000000 369.000000 300.000000 0.103033
501.000000 367.000000 300.000000 0.035550
367.000000 501.000000 300.000000 0.035550
93.000000 368.000000 300.000000 0.027977
368.000000 93.000000 300.000000 0.027977
92.000000 368.000000 300.000000 0.379433
368.000000 92.000000 300.000000 0.379433
368.000000 373.000000 300.000000 0.378193
451.000000 369.000000 300.000000 0.038600
369.000000 451.000000 300.000000 0.038600
232.000000 369.000000 300.000000 0.393313
369.000000 232.000000 300.000000 0.393313
369.000000 365.000000 300.000000 0.491073
279.000000 370.000000 300.000000 0.039410
370.000000 279.000000 300.000000 0.039410
222.000000 370.000000 300.000000 0.388397
370.000000 222.000000 300.000000 0.388397
370.000000 367.000000 300.000000 0.270510
371.000000 93.000000 300.000000 0.231837
482.000000 371.000000 300.000000 0.026773
371.000000 482.000000 300.000000 0.026773
92.000000 372.000000 300.000000 0.386723
372.000000 92.000000 300.000000 0.386723
244.000000 372.000000 300.000000 0.038220
372.000000 244.000000 300.000000 0.038220
372.000000 370.000000 300.000000 0.767493
373.000000 372.000000 300.000000 0.357443
373.000000 375.000000 300.000000 0.047187
374.000000 371.000000 300.000000 0.146097
374.000000 373.000000 300.000000 0.036157
375.000000 379.000000 300.000000 0.273753
375.000000 32.000000 300.000000 0.034570
123.000000 376.000000 300.000000 0.317830
376.000000 123.000000 300.000000 0.317830
86.000000 376.000000 300.000000 0.102587
376.000000 86.000000 300.000000 0.102587
492.000000 376.000000 300.000000 0.022717
376.000000 492.000000 300.000000 0.022717
70.000000 377.000000 300.000000 0.045513
377.000000 70.000000 300.000000 0.045513
69.000000 377.000000 300.000000 0.376577
377.000000 69.000000 300.000000 0.376577
377.000000 374.000000 300.000000 0.366110
378.000000 377.000000 300.000000 0.374100
378.000000 94.000000 300.000000 0.371920
278.000000 379.000000 300.000000 0.307750
379.000000 278.000000 300.000000 0.307750
33.000000 379.000000 300.000000 0.034700
379.000000 33.000000 300.000000 0.034700
379.000000 410.000000 300.000000 0.191683
380.000000 450.000000 300.000000 0.278863
213.000000 380.000000 300.000000 0.048943
380.000000 213.000000 300.000000 0.048943
127.000000 381.000000 300.000000 0.092213
381.000000 127.000000 300.000000 0.092213
85.000000 381.000000 300.000000 0.249957
381.000000 85.000000 300.000000 0.249957
382.000000 381.000000 300.000000 0.211637
381.000000 382.000000 300.000000 0.211637
381.000000 382.000000 300.000000 0.211637
382.000000 381.000000 300.000000 0.211637
113.000000 383.000000 300.000000 0.744547
383.000000 113.000000 300.000000 0.744547
383.000000 459.000000 300.000000 0.029770
386.000000 384.000000 300.000000 0.254457
384.000000 386.000000 300.000000 0.254457
387.000000 385.000000 300.000000 0.253183
385.000000 387.000000 300.000000 0.253183
138.000000 386.000000 300.000000 0.107133
386.000000 138.000000 300.000000 0.107133
387.000000 386.000000 300.000000 0.165757
386.000000 387.000000 300.000000 0.165757
384.000000 386.000000 300.000000 0.254457
386.000000 384.000000 300.000000 0.254457
386.000000 387.000000 300.000000 0.165757
387.000000 386.000000 300.000000 0.165757
385.000000 387.000000 300.000000 0.253183
387.000000 385.000000 300.000000 0.253183
275.000000 387.000000 300.000000 0.775303
387.000000 275.000000 300.000000 0.775303
17.000000 388.000000 300.000000 0.363370
388.000000 17.000000 300.000000 0.363370
389.000000 388.000000 300.000000 0.377023
388.000000 389.000000 300.000000 0.377023
388.000000 389.000000 300.000000 0.377023
389.000000 388.000000 300.000000 0.377023
390.000000 101.000000 300.000000 1.095190
51.000000 391.000000 300.000000 0.313473
391.000000 51.000000 300.000000 0.313473
391.000000 393.000000 300.000000 0.425747
304.000000 392.000000 300.000000 0.592103
392.000000 304.000000 300.000000 0.592103
392.000000 416.000000 300.000000 0.209550
393.000000 283.000000 300.000000 0.056050
393.000000 51.000000 300.000000 0.280163
22.000000 394.000000 300.000000 0.300317
394.000000 22.000000 300.000000 0.300317
394.000000 353.000000 300.000000 0.490887
395.000000 393.000000 300.000000 0.036077
395.000000 396.000000 300.000000 0.294020
395.000000 417.000000 300.000000 0.228703
416.000000 396.000000 300.000000 0.040103
396.000000 416.000000 300.000000 0.040103
303.000000 396.000000 300.000000 0.578603
396.000000 303.000000 300.000000 0.578603
396.000000 392.000000 300.000000 0.189320
397.000000 466.000000 300.000000 0.007517
398.000000 467.000000 300.000000 0.007047
399.000000 400.000000 300.000000 0.042677
399.000000 96.000000 300.000000 0.309737
400.000000 421.000000 300.000000 0.208417
400.000000 362.000000 300.000000 0.039047
401.000000 259.000000 300.000000 0.246410
37.000000 402.000000 300.000000 0.030690
402.000000 37.000000 300.000000 0.030690
402.000000 14.000000 300.000000 0.255793
404.000000 403.000000 300.000000 0.035327
403.000000 404.000000 300.000000 0.035327
403.000000 405.000000 300.000000 0.318820
403.000000 404.000000 300.000000 0.035327
404.000000 403.000000 300.000000 0.035327
404.000000 306.000000 300.000000 0.202323
406.000000 405.000000 300.000000 0.036453
405.000000 406.000000 300.000000 0.036453
405.000000 36.000000 300.000000 0.218630
405.000000 406.000000 300.000000 0.036453
406.000000 405.000000 300.000000 0.036453
406.000000 404.000000 300.000000 0.323183
407.000000 409.000000 300.000000 0.281900
408.000000 407.000000 300.000000 0.035410
407.000000 408.000000 300.000000 0.035410
407.000000 408.000000 300.000000 0.035410
408.000000 407.000000 300.000000 0.035410
408.000000 230.000000 300.000000 0.330423
410.000000 409.000000 300.000000 0.035447
409.000000 410.000000 300.000000 0.035447
409.000000 33.000000 300.000000 0.181543
410.000000 408.000000 300.000000 0.280380
409.000000 410.000000 300.000000 0.035447
410.000000 409.000000 300.000000 0.035447
411.000000 206.000000 300.000000 0.659643
412.000000 413.000000 300.000000 0.238233
413.000000 205.000000 300.000000 0.656563
415.000000 414.000000 300.000000 0.145487
414.000000 415.000000 300.000000 0.145487
433.000000 414.000000 300.000000 0.337423
414.000000 433.000000 300.000000 0.337423
414.000000 415.000000 300.000000 0.145487
415.000000 414.000000 300.000000 0.145487
453.000000 415.000000 300.000000 0.538627
415.000000 453.000000 300.000000 0.538627
396.000000 416.000000 300.000000 0.040103
416.000000 396.000000 300.000000 0.040103
416.000000 417.000000 300.000000 0.177750
417.000000 394.000000 300.000000 0.247023
419.000000 418.000000 300.000000 0.038627
418.000000 419.000000 300.000000 0.038627
418.000000 437.000000 300.000000 1.308527
418.000000 419.000000 300.000000 0.038627
419.000000 418.000000 300.000000 0.038627
419.000000 423.000000 300.000000 0.605043
421.000000 420.000000 300.000000 0.034320
420.000000 421.000000 300.000000 0.034320
420.000000 362.000000 300.000000 0.208823
420.000000 421.000000 300.000000 0.034320
421.000000 420.000000 300.000000 0.034320
421.000000 397.000000 300.000000 0.463997
425.000000 422.000000 300.000000 0.037547
422.000000 425.000000 300.000000 0.037547
422.000000 399.000000 300.000000 0.355783
282.000000 423.000000 300.000000 0.034363
423.000000 282.000000 300.000000 0.034363
428.000000 424.000000 300.000000 0.200933
424.000000 428.000000 300.000000 0.200933
424.000000 419.000000 300.000000 1.327327
422.000000 425.000000 300.000000 0.037547
425.000000 422.000000 300.000000 0.037547
425.000000 424.000000 300.000000 0.365673
426.000000 282.000000 300.000000 0.166303
299.000000 427.000000 300.000000 0.031737
427.000000 299.000000 300.000000 0.031737
126.000000 428.000000 300.000000 0.275450
428.000000 126.000000 300.000000 0.275450
424.000000 428.000000 300.000000 0.200933
428.000000 424.000000 300.000000 0.200933
85.000000 428.000000 300.000000 0.664383
428.000000 85.000000 300.000000 0.664383
204.000000 429.000000 300.000000 0.556133
429.000000 204.000000 300.000000 0.556133
284.000000 429.000000 300.000000 0.092983
429.000000 284.000000 300.000000 0.092983
478.000000 429.000000 300.000000 0.276127
429.000000 478.000000 300.000000 0.276127
154.000000 430.000000 300.000000 0.344993
430.000000 154.000000 300.000000 0.344993
309.000000 430.000000 300.000000 0.328810
430.000000 309.000000 300.000000 0.328810
64.000000 430.000000 300.000000 0.482690
430.000000 64.000000 300.000000 0.482690
309.000000 431.000000 300.000000 0.309313
431.000000 309.000000 300.000000 0.309313
431.000000 91.000000 300.000000 0.482007
130.000000 432.000000 300.000000 0.105193
432.000000 130.000000 300.000000 0.105193
297.000000 432.000000 300.000000 0.157750
432.000000 297.000000 300.000000 0.157750
476.000000 432.000000 300.000000 0.524497
432.000000 476.000000 300.000000 0.524497
90.000000 433.000000 300.000000 0.558060
433.000000 90.000000 300.000000 0.558060
134.000000 433.000000 300.000000 0.178823
433.000000 134.000000 300.000000 0.178823
414.000000 433.000000 300.000000 0.337423
433.000000 414.000000 300.000000 0.337423
82.000000 434.000000 300.000000 0.079117
434.000000 82.000000 300.000000 0.079117
133.000000 434.000000 300.000000 0.133547
434.000000 133.000000 300.000000 0.133547
108.000000 434.000000 300.000000 0.272360
434.000000 108.000000 300.000000 0.272360
160.000000 435.000000 300.000000 0.383663
435.000000 160.000000 300.000000 0.383663
489.000000 436.000000 300.000000 0.117487
436.000000 489.000000 300.000000 0.117487
437.000000 97.000000 300.000000 0.048977
276.000000 437.000000 300.000000 0.990250
437.000000 276.000000 300.000000 0.990250
96.000000 438.000000 300.000000 0.571510
438.000000 96.000000 300.000000 0.571510
438.000000 439.000000 300.000000 0.104610
439.000000 422.000000 300.000000 0.219063
99.000000 440.000000 300.000000 0.115143
440.000000 99.000000 300.000000 0.115143
48.000000 441.000000 300.000000 0.130013
441.000000 48.000000 300.000000 0.130013
49.000000 442.000000 300.000000 0.114640
442.000000 49.000000 300.000000 0.114640
443.000000 285.000000 300.000000 0.036057
444.000000 443.000000 300.000000 0.011797
443.000000 444.000000 300.000000 0.011797
287.000000 443.000000 300.000000 0.765217
443.000000 287.000000 300.000000 0.765217
443.000000 444.000000 300.000000 0.011797
444.000000 443.000000 300.000000 0.011797
444.000000 445.000000 300.000000 0.258727
12.000000 445.000000 300.000000 0.050943
445.000000 12.000000 300.000000 0.050943
445.000000 295.000000 300.000000 0.245527
133.000000 446.000000 300.000000 0.284547
446.000000 133.000000 300.000000 0.284547
124.000000 446.000000 300.000000 0.350073
446.000000 124.000000 300.000000 0.350073
123.000000 446.000000 300.000000 0.413020
446.000000 123.000000 300.000000 0.413020
299.000000 447.000000 300.000000 0.152817
447.000000 299.000000 300.000000 0.152817
298.000000 447.000000 300.000000 0.277817
447.000000 298.000000 300.000000 0.277817
476.000000 447.000000 300.000000 0.165703
447.000000 476.000000 300.000000 0.165703
500.000000 448.000000 300.000000 0.560367
448.000000 500.000000 300.000000 0.560367
252.000000 448.000000 300.000000 0.480977
448.000000 252.000000 300.000000 0.480977
98.000000 448.000000 300.000000 0.219837
448.000000 98.000000 300.000000 0.219837
84.000000 449.000000 300.000000 0.151133
449.000000 84.000000 300.000000 0.151133
450.000000 158.000000 300.000000 0.031580
60.000000 450.000000 300.000000 0.278300
450.000000 60.000000 300.000000 0.278300
369.000000 451.000000 300.000000 0.038600
451.000000 369.000000 300.000000 0.038600
451.000000 279.000000 300.000000 0.373003
453.000000 452.000000 300.000000 0.550683
452.000000 453.000000 300.000000 0.550683
452.000000 418.000000 300.000000 0.572220
452.000000 453.000000 300.000000 0.550683
453.000000 452.000000 300.000000 0.550683
134.000000 453.000000 300.000000 0.265173
453.000000 134.000000 300.000000 0.265173
415.000000 453.000000 300.000000 0.538627
453.000000 415.000000 300.000000 0.538627
456.000000 455.000000 300.000000 0.471003
455.000000 456.000000 300.000000 0.471003
472.000000 455.000000 300.000000 0.066670
455.000000 472.000000 300.000000 0.066670
114.000000 455.000000 300.000000 0.448090
455.000000 114.000000 300.000000 0.448090
455.000000 456.000000 300.000000 0.471003
456.000000 455.000000 300.000000 0.471003
457.000000 239.000000 300.000000 0.010633
114.000000 457.000000 300.000000 0.690013
457.000000 114.000000 300.000000 0.690013
459.000000 458.000000 300.000000 0.106847
458.000000 459.000000 300.000000 0.106847
458.000000 459.000000 300.000000 0.106847
459.000000 458.000000 300.000000 0.106847
459.000000 457.000000 300.000000 0.038580
154.000000 460.000000 300.000000 0.601843
460.000000 154.000000 300.000000 0.601843
512.000000 460.000000 300.000000 0.274707
460.000000 512.000000 300.000000 0.274707
160.000000 460.000000 300.000000 0.313677
460.000000 160.000000 300.000000 0.313677
76.000000 460.000000 300.000000 0.217440
460.000000 76.000000 300.000000 0.217440
75.000000 461.000000 300.000000 0.101687
461.000000 75.000000 300.000000 0.101687
165.000000 461.000000 300.000000 0.171573
461.000000 165.000000 300.000000 0.171573
311.000000 461.000000 300.000000 0.345007
461.000000 311.000000 300.000000 0.345007
95.000000 462.000000 300.000000 0.058797
462.000000 95.000000 300.000000 0.058797
463.000000 464.000000 300.000000 0.053380
219.000000 463.000000 300.000000 0.201187
463.000000 219.000000 300.000000 0.201187
464.000000 79.000000 300.000000 0.860190
465.000000 469.000000 300.000000 0.016137
466.000000 485.000000 300.000000 0.046970
466.000000 465.000000 300.000000 0.015600
467.000000 397.000000 300.000000 0.038007
467.000000 420.000000 300.000000 0.468893
468.000000 483.000000 300.000000 0.011223
469.000000 486.000000 300.000000 0.047760
469.000000 468.000000 300.000000 0.016673
470.000000 383.000000 300.000000 0.019760
211.000000 471.000000 300.000000 0.035977
471.000000 211.000000 300.000000 0.035977
512.000000 471.000000 300.000000 0.144287
471.000000 512.000000 300.000000 0.144287
480.000000 472.000000 300.000000 0.189957
472.000000 480.000000 300.000000 0.189957
115.000000 472.000000 300.000000 0.456180
472.000000 115.000000 300.000000 0.456180
455.000000 472.000000 300.000000 0.066670
472.000000 455.000000 300.000000 0.066670
88.000000 473.000000 300.000000 0.238713
473.000000 88.000000 300.000000 0.238713
473.000000 474.000000 300.000000 0.028967
474.000000 175.000000 300.000000 0.034780
474.000000 153.000000 300.000000 0.220453
475.000000 47.000000 300.000000 0.392563
301.000000 476.000000 300.000000 0.028647
476.000000 301.000000 300.000000 0.028647
432.000000 476.000000 300.000000 0.524497
476.000000 432.000000 300.000000 0.524497
447.000000 476.000000 300.000000 0.165703
476.000000 447.000000 300.000000 0.165703
118.000000 477.000000 300.000000 0.042547
477.000000 118.000000 300.000000 0.042547
115.000000 477.000000 300.000000 0.194290
477.000000 115.000000 300.000000 0.194290
143.000000 477.000000 300.000000 0.766447
477.000000 143.000000 300.000000 0.766447
45.000000 478.000000 300.000000 0.112670
478.000000 45.000000 300.000000 0.112670
478.000000 284.000000 300.000000 0.279100
429.000000 478.000000 300.000000 0.276127
478.000000 429.000000 300.000000 0.276127
199.000000 479.000000 300.000000 0.232463
479.000000 199.000000 300.000000 0.232463
278.000000 479.000000 300.000000 0.697037
479.000000 278.000000 300.000000 0.697037
142.000000 479.000000 300.000000 0.647473
479.000000 142.000000 300.000000 0.647473
472.000000 480.000000 300.000000 0.189957
480.000000 472.000000 300.000000 0.189957
63.000000 481.000000 300.000000 0.273373
481.000000 63.000000 300.000000 0.273373
73.000000 481.000000 300.000000 0.022860
481.000000 73.000000 300.000000 0.022860
257.000000 481.000000 300.000000 0.465173
481.000000 257.000000 300.000000 0.465173
371.000000 482.000000 300.000000 0.026773
482.000000 371.000000 300.000000 0.026773
483.000000 484.000000 300.000000 0.041540
483.000000 398.000000 300.000000 0.014573
337.000000 484.000000 300.000000 0.229360
484.000000 337.000000 300.000000 0.229360
484.000000 398.000000 300.000000 0.042950
224.000000 485.000000 300.000000 0.195080
485.000000 224.000000 300.000000 0.195080
485.000000 465.000000 300.000000 0.045720
223.000000 486.000000 300.000000 0.284260
486.000000 223.000000 300.000000 0.284260
486.000000 468.000000 300.000000 0.048547
182.000000 487.000000 300.000000 0.021960
487.000000 182.000000 300.000000 0.021960
487.000000 488.000000 300.000000 0.138970
254.000000 488.000000 300.000000 0.025987
488.000000 254.000000 300.000000 0.025987
327.000000 488.000000 300.000000 0.380287
488.000000 327.000000 300.000000 0.380287
102.000000 489.000000 300.000000 0.018123
489.000000 102.000000 300.000000 0.018123
436.000000 489.000000 300.000000 0.117487
489.000000 436.000000 300.000000 0.117487
489.000000 487.000000 300.000000 0.181157
317.000000 490.000000 300.000000 0.022207
490.000000 317.000000 300.000000 0.022207
490.000000 489.000000 300.000000 0.133810
318.000000 490.000000 300.000000 0.592363
490.000000 318.000000 300.000000 0.592363
491.000000 255.000000 300.000000 0.018193
491.000000 490.000000 300.000000 0.135233
376.000000 492.000000 300.000000 0.022717
492.000000 376.000000 300.000000 0.022717
152.000000 493.000000 300.000000 0.039193
493.000000 152.000000 300.000000 0.039193
494.000000 143.000000 300.000000 0.066437
495.000000 494.000000 300.000000 0.038540
494.000000 495.000000 300.000000 0.038540
495.000000 470.000000 300.000000 0.202137
494.000000 495.000000 300.000000 0.038540
495.000000 494.000000 300.000000 0.038540
496.000000 229.000000 300.000000 0.124657
497.000000 496.000000 300.000000 0.042070
496.000000 497.000000 300.000000 0.042070
497.000000 199.000000 300.000000 0.090280
496.000000 497.000000 300.000000 0.042070
497.000000 496.000000 300.000000 0.042070
498.000000 235.000000 300.000000 0.102487
226.000000 498.000000 300.000000 0.034090
498.000000 226.000000 300.000000 0.034090
272.000000 499.000000 300.000000 0.187997
499.000000 272.000000 300.000000 0.187997
448.000000 500.000000 300.000000 0.560367
500.000000 448.000000 300.000000 0.560367
500.000000 390.000000 300.000000 0.323640
367.000000 501.000000 300.000000 0.035550
501.000000 367.000000 300.000000 0.035550
272.000000 502.000000 300.000000 0.178953
502.000000 272.000000 300.000000 0.178953
114.000000 503.000000 300.000000 0.170303
503.000000 114.000000 300.000000 0.170303
505.000000 504.000000 300.000000 0.168200
504.000000 505.000000 300.000000 0.168200
113.000000 505.000000 300.000000 0.209590
505.000000 113.000000 300.000000 0.209590
507.000000 505.000000 300.000000 0.127697
505.000000 507.000000 300.000000 0.127697
504.000000 505.000000 300.000000 0.168200
505.000000 504.000000 300.000000 0.168200
507.000000 506.000000 300.000000 0.169873
506.000000 507.000000 300.000000 0.169873
505.000000 507.000000 300.000000 0.127697
507.000000 505.000000 300.000000 0.127697
509.000000 507.000000 300.000000 0.093000
507.000000 509.000000 300.000000 0.093000
506.000000 507.000000 300.000000 0.169873
507.000000 506.000000 300.000000 0.169873
509.000000 508.000000 300.000000 0.163037
508.000000 509.000000 300.000000 0.163037
507.000000 509.000000 300.000000 0.093000
509.000000 507.000000 300.000000 0.093000
508.000000 509.000000 300.000000 0.163037
509.000000 508.000000 300.000000 0.163037
112.000000 509.000000 300.000000 0.467823
509.000000 112.000000 300.000000 0.467823
511.000000 510.000000 300.000000 0.152907
510.000000 511.000000 300.000000 0.152907
243.000000 511.000000 300.000000 0.133670
511.000000 243.000000 300.000000 0.133670
510.000000 511.000000 300.000000 0.152907
511.000000 510.000000 300.000000 0.152907
140.000000 511.000000 300.000000 0.188657
511.000000 140.000000 300.000000 0.188657
460.000000 512.000000 300.000000 0.274707
512.000000 460.000000 300.000000 0.274707
513.000000 512.000000 300.000000 0.141223
512.000000 513.000000 300.000000 0.141223
471.000000 512.000000 300.000000 0.144287
512.000000 471.000000 300.000000 0.144287
512.000000 513.000000 300.000000 0.141223
513.000000 512.000000 300.000000 0.141223
95.000000 514.000000 300.000000 0.136840
514.000000 95.000000 300.000000 0.136840
68.000000 514.000000 300.000000 0.311050
514.000000 68.000000 300.000000 0.311050
515.000000 514.000000 300.000000 0.266413
514.000000 515.000000 300.000000 0.266413
514.000000 515.000000 300.000000 0.266413
515.000000 514.000000 300.000000 0.266413
183.000000 516.000000 300.000000 0.054050
516.000000 183.000000 300.000000 0.054050
185.000000 516.000000 300.000000 0.814997
516.000000 185.000000 300.000000 0.814997
517.000000 516.000000 300.000000 0.060817
516.000000 517.000000 300.000000 0.060817
183.000000 517.000000 300.000000 0.048753
517.000000 183.000000 300.000000 0.048753
185.000000 517.000000 300.000000 0.166363
517.000000 185.000000 300.000000 0.166363
516.000000 517.000000 300.000000 0.060817
517.000000 516.000000 300.000000 0.060817
183.000000 518.000000 300.000000 0.241670
518.000000 183.000000 300.000000 0.241670
228.000000 519.000000 300.000000 0.016033
519.000000 228.000000 300.000000 0.016033
