0.000000 1.000000 300.000000 0.024697
0.000000 130.000000 300.000000 0.409473
1.000000 67.000000 300.000000 0.387283
1.000000 58.000000 300.000000 0.555650
2.000000 487.000000 300.000000 0.101010
3.000000 4.000000 300.000000 0.411040
4.000000 440.000000 300.000000 0.073687
4.000000 486.000000 300.000000 0.082103
441.000000 5.000000 300.000000 0.072867
5.000000 441.000000 300.000000 0.072867
5.000000 6.000000 300.000000 0.410430
6.000000 471.000000 300.000000 0.033907
6.000000 7.000000 300.000000 0.418717
7.000000 8.000000 300.000000 0.404703
8.000000 9.000000 300.000000 0.425863
8.000000 444.000000 300.000000 0.151457
9.000000 21.000000 300.000000 0.027833
9.000000 10.000000 300.000000 0.407040
10.000000 11.000000 300.000000 0.024203
10.000000 36.000000 300.000000 0.315440
11.000000 19.000000 300.000000 0.032387
11.000000 12.000000 300.000000 0.395553
12.000000 13.000000 300.000000 0.418190
12.000000 38.000000 300.000000 0.228657
13.000000 14.000000 300.000000 0.382123
13.000000 17.000000 300.000000 0.029707
14.000000 15.000000 300.000000 0.375620
40.000000 14.000000 300.000000 0.227210
14.000000 40.000000 300.000000 0.227210
15.000000 98.000000 300.000000 0.295057
15.000000 215.000000 300.000000 0.089327
16.000000 17.000000 300.000000 0.382507
17.000000 177.000000 300.000000 0.263207
17.000000 18.000000 300.000000 0.417183
18.000000 12.000000 300.000000 0.026753
18.000000 19.000000 300.000000 0.398270
19.000000 20.000000 300.000000 0.022607
19.000000 80.000000 300.000000 0.175330
20.000000 10.000000 300.000000 0.028630
20.000000 21.000000 300.000000 0.406463
21.000000 78.000000 300.000000 0.169923
21.000000 22.000000 300.000000 0.426030
22.000000 8.000000 300.000000 0.024153
22.000000 23.000000 300.000000 0.407503
23.000000 471.000000 300.000000 0.421987
24.000000 25.000000 300.000000 0.407490
25.000000 492.000000 300.000000 0.081190
25.000000 486.000000 300.000000 0.027703
26.000000 382.000000 300.000000 0.206337
26.000000 27.000000 300.000000 0.402530
27.000000 384.000000 300.000000 0.319123
28.000000 29.000000 300.000000 0.411287
29.000000 333.000000 300.000000 0.188300
30.000000 84.000000 300.000000 0.364490
441.000000 31.000000 300.000000 0.307323
31.000000 441.000000 300.000000 0.307323
88.000000 31.000000 300.000000 0.367010
31.000000 88.000000 300.000000 0.367010
31.000000 443.000000 300.000000 0.250810
32.000000 6.000000 300.000000 0.336660
32.000000 31.000000 300.000000 0.400950
33.000000 445.000000 300.000000 0.169800
33.000000 32.000000 300.000000 0.417770
34.000000 33.000000 300.000000 0.406383
34.000000 44.000000 300.000000 0.353773
35.000000 34.000000 300.000000 0.431630
35.000000 9.000000 300.000000 0.308640
36.000000 35.000000 300.000000 0.401367
37.000000 11.000000 300.000000 0.310013
38.000000 454.000000 300.000000 0.158700
38.000000 37.000000 300.000000 0.377817
39.000000 13.000000 300.000000 0.229067
39.000000 38.000000 300.000000 0.423013
40.000000 39.000000 300.000000 0.379267
497.000000 40.000000 300.000000 0.341703
40.000000 497.000000 300.000000 0.341703
14.000000 40.000000 300.000000 0.227210
40.000000 14.000000 300.000000 0.227210
41.000000 40.000000 300.000000 0.371927
41.000000 263.000000 300.000000 0.235527
42.000000 37.000000 300.000000 0.340140
96.000000 42.000000 300.000000 0.376460
42.000000 96.000000 300.000000 0.376460
43.000000 56.000000 300.000000 0.415970
43.000000 137.000000 300.000000 0.409220
44.000000 45.000000 300.000000 0.334223
44.000000 55.000000 300.000000 0.430813
45.000000 101.000000 300.000000 0.408407
46.000000 104.000000 300.000000 0.412313
46.000000 62.000000 300.000000 0.556053
47.000000 385.000000 300.000000 0.318227
47.000000 32.000000 300.000000 0.361773
48.000000 490.000000 300.000000 0.017140
48.000000 485.000000 300.000000 0.012390
49.000000 50.000000 300.000000 0.024340
49.000000 123.000000 300.000000 0.330017
50.000000 433.000000 300.000000 0.198000
50.000000 79.000000 300.000000 0.371663
51.000000 103.000000 300.000000 0.403643
51.000000 77.000000 300.000000 0.366780
52.000000 483.000000 300.000000 0.306587
52.000000 53.000000 300.000000 0.403140
53.000000 379.000000 300.000000 0.147453
54.000000 45.000000 300.000000 0.433483
54.000000 55.000000 300.000000 0.336570
55.000000 35.000000 300.000000 0.349023
56.000000 0.000000 300.000000 0.412203
56.000000 60.000000 300.000000 0.554867
57.000000 219.000000 300.000000 0.166447
57.000000 319.000000 300.000000 0.372120
58.000000 59.000000 300.000000 0.027410
58.000000 64.000000 300.000000 0.550480
59.000000 0.000000 300.000000 0.555773
59.000000 60.000000 300.000000 0.409750
60.000000 61.000000 300.000000 0.413877
61.000000 105.000000 300.000000 0.413423
61.000000 450.000000 300.000000 0.275200
62.000000 87.000000 300.000000 0.412340
62.000000 438.000000 300.000000 0.191683
63.000000 64.000000 300.000000 0.024450
63.000000 59.000000 300.000000 0.550450
64.000000 65.000000 300.000000 0.391167
65.000000 176.000000 300.000000 0.412043
65.000000 186.000000 300.000000 0.276037
66.000000 58.000000 300.000000 0.389720
66.000000 67.000000 300.000000 0.555463
67.000000 181.000000 300.000000 0.414110
67.000000 131.000000 300.000000 0.406037
68.000000 69.000000 300.000000 0.367800
68.000000 49.000000 300.000000 0.385003
69.000000 18.000000 300.000000 0.265413
69.000000 177.000000 300.000000 0.413327
70.000000 251.000000 300.000000 0.377373
71.000000 209.000000 300.000000 0.374870
456.000000 72.000000 300.000000 0.230803
72.000000 456.000000 300.000000 0.230803
73.000000 83.000000 300.000000 0.413317
73.000000 74.000000 300.000000 0.557020
74.000000 183.000000 300.000000 0.265420
74.000000 94.000000 300.000000 0.407143
75.000000 76.000000 300.000000 0.399753
75.000000 24.000000 300.000000 0.099313
76.000000 106.000000 300.000000 0.420140
76.000000 52.000000 300.000000 0.371640
77.000000 78.000000 300.000000 0.426950
77.000000 22.000000 300.000000 0.174077
78.000000 79.000000 300.000000 0.403077
78.000000 475.000000 300.000000 0.368653
79.000000 20.000000 300.000000 0.169020
80.000000 49.000000 300.000000 0.367847
80.000000 69.000000 300.000000 0.382110
81.000000 484.000000 300.000000 0.243330
82.000000 74.000000 300.000000 0.411073
82.000000 83.000000 300.000000 0.555017
83.000000 299.000000 300.000000 0.210213
83.000000 140.000000 300.000000 0.256443
84.000000 88.000000 300.000000 0.485573
84.000000 421.000000 300.000000 0.166023
86.000000 46.000000 300.000000 0.410290
86.000000 133.000000 300.000000 0.485227
87.000000 488.000000 300.000000 0.283693
87.000000 335.000000 300.000000 0.200487
88.000000 334.000000 300.000000 0.106623
89.000000 88.000000 300.000000 0.341987
88.000000 89.000000 300.000000 0.341987
31.000000 88.000000 300.000000 0.367010
88.000000 31.000000 300.000000 0.367010
88.000000 89.000000 300.000000 0.341987
89.000000 88.000000 300.000000 0.341987
89.000000 85.000000 300.000000 0.404553
90.000000 477.000000 300.000000 0.249707
90.000000 109.000000 300.000000 0.409337
91.000000 92.000000 300.000000 0.350153
92.000000 182.000000 300.000000 0.412230
92.000000 28.000000 300.000000 0.366087
93.000000 73.000000 300.000000 0.404547
93.000000 94.000000 300.000000 0.555297
94.000000 184.000000 300.000000 0.276260
97.000000 96.000000 300.000000 0.419540
96.000000 97.000000 300.000000 0.419540
42.000000 96.000000 300.000000 0.376460
96.000000 42.000000 300.000000 0.376460
97.000000 455.000000 300.000000 0.073277
96.000000 97.000000 300.000000 0.419540
97.000000 96.000000 300.000000 0.419540
98.000000 485.000000 300.000000 0.371043
99.000000 214.000000 300.000000 0.373197
99.000000 248.000000 300.000000 0.372223
100.000000 72.000000 300.000000 0.373690
101.000000 386.000000 300.000000 0.133657
101.000000 102.000000 300.000000 0.331537
102.000000 44.000000 300.000000 0.410207
102.000000 33.000000 300.000000 0.357397
103.000000 52.000000 300.000000 0.419407
103.000000 106.000000 300.000000 0.366410
104.000000 139.000000 300.000000 0.410090
104.000000 43.000000 300.000000 0.410750
105.000000 62.000000 300.000000 0.410670
105.000000 449.000000 300.000000 0.273123
106.000000 23.000000 300.000000 0.169263
106.000000 77.000000 300.000000 0.404193
107.000000 135.000000 300.000000 0.310460
107.000000 108.000000 300.000000 0.415683
108.000000 127.000000 300.000000 0.426307
108.000000 90.000000 300.000000 0.410197
109.000000 132.000000 300.000000 0.294157
109.000000 110.000000 300.000000 0.407977
110.000000 121.000000 300.000000 0.442983
110.000000 446.000000 300.000000 0.205887
111.000000 435.000000 300.000000 0.259080
111.000000 120.000000 300.000000 0.442673
112.000000 431.000000 300.000000 0.206690
112.000000 136.000000 300.000000 0.367610
113.000000 114.000000 300.000000 0.027227
113.000000 118.000000 300.000000 0.443407
114.000000 467.000000 300.000000 0.212743
114.000000 425.000000 300.000000 0.126480
115.000000 180.000000 300.000000 0.414800
115.000000 436.000000 300.000000 0.228177
116.000000 424.000000 300.000000 0.302143
116.000000 213.000000 300.000000 0.374617
117.000000 201.000000 300.000000 0.025430
117.000000 154.000000 300.000000 0.750087
118.000000 432.000000 300.000000 0.199457
118.000000 50.000000 300.000000 0.330927
119.000000 460.000000 300.000000 0.158540
119.000000 112.000000 300.000000 0.441497
120.000000 447.000000 300.000000 0.207863
120.000000 51.000000 300.000000 0.329817
121.000000 103.000000 300.000000 0.331100
121.000000 500.000000 300.000000 0.419323
122.000000 127.000000 300.000000 0.410277
122.000000 301.000000 300.000000 0.242907
123.000000 124.000000 300.000000 0.386737
123.000000 114.000000 300.000000 0.444287
124.000000 179.000000 300.000000 0.414940
124.000000 68.000000 300.000000 0.333457
125.000000 212.000000 300.000000 0.384203
125.000000 491.000000 300.000000 0.305867
126.000000 274.000000 300.000000 0.303807
127.000000 128.000000 300.000000 0.408317
127.000000 302.000000 300.000000 0.260730
128.000000 107.000000 300.000000 0.423343
130.000000 129.000000 300.000000 0.027420
129.000000 130.000000 300.000000 0.027420
129.000000 1.000000 300.000000 0.409483
129.000000 131.000000 300.000000 0.384213
129.000000 130.000000 300.000000 0.027420
130.000000 129.000000 300.000000 0.027420
130.000000 430.000000 300.000000 0.202773
130.000000 113.000000 300.000000 0.367610
131.000000 426.000000 300.000000 0.211900
132.000000 133.000000 300.000000 0.406227
132.000000 138.000000 300.000000 0.074270
133.000000 90.000000 300.000000 0.303927
133.000000 134.000000 300.000000 0.415013
134.000000 135.000000 300.000000 0.408660
134.000000 108.000000 300.000000 0.312653
135.000000 331.000000 300.000000 0.241803
136.000000 434.000000 300.000000 0.154890
136.000000 56.000000 300.000000 0.411467
137.000000 448.000000 300.000000 0.205620
137.000000 111.000000 300.000000 0.369743
138.000000 46.000000 300.000000 0.409810
139.000000 110.000000 300.000000 0.369347
139.000000 138.000000 300.000000 0.408527
140.000000 134.000000 300.000000 0.231430
141.000000 171.000000 300.000000 0.027153
141.000000 464.000000 300.000000 0.207570
142.000000 342.000000 300.000000 0.178330
142.000000 461.000000 300.000000 0.026977
143.000000 161.000000 300.000000 0.376900
144.000000 269.000000 300.000000 0.364763
144.000000 288.000000 300.000000 0.386610
145.000000 203.000000 300.000000 0.364810
145.000000 393.000000 300.000000 0.384123
146.000000 242.000000 300.000000 0.379823
147.000000 324.000000 300.000000 0.375593
147.000000 144.000000 300.000000 0.031090
148.000000 151.000000 300.000000 0.028157
148.000000 461.000000 300.000000 0.380357
158.000000 149.000000 300.000000 0.377763
149.000000 158.000000 300.000000 0.377763
150.000000 468.000000 300.000000 0.377833
150.000000 271.000000 300.000000 0.364780
287.000000 150.000000 300.000000 0.377930
150.000000 287.000000 300.000000 0.377930
151.000000 267.000000 300.000000 0.363390
151.000000 143.000000 300.000000 0.377870
152.000000 150.000000 300.000000 0.375800
152.000000 159.000000 300.000000 0.371603
153.000000 260.000000 300.000000 0.370830
153.000000 117.000000 300.000000 0.384020
154.000000 165.000000 300.000000 0.024663
154.000000 274.000000 300.000000 0.751383
155.000000 99.000000 300.000000 0.026463
155.000000 166.000000 300.000000 0.384503
157.000000 156.000000 300.000000 0.027223
157.000000 462.000000 300.000000 0.186563
309.000000 158.000000 300.000000 0.376290
158.000000 309.000000 300.000000 0.376290
149.000000 158.000000 300.000000 0.377763
158.000000 149.000000 300.000000 0.377763
340.000000 158.000000 300.000000 0.129357
158.000000 340.000000 300.000000 0.129357
159.000000 494.000000 300.000000 0.187850
159.000000 158.000000 300.000000 0.380080
160.000000 234.000000 300.000000 0.377227
160.000000 312.000000 300.000000 0.389127
161.000000 162.000000 300.000000 0.027420
161.000000 169.000000 300.000000 0.363423
162.000000 192.000000 300.000000 0.384700
162.000000 163.000000 300.000000 0.025937
163.000000 231.000000 300.000000 0.362307
163.000000 164.000000 300.000000 0.027590
164.000000 313.000000 300.000000 0.378293
164.000000 161.000000 300.000000 0.026227
165.000000 166.000000 300.000000 0.025047
165.000000 99.000000 300.000000 0.384683
166.000000 277.000000 300.000000 0.024580
166.000000 167.000000 300.000000 0.374943
167.000000 257.000000 300.000000 0.372923
167.000000 310.000000 300.000000 0.385520
168.000000 307.000000 300.000000 0.382730
168.000000 311.000000 300.000000 0.383027
169.000000 170.000000 300.000000 0.376443
169.000000 330.000000 300.000000 0.372463
170.000000 328.000000 300.000000 0.372960
170.000000 141.000000 300.000000 0.375607
171.000000 266.000000 300.000000 0.383607
171.000000 172.000000 300.000000 0.375480
172.000000 170.000000 300.000000 0.027117
172.000000 173.000000 300.000000 0.376223
173.000000 162.000000 300.000000 0.364400
270.000000 173.000000 300.000000 0.378910
173.000000 270.000000 300.000000 0.378910
174.000000 168.000000 300.000000 0.027433
174.000000 228.000000 300.000000 0.376037
175.000000 66.000000 300.000000 0.416230
175.000000 187.000000 300.000000 0.279410
176.000000 284.000000 300.000000 0.377250
177.000000 256.000000 300.000000 0.382823
177.000000 178.000000 300.000000 0.367050
178.000000 68.000000 300.000000 0.412250
178.000000 179.000000 300.000000 0.333090
179.000000 254.000000 300.000000 0.377923
179.000000 457.000000 300.000000 0.146913
180.000000 427.000000 300.000000 0.188657
180.000000 253.000000 300.000000 0.378507
181.000000 469.000000 300.000000 0.374537
181.000000 320.000000 300.000000 0.379100
182.000000 84.000000 300.000000 0.410157
182.000000 29.000000 300.000000 0.369267
183.000000 185.000000 300.000000 0.410693
184.000000 183.000000 300.000000 0.408147
184.000000 95.000000 300.000000 0.276950
185.000000 82.000000 300.000000 0.259140
187.000000 186.000000 300.000000 0.410143
186.000000 187.000000 300.000000 0.410143
186.000000 66.000000 300.000000 0.277117
186.000000 187.000000 300.000000 0.410143
187.000000 186.000000 300.000000 0.410143
188.000000 187.000000 300.000000 0.263807
187.000000 188.000000 300.000000 0.263807
187.000000 176.000000 300.000000 0.275563
187.000000 188.000000 300.000000 0.263807
188.000000 187.000000 300.000000 0.263807
191.000000 189.000000 300.000000 0.376400
189.000000 191.000000 300.000000 0.376400
189.000000 239.000000 300.000000 0.373740
190.000000 272.000000 300.000000 0.380317
190.000000 480.000000 300.000000 0.218813
296.000000 191.000000 300.000000 0.380630
191.000000 296.000000 300.000000 0.380630
189.000000 191.000000 300.000000 0.376400
191.000000 189.000000 300.000000 0.376400
314.000000 191.000000 300.000000 0.375717
191.000000 314.000000 300.000000 0.375717
318.000000 191.000000 300.000000 0.505620
191.000000 318.000000 300.000000 0.505620
192.000000 144.000000 300.000000 0.371297
193.000000 172.000000 300.000000 0.382603
193.000000 270.000000 300.000000 0.368037
194.000000 290.000000 300.000000 0.377747
194.000000 268.000000 300.000000 0.370713
195.000000 217.000000 300.000000 0.374180
195.000000 261.000000 300.000000 0.373783
196.000000 286.000000 300.000000 0.025137
196.000000 207.000000 300.000000 0.375077
197.000000 181.000000 300.000000 0.386420
198.000000 225.000000 300.000000 0.373893
198.000000 413.000000 300.000000 0.386623
199.000000 278.000000 300.000000 0.383100
199.000000 198.000000 300.000000 0.382053
200.000000 194.000000 300.000000 0.373697
200.000000 420.000000 300.000000 0.390857
201.000000 282.000000 300.000000 0.384020
201.000000 226.000000 300.000000 0.373913
202.000000 200.000000 300.000000 0.380697
202.000000 314.000000 300.000000 0.374250
203.000000 292.000000 300.000000 0.378380
203.000000 243.000000 300.000000 0.373610
204.000000 246.000000 300.000000 0.331187
204.000000 391.000000 300.000000 0.391353
205.000000 240.000000 300.000000 0.378337
205.000000 262.000000 300.000000 0.375177
206.000000 195.000000 300.000000 0.380387
206.000000 396.000000 300.000000 0.386730
207.000000 216.000000 300.000000 0.373673
207.000000 415.000000 300.000000 0.383740
208.000000 285.000000 300.000000 0.375637
208.000000 410.000000 300.000000 0.385180
209.000000 298.000000 300.000000 0.403023
209.000000 100.000000 300.000000 0.375007
210.000000 264.000000 300.000000 0.377083
210.000000 273.000000 300.000000 0.382563
211.000000 212.000000 300.000000 0.304770
211.000000 491.000000 300.000000 0.375877
212.000000 126.000000 300.000000 0.373643
212.000000 213.000000 300.000000 0.445693
213.000000 281.000000 300.000000 0.384333
213.000000 374.000000 300.000000 0.129510
214.000000 304.000000 300.000000 0.378180
214.000000 305.000000 300.000000 0.024287
215.000000 210.000000 300.000000 0.377967
215.000000 41.000000 300.000000 0.142023
216.000000 217.000000 300.000000 0.376420
216.000000 261.000000 300.000000 0.375547
217.000000 218.000000 300.000000 0.376607
217.000000 405.000000 300.000000 0.388510
218.000000 206.000000 300.000000 0.383403
218.000000 219.000000 300.000000 0.378597
219.000000 418.000000 300.000000 0.387417
220.000000 223.000000 300.000000 0.371570
220.000000 221.000000 300.000000 0.376307
221.000000 232.000000 300.000000 0.373760
221.000000 222.000000 300.000000 0.374520
222.000000 235.000000 300.000000 0.373313
223.000000 306.000000 300.000000 0.378707
223.000000 160.000000 300.000000 0.372670
224.000000 208.000000 300.000000 0.378687
224.000000 303.000000 300.000000 0.377040
225.000000 282.000000 300.000000 0.378200
225.000000 226.000000 300.000000 0.382413
226.000000 293.000000 300.000000 0.376720
226.000000 227.000000 300.000000 0.377297
227.000000 198.000000 300.000000 0.385357
227.000000 278.000000 300.000000 0.380097
228.000000 481.000000 300.000000 0.372827
228.000000 258.000000 300.000000 0.373037
229.000000 199.000000 300.000000 0.379377
229.000000 419.000000 300.000000 0.395620
230.000000 229.000000 300.000000 0.387693
230.000000 147.000000 300.000000 0.359253
295.000000 231.000000 300.000000 0.370360
231.000000 295.000000 300.000000 0.370360
231.000000 174.000000 300.000000 0.383703
232.000000 305.000000 300.000000 0.373567
232.000000 304.000000 300.000000 0.027097
233.000000 223.000000 300.000000 0.374207
233.000000 344.000000 300.000000 0.186343
234.000000 233.000000 300.000000 0.376167
234.000000 356.000000 300.000000 0.096433
235.000000 70.000000 300.000000 0.027603
235.000000 232.000000 300.000000 0.377010
236.000000 343.000000 300.000000 0.189377
236.000000 233.000000 300.000000 0.376790
238.000000 237.000000 300.000000 0.372533
237.000000 238.000000 300.000000 0.372533
237.000000 326.000000 300.000000 0.190360
237.000000 238.000000 300.000000 0.372533
238.000000 237.000000 300.000000 0.372533
238.000000 244.000000 300.000000 0.181817
314.000000 239.000000 300.000000 0.383310
239.000000 314.000000 300.000000 0.383310
411.000000 239.000000 300.000000 0.382803
239.000000 411.000000 300.000000 0.382803
239.000000 200.000000 300.000000 0.382680
240.000000 337.000000 300.000000 0.167333
240.000000 283.000000 300.000000 0.373287
241.000000 240.000000 300.000000 0.378830
241.000000 262.000000 300.000000 0.379887
242.000000 241.000000 300.000000 0.359363
242.000000 404.000000 300.000000 0.387617
243.000000 291.000000 300.000000 0.365240
243.000000 408.000000 300.000000 0.392907
244.000000 321.000000 300.000000 0.271153
244.000000 326.000000 300.000000 0.375673
245.000000 244.000000 300.000000 0.101817
245.000000 321.000000 300.000000 0.290557
245.000000 417.000000 300.000000 0.407493
246.000000 323.000000 300.000000 0.416237
247.000000 206.000000 300.000000 0.376897
247.000000 57.000000 300.000000 0.218393
248.000000 479.000000 300.000000 0.161067
248.000000 265.000000 300.000000 0.381190
249.000000 214.000000 300.000000 0.377860
249.000000 248.000000 300.000000 0.372350
250.000000 249.000000 300.000000 0.378013
250.000000 297.000000 300.000000 0.376813
251.000000 250.000000 300.000000 0.381083
251.000000 71.000000 300.000000 0.384607
252.000000 428.000000 300.000000 0.158127
252.000000 197.000000 300.000000 0.376627
253.000000 423.000000 300.000000 0.300003
253.000000 116.000000 300.000000 0.375620
254.000000 255.000000 300.000000 0.334523
254.000000 125.000000 300.000000 0.373660
255.000000 256.000000 300.000000 0.367497
255.000000 178.000000 300.000000 0.382987
256.000000 16.000000 300.000000 0.263307
256.000000 81.000000 300.000000 0.360247
257.000000 168.000000 300.000000 0.376787
257.000000 228.000000 300.000000 0.027983
258.000000 167.000000 300.000000 0.025723
258.000000 277.000000 300.000000 0.375350
259.000000 260.000000 300.000000 0.384813
259.000000 117.000000 300.000000 0.375163
260.000000 414.000000 300.000000 0.398293
260.000000 280.000000 300.000000 0.378950
261.000000 196.000000 300.000000 0.375653
261.000000 390.000000 300.000000 0.392767
262.000000 146.000000 300.000000 0.363037
262.000000 403.000000 300.000000 0.384187
263.000000 100.000000 300.000000 0.409687
264.000000 249.000000 300.000000 0.372493
264.000000 297.000000 300.000000 0.384547
265.000000 165.000000 300.000000 0.377803
266.000000 193.000000 300.000000 0.380510
266.000000 202.000000 300.000000 0.374160
330.000000 267.000000 300.000000 0.381277
267.000000 330.000000 300.000000 0.381277
267.000000 152.000000 300.000000 0.376367
341.000000 267.000000 300.000000 0.203357
267.000000 341.000000 300.000000 0.203357
268.000000 288.000000 300.000000 0.362477
269.000000 268.000000 300.000000 0.385997
268.000000 269.000000 300.000000 0.385997
408.000000 268.000000 300.000000 0.387850
268.000000 408.000000 300.000000 0.387850
270.000000 269.000000 300.000000 0.373497
269.000000 270.000000 300.000000 0.373497
268.000000 269.000000 300.000000 0.385997
269.000000 268.000000 300.000000 0.385997
269.000000 290.000000 300.000000 0.370063
270.000000 192.000000 300.000000 0.369927
269.000000 270.000000 300.000000 0.373497
270.000000 269.000000 300.000000 0.373497
173.000000 270.000000 300.000000 0.378910
270.000000 173.000000 300.000000 0.378910
271.000000 142.000000 300.000000 0.369830
463.000000 271.000000 300.000000 0.186620
271.000000 463.000000 300.000000 0.186620
341.000000 271.000000 300.000000 0.176170
271.000000 341.000000 300.000000 0.176170
272.000000 264.000000 300.000000 0.368277
272.000000 273.000000 300.000000 0.377240
273.000000 275.000000 300.000000 0.374253
273.000000 98.000000 300.000000 0.366123
274.000000 190.000000 300.000000 0.029687
274.000000 211.000000 300.000000 0.379020
275.000000 190.000000 300.000000 0.379130
275.000000 211.000000 300.000000 0.028630
276.000000 429.000000 300.000000 0.128090
276.000000 252.000000 300.000000 0.374027
277.000000 154.000000 300.000000 0.025690
277.000000 201.000000 300.000000 0.750760
278.000000 294.000000 300.000000 0.374090
278.000000 230.000000 300.000000 0.376670
279.000000 126.000000 300.000000 0.445737
279.000000 259.000000 300.000000 0.374880
280.000000 377.000000 300.000000 0.131250
280.000000 279.000000 300.000000 0.382387
281.000000 407.000000 300.000000 0.392363
281.000000 276.000000 300.000000 0.375000
282.000000 153.000000 300.000000 0.024460
282.000000 416.000000 300.000000 0.397467
283.000000 208.000000 300.000000 0.377627
283.000000 303.000000 300.000000 0.376520
284.000000 327.000000 300.000000 0.373840
285.000000 207.000000 300.000000 0.026783
285.000000 286.000000 300.000000 0.376163
286.000000 224.000000 300.000000 0.376087
286.000000 398.000000 300.000000 0.471987
287.000000 159.000000 300.000000 0.376350
287.000000 149.000000 300.000000 0.376173
150.000000 287.000000 300.000000 0.377930
287.000000 150.000000 300.000000 0.377930
288.000000 289.000000 300.000000 0.034607
288.000000 409.000000 300.000000 0.386023
289.000000 229.000000 300.000000 0.357480
289.000000 147.000000 300.000000 0.387010
290.000000 193.000000 300.000000 0.372583
290.000000 202.000000 300.000000 0.379577
291.000000 242.000000 300.000000 0.030277
291.000000 145.000000 300.000000 0.379907
292.000000 204.000000 300.000000 0.379783
292.000000 325.000000 300.000000 0.369883
293.000000 481.000000 300.000000 0.371547
293.000000 258.000000 300.000000 0.376157
294.000000 174.000000 300.000000 0.376033
294.000000 295.000000 300.000000 0.377083
295.000000 324.000000 300.000000 0.361260
295.000000 230.000000 300.000000 0.376147
231.000000 295.000000 300.000000 0.370360
295.000000 231.000000 300.000000 0.370360
459.000000 296.000000 300.000000 0.313147
296.000000 459.000000 300.000000 0.313147
191.000000 296.000000 300.000000 0.380630
296.000000 191.000000 300.000000 0.380630
296.000000 316.000000 300.000000 0.369427
297.000000 298.000000 300.000000 0.371380
297.000000 71.000000 300.000000 0.394473
298.000000 210.000000 300.000000 0.373407
298.000000 263.000000 300.000000 0.376820
299.000000 335.000000 300.000000 0.554053
299.000000 86.000000 300.000000 0.203340
300.000000 128.000000 300.000000 0.266673
302.000000 300.000000 300.000000 0.408157
300.000000 302.000000 300.000000 0.408157
301.000000 53.000000 300.000000 0.071510
302.000000 301.000000 300.000000 0.408577
301.000000 302.000000 300.000000 0.408577
302.000000 381.000000 300.000000 0.328893
300.000000 302.000000 300.000000 0.408157
302.000000 300.000000 300.000000 0.408157
301.000000 302.000000 300.000000 0.408577
302.000000 301.000000 300.000000 0.408577
303.000000 205.000000 300.000000 0.376407
303.000000 394.000000 300.000000 0.387087
304.000000 250.000000 300.000000 0.378423
304.000000 70.000000 300.000000 0.375957
305.000000 220.000000 300.000000 0.378367
305.000000 155.000000 300.000000 0.377710
306.000000 310.000000 300.000000 0.374100
306.000000 257.000000 300.000000 0.385720
307.000000 306.000000 300.000000 0.376630
307.000000 160.000000 300.000000 0.376513
308.000000 307.000000 300.000000 0.384797
308.000000 311.000000 300.000000 0.375827
317.000000 309.000000 300.000000 0.161723
309.000000 317.000000 300.000000 0.161723
315.000000 309.000000 300.000000 0.370013
309.000000 315.000000 300.000000 0.370013
158.000000 309.000000 300.000000 0.376290
309.000000 158.000000 300.000000 0.376290
309.000000 329.000000 300.000000 0.380937
310.000000 220.000000 300.000000 0.377913
310.000000 155.000000 300.000000 0.374307
311.000000 164.000000 300.000000 0.362610
312.000000 308.000000 300.000000 0.376837
312.000000 148.000000 300.000000 0.358230
313.000000 308.000000 300.000000 0.361240
313.000000 148.000000 300.000000 0.377253
316.000000 314.000000 300.000000 0.373237
314.000000 316.000000 300.000000 0.373237
239.000000 314.000000 300.000000 0.383310
314.000000 239.000000 300.000000 0.383310
191.000000 314.000000 300.000000 0.375717
314.000000 191.000000 300.000000 0.375717
309.000000 315.000000 300.000000 0.370013
315.000000 309.000000 300.000000 0.370013
315.000000 459.000000 300.000000 0.533117
458.000000 316.000000 300.000000 0.319333
316.000000 458.000000 300.000000 0.319333
314.000000 316.000000 300.000000 0.373237
316.000000 314.000000 300.000000 0.373237
316.000000 266.000000 300.000000 0.377127
309.000000 317.000000 300.000000 0.161723
317.000000 309.000000 300.000000 0.161723
318.000000 189.000000 300.000000 0.195580
388.000000 318.000000 300.000000 0.134913
318.000000 388.000000 300.000000 0.134913
387.000000 318.000000 300.000000 0.172660
318.000000 387.000000 300.000000 0.172660
191.000000 318.000000 300.000000 0.505620
318.000000 191.000000 300.000000 0.505620
319.000000 175.000000 300.000000 0.376447
319.000000 284.000000 300.000000 0.552693
320.000000 470.000000 300.000000 0.374730
320.000000 252.000000 300.000000 0.392220
321.000000 246.000000 300.000000 0.117057
322.000000 323.000000 300.000000 0.195610
323.000000 391.000000 300.000000 0.190290
324.000000 163.000000 300.000000 0.379653
325.000000 243.000000 300.000000 0.374360
325.000000 338.000000 300.000000 0.137203
326.000000 204.000000 300.000000 0.374957
326.000000 325.000000 300.000000 0.375477
401.000000 327.000000 300.000000 0.047360
327.000000 401.000000 300.000000 0.047360
327.000000 247.000000 300.000000 0.339290
328.000000 152.000000 300.000000 0.380687
328.000000 330.000000 300.000000 0.378853
329.000000 141.000000 300.000000 0.374010
329.000000 328.000000 300.000000 0.367763
267.000000 330.000000 300.000000 0.381277
330.000000 267.000000 300.000000 0.381277
330.000000 143.000000 300.000000 0.365643
331.000000 140.000000 300.000000 0.408920
331.000000 73.000000 300.000000 0.247823
332.000000 30.000000 300.000000 0.168013
332.000000 333.000000 300.000000 0.412603
333.000000 3.000000 300.000000 0.193347
334.000000 47.000000 300.000000 0.288390
335.000000 82.000000 300.000000 0.213290
337.000000 336.000000 300.000000 0.373143
336.000000 337.000000 300.000000 0.373143
336.000000 283.000000 300.000000 0.171217
337.000000 412.000000 300.000000 0.222483
336.000000 337.000000 300.000000 0.373143
337.000000 336.000000 300.000000 0.373143
339.000000 338.000000 300.000000 0.152837
338.000000 339.000000 300.000000 0.152837
338.000000 406.000000 300.000000 0.258210
338.000000 339.000000 300.000000 0.152837
339.000000 338.000000 300.000000 0.152837
158.000000 340.000000 300.000000 0.129357
340.000000 158.000000 300.000000 0.129357
341.000000 342.000000 300.000000 0.366160
271.000000 341.000000 300.000000 0.176170
341.000000 271.000000 300.000000 0.176170
267.000000 341.000000 300.000000 0.203357
341.000000 267.000000 300.000000 0.203357
342.000000 151.000000 300.000000 0.202957
344.000000 343.000000 300.000000 0.377120
343.000000 344.000000 300.000000 0.377120
343.000000 222.000000 300.000000 0.183407
343.000000 344.000000 300.000000 0.377120
344.000000 343.000000 300.000000 0.377120
344.000000 221.000000 300.000000 0.184037
347.000000 345.000000 300.000000 0.102713
345.000000 347.000000 300.000000 0.102713
372.000000 346.000000 300.000000 0.098563
346.000000 372.000000 300.000000 0.098563
346.000000 156.000000 300.000000 0.093707
352.000000 347.000000 300.000000 0.104107
347.000000 352.000000 300.000000 0.104107
345.000000 347.000000 300.000000 0.102713
347.000000 345.000000 300.000000 0.102713
349.000000 347.000000 300.000000 0.091743
347.000000 349.000000 300.000000 0.091743
349.000000 348.000000 300.000000 0.094337
348.000000 349.000000 300.000000 0.094337
353.000000 348.000000 300.000000 0.105010
348.000000 353.000000 300.000000 0.105010
356.000000 348.000000 300.000000 0.103040
348.000000 356.000000 300.000000 0.103040
348.000000 349.000000 300.000000 0.094337
349.000000 348.000000 300.000000 0.094337
347.000000 349.000000 300.000000 0.091743
349.000000 347.000000 300.000000 0.091743
350.000000 349.000000 300.000000 0.102567
349.000000 350.000000 300.000000 0.102567
351.000000 350.000000 300.000000 0.081390
350.000000 351.000000 300.000000 0.081390
349.000000 350.000000 300.000000 0.102567
350.000000 349.000000 300.000000 0.102567
353.000000 350.000000 300.000000 0.093353
350.000000 353.000000 300.000000 0.093353
352.000000 350.000000 300.000000 0.094063
350.000000 352.000000 300.000000 0.094063
350.000000 351.000000 300.000000 0.081390
351.000000 350.000000 300.000000 0.081390
360.000000 351.000000 300.000000 0.027033
351.000000 360.000000 300.000000 0.027033
362.000000 351.000000 300.000000 0.019227
351.000000 362.000000 300.000000 0.019227
354.000000 352.000000 300.000000 0.078150
352.000000 354.000000 300.000000 0.078150
347.000000 352.000000 300.000000 0.104107
352.000000 347.000000 300.000000 0.104107
350.000000 352.000000 300.000000 0.094063
352.000000 350.000000 300.000000 0.094063
350.000000 353.000000 300.000000 0.093353
353.000000 350.000000 300.000000 0.093353
355.000000 353.000000 300.000000 0.079820
353.000000 355.000000 300.000000 0.079820
348.000000 353.000000 300.000000 0.105010
353.000000 348.000000 300.000000 0.105010
352.000000 354.000000 300.000000 0.078150
354.000000 352.000000 300.000000 0.078150
362.000000 354.000000 300.000000 0.074927
354.000000 362.000000 300.000000 0.074927
366.000000 354.000000 300.000000 0.181687
354.000000 366.000000 300.000000 0.181687
493.000000 355.000000 300.000000 0.094770
355.000000 493.000000 300.000000 0.094770
360.000000 355.000000 300.000000 0.067740
355.000000 360.000000 300.000000 0.067740
357.000000 355.000000 300.000000 0.095547
355.000000 357.000000 300.000000 0.095547
353.000000 355.000000 300.000000 0.079820
355.000000 353.000000 300.000000 0.079820
348.000000 356.000000 300.000000 0.103040
356.000000 348.000000 300.000000 0.103040
356.000000 345.000000 300.000000 0.186483
358.000000 357.000000 300.000000 0.082847
357.000000 358.000000 300.000000 0.082847
355.000000 357.000000 300.000000 0.095547
357.000000 355.000000 300.000000 0.095547
359.000000 357.000000 300.000000 0.067957
357.000000 359.000000 300.000000 0.067957
369.000000 358.000000 300.000000 0.081187
358.000000 369.000000 300.000000 0.081187
357.000000 358.000000 300.000000 0.082847
358.000000 357.000000 300.000000 0.082847
361.000000 358.000000 300.000000 0.070350
358.000000 361.000000 300.000000 0.070350
365.000000 358.000000 300.000000 0.095610
358.000000 365.000000 300.000000 0.095610
357.000000 359.000000 300.000000 0.067957
359.000000 357.000000 300.000000 0.067957
361.000000 359.000000 300.000000 0.082237
359.000000 361.000000 300.000000 0.082237
360.000000 359.000000 300.000000 0.094523
359.000000 360.000000 300.000000 0.094523
355.000000 360.000000 300.000000 0.067740
360.000000 355.000000 300.000000 0.067740
351.000000 360.000000 300.000000 0.027033
360.000000 351.000000 300.000000 0.027033
359.000000 360.000000 300.000000 0.094523
360.000000 359.000000 300.000000 0.094523
359.000000 361.000000 300.000000 0.082237
361.000000 359.000000 300.000000 0.082237
367.000000 361.000000 300.000000 0.027627
361.000000 367.000000 300.000000 0.027627
358.000000 361.000000 300.000000 0.070350
361.000000 358.000000 300.000000 0.070350
351.000000 362.000000 300.000000 0.019227
362.000000 351.000000 300.000000 0.019227
354.000000 362.000000 300.000000 0.074927
362.000000 354.000000 300.000000 0.074927
363.000000 362.000000 300.000000 0.205107
362.000000 363.000000 300.000000 0.205107
366.000000 363.000000 300.000000 0.040183
363.000000 366.000000 300.000000 0.040183
367.000000 363.000000 300.000000 0.051223
363.000000 367.000000 300.000000 0.051223
362.000000 363.000000 300.000000 0.205107
363.000000 362.000000 300.000000 0.205107
373.000000 364.000000 300.000000 0.101027
364.000000 373.000000 300.000000 0.101027
364.000000 346.000000 300.000000 0.189923
358.000000 365.000000 300.000000 0.095610
365.000000 358.000000 300.000000 0.095610
365.000000 493.000000 300.000000 0.184767
371.000000 366.000000 300.000000 0.080800
366.000000 371.000000 300.000000 0.080800
363.000000 366.000000 300.000000 0.040183
366.000000 363.000000 300.000000 0.040183
354.000000 366.000000 300.000000 0.181687
366.000000 354.000000 300.000000 0.181687
363.000000 367.000000 300.000000 0.051223
367.000000 363.000000 300.000000 0.051223
361.000000 367.000000 300.000000 0.027627
367.000000 361.000000 300.000000 0.027627
370.000000 367.000000 300.000000 0.083233
367.000000 370.000000 300.000000 0.083233
370.000000 368.000000 300.000000 0.102200
368.000000 370.000000 300.000000 0.102200
373.000000 368.000000 300.000000 0.090420
368.000000 373.000000 300.000000 0.090420
372.000000 368.000000 300.000000 0.098790
368.000000 372.000000 300.000000 0.098790
373.000000 369.000000 300.000000 0.102430
369.000000 373.000000 300.000000 0.102430
358.000000 369.000000 300.000000 0.081187
369.000000 358.000000 300.000000 0.081187
370.000000 369.000000 300.000000 0.095863
369.000000 370.000000 300.000000 0.095863
368.000000 370.000000 300.000000 0.102200
370.000000 368.000000 300.000000 0.102200
367.000000 370.000000 300.000000 0.083233
370.000000 367.000000 300.000000 0.083233
371.000000 370.000000 300.000000 0.093490
370.000000 371.000000 300.000000 0.093490
369.000000 370.000000 300.000000 0.095863
370.000000 369.000000 300.000000 0.095863
372.000000 371.000000 300.000000 0.103237
371.000000 372.000000 300.000000 0.103237
366.000000 371.000000 300.000000 0.080800
371.000000 366.000000 300.000000 0.080800
370.000000 371.000000 300.000000 0.093490
371.000000 370.000000 300.000000 0.093490
346.000000 372.000000 300.000000 0.098563
372.000000 346.000000 300.000000 0.098563
371.000000 372.000000 300.000000 0.103237
372.000000 371.000000 300.000000 0.103237
368.000000 372.000000 300.000000 0.098790
372.000000 368.000000 300.000000 0.098790
364.000000 373.000000 300.000000 0.101027
373.000000 364.000000 300.000000 0.101027
369.000000 373.000000 300.000000 0.102430
373.000000 369.000000 300.000000 0.102430
368.000000 373.000000 300.000000 0.090420
373.000000 368.000000 300.000000 0.090420
374.000000 376.000000 300.000000 0.118287
375.000000 374.000000 300.000000 0.383710
375.000000 281.000000 300.000000 0.131927
376.000000 377.000000 300.000000 0.383157
376.000000 279.000000 300.000000 0.133013
377.000000 375.000000 300.000000 0.118857
379.000000 75.000000 300.000000 0.220963
380.000000 379.000000 300.000000 0.196117
379.000000 380.000000 300.000000 0.196117
379.000000 380.000000 300.000000 0.196117
380.000000 379.000000 300.000000 0.196117
382.000000 381.000000 300.000000 0.407980
381.000000 382.000000 300.000000 0.407980
381.000000 25.000000 300.000000 0.204810
381.000000 382.000000 300.000000 0.407980
382.000000 381.000000 300.000000 0.407980
382.000000 383.000000 300.000000 0.124517
383.000000 300.000000 300.000000 0.198753
384.000000 383.000000 300.000000 0.400933
385.000000 102.000000 300.000000 0.104213
385.000000 386.000000 300.000000 0.330140
318.000000 387.000000 300.000000 0.172660
387.000000 318.000000 300.000000 0.172660
451.000000 387.000000 300.000000 0.188170
387.000000 451.000000 300.000000 0.188170
318.000000 388.000000 300.000000 0.134913
388.000000 318.000000 300.000000 0.134913
389.000000 396.000000 300.000000 0.381063
389.000000 195.000000 300.000000 0.395867
390.000000 389.000000 300.000000 0.374933
391.000000 402.000000 300.000000 0.379880
392.000000 224.000000 300.000000 0.390833
392.000000 398.000000 300.000000 0.257860
393.000000 397.000000 300.000000 0.027597
394.000000 392.000000 300.000000 0.372637
395.000000 205.000000 300.000000 0.385080
395.000000 394.000000 300.000000 0.383567
396.000000 401.000000 300.000000 0.377880
397.000000 403.000000 300.000000 0.362970
397.000000 146.000000 300.000000 0.384167
398.000000 474.000000 300.000000 0.202283
399.000000 393.000000 300.000000 0.355063
399.000000 203.000000 300.000000 0.388113
400.000000 196.000000 300.000000 0.468927
400.000000 390.000000 300.000000 0.251700
327.000000 401.000000 300.000000 0.047360
401.000000 327.000000 300.000000 0.047360
402.000000 399.000000 300.000000 0.382243
402.000000 292.000000 300.000000 0.393113
403.000000 395.000000 300.000000 0.373287
404.000000 409.000000 300.000000 0.027737
404.000000 289.000000 300.000000 0.385997
405.000000 280.000000 300.000000 0.393120
405.000000 414.000000 300.000000 0.374020
406.000000 194.000000 300.000000 0.390440
406.000000 420.000000 300.000000 0.377180
407.000000 218.000000 300.000000 0.385870
407.000000 405.000000 300.000000 0.378837
408.000000 406.000000 300.000000 0.375920
268.000000 408.000000 300.000000 0.387850
408.000000 268.000000 300.000000 0.387850
409.000000 408.000000 300.000000 0.361917
409.000000 291.000000 300.000000 0.387293
410.000000 225.000000 300.000000 0.392263
410.000000 413.000000 300.000000 0.374420
411.000000 417.000000 300.000000 0.240120
239.000000 411.000000 300.000000 0.382803
411.000000 239.000000 300.000000 0.382803
411.000000 238.000000 300.000000 0.205027
412.000000 199.000000 300.000000 0.394223
412.000000 419.000000 300.000000 0.382343
413.000000 336.000000 300.000000 0.220643
413.000000 412.000000 300.000000 0.376413
414.000000 216.000000 300.000000 0.384343
414.000000 415.000000 300.000000 0.376260
415.000000 416.000000 300.000000 0.025970
415.000000 153.000000 300.000000 0.398307
416.000000 410.000000 300.000000 0.377107
416.000000 285.000000 300.000000 0.383397
417.000000 472.000000 300.000000 0.029010
418.000000 276.000000 300.000000 0.392713
418.000000 407.000000 300.000000 0.374410
419.000000 404.000000 300.000000 0.359483
419.000000 241.000000 300.000000 0.385447
420.000000 237.000000 300.000000 0.198163
420.000000 411.000000 300.000000 0.372220
421.000000 422.000000 300.000000 0.405367
421.000000 85.000000 300.000000 0.176720
422.000000 182.000000 300.000000 0.155147
423.000000 254.000000 300.000000 0.149303
423.000000 457.000000 300.000000 0.378580
424.000000 125.000000 300.000000 0.145697
424.000000 423.000000 300.000000 0.375163
425.000000 129.000000 300.000000 0.240530
426.000000 115.000000 300.000000 0.156813
426.000000 425.000000 300.000000 0.384610
427.000000 426.000000 300.000000 0.416810
427.000000 197.000000 300.000000 0.197750
428.000000 253.000000 300.000000 0.222003
428.000000 427.000000 300.000000 0.380577
429.000000 428.000000 300.000000 0.374237
429.000000 116.000000 300.000000 0.253830
430.000000 136.000000 300.000000 0.204237
431.000000 430.000000 300.000000 0.369790
431.000000 113.000000 300.000000 0.202890
432.000000 431.000000 300.000000 0.443227
432.000000 119.000000 300.000000 0.208777
433.000000 475.000000 300.000000 0.200727
433.000000 432.000000 300.000000 0.328933
434.000000 137.000000 300.000000 0.264297
434.000000 435.000000 300.000000 0.367573
435.000000 460.000000 300.000000 0.441430
435.000000 112.000000 300.000000 0.158247
436.000000 124.000000 300.000000 0.216190
437.000000 436.000000 300.000000 0.413233
437.000000 180.000000 300.000000 0.229470
438.000000 439.000000 300.000000 0.411940
439.000000 87.000000 300.000000 0.193213
440.000000 332.000000 300.000000 0.139240
442.000000 440.000000 300.000000 0.239810
440.000000 442.000000 300.000000 0.239810
31.000000 441.000000 300.000000 0.307323
441.000000 31.000000 300.000000 0.307323
5.000000 441.000000 300.000000 0.072867
441.000000 5.000000 300.000000 0.072867
442.000000 441.000000 300.000000 0.249103
440.000000 442.000000 300.000000 0.239810
442.000000 440.000000 300.000000 0.239810
443.000000 30.000000 300.000000 0.238123
443.000000 442.000000 300.000000 0.307203
445.000000 444.000000 300.000000 0.404510
444.000000 445.000000 300.000000 0.404510
444.000000 34.000000 300.000000 0.162627
445.000000 7.000000 300.000000 0.150763
444.000000 445.000000 300.000000 0.404510
445.000000 444.000000 300.000000 0.404510
448.000000 446.000000 300.000000 0.367320
446.000000 448.000000 300.000000 0.367320
446.000000 111.000000 300.000000 0.210293
447.000000 121.000000 300.000000 0.196177
447.000000 446.000000 300.000000 0.441567
448.000000 139.000000 300.000000 0.205897
446.000000 448.000000 300.000000 0.367320
448.000000 446.000000 300.000000 0.367320
449.000000 450.000000 300.000000 0.408667
449.000000 104.000000 300.000000 0.282030
450.000000 43.000000 300.000000 0.281357
387.000000 451.000000 300.000000 0.188170
451.000000 387.000000 300.000000 0.188170
451.000000 452.000000 300.000000 0.210810
452.000000 387.000000 300.000000 0.354363
452.000000 453.000000 300.000000 0.042077
454.000000 96.000000 300.000000 0.169967
455.000000 454.000000 300.000000 0.438053
454.000000 455.000000 300.000000 0.438053
455.000000 39.000000 300.000000 0.274063
456.000000 455.000000 300.000000 0.410770
455.000000 456.000000 300.000000 0.410770
454.000000 455.000000 300.000000 0.438053
455.000000 454.000000 300.000000 0.438053
497.000000 456.000000 300.000000 0.080800
456.000000 497.000000 300.000000 0.080800
455.000000 456.000000 300.000000 0.410770
456.000000 455.000000 300.000000 0.410770
72.000000 456.000000 300.000000 0.230803
456.000000 72.000000 300.000000 0.230803
457.000000 437.000000 300.000000 0.070693
316.000000 458.000000 300.000000 0.319333
458.000000 316.000000 300.000000 0.319333
458.000000 465.000000 300.000000 0.153293
296.000000 459.000000 300.000000 0.313147
459.000000 296.000000 300.000000 0.313147
459.000000 458.000000 300.000000 0.377520
460.000000 120.000000 300.000000 0.265130
461.000000 365.000000 300.000000 0.276833
461.000000 364.000000 300.000000 0.091243
462.000000 142.000000 300.000000 0.188100
463.000000 462.000000 300.000000 0.365933
462.000000 463.000000 300.000000 0.365933
271.000000 463.000000 300.000000 0.186620
463.000000 271.000000 300.000000 0.186620
462.000000 463.000000 300.000000 0.365933
463.000000 462.000000 300.000000 0.365933
464.000000 315.000000 300.000000 0.170907
465.000000 171.000000 300.000000 0.236867
467.000000 466.000000 300.000000 0.226473
466.000000 467.000000 300.000000 0.226473
466.000000 467.000000 300.000000 0.226473
467.000000 466.000000 300.000000 0.226473
467.000000 115.000000 300.000000 0.171013
470.000000 469.000000 300.000000 0.372647
469.000000 470.000000 300.000000 0.372647
469.000000 175.000000 300.000000 0.181593
470.000000 319.000000 300.000000 0.182717
469.000000 470.000000 300.000000 0.372647
470.000000 469.000000 300.000000 0.372647
471.000000 76.000000 300.000000 0.141233
471.000000 24.000000 300.000000 0.402027
472.000000 482.000000 300.000000 0.169580
472.000000 473.000000 300.000000 0.109340
473.000000 189.000000 300.000000 0.365473
473.000000 451.000000 300.000000 0.204530
474.000000 400.000000 300.000000 0.183613
475.000000 119.000000 300.000000 0.331973
475.000000 51.000000 300.000000 0.432257
476.000000 63.000000 300.000000 0.204093
477.000000 122.000000 300.000000 0.199603
478.000000 477.000000 300.000000 0.400993
477.000000 478.000000 300.000000 0.400993
477.000000 478.000000 300.000000 0.400993
478.000000 477.000000 300.000000 0.400993
478.000000 109.000000 300.000000 0.257600
480.000000 479.000000 300.000000 0.378973
479.000000 480.000000 300.000000 0.378973
479.000000 272.000000 300.000000 0.214623
480.000000 265.000000 300.000000 0.155543
479.000000 480.000000 300.000000 0.378973
480.000000 479.000000 300.000000 0.378973
481.000000 294.000000 300.000000 0.381927
481.000000 227.000000 300.000000 0.377173
483.000000 500.000000 300.000000 0.022830
483.000000 122.000000 300.000000 0.404547
484.000000 15.000000 300.000000 0.050150
484.000000 16.000000 300.000000 0.372377
485.000000 275.000000 300.000000 0.362573
486.000000 5.000000 300.000000 0.405137
487.000000 27.000000 300.000000 0.029177
487.000000 3.000000 300.000000 0.316180
489.000000 488.000000 300.000000 0.201337
488.000000 489.000000 300.000000 0.201337
488.000000 86.000000 300.000000 0.270653
488.000000 489.000000 300.000000 0.201337
489.000000 488.000000 300.000000 0.201337
490.000000 81.000000 300.000000 0.369473
490.000000 255.000000 300.000000 0.358520
491.000000 48.000000 300.000000 0.028707
492.000000 4.000000 300.000000 0.028253
492.000000 26.000000 300.000000 0.326217
355.000000 493.000000 300.000000 0.094770
493.000000 355.000000 300.000000 0.094770
493.000000 234.000000 300.000000 0.287520
494.000000 329.000000 300.000000 0.191507
495.000000 494.000000 300.000000 0.182717
494.000000 495.000000 300.000000 0.182717
494.000000 495.000000 300.000000 0.182717
495.000000 494.000000 300.000000 0.182717
497.000000 496.000000 300.000000 0.251280
496.000000 497.000000 300.000000 0.251280
456.000000 497.000000 300.000000 0.080800
497.000000 456.000000 300.000000 0.080800
496.000000 497.000000 300.000000 0.251280
497.000000 496.000000 300.000000 0.251280
40.000000 497.000000 300.000000 0.341703
497.000000 40.000000 300.000000 0.341703
499.000000 498.000000 300.000000 0.223437
498.000000 499.000000 300.000000 0.223437
498.000000 499.000000 300.000000 0.223437
499.000000 498.000000 300.000000 0.223437
499.000000 105.000000 300.000000 0.286623
500.000000 478.000000 300.000000 0.184770
