62.000000 0.000000 300.000000 0.605173
0.000000 62.000000 300.000000 0.605173
0.000000 58.000000 300.000000 0.331937
1.000000 83.000000 300.000000 2.722787
2.000000 1.000000 300.000000 0.457480
144.000000 3.000000 300.000000 0.408137
3.000000 144.000000 300.000000 0.408137
4.000000 222.000000 300.000000 0.010107
84.000000 4.000000 300.000000 0.562317
4.000000 84.000000 300.000000 0.562317
5.000000 6.000000 300.000000 0.341207
5.000000 114.000000 300.000000 0.796490
6.000000 198.000000 300.000000 0.519380
7.000000 64.000000 300.000000 0.281587
8.000000 0.000000 300.000000 0.072660
9.000000 114.000000 300.000000 0.426960
9.000000 6.000000 300.000000 0.904183
11.000000 10.000000 300.000000 1.670107
40.000000 12.000000 300.000000 1.534153
12.000000 40.000000 300.000000 1.534153
21.000000 13.000000 300.000000 0.103510
13.000000 21.000000 300.000000 0.103510
19.000000 13.000000 300.000000 0.171343
13.000000 19.000000 300.000000 0.171343
218.000000 13.000000 300.000000 0.171047
13.000000 218.000000 300.000000 0.171047
40.000000 14.000000 300.000000 0.193923
14.000000 40.000000 300.000000 0.193923
42.000000 14.000000 300.000000 0.122467
14.000000 42.000000 300.000000 0.122467
128.000000 14.000000 300.000000 0.181320
14.000000 128.000000 300.000000 0.181320
17.000000 15.000000 300.000000 0.184387
15.000000 17.000000 300.000000 0.184387
128.000000 15.000000 300.000000 0.676713
15.000000 128.000000 300.000000 0.676713
44.000000 15.000000 300.000000 0.373627
15.000000 44.000000 300.000000 0.373627
128.000000 16.000000 300.000000 0.244127
16.000000 128.000000 300.000000 0.244127
19.000000 17.000000 300.000000 0.275280
17.000000 19.000000 300.000000 0.275280
15.000000 17.000000 300.000000 0.184387
17.000000 15.000000 300.000000 0.184387
129.000000 17.000000 300.000000 0.677140
17.000000 129.000000 300.000000 0.677140
129.000000 18.000000 300.000000 0.245810
18.000000 129.000000 300.000000 0.245810
13.000000 19.000000 300.000000 0.171343
19.000000 13.000000 300.000000 0.171343
17.000000 19.000000 300.000000 0.275280
19.000000 17.000000 300.000000 0.275280
20.000000 19.000000 300.000000 0.665640
19.000000 20.000000 300.000000 0.665640
22.000000 20.000000 300.000000 0.114410
20.000000 22.000000 300.000000 0.114410
24.000000 20.000000 300.000000 0.069187
20.000000 24.000000 300.000000 0.069187
19.000000 20.000000 300.000000 0.665640
20.000000 19.000000 300.000000 0.665640
26.000000 21.000000 300.000000 0.063577
21.000000 26.000000 300.000000 0.063577
13.000000 21.000000 300.000000 0.103510
21.000000 13.000000 300.000000 0.103510
22.000000 21.000000 300.000000 0.775550
21.000000 22.000000 300.000000 0.775550
20.000000 22.000000 300.000000 0.114410
22.000000 20.000000 300.000000 0.114410
23.000000 22.000000 300.000000 0.240653
22.000000 23.000000 300.000000 0.240653
21.000000 22.000000 300.000000 0.775550
22.000000 21.000000 300.000000 0.775550
22.000000 23.000000 300.000000 0.240653
23.000000 22.000000 300.000000 0.240653
20.000000 24.000000 300.000000 0.069187
24.000000 20.000000 300.000000 0.069187
129.000000 24.000000 300.000000 0.182600
24.000000 129.000000 300.000000 0.182600
25.000000 24.000000 300.000000 0.242520
24.000000 25.000000 300.000000 0.242520
24.000000 25.000000 300.000000 0.242520
25.000000 24.000000 300.000000 0.242520
21.000000 26.000000 300.000000 0.063577
26.000000 21.000000 300.000000 0.063577
27.000000 26.000000 300.000000 1.017293
26.000000 27.000000 300.000000 1.017293
29.000000 27.000000 300.000000 0.120400
27.000000 29.000000 300.000000 0.120400
26.000000 27.000000 300.000000 1.017293
27.000000 26.000000 300.000000 1.017293
28.000000 27.000000 300.000000 0.766273
27.000000 28.000000 300.000000 0.766273
137.000000 28.000000 300.000000 0.293440
28.000000 137.000000 300.000000 0.293440
27.000000 28.000000 300.000000 0.766273
28.000000 27.000000 300.000000 0.766273
31.000000 29.000000 300.000000 0.657053
29.000000 31.000000 300.000000 0.657053
27.000000 29.000000 300.000000 0.120400
29.000000 27.000000 300.000000 0.120400
37.000000 29.000000 300.000000 0.281563
29.000000 37.000000 300.000000 0.281563
31.000000 30.000000 300.000000 0.145867
30.000000 31.000000 300.000000 0.145867
29.000000 31.000000 300.000000 0.657053
31.000000 29.000000 300.000000 0.657053
126.000000 31.000000 300.000000 0.249850
31.000000 126.000000 300.000000 0.249850
30.000000 31.000000 300.000000 0.145867
31.000000 30.000000 300.000000 0.145867
35.000000 32.000000 300.000000 0.248170
32.000000 35.000000 300.000000 0.248170
34.000000 32.000000 300.000000 0.340237
32.000000 34.000000 300.000000 0.340237
33.000000 32.000000 300.000000 0.323260
32.000000 33.000000 300.000000 0.323260
32.000000 33.000000 300.000000 0.323260
33.000000 32.000000 300.000000 0.323260
36.000000 33.000000 300.000000 0.276987
33.000000 36.000000 300.000000 0.276987
50.000000 33.000000 300.000000 0.510420
33.000000 50.000000 300.000000 0.510420
32.000000 34.000000 300.000000 0.340237
34.000000 32.000000 300.000000 0.340237
32.000000 35.000000 300.000000 0.248170
35.000000 32.000000 300.000000 0.248170
126.000000 35.000000 300.000000 0.242967
35.000000 126.000000 300.000000 0.242967
36.000000 35.000000 300.000000 0.432113
35.000000 36.000000 300.000000 0.432113
89.000000 35.000000 300.000000 2.013360
35.000000 89.000000 300.000000 2.013360
35.000000 36.000000 300.000000 0.432113
36.000000 35.000000 300.000000 0.432113
33.000000 36.000000 300.000000 0.276987
36.000000 33.000000 300.000000 0.276987
37.000000 36.000000 300.000000 0.278523
36.000000 37.000000 300.000000 0.278523
228.000000 37.000000 300.000000 0.305413
37.000000 228.000000 300.000000 0.305413
126.000000 37.000000 300.000000 0.543210
37.000000 126.000000 300.000000 0.543210
36.000000 37.000000 300.000000 0.278523
37.000000 36.000000 300.000000 0.278523
29.000000 37.000000 300.000000 0.281563
37.000000 29.000000 300.000000 0.281563
39.000000 38.000000 300.000000 0.265070
38.000000 39.000000 300.000000 0.265070
127.000000 38.000000 300.000000 0.261563
38.000000 127.000000 300.000000 0.261563
125.000000 38.000000 300.000000 0.717483
38.000000 125.000000 300.000000 0.717483
42.000000 38.000000 300.000000 0.480257
38.000000 42.000000 300.000000 0.480257
38.000000 39.000000 300.000000 0.265070
39.000000 38.000000 300.000000 0.265070
52.000000 39.000000 300.000000 0.717070
39.000000 52.000000 300.000000 0.717070
40.000000 39.000000 300.000000 0.655700
39.000000 40.000000 300.000000 0.655700
14.000000 40.000000 300.000000 0.193923
40.000000 14.000000 300.000000 0.193923
39.000000 40.000000 300.000000 0.655700
40.000000 39.000000 300.000000 0.655700
12.000000 40.000000 300.000000 1.534153
40.000000 12.000000 300.000000 1.534153
121.000000 41.000000 300.000000 0.170653
41.000000 121.000000 300.000000 0.170653
14.000000 42.000000 300.000000 0.122467
42.000000 14.000000 300.000000 0.122467
44.000000 42.000000 300.000000 0.314763
42.000000 44.000000 300.000000 0.314763
38.000000 42.000000 300.000000 0.480257
42.000000 38.000000 300.000000 0.480257
120.000000 43.000000 300.000000 0.229710
43.000000 120.000000 300.000000 0.229710
42.000000 44.000000 300.000000 0.314763
44.000000 42.000000 300.000000 0.314763
127.000000 44.000000 300.000000 0.307513
44.000000 127.000000 300.000000 0.307513
15.000000 44.000000 300.000000 0.373627
44.000000 15.000000 300.000000 0.373627
119.000000 45.000000 300.000000 0.176523
45.000000 119.000000 300.000000 0.176523
127.000000 46.000000 300.000000 0.264723
46.000000 127.000000 300.000000 0.264723
124.000000 46.000000 300.000000 0.721920
46.000000 124.000000 300.000000 0.721920
48.000000 46.000000 300.000000 0.274473
46.000000 48.000000 300.000000 0.274473
124.000000 47.000000 300.000000 0.374567
47.000000 124.000000 300.000000 0.374567
119.000000 47.000000 300.000000 0.264467
47.000000 119.000000 300.000000 0.264467
118.000000 47.000000 300.000000 0.256810
47.000000 118.000000 300.000000 0.256810
50.000000 48.000000 300.000000 0.333423
48.000000 50.000000 300.000000 0.333423
123.000000 48.000000 300.000000 0.654400
48.000000 123.000000 300.000000 0.654400
46.000000 48.000000 300.000000 0.274473
48.000000 46.000000 300.000000 0.274473
118.000000 49.000000 300.000000 0.097880
49.000000 118.000000 300.000000 0.097880
48.000000 50.000000 300.000000 0.333423
50.000000 48.000000 300.000000 0.333423
122.000000 50.000000 300.000000 0.470963
50.000000 122.000000 300.000000 0.470963
33.000000 50.000000 300.000000 0.510420
50.000000 33.000000 300.000000 0.510420
56.000000 51.000000 300.000000 0.177903
51.000000 56.000000 300.000000 0.177903
121.000000 52.000000 300.000000 0.376747
52.000000 121.000000 300.000000 0.376747
39.000000 52.000000 300.000000 0.717070
52.000000 39.000000 300.000000 0.717070
125.000000 52.000000 300.000000 0.260357
52.000000 125.000000 300.000000 0.260357
125.000000 53.000000 300.000000 0.260240
53.000000 125.000000 300.000000 0.260240
119.000000 53.000000 300.000000 0.375877
53.000000 119.000000 300.000000 0.375877
127.000000 53.000000 300.000000 0.718880
53.000000 127.000000 300.000000 0.718880
124.000000 53.000000 300.000000 0.266493
53.000000 124.000000 300.000000 0.266493
122.000000 54.000000 300.000000 0.402577
54.000000 122.000000 300.000000 0.402577
56.000000 55.000000 300.000000 0.197703
55.000000 56.000000 300.000000 0.197703
51.000000 56.000000 300.000000 0.177903
56.000000 51.000000 300.000000 0.177903
122.000000 56.000000 300.000000 0.370253
56.000000 122.000000 300.000000 0.370253
118.000000 56.000000 300.000000 0.276503
56.000000 118.000000 300.000000 0.276503
55.000000 56.000000 300.000000 0.197703
56.000000 55.000000 300.000000 0.197703
121.000000 57.000000 300.000000 1.292040
57.000000 121.000000 300.000000 1.292040
57.000000 12.000000 300.000000 1.884580
61.000000 58.000000 300.000000 0.626540
58.000000 61.000000 300.000000 0.626540
58.000000 57.000000 300.000000 1.080587
61.000000 59.000000 300.000000 0.569953
59.000000 61.000000 300.000000 0.569953
63.000000 60.000000 300.000000 0.331910
60.000000 63.000000 300.000000 0.331910
130.000000 60.000000 300.000000 0.549613
60.000000 130.000000 300.000000 0.549613
65.000000 60.000000 300.000000 0.558350
60.000000 65.000000 300.000000 0.558350
59.000000 61.000000 300.000000 0.569953
61.000000 59.000000 300.000000 0.569953
62.000000 61.000000 300.000000 0.330267
61.000000 62.000000 300.000000 0.330267
58.000000 61.000000 300.000000 0.626540
61.000000 58.000000 300.000000 0.626540
61.000000 62.000000 300.000000 0.330267
62.000000 61.000000 300.000000 0.330267
63.000000 62.000000 300.000000 0.337447
62.000000 63.000000 300.000000 0.337447
0.000000 62.000000 300.000000 0.605173
62.000000 0.000000 300.000000 0.605173
62.000000 63.000000 300.000000 0.337447
63.000000 62.000000 300.000000 0.337447
60.000000 63.000000 300.000000 0.331910
63.000000 60.000000 300.000000 0.331910
64.000000 63.000000 300.000000 0.555457
63.000000 64.000000 300.000000 0.555457
63.000000 64.000000 300.000000 0.555457
64.000000 63.000000 300.000000 0.555457
64.000000 8.000000 300.000000 0.265767
60.000000 65.000000 300.000000 0.558350
65.000000 60.000000 300.000000 0.558350
65.000000 7.000000 300.000000 0.046093
117.000000 66.000000 300.000000 0.560620
66.000000 117.000000 300.000000 0.560620
217.000000 66.000000 300.000000 0.455960
66.000000 217.000000 300.000000 0.455960
223.000000 66.000000 300.000000 0.673743
66.000000 223.000000 300.000000 0.673743
130.000000 67.000000 300.000000 0.364020
67.000000 130.000000 300.000000 0.364020
68.000000 67.000000 300.000000 0.141097
67.000000 68.000000 300.000000 0.141097
223.000000 67.000000 300.000000 0.184540
67.000000 223.000000 300.000000 0.184540
67.000000 68.000000 300.000000 0.141097
68.000000 67.000000 300.000000 0.141097
116.000000 69.000000 300.000000 0.563973
69.000000 116.000000 300.000000 0.563973
203.000000 69.000000 300.000000 0.309717
69.000000 203.000000 300.000000 0.309717
140.000000 69.000000 300.000000 0.333117
69.000000 140.000000 300.000000 0.333117
117.000000 69.000000 300.000000 0.553310
69.000000 117.000000 300.000000 0.553310
71.000000 70.000000 300.000000 0.555487
70.000000 71.000000 300.000000 0.555487
74.000000 70.000000 300.000000 0.335257
70.000000 74.000000 300.000000 0.335257
140.000000 70.000000 300.000000 0.337657
70.000000 140.000000 300.000000 0.337657
85.000000 70.000000 300.000000 0.577627
70.000000 85.000000 300.000000 0.577627
70.000000 71.000000 300.000000 0.555487
71.000000 70.000000 300.000000 0.555487
76.000000 71.000000 300.000000 0.338920
71.000000 76.000000 300.000000 0.338920
117.000000 71.000000 300.000000 0.669050
71.000000 117.000000 300.000000 0.669050
224.000000 71.000000 300.000000 0.560163
71.000000 224.000000 300.000000 0.560163
117.000000 72.000000 300.000000 0.466113
72.000000 117.000000 300.000000 0.466113
87.000000 73.000000 300.000000 0.668377
73.000000 87.000000 300.000000 0.668377
229.000000 73.000000 300.000000 1.670860
73.000000 229.000000 300.000000 1.670860
85.000000 73.000000 300.000000 1.010120
73.000000 85.000000 300.000000 1.010120
76.000000 74.000000 300.000000 0.559053
74.000000 76.000000 300.000000 0.559053
70.000000 74.000000 300.000000 0.335257
74.000000 70.000000 300.000000 0.335257
189.000000 74.000000 300.000000 0.339343
74.000000 189.000000 300.000000 0.339343
197.000000 75.000000 300.000000 0.323000
75.000000 197.000000 300.000000 0.323000
130.000000 75.000000 300.000000 0.343517
75.000000 130.000000 300.000000 0.343517
192.000000 75.000000 300.000000 0.551457
75.000000 192.000000 300.000000 0.551457
192.000000 76.000000 300.000000 0.570780
76.000000 192.000000 300.000000 0.570780
74.000000 76.000000 300.000000 0.559053
76.000000 74.000000 300.000000 0.559053
190.000000 76.000000 300.000000 0.341257
76.000000 190.000000 300.000000 0.341257
71.000000 76.000000 300.000000 0.338920
76.000000 71.000000 300.000000 0.338920
196.000000 77.000000 300.000000 0.656683
77.000000 196.000000 300.000000 0.656683
190.000000 77.000000 300.000000 0.336803
77.000000 190.000000 300.000000 0.336803
79.000000 77.000000 300.000000 0.558340
77.000000 79.000000 300.000000 0.558340
82.000000 77.000000 300.000000 0.560650
77.000000 82.000000 300.000000 0.560650
221.000000 78.000000 300.000000 0.331503
78.000000 221.000000 300.000000 0.331503
197.000000 78.000000 300.000000 0.354160
78.000000 197.000000 300.000000 0.354160
79.000000 78.000000 300.000000 0.544077
78.000000 79.000000 300.000000 0.544077
78.000000 79.000000 300.000000 0.544077
79.000000 78.000000 300.000000 0.544077
77.000000 79.000000 300.000000 0.558340
79.000000 77.000000 300.000000 0.558340
80.000000 79.000000 300.000000 0.335933
79.000000 80.000000 300.000000 0.335933
84.000000 80.000000 300.000000 0.321613
80.000000 84.000000 300.000000 0.321613
79.000000 80.000000 300.000000 0.335933
80.000000 79.000000 300.000000 0.335933
221.000000 80.000000 300.000000 0.543480
80.000000 221.000000 300.000000 0.543480
115.000000 81.000000 300.000000 0.683467
81.000000 115.000000 300.000000 0.683467
77.000000 82.000000 300.000000 0.560650
82.000000 77.000000 300.000000 0.560650
189.000000 82.000000 300.000000 0.338913
82.000000 189.000000 300.000000 0.338913
195.000000 82.000000 300.000000 0.664253
82.000000 195.000000 300.000000 0.664253
83.000000 212.000000 300.000000 0.736533
80.000000 84.000000 300.000000 0.321613
84.000000 80.000000 300.000000 0.321613
196.000000 84.000000 300.000000 0.557783
84.000000 196.000000 300.000000 0.557783
4.000000 84.000000 300.000000 0.562317
84.000000 4.000000 300.000000 0.562317
142.000000 85.000000 300.000000 0.340260
85.000000 142.000000 300.000000 0.340260
70.000000 85.000000 300.000000 0.577627
85.000000 70.000000 300.000000 0.577627
73.000000 85.000000 300.000000 1.010120
85.000000 73.000000 300.000000 1.010120
116.000000 86.000000 300.000000 0.503343
86.000000 116.000000 300.000000 0.503343
204.000000 87.000000 300.000000 0.641280
87.000000 204.000000 300.000000 0.641280
116.000000 87.000000 300.000000 1.014227
87.000000 116.000000 300.000000 1.014227
73.000000 87.000000 300.000000 0.668377
87.000000 73.000000 300.000000 0.668377
89.000000 88.000000 300.000000 0.041090
88.000000 89.000000 300.000000 0.041090
147.000000 88.000000 300.000000 0.233960
88.000000 147.000000 300.000000 0.233960
88.000000 159.000000 300.000000 1.016633
88.000000 89.000000 300.000000 0.041090
89.000000 88.000000 300.000000 0.041090
35.000000 89.000000 300.000000 2.013360
89.000000 35.000000 300.000000 2.013360
90.000000 99.000000 300.000000 0.594917
98.000000 90.000000 300.000000 0.766997
90.000000 98.000000 300.000000 0.766997
93.000000 92.000000 300.000000 0.704743
92.000000 93.000000 300.000000 0.704743
93.000000 90.000000 300.000000 0.467347
92.000000 93.000000 300.000000 0.704743
93.000000 92.000000 300.000000 0.704743
94.000000 97.000000 300.000000 0.609750
95.000000 94.000000 300.000000 0.059560
94.000000 95.000000 300.000000 0.059560
205.000000 95.000000 300.000000 0.023103
95.000000 205.000000 300.000000 0.023103
94.000000 95.000000 300.000000 0.059560
95.000000 94.000000 300.000000 0.059560
113.000000 96.000000 300.000000 1.982857
96.000000 113.000000 300.000000 1.982857
97.000000 96.000000 300.000000 0.595477
113.000000 97.000000 300.000000 0.323010
97.000000 113.000000 300.000000 0.323010
161.000000 98.000000 300.000000 1.014100
98.000000 161.000000 300.000000 1.014100
90.000000 98.000000 300.000000 0.766997
98.000000 90.000000 300.000000 0.766997
99.000000 98.000000 300.000000 0.593930
98.000000 99.000000 300.000000 0.593930
99.000000 95.000000 300.000000 0.606117
98.000000 99.000000 300.000000 0.593930
99.000000 98.000000 300.000000 0.593930
102.000000 100.000000 300.000000 0.504710
100.000000 102.000000 300.000000 0.504710
102.000000 101.000000 300.000000 0.254167
101.000000 102.000000 300.000000 0.254167
101.000000 102.000000 300.000000 0.254167
102.000000 101.000000 300.000000 0.254167
100.000000 102.000000 300.000000 0.504710
102.000000 100.000000 300.000000 0.504710
103.000000 102.000000 300.000000 0.157683
102.000000 103.000000 300.000000 0.157683
102.000000 103.000000 300.000000 0.157683
103.000000 102.000000 300.000000 0.157683
108.000000 103.000000 300.000000 0.037347
103.000000 108.000000 300.000000 0.037347
106.000000 103.000000 300.000000 0.049443
103.000000 106.000000 300.000000 0.049443
106.000000 104.000000 300.000000 0.354820
104.000000 106.000000 300.000000 0.354820
108.000000 105.000000 300.000000 0.314293
105.000000 108.000000 300.000000 0.314293
103.000000 106.000000 300.000000 0.049443
106.000000 103.000000 300.000000 0.049443
104.000000 106.000000 300.000000 0.354820
106.000000 104.000000 300.000000 0.354820
107.000000 106.000000 300.000000 0.159857
106.000000 107.000000 300.000000 0.159857
106.000000 107.000000 300.000000 0.159857
107.000000 106.000000 300.000000 0.159857
112.000000 107.000000 300.000000 0.050603
107.000000 112.000000 300.000000 0.050603
110.000000 107.000000 300.000000 0.251680
107.000000 110.000000 300.000000 0.251680
105.000000 108.000000 300.000000 0.314293
108.000000 105.000000 300.000000 0.314293
103.000000 108.000000 300.000000 0.037347
108.000000 103.000000 300.000000 0.037347
109.000000 108.000000 300.000000 0.157550
108.000000 109.000000 300.000000 0.157550
108.000000 109.000000 300.000000 0.157550
109.000000 108.000000 300.000000 0.157550
111.000000 109.000000 300.000000 0.398580
109.000000 111.000000 300.000000 0.398580
112.000000 109.000000 300.000000 0.035657
109.000000 112.000000 300.000000 0.035657
107.000000 110.000000 300.000000 0.251680
110.000000 107.000000 300.000000 0.251680
109.000000 111.000000 300.000000 0.398580
111.000000 109.000000 300.000000 0.398580
109.000000 112.000000 300.000000 0.035657
112.000000 109.000000 300.000000 0.035657
107.000000 112.000000 300.000000 0.050603
112.000000 107.000000 300.000000 0.050603
113.000000 112.000000 300.000000 0.097517
112.000000 113.000000 300.000000 0.097517
97.000000 113.000000 300.000000 0.323010
113.000000 97.000000 300.000000 0.323010
112.000000 113.000000 300.000000 0.097517
113.000000 112.000000 300.000000 0.097517
96.000000 113.000000 300.000000 1.982857
113.000000 96.000000 300.000000 1.982857
81.000000 115.000000 300.000000 0.683467
115.000000 81.000000 300.000000 0.683467
221.000000 115.000000 300.000000 0.026123
115.000000 221.000000 300.000000 0.026123
222.000000 115.000000 300.000000 0.378380
115.000000 222.000000 300.000000 0.378380
69.000000 116.000000 300.000000 0.563973
116.000000 69.000000 300.000000 0.563973
86.000000 116.000000 300.000000 0.503343
116.000000 86.000000 300.000000 0.503343
142.000000 116.000000 300.000000 0.326193
116.000000 142.000000 300.000000 0.326193
87.000000 116.000000 300.000000 1.014227
116.000000 87.000000 300.000000 1.014227
66.000000 117.000000 300.000000 0.560620
117.000000 66.000000 300.000000 0.560620
71.000000 117.000000 300.000000 0.669050
117.000000 71.000000 300.000000 0.669050
72.000000 117.000000 300.000000 0.466113
117.000000 72.000000 300.000000 0.466113
69.000000 117.000000 300.000000 0.553310
117.000000 69.000000 300.000000 0.553310
49.000000 118.000000 300.000000 0.097880
118.000000 49.000000 300.000000 0.097880
123.000000 118.000000 300.000000 0.373310
118.000000 123.000000 300.000000 0.373310
47.000000 118.000000 300.000000 0.256810
118.000000 47.000000 300.000000 0.256810
56.000000 118.000000 300.000000 0.276503
118.000000 56.000000 300.000000 0.276503
45.000000 119.000000 300.000000 0.176523
119.000000 45.000000 300.000000 0.176523
120.000000 119.000000 300.000000 0.256737
119.000000 120.000000 300.000000 0.256737
47.000000 119.000000 300.000000 0.264467
119.000000 47.000000 300.000000 0.264467
53.000000 119.000000 300.000000 0.375877
119.000000 53.000000 300.000000 0.375877
125.000000 120.000000 300.000000 0.375030
120.000000 125.000000 300.000000 0.375030
121.000000 120.000000 300.000000 0.256393
120.000000 121.000000 300.000000 0.256393
119.000000 120.000000 300.000000 0.256737
120.000000 119.000000 300.000000 0.256737
43.000000 120.000000 300.000000 0.229710
120.000000 43.000000 300.000000 0.229710
41.000000 121.000000 300.000000 0.170653
121.000000 41.000000 300.000000 0.170653
52.000000 121.000000 300.000000 0.376747
121.000000 52.000000 300.000000 0.376747
120.000000 121.000000 300.000000 0.256393
121.000000 120.000000 300.000000 0.256393
57.000000 121.000000 300.000000 1.292040
121.000000 57.000000 300.000000 1.292040
56.000000 122.000000 300.000000 0.370253
122.000000 56.000000 300.000000 0.370253
50.000000 122.000000 300.000000 0.470963
122.000000 50.000000 300.000000 0.470963
123.000000 122.000000 300.000000 0.270257
122.000000 123.000000 300.000000 0.270257
54.000000 122.000000 300.000000 0.402577
122.000000 54.000000 300.000000 0.402577
118.000000 123.000000 300.000000 0.373310
123.000000 118.000000 300.000000 0.373310
48.000000 123.000000 300.000000 0.654400
123.000000 48.000000 300.000000 0.654400
122.000000 123.000000 300.000000 0.270257
123.000000 122.000000 300.000000 0.270257
124.000000 123.000000 300.000000 0.253403
123.000000 124.000000 300.000000 0.253403
47.000000 124.000000 300.000000 0.374567
124.000000 47.000000 300.000000 0.374567
46.000000 124.000000 300.000000 0.721920
124.000000 46.000000 300.000000 0.721920
123.000000 124.000000 300.000000 0.253403
124.000000 123.000000 300.000000 0.253403
53.000000 124.000000 300.000000 0.266493
124.000000 53.000000 300.000000 0.266493
120.000000 125.000000 300.000000 0.375030
125.000000 120.000000 300.000000 0.375030
38.000000 125.000000 300.000000 0.717483
125.000000 38.000000 300.000000 0.717483
53.000000 125.000000 300.000000 0.260240
125.000000 53.000000 300.000000 0.260240
52.000000 125.000000 300.000000 0.260357
125.000000 52.000000 300.000000 0.260357
35.000000 126.000000 300.000000 0.242967
126.000000 35.000000 300.000000 0.242967
31.000000 126.000000 300.000000 0.249850
126.000000 31.000000 300.000000 0.249850
37.000000 126.000000 300.000000 0.543210
126.000000 37.000000 300.000000 0.543210
261.000000 126.000000 300.000000 0.232337
126.000000 261.000000 300.000000 0.232337
38.000000 127.000000 300.000000 0.261563
127.000000 38.000000 300.000000 0.261563
46.000000 127.000000 300.000000 0.264723
127.000000 46.000000 300.000000 0.264723
44.000000 127.000000 300.000000 0.307513
127.000000 44.000000 300.000000 0.307513
53.000000 127.000000 300.000000 0.718880
127.000000 53.000000 300.000000 0.718880
14.000000 128.000000 300.000000 0.181320
128.000000 14.000000 300.000000 0.181320
16.000000 128.000000 300.000000 0.244127
128.000000 16.000000 300.000000 0.244127
15.000000 128.000000 300.000000 0.676713
128.000000 15.000000 300.000000 0.676713
129.000000 128.000000 300.000000 0.180487
128.000000 129.000000 300.000000 0.180487
24.000000 129.000000 300.000000 0.182600
129.000000 24.000000 300.000000 0.182600
18.000000 129.000000 300.000000 0.245810
129.000000 18.000000 300.000000 0.245810
128.000000 129.000000 300.000000 0.180487
129.000000 128.000000 300.000000 0.180487
17.000000 129.000000 300.000000 0.677140
129.000000 17.000000 300.000000 0.677140
67.000000 130.000000 300.000000 0.364020
130.000000 67.000000 300.000000 0.364020
60.000000 130.000000 300.000000 0.549613
130.000000 60.000000 300.000000 0.549613
75.000000 130.000000 300.000000 0.343517
130.000000 75.000000 300.000000 0.343517
133.000000 131.000000 300.000000 0.133303
131.000000 133.000000 300.000000 0.133303
133.000000 132.000000 300.000000 0.437417
132.000000 133.000000 300.000000 0.437417
135.000000 132.000000 300.000000 0.255763
132.000000 135.000000 300.000000 0.255763
134.000000 132.000000 300.000000 1.395217
132.000000 134.000000 300.000000 1.395217
132.000000 133.000000 300.000000 0.437417
133.000000 132.000000 300.000000 0.437417
131.000000 133.000000 300.000000 0.133303
133.000000 131.000000 300.000000 0.133303
132.000000 134.000000 300.000000 1.395217
134.000000 132.000000 300.000000 1.395217
220.000000 135.000000 300.000000 0.099487
135.000000 220.000000 300.000000 0.099487
132.000000 135.000000 300.000000 0.255763
135.000000 132.000000 300.000000 0.255763
139.000000 136.000000 300.000000 0.158617
136.000000 139.000000 300.000000 0.158617
138.000000 137.000000 300.000000 0.477820
137.000000 138.000000 300.000000 0.477820
139.000000 137.000000 300.000000 0.493757
137.000000 139.000000 300.000000 0.493757
28.000000 137.000000 300.000000 0.293440
137.000000 28.000000 300.000000 0.293440
137.000000 138.000000 300.000000 0.477820
138.000000 137.000000 300.000000 0.477820
219.000000 138.000000 300.000000 0.156627
138.000000 219.000000 300.000000 0.156627
136.000000 139.000000 300.000000 0.158617
139.000000 136.000000 300.000000 0.158617
137.000000 139.000000 300.000000 0.493757
139.000000 137.000000 300.000000 0.493757
142.000000 140.000000 300.000000 0.562853
140.000000 142.000000 300.000000 0.562853
69.000000 140.000000 300.000000 0.333117
140.000000 69.000000 300.000000 0.333117
70.000000 140.000000 300.000000 0.337657
140.000000 70.000000 300.000000 0.337657
142.000000 141.000000 300.000000 0.529793
141.000000 142.000000 300.000000 0.529793
116.000000 142.000000 300.000000 0.326193
142.000000 116.000000 300.000000 0.326193
85.000000 142.000000 300.000000 0.340260
142.000000 85.000000 300.000000 0.340260
140.000000 142.000000 300.000000 0.562853
142.000000 140.000000 300.000000 0.562853
141.000000 142.000000 300.000000 0.529793
142.000000 141.000000 300.000000 0.529793
184.000000 143.000000 300.000000 1.247050
143.000000 184.000000 300.000000 1.247050
188.000000 143.000000 300.000000 0.367280
143.000000 188.000000 300.000000 0.367280
182.000000 143.000000 300.000000 0.308760
143.000000 182.000000 300.000000 0.308760
3.000000 144.000000 300.000000 0.408137
144.000000 3.000000 300.000000 0.408137
187.000000 144.000000 300.000000 0.113310
144.000000 187.000000 300.000000 0.113310
145.000000 155.000000 300.000000 0.424387
150.000000 145.000000 300.000000 1.888263
145.000000 150.000000 300.000000 1.888263
148.000000 146.000000 300.000000 0.810020
146.000000 148.000000 300.000000 0.810020
88.000000 147.000000 300.000000 0.233960
147.000000 88.000000 300.000000 0.233960
148.000000 147.000000 300.000000 1.563700
147.000000 148.000000 300.000000 1.563700
204.000000 147.000000 300.000000 0.788380
147.000000 204.000000 300.000000 0.788380
147.000000 148.000000 300.000000 1.563700
148.000000 147.000000 300.000000 1.563700
146.000000 148.000000 300.000000 0.810020
148.000000 146.000000 300.000000 0.810020
204.000000 148.000000 300.000000 0.878283
148.000000 204.000000 300.000000 0.878283
149.000000 160.000000 300.000000 0.045860
149.000000 215.000000 300.000000 0.496500
150.000000 94.000000 300.000000 0.604260
145.000000 150.000000 300.000000 1.888263
150.000000 145.000000 300.000000 1.888263
151.000000 150.000000 300.000000 0.247970
150.000000 151.000000 300.000000 0.247970
151.000000 156.000000 300.000000 0.609287
150.000000 151.000000 300.000000 0.247970
151.000000 150.000000 300.000000 0.247970
154.000000 151.000000 300.000000 1.408970
151.000000 154.000000 300.000000 1.408970
152.000000 215.000000 300.000000 0.339643
153.000000 152.000000 300.000000 0.876750
152.000000 153.000000 300.000000 0.876750
157.000000 153.000000 300.000000 0.609133
153.000000 157.000000 300.000000 0.609133
154.000000 153.000000 300.000000 0.603533
153.000000 154.000000 300.000000 0.603533
152.000000 153.000000 300.000000 0.876750
153.000000 152.000000 300.000000 0.876750
153.000000 154.000000 300.000000 0.603533
154.000000 153.000000 300.000000 0.603533
156.000000 154.000000 300.000000 0.866550
154.000000 156.000000 300.000000 0.866550
151.000000 154.000000 300.000000 1.408970
154.000000 151.000000 300.000000 1.408970
155.000000 150.000000 300.000000 0.605957
156.000000 155.000000 300.000000 0.242997
155.000000 156.000000 300.000000 0.242997
156.000000 152.000000 300.000000 0.607323
155.000000 156.000000 300.000000 0.242997
156.000000 155.000000 300.000000 0.242997
154.000000 156.000000 300.000000 0.866550
156.000000 154.000000 300.000000 0.866550
153.000000 157.000000 300.000000 0.609133
157.000000 153.000000 300.000000 0.609133
157.000000 158.000000 300.000000 0.709930
158.000000 159.000000 300.000000 0.043753
158.000000 89.000000 300.000000 1.069473
159.000000 149.000000 300.000000 0.129613
160.000000 158.000000 300.000000 0.129973
160.000000 157.000000 300.000000 0.640273
161.000000 162.000000 300.000000 0.317013
205.000000 161.000000 300.000000 0.166423
161.000000 205.000000 300.000000 0.166423
98.000000 161.000000 300.000000 1.014100
161.000000 98.000000 300.000000 1.014100
162.000000 151.000000 300.000000 0.284577
205.000000 162.000000 300.000000 0.279603
162.000000 205.000000 300.000000 0.279603
164.000000 163.000000 300.000000 0.783653
163.000000 164.000000 300.000000 0.783653
163.000000 164.000000 300.000000 0.783653
164.000000 163.000000 300.000000 0.783653
176.000000 165.000000 300.000000 0.220710
165.000000 176.000000 300.000000 0.220710
169.000000 165.000000 300.000000 0.843613
165.000000 169.000000 300.000000 0.843613
177.000000 165.000000 300.000000 0.544047
165.000000 177.000000 300.000000 0.544047
167.000000 166.000000 300.000000 0.110420
166.000000 167.000000 300.000000 0.110420
170.000000 167.000000 300.000000 0.210057
167.000000 170.000000 300.000000 0.210057
178.000000 167.000000 300.000000 0.419137
167.000000 178.000000 300.000000 0.419137
166.000000 167.000000 300.000000 0.110420
167.000000 166.000000 300.000000 0.110420
170.000000 168.000000 300.000000 0.223360
168.000000 170.000000 300.000000 0.223360
180.000000 168.000000 300.000000 0.518463
168.000000 180.000000 300.000000 0.518463
175.000000 168.000000 300.000000 0.211057
168.000000 175.000000 300.000000 0.211057
175.000000 169.000000 300.000000 0.232790
169.000000 175.000000 300.000000 0.232790
165.000000 169.000000 300.000000 0.843613
169.000000 165.000000 300.000000 0.843613
231.000000 169.000000 300.000000 0.862253
169.000000 231.000000 300.000000 0.862253
168.000000 170.000000 300.000000 0.223360
170.000000 168.000000 300.000000 0.223360
167.000000 170.000000 300.000000 0.210057
170.000000 167.000000 300.000000 0.210057
179.000000 170.000000 300.000000 0.464417
170.000000 179.000000 300.000000 0.464417
173.000000 171.000000 300.000000 0.205170
171.000000 173.000000 300.000000 0.205170
172.000000 171.000000 300.000000 0.313340
171.000000 172.000000 300.000000 0.313340
179.000000 171.000000 300.000000 0.333590
171.000000 179.000000 300.000000 0.333590
174.000000 172.000000 300.000000 0.213243
172.000000 174.000000 300.000000 0.213243
171.000000 172.000000 300.000000 0.313340
172.000000 171.000000 300.000000 0.313340
176.000000 173.000000 300.000000 0.217110
173.000000 176.000000 300.000000 0.217110
171.000000 173.000000 300.000000 0.205170
173.000000 171.000000 300.000000 0.205170
174.000000 173.000000 300.000000 0.325170
173.000000 174.000000 300.000000 0.325170
180.000000 173.000000 300.000000 0.323850
173.000000 180.000000 300.000000 0.323850
177.000000 174.000000 300.000000 0.212073
174.000000 177.000000 300.000000 0.212073
172.000000 174.000000 300.000000 0.213243
174.000000 172.000000 300.000000 0.213243
173.000000 174.000000 300.000000 0.325170
174.000000 173.000000 300.000000 0.325170
181.000000 175.000000 300.000000 0.521003
175.000000 181.000000 300.000000 0.521003
169.000000 175.000000 300.000000 0.232790
175.000000 169.000000 300.000000 0.232790
168.000000 175.000000 300.000000 0.211057
175.000000 168.000000 300.000000 0.211057
165.000000 176.000000 300.000000 0.220710
176.000000 165.000000 300.000000 0.220710
173.000000 176.000000 300.000000 0.217110
176.000000 173.000000 300.000000 0.217110
177.000000 176.000000 300.000000 0.323147
176.000000 177.000000 300.000000 0.323147
181.000000 176.000000 300.000000 0.320260
176.000000 181.000000 300.000000 0.320260
174.000000 177.000000 300.000000 0.212073
177.000000 174.000000 300.000000 0.212073
176.000000 177.000000 300.000000 0.323147
177.000000 176.000000 300.000000 0.323147
165.000000 177.000000 300.000000 0.544047
177.000000 165.000000 300.000000 0.544047
179.000000 178.000000 300.000000 0.211357
178.000000 179.000000 300.000000 0.211357
167.000000 178.000000 300.000000 0.419137
178.000000 167.000000 300.000000 0.419137
171.000000 179.000000 300.000000 0.333590
179.000000 171.000000 300.000000 0.333590
170.000000 179.000000 300.000000 0.464417
179.000000 170.000000 300.000000 0.464417
180.000000 179.000000 300.000000 0.215630
179.000000 180.000000 300.000000 0.215630
178.000000 179.000000 300.000000 0.211357
179.000000 178.000000 300.000000 0.211357
173.000000 180.000000 300.000000 0.323850
180.000000 173.000000 300.000000 0.323850
168.000000 180.000000 300.000000 0.518463
180.000000 168.000000 300.000000 0.518463
181.000000 180.000000 300.000000 0.216293
180.000000 181.000000 300.000000 0.216293
179.000000 180.000000 300.000000 0.215630
180.000000 179.000000 300.000000 0.215630
176.000000 181.000000 300.000000 0.320260
181.000000 176.000000 300.000000 0.320260
175.000000 181.000000 300.000000 0.521003
181.000000 175.000000 300.000000 0.521003
180.000000 181.000000 300.000000 0.216293
181.000000 180.000000 300.000000 0.216293
183.000000 182.000000 300.000000 1.383963
182.000000 183.000000 300.000000 1.383963
143.000000 182.000000 300.000000 0.308760
182.000000 143.000000 300.000000 0.308760
200.000000 183.000000 300.000000 0.244510
183.000000 200.000000 300.000000 0.244510
184.000000 183.000000 300.000000 0.306857
183.000000 184.000000 300.000000 0.306857
182.000000 183.000000 300.000000 1.383963
183.000000 182.000000 300.000000 1.383963
183.000000 184.000000 300.000000 0.306857
184.000000 183.000000 300.000000 0.306857
143.000000 184.000000 300.000000 1.247050
184.000000 143.000000 300.000000 1.247050
209.000000 185.000000 300.000000 0.939970
185.000000 209.000000 300.000000 0.939970
209.000000 186.000000 300.000000 0.197120
186.000000 209.000000 300.000000 0.197120
144.000000 187.000000 300.000000 0.113310
187.000000 144.000000 300.000000 0.113310
214.000000 187.000000 300.000000 0.266147
187.000000 214.000000 300.000000 0.266147
214.000000 188.000000 300.000000 0.419080
188.000000 214.000000 300.000000 0.419080
143.000000 188.000000 300.000000 0.367280
188.000000 143.000000 300.000000 0.367280
190.000000 189.000000 300.000000 0.559007
189.000000 190.000000 300.000000 0.559007
74.000000 189.000000 300.000000 0.339343
189.000000 74.000000 300.000000 0.339343
82.000000 189.000000 300.000000 0.338913
189.000000 82.000000 300.000000 0.338913
77.000000 190.000000 300.000000 0.336803
190.000000 77.000000 300.000000 0.336803
76.000000 190.000000 300.000000 0.341257
190.000000 76.000000 300.000000 0.341257
191.000000 190.000000 300.000000 0.257017
190.000000 191.000000 300.000000 0.257017
189.000000 190.000000 300.000000 0.559007
190.000000 189.000000 300.000000 0.559007
190.000000 191.000000 300.000000 0.257017
191.000000 190.000000 300.000000 0.257017
75.000000 192.000000 300.000000 0.551457
192.000000 75.000000 300.000000 0.551457
76.000000 192.000000 300.000000 0.570780
192.000000 76.000000 300.000000 0.570780
224.000000 192.000000 300.000000 0.331737
192.000000 224.000000 300.000000 0.331737
193.000000 216.000000 300.000000 1.309710
194.000000 206.000000 300.000000 0.571973
194.000000 229.000000 300.000000 0.574967
82.000000 195.000000 300.000000 0.664253
195.000000 82.000000 300.000000 0.664253
259.000000 195.000000 300.000000 0.075570
195.000000 259.000000 300.000000 0.075570
229.000000 195.000000 300.000000 1.584247
195.000000 229.000000 300.000000 1.584247
77.000000 196.000000 300.000000 0.656683
196.000000 77.000000 300.000000 0.656683
84.000000 196.000000 300.000000 0.557783
196.000000 84.000000 300.000000 0.557783
260.000000 196.000000 300.000000 0.184180
196.000000 260.000000 300.000000 0.184180
78.000000 197.000000 300.000000 0.354160
197.000000 78.000000 300.000000 0.354160
75.000000 197.000000 300.000000 0.323000
197.000000 75.000000 300.000000 0.323000
198.000000 197.000000 300.000000 1.129660
197.000000 198.000000 300.000000 1.129660
197.000000 198.000000 300.000000 1.129660
198.000000 197.000000 300.000000 1.129660
198.000000 65.000000 300.000000 0.679803
206.000000 199.000000 300.000000 0.064690
199.000000 206.000000 300.000000 0.064690
199.000000 213.000000 300.000000 0.595893
183.000000 200.000000 300.000000 0.244510
200.000000 183.000000 300.000000 0.244510
69.000000 203.000000 300.000000 0.309717
203.000000 69.000000 300.000000 0.309717
87.000000 204.000000 300.000000 0.641280
204.000000 87.000000 300.000000 0.641280
148.000000 204.000000 300.000000 0.878283
204.000000 148.000000 300.000000 0.878283
147.000000 204.000000 300.000000 0.788380
204.000000 147.000000 300.000000 0.788380
162.000000 205.000000 300.000000 0.279603
205.000000 162.000000 300.000000 0.279603
161.000000 205.000000 300.000000 0.166423
205.000000 161.000000 300.000000 0.166423
95.000000 205.000000 300.000000 0.023103
205.000000 95.000000 300.000000 0.023103
199.000000 206.000000 300.000000 0.064690
206.000000 199.000000 300.000000 0.064690
229.000000 206.000000 300.000000 0.056430
206.000000 229.000000 300.000000 0.056430
206.000000 225.000000 300.000000 1.851717
210.000000 208.000000 300.000000 0.159633
208.000000 210.000000 300.000000 0.159633
186.000000 209.000000 300.000000 0.197120
209.000000 186.000000 300.000000 0.197120
185.000000 209.000000 300.000000 0.939970
209.000000 185.000000 300.000000 0.939970
210.000000 209.000000 300.000000 0.161733
209.000000 210.000000 300.000000 0.161733
208.000000 210.000000 300.000000 0.159633
210.000000 208.000000 300.000000 0.159633
209.000000 210.000000 300.000000 0.161733
210.000000 209.000000 300.000000 0.161733
211.000000 8.000000 300.000000 0.707890
211.000000 7.000000 300.000000 0.171973
212.000000 199.000000 300.000000 0.303023
187.000000 214.000000 300.000000 0.266147
214.000000 187.000000 300.000000 0.266147
188.000000 214.000000 300.000000 0.419080
214.000000 188.000000 300.000000 0.419080
215.000000 145.000000 300.000000 0.487243
215.000000 160.000000 300.000000 0.492327
216.000000 194.000000 300.000000 1.376477
66.000000 217.000000 300.000000 0.455960
217.000000 66.000000 300.000000 0.455960
13.000000 218.000000 300.000000 0.171047
218.000000 13.000000 300.000000 0.171047
138.000000 219.000000 300.000000 0.156627
219.000000 138.000000 300.000000 0.156627
135.000000 220.000000 300.000000 0.099487
220.000000 135.000000 300.000000 0.099487
78.000000 221.000000 300.000000 0.331503
221.000000 78.000000 300.000000 0.331503
115.000000 221.000000 300.000000 0.026123
221.000000 115.000000 300.000000 0.026123
80.000000 221.000000 300.000000 0.543480
221.000000 80.000000 300.000000 0.543480
222.000000 9.000000 300.000000 0.514067
115.000000 222.000000 300.000000 0.378380
222.000000 115.000000 300.000000 0.378380
224.000000 223.000000 300.000000 0.018387
223.000000 224.000000 300.000000 0.018387
67.000000 223.000000 300.000000 0.184540
223.000000 67.000000 300.000000 0.184540
66.000000 223.000000 300.000000 0.673743
223.000000 66.000000 300.000000 0.673743
223.000000 224.000000 300.000000 0.018387
224.000000 223.000000 300.000000 0.018387
192.000000 224.000000 300.000000 0.331737
224.000000 192.000000 300.000000 0.331737
71.000000 224.000000 300.000000 0.560163
224.000000 71.000000 300.000000 0.560163
225.000000 258.000000 300.000000 0.015313
226.000000 234.000000 300.000000 0.607550
226.000000 250.000000 300.000000 0.105847
256.000000 227.000000 300.000000 0.146790
227.000000 256.000000 300.000000 0.146790
249.000000 227.000000 300.000000 0.200150
227.000000 249.000000 300.000000 0.200150
227.000000 253.000000 300.000000 0.052977
37.000000 228.000000 300.000000 0.305413
228.000000 37.000000 300.000000 0.305413
195.000000 229.000000 300.000000 1.584247
229.000000 195.000000 300.000000 1.584247
73.000000 229.000000 300.000000 1.670860
229.000000 73.000000 300.000000 1.670860
206.000000 229.000000 300.000000 0.056430
229.000000 206.000000 300.000000 0.056430
237.000000 230.000000 300.000000 0.750723
230.000000 237.000000 300.000000 0.750723
231.000000 230.000000 300.000000 0.037293
230.000000 231.000000 300.000000 0.037293
251.000000 230.000000 300.000000 0.076687
230.000000 251.000000 300.000000 0.076687
239.000000 230.000000 300.000000 0.210527
230.000000 239.000000 300.000000 0.210527
230.000000 231.000000 300.000000 0.037293
231.000000 230.000000 300.000000 0.037293
240.000000 231.000000 300.000000 0.218857
231.000000 240.000000 300.000000 0.218857
169.000000 231.000000 300.000000 0.862253
231.000000 169.000000 300.000000 0.862253
233.000000 232.000000 300.000000 0.197757
232.000000 233.000000 300.000000 0.197757
237.000000 232.000000 300.000000 0.199777
232.000000 237.000000 300.000000 0.199777
238.000000 232.000000 300.000000 0.285497
232.000000 238.000000 300.000000 0.285497
239.000000 232.000000 300.000000 0.715540
232.000000 239.000000 300.000000 0.715540
234.000000 233.000000 300.000000 0.082847
233.000000 234.000000 300.000000 0.082847
232.000000 233.000000 300.000000 0.197757
233.000000 232.000000 300.000000 0.197757
233.000000 250.000000 300.000000 0.611780
235.000000 234.000000 300.000000 0.205123
234.000000 235.000000 300.000000 0.205123
233.000000 234.000000 300.000000 0.082847
234.000000 233.000000 300.000000 0.082847
234.000000 242.000000 300.000000 0.531760
257.000000 235.000000 300.000000 0.714653
235.000000 257.000000 300.000000 0.714653
248.000000 235.000000 300.000000 0.632033
235.000000 248.000000 300.000000 0.632033
245.000000 235.000000 300.000000 0.201583
235.000000 245.000000 300.000000 0.201583
234.000000 235.000000 300.000000 0.205123
235.000000 234.000000 300.000000 0.205123
245.000000 236.000000 300.000000 0.067573
236.000000 245.000000 300.000000 0.067573
230.000000 237.000000 300.000000 0.750723
237.000000 230.000000 300.000000 0.750723
232.000000 237.000000 300.000000 0.199777
237.000000 232.000000 300.000000 0.199777
238.000000 237.000000 300.000000 0.357413
237.000000 238.000000 300.000000 0.357413
232.000000 238.000000 300.000000 0.285497
238.000000 232.000000 300.000000 0.285497
241.000000 238.000000 300.000000 0.281923
238.000000 241.000000 300.000000 0.281923
237.000000 238.000000 300.000000 0.357413
238.000000 237.000000 300.000000 0.357413
232.000000 239.000000 300.000000 0.715540
239.000000 232.000000 300.000000 0.715540
240.000000 239.000000 300.000000 0.038467
239.000000 240.000000 300.000000 0.038467
230.000000 239.000000 300.000000 0.210527
239.000000 230.000000 300.000000 0.210527
252.000000 239.000000 300.000000 0.162713
239.000000 252.000000 300.000000 0.162713
239.000000 240.000000 300.000000 0.038467
240.000000 239.000000 300.000000 0.038467
249.000000 240.000000 300.000000 0.164020
240.000000 249.000000 300.000000 0.164020
231.000000 240.000000 300.000000 0.218857
240.000000 231.000000 300.000000 0.218857
242.000000 241.000000 300.000000 0.084867
241.000000 242.000000 300.000000 0.084867
241.000000 233.000000 300.000000 0.482827
238.000000 241.000000 300.000000 0.281923
241.000000 238.000000 300.000000 0.281923
241.000000 242.000000 300.000000 0.084867
242.000000 241.000000 300.000000 0.084867
244.000000 243.000000 300.000000 0.071847
243.000000 244.000000 300.000000 0.071847
257.000000 243.000000 300.000000 0.208640
243.000000 257.000000 300.000000 0.208640
245.000000 243.000000 300.000000 0.717697
243.000000 245.000000 300.000000 0.717697
243.000000 244.000000 300.000000 0.071847
244.000000 243.000000 300.000000 0.071847
236.000000 245.000000 300.000000 0.067573
245.000000 236.000000 300.000000 0.067573
235.000000 245.000000 300.000000 0.201583
245.000000 235.000000 300.000000 0.201583
243.000000 245.000000 300.000000 0.717697
245.000000 243.000000 300.000000 0.717697
246.000000 245.000000 300.000000 0.597030
245.000000 246.000000 300.000000 0.597030
245.000000 246.000000 300.000000 0.597030
246.000000 245.000000 300.000000 0.597030
247.000000 246.000000 300.000000 0.048823
246.000000 247.000000 300.000000 0.048823
248.000000 246.000000 300.000000 0.209503
246.000000 248.000000 300.000000 0.209503
254.000000 246.000000 300.000000 0.077910
246.000000 254.000000 300.000000 0.077910
246.000000 247.000000 300.000000 0.048823
247.000000 246.000000 300.000000 0.048823
255.000000 247.000000 300.000000 0.063590
247.000000 255.000000 300.000000 0.063590
256.000000 247.000000 300.000000 0.208287
247.000000 256.000000 300.000000 0.208287
235.000000 248.000000 300.000000 0.632033
248.000000 235.000000 300.000000 0.632033
256.000000 248.000000 300.000000 0.049303
248.000000 256.000000 300.000000 0.049303
253.000000 248.000000 300.000000 0.153973
248.000000 253.000000 300.000000 0.153973
246.000000 248.000000 300.000000 0.209503
248.000000 246.000000 300.000000 0.209503
227.000000 249.000000 300.000000 0.200150
249.000000 227.000000 300.000000 0.200150
240.000000 249.000000 300.000000 0.164020
249.000000 240.000000 300.000000 0.164020
250.000000 252.000000 300.000000 0.088973
230.000000 251.000000 300.000000 0.076687
251.000000 230.000000 300.000000 0.076687
239.000000 252.000000 300.000000 0.162713
252.000000 239.000000 300.000000 0.162713
253.000000 252.000000 300.000000 0.195047
252.000000 253.000000 300.000000 0.195047
252.000000 249.000000 300.000000 0.049060
252.000000 253.000000 300.000000 0.195047
253.000000 252.000000 300.000000 0.195047
248.000000 253.000000 300.000000 0.153973
253.000000 248.000000 300.000000 0.153973
253.000000 226.000000 300.000000 0.072003
246.000000 254.000000 300.000000 0.077910
254.000000 246.000000 300.000000 0.077910
247.000000 255.000000 300.000000 0.063590
255.000000 247.000000 300.000000 0.063590
248.000000 256.000000 300.000000 0.049303
256.000000 248.000000 300.000000 0.049303
247.000000 256.000000 300.000000 0.208287
256.000000 247.000000 300.000000 0.208287
227.000000 256.000000 300.000000 0.146790
256.000000 227.000000 300.000000 0.146790
235.000000 257.000000 300.000000 0.714653
257.000000 235.000000 300.000000 0.714653
243.000000 257.000000 300.000000 0.208640
257.000000 243.000000 300.000000 0.208640
258.000000 4.000000 300.000000 1.372693
258.000000 260.000000 300.000000 0.095480
195.000000 259.000000 300.000000 0.075570
259.000000 195.000000 300.000000 0.075570
259.000000 225.000000 300.000000 0.222043
260.000000 259.000000 300.000000 0.313770
259.000000 260.000000 300.000000 0.313770
196.000000 260.000000 300.000000 0.184180
260.000000 196.000000 300.000000 0.184180
259.000000 260.000000 300.000000 0.313770
260.000000 259.000000 300.000000 0.313770
126.000000 261.000000 300.000000 0.232337
261.000000 126.000000 300.000000 0.232337
