0.000000 1.000000 300.000000 0.817547
1.000000 86.000000 300.000000 0.343647
50.000000 1.000000 300.000000 0.502810
1.000000 50.000000 300.000000 0.502810
2.000000 118.000000 300.000000 0.110277
127.000000 2.000000 300.000000 0.022750
2.000000 127.000000 300.000000 0.022750
2.000000 74.000000 300.000000 0.514523
47.000000 3.000000 300.000000 0.515873
3.000000 47.000000 300.000000 0.515873
10.000000 4.000000 300.000000 0.026790
4.000000 10.000000 300.000000 0.026790
36.000000 4.000000 300.000000 0.260913
4.000000 36.000000 300.000000 0.260913
4.000000 67.000000 300.000000 0.254820
8.000000 5.000000 300.000000 0.026987
5.000000 8.000000 300.000000 0.026987
31.000000 5.000000 300.000000 0.258120
5.000000 31.000000 300.000000 0.258120
5.000000 52.000000 300.000000 0.373200
6.000000 7.000000 300.000000 0.028567
6.000000 82.000000 300.000000 0.232497
7.000000 51.000000 300.000000 0.376163
5.000000 8.000000 300.000000 0.026987
8.000000 5.000000 300.000000 0.026987
27.000000 8.000000 300.000000 0.231530
8.000000 27.000000 300.000000 0.231530
8.000000 9.000000 300.000000 0.347397
67.000000 9.000000 300.000000 0.030330
9.000000 67.000000 300.000000 0.030330
28.000000 9.000000 300.000000 0.254903
9.000000 28.000000 300.000000 0.254903
9.000000 10.000000 300.000000 0.256747
4.000000 10.000000 300.000000 0.026790
10.000000 4.000000 300.000000 0.026790
44.000000 10.000000 300.000000 0.262713
10.000000 44.000000 300.000000 0.262713
10.000000 11.000000 300.000000 0.547360
11.000000 12.000000 300.000000 0.559607
43.000000 11.000000 300.000000 0.259907
11.000000 43.000000 300.000000 0.259907
14.000000 107.000000 300.000000 0.367883
130.000000 15.000000 300.000000 0.057223
15.000000 130.000000 300.000000 0.057223
103.000000 15.000000 300.000000 0.228720
15.000000 103.000000 300.000000 0.228720
27.000000 15.000000 300.000000 0.222510
15.000000 27.000000 300.000000 0.222510
26.000000 16.000000 300.000000 0.274840
16.000000 26.000000 300.000000 0.274840
16.000000 17.000000 300.000000 0.379207
18.000000 104.000000 300.000000 0.277760
19.000000 18.000000 300.000000 0.415417
38.000000 19.000000 300.000000 0.152047
19.000000 38.000000 300.000000 0.152047
20.000000 19.000000 300.000000 0.230737
21.000000 20.000000 300.000000 0.312663
39.000000 21.000000 300.000000 0.156967
21.000000 39.000000 300.000000 0.156967
22.000000 21.000000 300.000000 0.101520
22.000000 106.000000 300.000000 0.211370
23.000000 22.000000 300.000000 0.418883
24.000000 23.000000 300.000000 0.106380
130.000000 24.000000 300.000000 0.350437
24.000000 130.000000 300.000000 0.350437
25.000000 24.000000 300.000000 0.279573
27.000000 26.000000 300.000000 0.375943
26.000000 27.000000 300.000000 0.375943
51.000000 26.000000 300.000000 0.256243
26.000000 51.000000 300.000000 0.256243
16.000000 26.000000 300.000000 0.274840
26.000000 16.000000 300.000000 0.274840
28.000000 27.000000 300.000000 0.200373
27.000000 28.000000 300.000000 0.200373
26.000000 27.000000 300.000000 0.375943
27.000000 26.000000 300.000000 0.375943
8.000000 27.000000 300.000000 0.231530
27.000000 8.000000 300.000000 0.231530
15.000000 27.000000 300.000000 0.222510
27.000000 15.000000 300.000000 0.222510
103.000000 28.000000 300.000000 0.077657
28.000000 103.000000 300.000000 0.077657
27.000000 28.000000 300.000000 0.200373
28.000000 27.000000 300.000000 0.200373
9.000000 28.000000 300.000000 0.254903
28.000000 9.000000 300.000000 0.254903
30.000000 29.000000 300.000000 0.115193
29.000000 30.000000 300.000000 0.115193
29.000000 30.000000 300.000000 0.115193
30.000000 29.000000 300.000000 0.115193
92.000000 30.000000 300.000000 0.362777
30.000000 92.000000 300.000000 0.362777
30.000000 6.000000 300.000000 0.258180
83.000000 31.000000 300.000000 0.277340
31.000000 83.000000 300.000000 0.277340
32.000000 31.000000 300.000000 0.380500
31.000000 32.000000 300.000000 0.380500
92.000000 31.000000 300.000000 0.382670
31.000000 92.000000 300.000000 0.382670
5.000000 31.000000 300.000000 0.258120
31.000000 5.000000 300.000000 0.258120
31.000000 32.000000 300.000000 0.380500
32.000000 31.000000 300.000000 0.380500
67.000000 32.000000 300.000000 0.248870
32.000000 67.000000 300.000000 0.248870
48.000000 32.000000 300.000000 0.557343
32.000000 48.000000 300.000000 0.557343
34.000000 33.000000 300.000000 0.540563
33.000000 34.000000 300.000000 0.540563
100.000000 33.000000 300.000000 0.136483
33.000000 100.000000 300.000000 0.136483
98.000000 33.000000 300.000000 0.126790
33.000000 98.000000 300.000000 0.126790
99.000000 34.000000 300.000000 0.126783
34.000000 99.000000 300.000000 0.126783
101.000000 34.000000 300.000000 0.135303
34.000000 101.000000 300.000000 0.135303
33.000000 34.000000 300.000000 0.540563
34.000000 33.000000 300.000000 0.540563
36.000000 35.000000 300.000000 0.538973
35.000000 36.000000 300.000000 0.538973
100.000000 35.000000 300.000000 0.127170
35.000000 100.000000 300.000000 0.127170
101.000000 36.000000 300.000000 0.134837
36.000000 101.000000 300.000000 0.134837
4.000000 36.000000 300.000000 0.260913
36.000000 4.000000 300.000000 0.260913
35.000000 36.000000 300.000000 0.538973
36.000000 35.000000 300.000000 0.538973
94.000000 37.000000 300.000000 0.182060
37.000000 94.000000 300.000000 0.182060
40.000000 37.000000 300.000000 0.264860
37.000000 40.000000 300.000000 0.264860
114.000000 38.000000 300.000000 0.102273
38.000000 114.000000 300.000000 0.102273
39.000000 38.000000 300.000000 0.544650
38.000000 39.000000 300.000000 0.544650
19.000000 38.000000 300.000000 0.152047
38.000000 19.000000 300.000000 0.152047
79.000000 39.000000 300.000000 0.092260
39.000000 79.000000 300.000000 0.092260
66.000000 39.000000 300.000000 0.263820
39.000000 66.000000 300.000000 0.263820
38.000000 39.000000 300.000000 0.544650
39.000000 38.000000 300.000000 0.544650
21.000000 39.000000 300.000000 0.156967
39.000000 21.000000 300.000000 0.156967
95.000000 40.000000 300.000000 0.487653
40.000000 95.000000 300.000000 0.487653
41.000000 40.000000 300.000000 0.262960
40.000000 41.000000 300.000000 0.262960
37.000000 40.000000 300.000000 0.264860
40.000000 37.000000 300.000000 0.264860
95.000000 41.000000 300.000000 0.235233
41.000000 95.000000 300.000000 0.235233
98.000000 41.000000 300.000000 0.137067
41.000000 98.000000 300.000000 0.137067
40.000000 41.000000 300.000000 0.262960
41.000000 40.000000 300.000000 0.262960
96.000000 42.000000 300.000000 0.169040
42.000000 96.000000 300.000000 0.169040
47.000000 42.000000 300.000000 0.259923
42.000000 47.000000 300.000000 0.259923
99.000000 42.000000 300.000000 0.131733
42.000000 99.000000 300.000000 0.131733
48.000000 42.000000 300.000000 0.092997
42.000000 48.000000 300.000000 0.092997
45.000000 43.000000 300.000000 0.263723
43.000000 45.000000 300.000000 0.263723
44.000000 43.000000 300.000000 0.543750
43.000000 44.000000 300.000000 0.543750
11.000000 43.000000 300.000000 0.259907
43.000000 11.000000 300.000000 0.259907
66.000000 44.000000 300.000000 0.261710
44.000000 66.000000 300.000000 0.261710
10.000000 44.000000 300.000000 0.262713
44.000000 10.000000 300.000000 0.262713
80.000000 44.000000 300.000000 0.112550
44.000000 80.000000 300.000000 0.112550
43.000000 44.000000 300.000000 0.543750
44.000000 43.000000 300.000000 0.543750
114.000000 45.000000 300.000000 0.163497
45.000000 114.000000 300.000000 0.163497
43.000000 45.000000 300.000000 0.263723
45.000000 43.000000 300.000000 0.263723
66.000000 45.000000 300.000000 0.548823
45.000000 66.000000 300.000000 0.548823
66.000000 46.000000 300.000000 0.126527
46.000000 66.000000 300.000000 0.126527
42.000000 47.000000 300.000000 0.259923
47.000000 42.000000 300.000000 0.259923
48.000000 47.000000 300.000000 0.276453
47.000000 48.000000 300.000000 0.276453
3.000000 47.000000 300.000000 0.515873
47.000000 3.000000 300.000000 0.515873
72.000000 47.000000 300.000000 0.249787
47.000000 72.000000 300.000000 0.249787
42.000000 48.000000 300.000000 0.092997
48.000000 42.000000 300.000000 0.092997
32.000000 48.000000 300.000000 0.557343
48.000000 32.000000 300.000000 0.557343
47.000000 48.000000 300.000000 0.276453
48.000000 47.000000 300.000000 0.276453
84.000000 49.000000 300.000000 0.354353
49.000000 84.000000 300.000000 0.354353
87.000000 49.000000 300.000000 0.092070
49.000000 87.000000 300.000000 0.092070
49.000000 30.000000 300.000000 0.276983
50.000000 68.000000 300.000000 0.269117
78.000000 50.000000 300.000000 0.356633
50.000000 78.000000 300.000000 0.356633
1.000000 50.000000 300.000000 0.502810
50.000000 1.000000 300.000000 0.502810
51.000000 8.000000 300.000000 0.372450
26.000000 51.000000 300.000000 0.256243
51.000000 26.000000 300.000000 0.256243
52.000000 6.000000 300.000000 0.374977
92.000000 52.000000 300.000000 0.259480
52.000000 92.000000 300.000000 0.259480
86.000000 53.000000 300.000000 0.509387
53.000000 86.000000 300.000000 0.509387
75.000000 53.000000 300.000000 0.253937
53.000000 75.000000 300.000000 0.253937
74.000000 53.000000 300.000000 0.380313
53.000000 74.000000 300.000000 0.380313
55.000000 54.000000 300.000000 0.566850
54.000000 55.000000 300.000000 0.566850
119.000000 54.000000 300.000000 0.298580
54.000000 119.000000 300.000000 0.298580
120.000000 54.000000 300.000000 0.261010
54.000000 120.000000 300.000000 0.261010
54.000000 55.000000 300.000000 0.566850
55.000000 54.000000 300.000000 0.566850
117.000000 55.000000 300.000000 0.265483
55.000000 117.000000 300.000000 0.265483
88.000000 55.000000 300.000000 0.269073
55.000000 88.000000 300.000000 0.269073
57.000000 56.000000 300.000000 0.271790
56.000000 57.000000 300.000000 0.271790
131.000000 56.000000 300.000000 0.299643
56.000000 131.000000 300.000000 0.299643
58.000000 57.000000 300.000000 0.275210
57.000000 58.000000 300.000000 0.275210
56.000000 57.000000 300.000000 0.271790
57.000000 56.000000 300.000000 0.271790
57.000000 58.000000 300.000000 0.275210
58.000000 57.000000 300.000000 0.275210
60.000000 58.000000 300.000000 0.526697
58.000000 60.000000 300.000000 0.526697
126.000000 58.000000 300.000000 0.259547
58.000000 126.000000 300.000000 0.259547
131.000000 59.000000 300.000000 0.666293
59.000000 131.000000 300.000000 0.666293
58.000000 60.000000 300.000000 0.526697
60.000000 58.000000 300.000000 0.526697
61.000000 60.000000 300.000000 0.313180
60.000000 61.000000 300.000000 0.313180
62.000000 61.000000 300.000000 0.823453
61.000000 62.000000 300.000000 0.823453
60.000000 61.000000 300.000000 0.313180
61.000000 60.000000 300.000000 0.313180
61.000000 62.000000 300.000000 0.823453
62.000000 61.000000 300.000000 0.823453
106.000000 63.000000 300.000000 0.406767
63.000000 106.000000 300.000000 0.406767
105.000000 63.000000 300.000000 0.547590
63.000000 105.000000 300.000000 0.547590
63.000000 20.000000 300.000000 0.292250
106.000000 64.000000 300.000000 0.440943
64.000000 106.000000 300.000000 0.440943
64.000000 23.000000 300.000000 0.227980
65.000000 109.000000 300.000000 0.190163
110.000000 65.000000 300.000000 0.107740
65.000000 110.000000 300.000000 0.107740
111.000000 65.000000 300.000000 0.245860
65.000000 111.000000 300.000000 0.245860
44.000000 66.000000 300.000000 0.261710
66.000000 44.000000 300.000000 0.261710
39.000000 66.000000 300.000000 0.263820
66.000000 39.000000 300.000000 0.263820
46.000000 66.000000 300.000000 0.126527
66.000000 46.000000 300.000000 0.126527
45.000000 66.000000 300.000000 0.548823
66.000000 45.000000 300.000000 0.548823
9.000000 67.000000 300.000000 0.030330
67.000000 9.000000 300.000000 0.030330
32.000000 67.000000 300.000000 0.248870
67.000000 32.000000 300.000000 0.248870
67.000000 5.000000 300.000000 0.351323
78.000000 68.000000 300.000000 0.167950
68.000000 78.000000 300.000000 0.167950
68.000000 49.000000 300.000000 0.259450
75.000000 68.000000 300.000000 0.353673
68.000000 75.000000 300.000000 0.353673
77.000000 69.000000 300.000000 0.128490
69.000000 77.000000 300.000000 0.128490
73.000000 69.000000 300.000000 0.302883
69.000000 73.000000 300.000000 0.302883
82.000000 69.000000 300.000000 0.351870
69.000000 82.000000 300.000000 0.351870
72.000000 70.000000 300.000000 0.517003
70.000000 72.000000 300.000000 0.517003
70.000000 3.000000 300.000000 0.255190
72.000000 71.000000 300.000000 0.484900
71.000000 72.000000 300.000000 0.484900
74.000000 72.000000 300.000000 0.357830
72.000000 74.000000 300.000000 0.357830
47.000000 72.000000 300.000000 0.249787
72.000000 47.000000 300.000000 0.249787
70.000000 72.000000 300.000000 0.517003
72.000000 70.000000 300.000000 0.517003
71.000000 72.000000 300.000000 0.484900
72.000000 71.000000 300.000000 0.484900
78.000000 73.000000 300.000000 0.152033
73.000000 78.000000 300.000000 0.152033
69.000000 73.000000 300.000000 0.302883
73.000000 69.000000 300.000000 0.302883
77.000000 73.000000 300.000000 0.330947
73.000000 77.000000 300.000000 0.330947
85.000000 74.000000 300.000000 0.258933
74.000000 85.000000 300.000000 0.258933
72.000000 74.000000 300.000000 0.357830
74.000000 72.000000 300.000000 0.357830
53.000000 74.000000 300.000000 0.380313
74.000000 53.000000 300.000000 0.380313
53.000000 75.000000 300.000000 0.253937
75.000000 53.000000 300.000000 0.253937
84.000000 75.000000 300.000000 0.265317
75.000000 84.000000 300.000000 0.265317
85.000000 75.000000 300.000000 0.389293
75.000000 85.000000 300.000000 0.389293
68.000000 75.000000 300.000000 0.353673
75.000000 68.000000 300.000000 0.353673
76.000000 91.000000 300.000000 0.597937
69.000000 77.000000 300.000000 0.128490
77.000000 69.000000 300.000000 0.128490
73.000000 77.000000 300.000000 0.330947
77.000000 73.000000 300.000000 0.330947
81.000000 77.000000 300.000000 0.384210
77.000000 81.000000 300.000000 0.384210
68.000000 78.000000 300.000000 0.167950
78.000000 68.000000 300.000000 0.167950
73.000000 78.000000 300.000000 0.152033
78.000000 73.000000 300.000000 0.152033
50.000000 78.000000 300.000000 0.356633
78.000000 50.000000 300.000000 0.356633
39.000000 79.000000 300.000000 0.092260
79.000000 39.000000 300.000000 0.092260
44.000000 80.000000 300.000000 0.112550
80.000000 44.000000 300.000000 0.112550
77.000000 81.000000 300.000000 0.384210
81.000000 77.000000 300.000000 0.384210
81.000000 76.000000 300.000000 0.376287
69.000000 82.000000 300.000000 0.351870
82.000000 69.000000 300.000000 0.351870
82.000000 81.000000 300.000000 0.281960
85.000000 83.000000 300.000000 0.260313
83.000000 85.000000 300.000000 0.260313
31.000000 83.000000 300.000000 0.277340
83.000000 31.000000 300.000000 0.277340
84.000000 83.000000 300.000000 0.390870
83.000000 84.000000 300.000000 0.390870
75.000000 84.000000 300.000000 0.265317
84.000000 75.000000 300.000000 0.265317
49.000000 84.000000 300.000000 0.354353
84.000000 49.000000 300.000000 0.354353
92.000000 84.000000 300.000000 0.282250
84.000000 92.000000 300.000000 0.282250
83.000000 84.000000 300.000000 0.390870
84.000000 83.000000 300.000000 0.390870
74.000000 85.000000 300.000000 0.258933
85.000000 74.000000 300.000000 0.258933
83.000000 85.000000 300.000000 0.260313
85.000000 83.000000 300.000000 0.260313
75.000000 85.000000 300.000000 0.389293
85.000000 75.000000 300.000000 0.389293
53.000000 86.000000 300.000000 0.509387
86.000000 53.000000 300.000000 0.509387
86.000000 2.000000 300.000000 0.395137
49.000000 87.000000 300.000000 0.092070
87.000000 49.000000 300.000000 0.092070
55.000000 88.000000 300.000000 0.269073
88.000000 55.000000 300.000000 0.269073
119.000000 88.000000 300.000000 0.476313
88.000000 119.000000 300.000000 0.476313
89.000000 90.000000 300.000000 0.113613
109.000000 89.000000 300.000000 0.457213
89.000000 109.000000 300.000000 0.457213
108.000000 89.000000 300.000000 0.404627
89.000000 108.000000 300.000000 0.404627
90.000000 63.000000 300.000000 0.205087
110.000000 90.000000 300.000000 0.390203
90.000000 110.000000 300.000000 0.390203
91.000000 116.000000 300.000000 0.481537
31.000000 92.000000 300.000000 0.382670
92.000000 31.000000 300.000000 0.382670
30.000000 92.000000 300.000000 0.362777
92.000000 30.000000 300.000000 0.362777
84.000000 92.000000 300.000000 0.282250
92.000000 84.000000 300.000000 0.282250
52.000000 92.000000 300.000000 0.259480
92.000000 52.000000 300.000000 0.259480
93.000000 122.000000 300.000000 0.191510
37.000000 94.000000 300.000000 0.182060
94.000000 37.000000 300.000000 0.182060
96.000000 95.000000 300.000000 0.138917
95.000000 96.000000 300.000000 0.138917
41.000000 95.000000 300.000000 0.235233
95.000000 41.000000 300.000000 0.235233
40.000000 95.000000 300.000000 0.487653
95.000000 40.000000 300.000000 0.487653
42.000000 96.000000 300.000000 0.169040
96.000000 42.000000 300.000000 0.169040
95.000000 96.000000 300.000000 0.138917
96.000000 95.000000 300.000000 0.138917
97.000000 96.000000 300.000000 0.175447
96.000000 97.000000 300.000000 0.175447
96.000000 97.000000 300.000000 0.175447
97.000000 96.000000 300.000000 0.175447
99.000000 98.000000 300.000000 0.539483
98.000000 99.000000 300.000000 0.539483
33.000000 98.000000 300.000000 0.126790
98.000000 33.000000 300.000000 0.126790
41.000000 98.000000 300.000000 0.137067
98.000000 41.000000 300.000000 0.137067
42.000000 99.000000 300.000000 0.131733
99.000000 42.000000 300.000000 0.131733
34.000000 99.000000 300.000000 0.126783
99.000000 34.000000 300.000000 0.126783
98.000000 99.000000 300.000000 0.539483
99.000000 98.000000 300.000000 0.539483
101.000000 100.000000 300.000000 0.540297
100.000000 101.000000 300.000000 0.540297
35.000000 100.000000 300.000000 0.127170
100.000000 35.000000 300.000000 0.127170
33.000000 100.000000 300.000000 0.136483
100.000000 33.000000 300.000000 0.136483
34.000000 101.000000 300.000000 0.135303
101.000000 34.000000 300.000000 0.135303
36.000000 101.000000 300.000000 0.134837
101.000000 36.000000 300.000000 0.134837
100.000000 101.000000 300.000000 0.540297
101.000000 100.000000 300.000000 0.540297
103.000000 102.000000 300.000000 0.325580
102.000000 103.000000 300.000000 0.325580
28.000000 103.000000 300.000000 0.077657
103.000000 28.000000 300.000000 0.077657
15.000000 103.000000 300.000000 0.228720
103.000000 15.000000 300.000000 0.228720
102.000000 103.000000 300.000000 0.325580
103.000000 102.000000 300.000000 0.325580
104.000000 105.000000 300.000000 0.033540
105.000000 65.000000 300.000000 0.230380
63.000000 105.000000 300.000000 0.547590
105.000000 63.000000 300.000000 0.547590
106.000000 108.000000 300.000000 0.222087
64.000000 106.000000 300.000000 0.440943
106.000000 64.000000 300.000000 0.440943
63.000000 106.000000 300.000000 0.406767
106.000000 63.000000 300.000000 0.406767
107.000000 123.000000 300.000000 0.105540
108.000000 107.000000 300.000000 0.179683
89.000000 108.000000 300.000000 0.404627
108.000000 89.000000 300.000000 0.404627
109.000000 93.000000 300.000000 0.181463
89.000000 109.000000 300.000000 0.457213
109.000000 89.000000 300.000000 0.457213
121.000000 110.000000 300.000000 0.053353
110.000000 121.000000 300.000000 0.053353
90.000000 110.000000 300.000000 0.390203
110.000000 90.000000 300.000000 0.390203
65.000000 110.000000 300.000000 0.107740
110.000000 65.000000 300.000000 0.107740
132.000000 110.000000 300.000000 0.087880
110.000000 132.000000 300.000000 0.087880
112.000000 111.000000 300.000000 0.233557
111.000000 112.000000 300.000000 0.233557
65.000000 111.000000 300.000000 0.245860
111.000000 65.000000 300.000000 0.245860
111.000000 112.000000 300.000000 0.233557
112.000000 111.000000 300.000000 0.233557
114.000000 113.000000 300.000000 0.562287
113.000000 114.000000 300.000000 0.562287
38.000000 114.000000 300.000000 0.102273
114.000000 38.000000 300.000000 0.102273
45.000000 114.000000 300.000000 0.163497
114.000000 45.000000 300.000000 0.163497
113.000000 114.000000 300.000000 0.562287
114.000000 113.000000 300.000000 0.562287
118.000000 117.000000 300.000000 0.023483
117.000000 118.000000 300.000000 0.023483
117.000000 127.000000 300.000000 0.110667
55.000000 117.000000 300.000000 0.265483
117.000000 55.000000 300.000000 0.265483
117.000000 118.000000 300.000000 0.023483
118.000000 117.000000 300.000000 0.023483
118.000000 70.000000 300.000000 0.238027
54.000000 119.000000 300.000000 0.298580
119.000000 54.000000 300.000000 0.298580
88.000000 119.000000 300.000000 0.476313
119.000000 88.000000 300.000000 0.476313
128.000000 119.000000 300.000000 0.270220
119.000000 128.000000 300.000000 0.270220
54.000000 120.000000 300.000000 0.261010
120.000000 54.000000 300.000000 0.261010
110.000000 121.000000 300.000000 0.053353
121.000000 110.000000 300.000000 0.053353
122.000000 129.000000 300.000000 0.227490
124.000000 115.000000 300.000000 0.206257
125.000000 62.000000 300.000000 0.054333
58.000000 126.000000 300.000000 0.259547
126.000000 58.000000 300.000000 0.259547
126.000000 125.000000 300.000000 0.310897
2.000000 127.000000 300.000000 0.022750
127.000000 2.000000 300.000000 0.022750
127.000000 120.000000 300.000000 0.525983
119.000000 128.000000 300.000000 0.270220
128.000000 119.000000 300.000000 0.270220
129.000000 14.000000 300.000000 0.028053
129.000000 89.000000 300.000000 0.173800
15.000000 130.000000 300.000000 0.057223
130.000000 15.000000 300.000000 0.057223
24.000000 130.000000 300.000000 0.350437
130.000000 24.000000 300.000000 0.350437
130.000000 16.000000 300.000000 0.351220
56.000000 131.000000 300.000000 0.299643
131.000000 56.000000 300.000000 0.299643
59.000000 131.000000 300.000000 0.666293
131.000000 59.000000 300.000000 0.666293
110.000000 132.000000 300.000000 0.087880
132.000000 110.000000 300.000000 0.087880
