0.000000 212.000000 300.000000 0.843343
141.000000 0.000000 300.000000 0.061853
0.000000 141.000000 300.000000 0.061853
1.000000 14.000000 300.000000 0.389053
1.000000 13.000000 300.000000 1.930367
182.000000 2.000000 300.000000 0.030887
2.000000 182.000000 300.000000 0.030887
3.000000 183.000000 300.000000 0.031153
3.000000 2.000000 300.000000 0.337767
4.000000 20.000000 300.000000 0.295020
5.000000 6.000000 300.000000 0.586063
5.000000 203.000000 300.000000 1.389050
6.000000 175.000000 300.000000 1.779327
7.000000 8.000000 300.000000 0.089213
8.000000 197.000000 300.000000 0.479150
9.000000 205.000000 300.000000 0.101190
10.000000 12.000000 300.000000 0.034350
169.000000 10.000000 300.000000 0.544710
10.000000 169.000000 300.000000 0.544710
11.000000 29.000000 300.000000 0.337703
34.000000 11.000000 300.000000 0.538743
11.000000 34.000000 300.000000 0.538743
12.000000 186.000000 300.000000 0.306633
12.000000 13.000000 300.000000 0.326503
14.000000 79.000000 300.000000 0.128437
15.000000 194.000000 300.000000 1.496020
15.000000 177.000000 300.000000 0.199093
16.000000 17.000000 300.000000 0.390193
17.000000 193.000000 300.000000 0.053250
19.000000 18.000000 300.000000 1.167043
18.000000 19.000000 300.000000 1.167043
21.000000 19.000000 300.000000 0.034550
19.000000 21.000000 300.000000 0.034550
18.000000 19.000000 300.000000 1.167043
19.000000 18.000000 300.000000 1.167043
19.000000 179.000000 300.000000 0.670700
19.000000 21.000000 300.000000 0.034550
21.000000 19.000000 300.000000 0.034550
43.000000 23.000000 300.000000 0.281797
23.000000 43.000000 300.000000 0.281797
28.000000 25.000000 300.000000 0.560640
25.000000 28.000000 300.000000 0.560640
31.000000 25.000000 300.000000 0.361650
25.000000 31.000000 300.000000 0.361650
26.000000 25.000000 300.000000 0.558257
25.000000 26.000000 300.000000 0.558257
25.000000 26.000000 300.000000 0.558257
26.000000 25.000000 300.000000 0.558257
40.000000 26.000000 300.000000 0.342890
26.000000 40.000000 300.000000 0.342890
36.000000 28.000000 300.000000 0.190140
28.000000 36.000000 300.000000 0.190140
170.000000 28.000000 300.000000 0.325707
28.000000 170.000000 300.000000 0.325707
25.000000 28.000000 300.000000 0.560640
28.000000 25.000000 300.000000 0.560640
34.000000 28.000000 300.000000 0.554353
28.000000 34.000000 300.000000 0.554353
170.000000 29.000000 300.000000 1.077703
29.000000 170.000000 300.000000 1.077703
170.000000 30.000000 300.000000 0.221763
30.000000 170.000000 300.000000 0.221763
174.000000 31.000000 300.000000 0.323517
31.000000 174.000000 300.000000 0.323517
25.000000 31.000000 300.000000 0.361650
31.000000 25.000000 300.000000 0.361650
40.000000 31.000000 300.000000 0.556433
31.000000 40.000000 300.000000 0.556433
33.000000 31.000000 300.000000 0.578573
31.000000 33.000000 300.000000 0.578573
168.000000 32.000000 300.000000 0.350197
32.000000 168.000000 300.000000 0.350197
46.000000 32.000000 300.000000 0.330300
32.000000 46.000000 300.000000 0.330300
173.000000 32.000000 300.000000 0.589850
32.000000 173.000000 300.000000 0.589850
167.000000 32.000000 300.000000 0.557470
32.000000 167.000000 300.000000 0.557470
38.000000 33.000000 300.000000 0.159507
33.000000 38.000000 300.000000 0.159507
36.000000 33.000000 300.000000 0.143753
33.000000 36.000000 300.000000 0.143753
31.000000 33.000000 300.000000 0.578573
33.000000 31.000000 300.000000 0.578573
35.000000 33.000000 300.000000 0.560273
33.000000 35.000000 300.000000 0.560273
37.000000 34.000000 300.000000 0.173813
34.000000 37.000000 300.000000 0.173813
28.000000 34.000000 300.000000 0.554353
34.000000 28.000000 300.000000 0.554353
11.000000 34.000000 300.000000 0.538743
34.000000 11.000000 300.000000 0.538743
186.000000 35.000000 300.000000 0.546177
35.000000 186.000000 300.000000 0.546177
39.000000 35.000000 300.000000 0.160880
35.000000 39.000000 300.000000 0.160880
37.000000 35.000000 300.000000 0.159010
35.000000 37.000000 300.000000 0.159010
33.000000 35.000000 300.000000 0.560273
35.000000 33.000000 300.000000 0.560273
33.000000 36.000000 300.000000 0.143753
36.000000 33.000000 300.000000 0.143753
28.000000 36.000000 300.000000 0.190140
36.000000 28.000000 300.000000 0.190140
37.000000 36.000000 300.000000 0.555733
36.000000 37.000000 300.000000 0.555733
36.000000 37.000000 300.000000 0.555733
37.000000 36.000000 300.000000 0.555733
35.000000 37.000000 300.000000 0.159010
37.000000 35.000000 300.000000 0.159010
34.000000 37.000000 300.000000 0.173813
37.000000 34.000000 300.000000 0.173813
168.000000 38.000000 300.000000 0.184303
38.000000 168.000000 300.000000 0.184303
33.000000 38.000000 300.000000 0.159507
38.000000 33.000000 300.000000 0.159507
39.000000 38.000000 300.000000 0.556100
38.000000 39.000000 300.000000 0.556100
38.000000 39.000000 300.000000 0.556100
39.000000 38.000000 300.000000 0.556100
169.000000 39.000000 300.000000 0.181630
39.000000 169.000000 300.000000 0.181630
35.000000 39.000000 300.000000 0.160880
39.000000 35.000000 300.000000 0.160880
41.000000 40.000000 300.000000 0.221953
40.000000 41.000000 300.000000 0.221953
26.000000 40.000000 300.000000 0.342890
40.000000 26.000000 300.000000 0.342890
43.000000 40.000000 300.000000 0.561173
40.000000 43.000000 300.000000 0.561173
31.000000 40.000000 300.000000 0.556433
40.000000 31.000000 300.000000 0.556433
60.000000 41.000000 300.000000 0.114290
41.000000 60.000000 300.000000 0.114290
40.000000 41.000000 300.000000 0.221953
41.000000 40.000000 300.000000 0.221953
61.000000 41.000000 300.000000 0.196950
41.000000 61.000000 300.000000 0.196950
63.000000 42.000000 300.000000 0.178817
42.000000 63.000000 300.000000 0.178817
65.000000 42.000000 300.000000 0.152863
42.000000 65.000000 300.000000 0.152863
43.000000 42.000000 300.000000 0.180047
42.000000 43.000000 300.000000 0.180047
42.000000 43.000000 300.000000 0.180047
43.000000 42.000000 300.000000 0.180047
23.000000 43.000000 300.000000 0.281797
43.000000 23.000000 300.000000 0.281797
40.000000 43.000000 300.000000 0.561173
43.000000 40.000000 300.000000 0.561173
59.000000 44.000000 300.000000 0.336243
44.000000 59.000000 300.000000 0.336243
44.000000 52.000000 300.000000 0.269070
78.000000 44.000000 300.000000 0.034693
44.000000 78.000000 300.000000 0.034693
45.000000 217.000000 300.000000 0.113063
77.000000 45.000000 300.000000 0.031867
45.000000 77.000000 300.000000 0.031867
211.000000 45.000000 300.000000 0.100360
45.000000 211.000000 300.000000 0.100360
75.000000 46.000000 300.000000 0.037097
46.000000 75.000000 300.000000 0.037097
46.000000 220.000000 300.000000 0.266190
32.000000 46.000000 300.000000 0.330300
46.000000 32.000000 300.000000 0.330300
47.000000 223.000000 300.000000 0.340210
73.000000 47.000000 300.000000 0.032403
47.000000 73.000000 300.000000 0.032403
167.000000 47.000000 300.000000 0.340977
47.000000 167.000000 300.000000 0.340977
48.000000 192.000000 300.000000 0.157477
50.000000 48.000000 300.000000 0.033167
48.000000 50.000000 300.000000 0.033167
51.000000 49.000000 300.000000 0.032327
49.000000 51.000000 300.000000 0.032327
49.000000 101.000000 300.000000 0.532773
100.000000 49.000000 300.000000 0.188793
49.000000 100.000000 300.000000 0.188793
48.000000 50.000000 300.000000 0.033167
50.000000 48.000000 300.000000 0.033167
102.000000 50.000000 300.000000 0.865900
50.000000 102.000000 300.000000 0.865900
49.000000 51.000000 300.000000 0.032327
51.000000 49.000000 300.000000 0.032327
69.000000 51.000000 300.000000 0.195373
51.000000 69.000000 300.000000 0.195373
51.000000 64.000000 300.000000 0.182560
53.000000 52.000000 300.000000 0.033453
52.000000 53.000000 300.000000 0.033453
52.000000 45.000000 300.000000 0.278790
53.000000 232.000000 300.000000 0.111240
52.000000 53.000000 300.000000 0.033453
53.000000 52.000000 300.000000 0.033453
54.000000 46.000000 300.000000 0.376137
55.000000 77.000000 300.000000 0.112913
56.000000 10.000000 300.000000 0.346877
167.000000 56.000000 300.000000 0.547937
56.000000 167.000000 300.000000 0.547937
59.000000 57.000000 300.000000 0.187480
57.000000 59.000000 300.000000 0.187480
60.000000 57.000000 300.000000 0.167447
57.000000 60.000000 300.000000 0.167447
58.000000 57.000000 300.000000 0.543110
57.000000 58.000000 300.000000 0.543110
199.000000 58.000000 300.000000 0.264767
58.000000 199.000000 300.000000 0.264767
173.000000 58.000000 300.000000 0.198357
58.000000 173.000000 300.000000 0.198357
174.000000 58.000000 300.000000 0.142943
58.000000 174.000000 300.000000 0.142943
57.000000 58.000000 300.000000 0.543110
58.000000 57.000000 300.000000 0.543110
44.000000 59.000000 300.000000 0.336243
59.000000 44.000000 300.000000 0.336243
57.000000 59.000000 300.000000 0.187480
59.000000 57.000000 300.000000 0.187480
173.000000 59.000000 300.000000 0.542217
59.000000 173.000000 300.000000 0.542217
57.000000 60.000000 300.000000 0.167447
60.000000 57.000000 300.000000 0.167447
41.000000 60.000000 300.000000 0.114290
60.000000 41.000000 300.000000 0.114290
174.000000 60.000000 300.000000 0.552230
60.000000 174.000000 300.000000 0.552230
63.000000 61.000000 300.000000 0.179943
61.000000 63.000000 300.000000 0.179943
41.000000 61.000000 300.000000 0.196950
61.000000 41.000000 300.000000 0.196950
62.000000 61.000000 300.000000 0.806627
61.000000 62.000000 300.000000 0.806627
61.000000 62.000000 300.000000 0.806627
62.000000 61.000000 300.000000 0.806627
91.000000 62.000000 300.000000 0.034127
62.000000 91.000000 300.000000 0.034127
62.000000 44.000000 300.000000 0.198783
42.000000 63.000000 300.000000 0.178817
63.000000 42.000000 300.000000 0.178817
61.000000 63.000000 300.000000 0.179943
63.000000 61.000000 300.000000 0.179943
64.000000 63.000000 300.000000 0.808203
63.000000 64.000000 300.000000 0.808203
93.000000 64.000000 300.000000 0.032733
64.000000 93.000000 300.000000 0.032733
63.000000 64.000000 300.000000 0.808203
64.000000 63.000000 300.000000 0.808203
64.000000 62.000000 300.000000 0.179323
67.000000 65.000000 300.000000 0.180633
65.000000 67.000000 300.000000 0.180633
42.000000 65.000000 300.000000 0.152863
65.000000 42.000000 300.000000 0.152863
66.000000 65.000000 300.000000 0.113797
65.000000 66.000000 300.000000 0.113797
65.000000 66.000000 300.000000 0.113797
66.000000 65.000000 300.000000 0.113797
68.000000 67.000000 300.000000 0.106730
67.000000 68.000000 300.000000 0.106730
65.000000 67.000000 300.000000 0.180633
67.000000 65.000000 300.000000 0.180633
191.000000 67.000000 300.000000 0.738680
67.000000 191.000000 300.000000 0.738680
69.000000 68.000000 300.000000 0.174433
68.000000 69.000000 300.000000 0.174433
67.000000 68.000000 300.000000 0.106730
68.000000 67.000000 300.000000 0.106730
191.000000 68.000000 300.000000 0.643420
68.000000 191.000000 300.000000 0.643420
51.000000 69.000000 300.000000 0.195373
69.000000 51.000000 300.000000 0.195373
68.000000 69.000000 300.000000 0.174433
69.000000 68.000000 300.000000 0.174433
70.000000 69.000000 300.000000 0.648243
69.000000 70.000000 300.000000 0.648243
69.000000 70.000000 300.000000 0.648243
70.000000 69.000000 300.000000 0.648243
191.000000 70.000000 300.000000 0.182373
70.000000 191.000000 300.000000 0.182373
192.000000 70.000000 300.000000 0.186363
70.000000 192.000000 300.000000 0.186363
71.000000 56.000000 300.000000 0.329660
72.000000 224.000000 300.000000 0.211807
72.000000 71.000000 300.000000 0.029447
73.000000 222.000000 300.000000 0.177367
47.000000 73.000000 300.000000 0.032403
73.000000 47.000000 300.000000 0.032403
80.000000 73.000000 300.000000 0.343560
73.000000 80.000000 300.000000 0.343560
86.000000 74.000000 300.000000 0.223730
74.000000 86.000000 300.000000 0.223730
113.000000 74.000000 300.000000 0.017633
74.000000 113.000000 300.000000 0.017633
76.000000 74.000000 300.000000 0.545460
74.000000 76.000000 300.000000 0.545460
46.000000 75.000000 300.000000 0.037097
75.000000 46.000000 300.000000 0.037097
81.000000 75.000000 300.000000 0.342527
75.000000 81.000000 300.000000 0.342527
75.000000 218.000000 300.000000 0.375927
85.000000 76.000000 300.000000 0.177170
76.000000 85.000000 300.000000 0.177170
171.000000 76.000000 300.000000 0.565867
76.000000 171.000000 300.000000 0.565867
74.000000 76.000000 300.000000 0.545460
76.000000 74.000000 300.000000 0.545460
77.000000 53.000000 300.000000 0.278777
166.000000 77.000000 300.000000 0.341840
77.000000 166.000000 300.000000 0.341840
45.000000 77.000000 300.000000 0.031867
77.000000 45.000000 300.000000 0.031867
78.000000 91.000000 300.000000 0.198153
82.000000 78.000000 300.000000 0.335627
78.000000 82.000000 300.000000 0.335627
44.000000 78.000000 300.000000 0.034693
78.000000 44.000000 300.000000 0.034693
80.000000 79.000000 300.000000 0.550493
79.000000 80.000000 300.000000 0.550493
79.000000 72.000000 300.000000 0.353637
165.000000 80.000000 300.000000 0.336413
80.000000 165.000000 300.000000 0.336413
73.000000 80.000000 300.000000 0.343560
80.000000 73.000000 300.000000 0.343560
81.000000 80.000000 300.000000 0.562247
80.000000 81.000000 300.000000 0.562247
79.000000 80.000000 300.000000 0.550493
80.000000 79.000000 300.000000 0.550493
164.000000 81.000000 300.000000 0.334087
81.000000 164.000000 300.000000 0.334087
75.000000 81.000000 300.000000 0.342527
81.000000 75.000000 300.000000 0.342527
166.000000 81.000000 300.000000 0.575110
81.000000 166.000000 300.000000 0.575110
80.000000 81.000000 300.000000 0.562247
81.000000 80.000000 300.000000 0.562247
162.000000 82.000000 300.000000 0.338063
82.000000 162.000000 300.000000 0.338063
78.000000 82.000000 300.000000 0.335627
82.000000 78.000000 300.000000 0.335627
89.000000 82.000000 300.000000 0.314297
82.000000 89.000000 300.000000 0.314297
83.000000 14.000000 300.000000 0.211710
165.000000 83.000000 300.000000 0.557127
83.000000 165.000000 300.000000 0.557127
84.000000 83.000000 300.000000 0.343160
160.000000 84.000000 300.000000 0.556403
84.000000 160.000000 300.000000 0.556403
76.000000 85.000000 300.000000 0.177170
85.000000 76.000000 300.000000 0.177170
157.000000 85.000000 300.000000 0.174777
85.000000 157.000000 300.000000 0.174777
86.000000 85.000000 300.000000 0.556533
85.000000 86.000000 300.000000 0.556533
74.000000 86.000000 300.000000 0.223730
86.000000 74.000000 300.000000 0.223730
160.000000 86.000000 300.000000 0.161147
86.000000 160.000000 300.000000 0.161147
85.000000 86.000000 300.000000 0.556533
86.000000 85.000000 300.000000 0.556533
164.000000 87.000000 300.000000 0.308287
87.000000 164.000000 300.000000 0.308287
189.000000 87.000000 300.000000 0.208957
87.000000 189.000000 300.000000 0.208957
163.000000 87.000000 300.000000 0.257933
87.000000 163.000000 300.000000 0.257933
162.000000 88.000000 300.000000 0.323070
88.000000 162.000000 300.000000 0.323070
163.000000 88.000000 300.000000 0.236540
88.000000 163.000000 300.000000 0.236540
89.000000 88.000000 300.000000 0.334937
88.000000 89.000000 300.000000 0.334937
82.000000 89.000000 300.000000 0.314297
89.000000 82.000000 300.000000 0.314297
166.000000 89.000000 300.000000 0.236050
89.000000 166.000000 300.000000 0.236050
88.000000 89.000000 300.000000 0.334937
89.000000 88.000000 300.000000 0.334937
161.000000 90.000000 300.000000 0.342367
90.000000 161.000000 300.000000 0.342367
92.000000 90.000000 300.000000 0.184330
90.000000 92.000000 300.000000 0.184330
172.000000 90.000000 300.000000 0.183950
90.000000 172.000000 300.000000 0.183950
91.000000 93.000000 300.000000 0.181247
62.000000 91.000000 300.000000 0.034127
91.000000 62.000000 300.000000 0.034127
161.000000 91.000000 300.000000 0.670703
91.000000 161.000000 300.000000 0.670703
159.000000 92.000000 300.000000 0.340573
92.000000 159.000000 300.000000 0.340573
90.000000 92.000000 300.000000 0.184330
92.000000 90.000000 300.000000 0.184330
158.000000 92.000000 300.000000 0.520937
92.000000 158.000000 300.000000 0.520937
64.000000 93.000000 300.000000 0.032733
93.000000 64.000000 300.000000 0.032733
93.000000 49.000000 300.000000 0.182487
159.000000 93.000000 300.000000 0.673157
93.000000 159.000000 300.000000 0.673157
158.000000 94.000000 300.000000 0.168110
94.000000 158.000000 300.000000 0.168110
106.000000 94.000000 300.000000 0.378127
94.000000 106.000000 300.000000 0.378127
95.000000 94.000000 300.000000 0.564727
94.000000 95.000000 300.000000 0.564727
94.000000 95.000000 300.000000 0.564727
95.000000 94.000000 300.000000 0.564727
98.000000 96.000000 300.000000 0.182050
96.000000 98.000000 300.000000 0.182050
97.000000 96.000000 300.000000 0.419513
96.000000 97.000000 300.000000 0.419513
158.000000 96.000000 300.000000 0.127757
96.000000 158.000000 300.000000 0.127757
96.000000 97.000000 300.000000 0.419513
97.000000 96.000000 300.000000 0.419513
100.000000 98.000000 300.000000 0.177627
98.000000 100.000000 300.000000 0.177627
96.000000 98.000000 300.000000 0.182050
98.000000 96.000000 300.000000 0.182050
99.000000 98.000000 300.000000 0.537053
98.000000 99.000000 300.000000 0.537053
98.000000 99.000000 300.000000 0.537053
99.000000 98.000000 300.000000 0.537053
49.000000 100.000000 300.000000 0.188793
100.000000 49.000000 300.000000 0.188793
98.000000 100.000000 300.000000 0.177627
100.000000 98.000000 300.000000 0.177627
101.000000 100.000000 300.000000 0.716320
100.000000 101.000000 300.000000 0.716320
101.000000 190.000000 300.000000 0.119647
100.000000 101.000000 300.000000 0.716320
101.000000 100.000000 300.000000 0.716320
103.000000 102.000000 300.000000 0.164833
102.000000 103.000000 300.000000 0.164833
153.000000 102.000000 300.000000 0.097977
102.000000 153.000000 300.000000 0.097977
50.000000 102.000000 300.000000 0.865900
102.000000 50.000000 300.000000 0.865900
102.000000 103.000000 300.000000 0.164833
103.000000 102.000000 300.000000 0.164833
106.000000 103.000000 300.000000 0.080217
103.000000 106.000000 300.000000 0.080217
104.000000 103.000000 300.000000 0.101160
103.000000 104.000000 300.000000 0.101160
103.000000 104.000000 300.000000 0.101160
104.000000 103.000000 300.000000 0.101160
106.000000 105.000000 300.000000 0.143700
105.000000 106.000000 300.000000 0.143700
105.000000 106.000000 300.000000 0.143700
106.000000 105.000000 300.000000 0.143700
103.000000 106.000000 300.000000 0.080217
106.000000 103.000000 300.000000 0.080217
94.000000 106.000000 300.000000 0.378127
106.000000 94.000000 300.000000 0.378127
113.000000 107.000000 300.000000 0.569390
107.000000 113.000000 300.000000 0.569390
107.000000 185.000000 300.000000 0.098623
111.000000 108.000000 300.000000 0.336113
108.000000 111.000000 300.000000 0.336113
172.000000 108.000000 300.000000 0.342440
108.000000 172.000000 300.000000 0.342440
109.000000 108.000000 300.000000 0.649467
108.000000 109.000000 300.000000 0.649467
171.000000 108.000000 300.000000 0.566557
108.000000 171.000000 300.000000 0.566557
110.000000 109.000000 300.000000 0.153300
109.000000 110.000000 300.000000 0.153300
108.000000 109.000000 300.000000 0.649467
109.000000 108.000000 300.000000 0.649467
150.000000 109.000000 300.000000 0.327367
109.000000 150.000000 300.000000 0.327367
109.000000 110.000000 300.000000 0.153300
110.000000 109.000000 300.000000 0.153300
112.000000 110.000000 300.000000 0.663483
110.000000 112.000000 300.000000 0.663483
111.000000 110.000000 300.000000 0.177973
110.000000 111.000000 300.000000 0.177973
108.000000 111.000000 300.000000 0.336113
111.000000 108.000000 300.000000 0.336113
110.000000 111.000000 300.000000 0.177973
111.000000 110.000000 300.000000 0.177973
154.000000 111.000000 300.000000 0.577273
111.000000 154.000000 300.000000 0.577273
110.000000 112.000000 300.000000 0.663483
112.000000 110.000000 300.000000 0.663483
154.000000 112.000000 300.000000 0.378117
112.000000 154.000000 300.000000 0.378117
119.000000 112.000000 300.000000 0.588623
112.000000 119.000000 300.000000 0.588623
74.000000 113.000000 300.000000 0.017633
113.000000 74.000000 300.000000 0.017633
107.000000 113.000000 300.000000 0.569390
113.000000 107.000000 300.000000 0.569390
155.000000 113.000000 300.000000 0.247493
113.000000 155.000000 300.000000 0.247493
117.000000 114.000000 300.000000 0.122140
114.000000 117.000000 300.000000 0.122140
155.000000 115.000000 300.000000 0.244750
115.000000 155.000000 300.000000 0.244750
155.000000 116.000000 300.000000 0.189947
116.000000 155.000000 300.000000 0.189947
114.000000 117.000000 300.000000 0.122140
117.000000 114.000000 300.000000 0.122140
155.000000 117.000000 300.000000 0.167490
117.000000 155.000000 300.000000 0.167490
118.000000 117.000000 300.000000 0.421490
117.000000 118.000000 300.000000 0.421490
118.000000 188.000000 300.000000 0.202523
117.000000 118.000000 300.000000 0.421490
118.000000 117.000000 300.000000 0.421490
123.000000 119.000000 300.000000 0.262950
119.000000 123.000000 300.000000 0.262950
112.000000 119.000000 300.000000 0.588623
119.000000 112.000000 300.000000 0.588623
200.000000 119.000000 300.000000 0.606213
119.000000 200.000000 300.000000 0.606213
123.000000 120.000000 300.000000 0.302473
120.000000 123.000000 300.000000 0.302473
121.000000 120.000000 300.000000 0.557313
120.000000 121.000000 300.000000 0.557313
124.000000 120.000000 300.000000 0.332843
120.000000 124.000000 300.000000 0.332843
122.000000 121.000000 300.000000 0.247120
121.000000 122.000000 300.000000 0.247120
127.000000 121.000000 300.000000 0.553790
121.000000 127.000000 300.000000 0.553790
120.000000 121.000000 300.000000 0.557313
121.000000 120.000000 300.000000 0.557313
121.000000 122.000000 300.000000 0.247120
122.000000 121.000000 300.000000 0.247120
126.000000 122.000000 300.000000 0.559550
122.000000 126.000000 300.000000 0.559550
123.000000 122.000000 300.000000 0.539427
122.000000 123.000000 300.000000 0.539427
120.000000 123.000000 300.000000 0.302473
123.000000 120.000000 300.000000 0.302473
119.000000 123.000000 300.000000 0.262950
123.000000 119.000000 300.000000 0.262950
122.000000 123.000000 300.000000 0.539427
123.000000 122.000000 300.000000 0.539427
124.000000 200.000000 300.000000 0.481823
120.000000 124.000000 300.000000 0.332843
124.000000 120.000000 300.000000 0.332843
127.000000 125.000000 300.000000 0.458073
125.000000 127.000000 300.000000 0.458073
127.000000 126.000000 300.000000 0.256850
126.000000 127.000000 300.000000 0.256850
122.000000 126.000000 300.000000 0.559550
126.000000 122.000000 300.000000 0.559550
125.000000 127.000000 300.000000 0.458073
127.000000 125.000000 300.000000 0.458073
126.000000 127.000000 300.000000 0.256850
127.000000 126.000000 300.000000 0.256850
121.000000 127.000000 300.000000 0.553790
127.000000 121.000000 300.000000 0.553790
130.000000 128.000000 300.000000 0.144787
128.000000 130.000000 300.000000 0.144787
138.000000 128.000000 300.000000 0.295813
128.000000 138.000000 300.000000 0.295813
131.000000 128.000000 300.000000 0.260933
128.000000 131.000000 300.000000 0.260933
130.000000 129.000000 300.000000 0.279160
129.000000 130.000000 300.000000 0.279160
139.000000 130.000000 300.000000 0.304787
130.000000 139.000000 300.000000 0.304787
214.000000 130.000000 300.000000 0.126163
130.000000 214.000000 300.000000 0.126163
128.000000 130.000000 300.000000 0.144787
130.000000 128.000000 300.000000 0.144787
129.000000 130.000000 300.000000 0.279160
130.000000 129.000000 300.000000 0.279160
128.000000 131.000000 300.000000 0.260933
131.000000 128.000000 300.000000 0.260933
135.000000 132.000000 300.000000 0.223353
132.000000 135.000000 300.000000 0.223353
140.000000 132.000000 300.000000 0.274097
132.000000 140.000000 300.000000 0.274097
134.000000 133.000000 300.000000 0.096187
133.000000 134.000000 300.000000 0.096187
136.000000 134.000000 300.000000 0.157617
134.000000 136.000000 300.000000 0.157617
133.000000 134.000000 300.000000 0.096187
134.000000 133.000000 300.000000 0.096187
198.000000 134.000000 300.000000 0.134833
134.000000 198.000000 300.000000 0.134833
136.000000 135.000000 300.000000 0.063993
135.000000 136.000000 300.000000 0.063993
138.000000 135.000000 300.000000 0.117753
135.000000 138.000000 300.000000 0.117753
132.000000 135.000000 300.000000 0.223353
135.000000 132.000000 300.000000 0.223353
135.000000 136.000000 300.000000 0.063993
136.000000 135.000000 300.000000 0.063993
134.000000 136.000000 300.000000 0.157617
136.000000 134.000000 300.000000 0.157617
137.000000 136.000000 300.000000 0.173703
136.000000 137.000000 300.000000 0.173703
136.000000 137.000000 300.000000 0.173703
137.000000 136.000000 300.000000 0.173703
139.000000 138.000000 300.000000 0.153553
138.000000 139.000000 300.000000 0.153553
128.000000 138.000000 300.000000 0.295813
138.000000 128.000000 300.000000 0.295813
135.000000 138.000000 300.000000 0.117753
138.000000 135.000000 300.000000 0.117753
130.000000 139.000000 300.000000 0.304787
139.000000 130.000000 300.000000 0.304787
138.000000 139.000000 300.000000 0.153553
139.000000 138.000000 300.000000 0.153553
234.000000 139.000000 300.000000 0.218573
139.000000 234.000000 300.000000 0.218573
132.000000 140.000000 300.000000 0.274097
140.000000 132.000000 300.000000 0.274097
0.000000 141.000000 300.000000 0.061853
141.000000 0.000000 300.000000 0.061853
145.000000 143.000000 300.000000 0.020307
143.000000 145.000000 300.000000 0.020307
144.000000 143.000000 300.000000 0.170610
143.000000 144.000000 300.000000 0.170610
143.000000 144.000000 300.000000 0.170610
144.000000 143.000000 300.000000 0.170610
143.000000 145.000000 300.000000 0.020307
145.000000 143.000000 300.000000 0.020307
146.000000 145.000000 300.000000 0.497120
145.000000 146.000000 300.000000 0.497120
145.000000 146.000000 300.000000 0.497120
146.000000 145.000000 300.000000 0.497120
152.000000 147.000000 300.000000 0.056107
147.000000 152.000000 300.000000 0.056107
149.000000 147.000000 300.000000 0.381100
147.000000 149.000000 300.000000 0.381100
149.000000 148.000000 300.000000 0.308213
148.000000 149.000000 300.000000 0.308213
148.000000 149.000000 300.000000 0.308213
149.000000 148.000000 300.000000 0.308213
150.000000 149.000000 300.000000 0.489913
149.000000 150.000000 300.000000 0.489913
147.000000 149.000000 300.000000 0.381100
149.000000 147.000000 300.000000 0.381100
149.000000 150.000000 300.000000 0.489913
150.000000 149.000000 300.000000 0.489913
184.000000 150.000000 300.000000 0.555020
150.000000 184.000000 300.000000 0.555020
109.000000 150.000000 300.000000 0.327367
150.000000 109.000000 300.000000 0.327367
147.000000 152.000000 300.000000 0.056107
152.000000 147.000000 300.000000 0.056107
102.000000 153.000000 300.000000 0.097977
153.000000 102.000000 300.000000 0.097977
178.000000 153.000000 300.000000 0.025063
153.000000 178.000000 300.000000 0.025063
112.000000 154.000000 300.000000 0.378117
154.000000 112.000000 300.000000 0.378117
171.000000 154.000000 300.000000 0.358713
154.000000 171.000000 300.000000 0.358713
111.000000 154.000000 300.000000 0.577273
154.000000 111.000000 300.000000 0.577273
113.000000 155.000000 300.000000 0.247493
155.000000 113.000000 300.000000 0.247493
116.000000 155.000000 300.000000 0.189947
155.000000 116.000000 300.000000 0.189947
115.000000 155.000000 300.000000 0.244750
155.000000 115.000000 300.000000 0.244750
117.000000 155.000000 300.000000 0.167490
155.000000 117.000000 300.000000 0.167490
171.000000 156.000000 300.000000 0.335450
156.000000 171.000000 300.000000 0.335450
172.000000 156.000000 300.000000 0.565003
156.000000 172.000000 300.000000 0.565003
157.000000 156.000000 300.000000 0.561477
156.000000 157.000000 300.000000 0.561477
163.000000 156.000000 300.000000 0.346320
156.000000 163.000000 300.000000 0.346320
85.000000 157.000000 300.000000 0.174777
157.000000 85.000000 300.000000 0.174777
156.000000 157.000000 300.000000 0.561477
157.000000 156.000000 300.000000 0.561477
160.000000 157.000000 300.000000 0.561373
157.000000 160.000000 300.000000 0.561373
164.000000 157.000000 300.000000 0.346457
157.000000 164.000000 300.000000 0.346457
94.000000 158.000000 300.000000 0.168110
158.000000 94.000000 300.000000 0.168110
159.000000 158.000000 300.000000 0.185913
158.000000 159.000000 300.000000 0.185913
96.000000 158.000000 300.000000 0.127757
158.000000 96.000000 300.000000 0.127757
92.000000 158.000000 300.000000 0.520937
158.000000 92.000000 300.000000 0.520937
92.000000 159.000000 300.000000 0.340573
159.000000 92.000000 300.000000 0.340573
158.000000 159.000000 300.000000 0.185913
159.000000 158.000000 300.000000 0.185913
161.000000 159.000000 300.000000 0.176053
159.000000 161.000000 300.000000 0.176053
93.000000 159.000000 300.000000 0.673157
159.000000 93.000000 300.000000 0.673157
86.000000 160.000000 300.000000 0.161147
160.000000 86.000000 300.000000 0.161147
157.000000 160.000000 300.000000 0.561373
160.000000 157.000000 300.000000 0.561373
165.000000 160.000000 300.000000 0.346237
160.000000 165.000000 300.000000 0.346237
84.000000 160.000000 300.000000 0.556403
160.000000 84.000000 300.000000 0.556403
90.000000 161.000000 300.000000 0.342367
161.000000 90.000000 300.000000 0.342367
159.000000 161.000000 300.000000 0.176053
161.000000 159.000000 300.000000 0.176053
162.000000 161.000000 300.000000 0.191350
161.000000 162.000000 300.000000 0.191350
91.000000 161.000000 300.000000 0.670703
161.000000 91.000000 300.000000 0.670703
172.000000 162.000000 300.000000 0.339033
162.000000 172.000000 300.000000 0.339033
82.000000 162.000000 300.000000 0.338063
162.000000 82.000000 300.000000 0.338063
161.000000 162.000000 300.000000 0.191350
162.000000 161.000000 300.000000 0.191350
88.000000 162.000000 300.000000 0.323070
162.000000 88.000000 300.000000 0.323070
88.000000 163.000000 300.000000 0.236540
163.000000 88.000000 300.000000 0.236540
87.000000 163.000000 300.000000 0.257933
163.000000 87.000000 300.000000 0.257933
156.000000 163.000000 300.000000 0.346320
163.000000 156.000000 300.000000 0.346320
166.000000 163.000000 300.000000 0.332653
163.000000 166.000000 300.000000 0.332653
81.000000 164.000000 300.000000 0.334087
164.000000 81.000000 300.000000 0.334087
87.000000 164.000000 300.000000 0.308287
164.000000 87.000000 300.000000 0.308287
157.000000 164.000000 300.000000 0.346457
164.000000 157.000000 300.000000 0.346457
165.000000 164.000000 300.000000 0.559060
164.000000 165.000000 300.000000 0.559060
80.000000 165.000000 300.000000 0.336413
165.000000 80.000000 300.000000 0.336413
160.000000 165.000000 300.000000 0.346237
165.000000 160.000000 300.000000 0.346237
164.000000 165.000000 300.000000 0.559060
165.000000 164.000000 300.000000 0.559060
83.000000 165.000000 300.000000 0.557127
165.000000 83.000000 300.000000 0.557127
77.000000 166.000000 300.000000 0.341840
166.000000 77.000000 300.000000 0.341840
89.000000 166.000000 300.000000 0.236050
166.000000 89.000000 300.000000 0.236050
81.000000 166.000000 300.000000 0.575110
166.000000 81.000000 300.000000 0.575110
163.000000 166.000000 300.000000 0.332653
166.000000 163.000000 300.000000 0.332653
32.000000 167.000000 300.000000 0.557470
167.000000 32.000000 300.000000 0.557470
56.000000 167.000000 300.000000 0.547937
167.000000 56.000000 300.000000 0.547937
47.000000 167.000000 300.000000 0.340977
167.000000 47.000000 300.000000 0.340977
169.000000 167.000000 300.000000 0.340523
167.000000 169.000000 300.000000 0.340523
32.000000 168.000000 300.000000 0.350197
168.000000 32.000000 300.000000 0.350197
38.000000 168.000000 300.000000 0.184303
168.000000 38.000000 300.000000 0.184303
231.000000 168.000000 300.000000 0.088323
168.000000 231.000000 300.000000 0.088323
174.000000 168.000000 300.000000 0.583727
168.000000 174.000000 300.000000 0.583727
39.000000 169.000000 300.000000 0.181630
169.000000 39.000000 300.000000 0.181630
231.000000 169.000000 300.000000 0.467093
169.000000 231.000000 300.000000 0.467093
10.000000 169.000000 300.000000 0.544710
169.000000 10.000000 300.000000 0.544710
167.000000 169.000000 300.000000 0.340523
169.000000 167.000000 300.000000 0.340523
28.000000 170.000000 300.000000 0.325707
170.000000 28.000000 300.000000 0.325707
29.000000 170.000000 300.000000 1.077703
170.000000 29.000000 300.000000 1.077703
30.000000 170.000000 300.000000 0.221763
170.000000 30.000000 300.000000 0.221763
154.000000 171.000000 300.000000 0.358713
171.000000 154.000000 300.000000 0.358713
156.000000 171.000000 300.000000 0.335450
171.000000 156.000000 300.000000 0.335450
108.000000 171.000000 300.000000 0.566557
171.000000 108.000000 300.000000 0.566557
76.000000 171.000000 300.000000 0.565867
171.000000 76.000000 300.000000 0.565867
162.000000 172.000000 300.000000 0.339033
172.000000 162.000000 300.000000 0.339033
90.000000 172.000000 300.000000 0.183950
172.000000 90.000000 300.000000 0.183950
156.000000 172.000000 300.000000 0.565003
172.000000 156.000000 300.000000 0.565003
108.000000 172.000000 300.000000 0.342440
172.000000 108.000000 300.000000 0.342440
210.000000 173.000000 300.000000 0.095223
173.000000 210.000000 300.000000 0.095223
58.000000 173.000000 300.000000 0.198357
173.000000 58.000000 300.000000 0.198357
32.000000 173.000000 300.000000 0.589850
173.000000 32.000000 300.000000 0.589850
59.000000 173.000000 300.000000 0.542217
173.000000 59.000000 300.000000 0.542217
58.000000 174.000000 300.000000 0.142943
174.000000 58.000000 300.000000 0.142943
31.000000 174.000000 300.000000 0.323517
174.000000 31.000000 300.000000 0.323517
60.000000 174.000000 300.000000 0.552230
174.000000 60.000000 300.000000 0.552230
168.000000 174.000000 300.000000 0.583727
174.000000 168.000000 300.000000 0.583727
175.000000 16.000000 300.000000 0.404257
225.000000 175.000000 300.000000 0.551840
175.000000 225.000000 300.000000 0.551840
177.000000 176.000000 300.000000 0.327330
176.000000 177.000000 300.000000 0.327330
227.000000 176.000000 300.000000 0.109303
176.000000 227.000000 300.000000 0.109303
225.000000 176.000000 300.000000 0.477113
176.000000 225.000000 300.000000 0.477113
176.000000 177.000000 300.000000 0.327330
177.000000 176.000000 300.000000 0.327330
177.000000 182.000000 300.000000 0.109040
153.000000 178.000000 300.000000 0.025063
178.000000 153.000000 300.000000 0.025063
184.000000 178.000000 300.000000 0.717487
178.000000 184.000000 300.000000 0.717487
180.000000 179.000000 300.000000 0.028197
179.000000 180.000000 300.000000 0.028197
179.000000 209.000000 300.000000 0.473387
179.000000 180.000000 300.000000 0.028197
180.000000 179.000000 300.000000 0.028197
180.000000 21.000000 300.000000 0.691003
181.000000 9.000000 300.000000 0.181807
2.000000 182.000000 300.000000 0.030887
182.000000 2.000000 300.000000 0.030887
182.000000 183.000000 300.000000 0.334707
183.000000 7.000000 300.000000 0.258360
178.000000 184.000000 300.000000 0.717487
184.000000 178.000000 300.000000 0.717487
150.000000 184.000000 300.000000 0.555020
184.000000 150.000000 300.000000 0.555020
185.000000 1.000000 300.000000 0.464117
185.000000 84.000000 300.000000 0.296703
35.000000 186.000000 300.000000 0.546177
186.000000 35.000000 300.000000 0.546177
186.000000 11.000000 300.000000 0.335337
187.000000 202.000000 300.000000 0.015073
188.000000 203.000000 300.000000 0.490920
188.000000 4.000000 300.000000 1.199123
87.000000 189.000000 300.000000 0.208957
189.000000 87.000000 300.000000 0.208957
190.000000 50.000000 300.000000 0.150990
192.000000 190.000000 300.000000 0.029767
190.000000 192.000000 300.000000 0.029767
70.000000 191.000000 300.000000 0.182373
191.000000 70.000000 300.000000 0.182373
68.000000 191.000000 300.000000 0.643420
191.000000 68.000000 300.000000 0.643420
67.000000 191.000000 300.000000 0.738680
191.000000 67.000000 300.000000 0.738680
70.000000 192.000000 300.000000 0.186363
192.000000 70.000000 300.000000 0.186363
190.000000 192.000000 300.000000 0.029767
192.000000 190.000000 300.000000 0.029767
192.000000 51.000000 300.000000 0.654100
193.000000 228.000000 300.000000 0.562047
194.000000 193.000000 300.000000 0.394897
193.000000 194.000000 300.000000 0.394897
194.000000 16.000000 300.000000 0.074933
193.000000 194.000000 300.000000 0.394897
194.000000 193.000000 300.000000 0.394897
197.000000 196.000000 300.000000 0.502300
196.000000 197.000000 300.000000 0.502300
197.000000 5.000000 300.000000 0.237067
196.000000 197.000000 300.000000 0.502300
197.000000 196.000000 300.000000 0.502300
134.000000 198.000000 300.000000 0.134833
198.000000 134.000000 300.000000 0.134833
58.000000 199.000000 300.000000 0.264767
199.000000 58.000000 300.000000 0.264767
200.000000 118.000000 300.000000 0.538630
119.000000 200.000000 300.000000 0.606213
200.000000 119.000000 300.000000 0.606213
201.000000 207.000000 300.000000 0.169180
202.000000 4.000000 300.000000 0.986223
202.000000 6.000000 300.000000 1.051397
203.000000 107.000000 300.000000 0.026763
204.000000 15.000000 300.000000 0.180517
205.000000 204.000000 300.000000 0.027713
207.000000 206.000000 300.000000 0.201043
206.000000 207.000000 300.000000 0.201043
206.000000 207.000000 300.000000 0.201043
207.000000 206.000000 300.000000 0.201043
207.000000 181.000000 300.000000 0.224840
209.000000 208.000000 300.000000 0.678817
208.000000 209.000000 300.000000 0.678817
209.000000 201.000000 300.000000 0.031257
208.000000 209.000000 300.000000 0.678817
209.000000 208.000000 300.000000 0.678817
211.000000 210.000000 300.000000 0.142730
210.000000 211.000000 300.000000 0.142730
173.000000 210.000000 300.000000 0.095223
210.000000 173.000000 300.000000 0.095223
216.000000 210.000000 300.000000 0.017767
210.000000 216.000000 300.000000 0.017767
45.000000 211.000000 300.000000 0.100360
211.000000 45.000000 300.000000 0.100360
210.000000 211.000000 300.000000 0.142730
211.000000 210.000000 300.000000 0.142730
215.000000 211.000000 300.000000 0.020820
211.000000 215.000000 300.000000 0.020820
212.000000 213.000000 300.000000 0.143980
212.000000 214.000000 300.000000 0.123073
213.000000 124.000000 300.000000 1.069770
130.000000 214.000000 300.000000 0.126163
214.000000 130.000000 300.000000 0.126163
214.000000 213.000000 300.000000 0.098727
211.000000 215.000000 300.000000 0.020820
215.000000 211.000000 300.000000 0.020820
210.000000 216.000000 300.000000 0.017767
216.000000 210.000000 300.000000 0.017767
217.000000 54.000000 300.000000 0.089633
217.000000 55.000000 300.000000 0.032897
218.000000 55.000000 300.000000 0.089957
218.000000 54.000000 300.000000 0.033820
219.000000 75.000000 300.000000 0.265440
220.000000 221.000000 300.000000 0.118663
220.000000 219.000000 300.000000 0.034903
221.000000 47.000000 300.000000 0.176807
222.000000 219.000000 300.000000 0.118907
222.000000 221.000000 300.000000 0.033927
223.000000 71.000000 300.000000 0.211783
224.000000 223.000000 300.000000 0.030577
223.000000 224.000000 300.000000 0.030577
224.000000 73.000000 300.000000 0.340107
223.000000 224.000000 300.000000 0.030577
224.000000 223.000000 300.000000 0.030577
176.000000 225.000000 300.000000 0.477113
225.000000 176.000000 300.000000 0.477113
175.000000 225.000000 300.000000 0.551840
225.000000 175.000000 300.000000 0.551840
226.000000 225.000000 300.000000 0.133297
225.000000 226.000000 300.000000 0.133297
225.000000 226.000000 300.000000 0.133297
226.000000 225.000000 300.000000 0.133297
176.000000 227.000000 300.000000 0.109303
227.000000 176.000000 300.000000 0.109303
229.000000 228.000000 300.000000 0.157743
228.000000 229.000000 300.000000 0.157743
228.000000 9.000000 300.000000 1.141263
228.000000 229.000000 300.000000 0.157743
229.000000 228.000000 300.000000 0.157743
231.000000 230.000000 300.000000 0.146937
230.000000 231.000000 300.000000 0.146937
168.000000 231.000000 300.000000 0.088323
231.000000 168.000000 300.000000 0.088323
230.000000 231.000000 300.000000 0.146937
231.000000 230.000000 300.000000 0.146937
169.000000 231.000000 300.000000 0.467093
231.000000 169.000000 300.000000 0.467093
232.000000 78.000000 300.000000 0.158057
233.000000 232.000000 300.000000 0.162120
232.000000 233.000000 300.000000 0.162120
232.000000 233.000000 300.000000 0.162120
233.000000 232.000000 300.000000 0.162120
139.000000 234.000000 300.000000 0.218573
234.000000 139.000000 300.000000 0.218573
