0.000000 49.000000 300.000000 0.300440
1.000000 51.000000 300.000000 0.501303
1.000000 52.000000 300.000000 1.176377
22.000000 2.000000 300.000000 1.554033
2.000000 22.000000 300.000000 1.554033
2.000000 20.000000 300.000000 3.180190
3.000000 24.000000 300.000000 0.323443
4.000000 7.000000 300.000000 0.812593
4.000000 6.000000 300.000000 0.340117
5.000000 147.000000 300.000000 0.833457
6.000000 3.000000 300.000000 0.460460
8.000000 18.000000 300.000000 1.299923
9.000000 173.000000 300.000000 0.172180
9.000000 10.000000 300.000000 0.483133
10.000000 5.000000 300.000000 1.633487
11.000000 10.000000 300.000000 0.270327
11.000000 173.000000 300.000000 0.511940
12.000000 108.000000 300.000000 0.304667
143.000000 12.000000 300.000000 0.411457
12.000000 143.000000 300.000000 0.411457
13.000000 14.000000 300.000000 0.261797
15.000000 17.000000 300.000000 0.034570
15.000000 33.000000 300.000000 0.556723
16.000000 15.000000 300.000000 0.039023
16.000000 37.000000 300.000000 0.414963
17.000000 178.000000 300.000000 0.039733
18.000000 5.000000 300.000000 0.160793
18.000000 148.000000 300.000000 1.220047
19.000000 62.000000 300.000000 0.282980
19.000000 188.000000 300.000000 0.358160
20.000000 21.000000 300.000000 0.942010
21.000000 59.000000 300.000000 1.963103
2.000000 22.000000 300.000000 1.554033
22.000000 2.000000 300.000000 1.554033
125.000000 23.000000 300.000000 0.183690
23.000000 125.000000 300.000000 0.183690
24.000000 22.000000 300.000000 0.226540
125.000000 24.000000 300.000000 0.560050
24.000000 125.000000 300.000000 0.560050
25.000000 43.000000 300.000000 0.185863
27.000000 26.000000 300.000000 0.267600
30.000000 29.000000 300.000000 0.320203
29.000000 30.000000 300.000000 0.320203
31.000000 29.000000 300.000000 0.439930
29.000000 31.000000 300.000000 0.439930
119.000000 30.000000 300.000000 0.178250
30.000000 119.000000 300.000000 0.178250
29.000000 30.000000 300.000000 0.320203
30.000000 29.000000 300.000000 0.320203
29.000000 31.000000 300.000000 0.439930
31.000000 29.000000 300.000000 0.439930
169.000000 31.000000 300.000000 0.251967
31.000000 169.000000 300.000000 0.251967
32.000000 167.000000 300.000000 0.049553
183.000000 32.000000 300.000000 0.791963
32.000000 183.000000 300.000000 0.791963
146.000000 33.000000 300.000000 0.047867
33.000000 146.000000 300.000000 0.047867
33.000000 133.000000 300.000000 0.051323
37.000000 34.000000 300.000000 0.038140
34.000000 37.000000 300.000000 0.038140
34.000000 15.000000 300.000000 0.413993
158.000000 35.000000 300.000000 0.184247
35.000000 158.000000 300.000000 0.184247
37.000000 160.000000 300.000000 0.187227
130.000000 37.000000 300.000000 0.022530
37.000000 130.000000 300.000000 0.022530
34.000000 37.000000 300.000000 0.038140
37.000000 34.000000 300.000000 0.038140
39.000000 38.000000 300.000000 0.412593
38.000000 39.000000 300.000000 0.412593
114.000000 38.000000 300.000000 0.483013
38.000000 114.000000 300.000000 0.483013
130.000000 38.000000 300.000000 0.146413
38.000000 130.000000 300.000000 0.146413
38.000000 39.000000 300.000000 0.412593
39.000000 38.000000 300.000000 0.412593
39.000000 16.000000 300.000000 0.161097
40.000000 154.000000 300.000000 0.834567
162.000000 41.000000 300.000000 0.029507
41.000000 162.000000 300.000000 0.029507
41.000000 34.000000 300.000000 0.759897
42.000000 64.000000 300.000000 3.071367
43.000000 7.000000 300.000000 0.189287
43.000000 6.000000 300.000000 0.969387
47.000000 44.000000 300.000000 0.361513
44.000000 47.000000 300.000000 0.361513
45.000000 46.000000 300.000000 0.356400
47.000000 46.000000 300.000000 0.704323
44.000000 47.000000 300.000000 0.361513
47.000000 44.000000 300.000000 0.361513
48.000000 42.000000 300.000000 0.730837
49.000000 50.000000 300.000000 0.264260
50.000000 40.000000 300.000000 0.293673
52.000000 53.000000 300.000000 0.519430
52.000000 56.000000 300.000000 0.076583
53.000000 145.000000 300.000000 0.693740
56.000000 54.000000 300.000000 0.028883
54.000000 56.000000 300.000000 0.028883
54.000000 51.000000 300.000000 0.985290
55.000000 57.000000 300.000000 0.397837
56.000000 68.000000 300.000000 0.112880
54.000000 56.000000 300.000000 0.028883
56.000000 54.000000 300.000000 0.028883
57.000000 144.000000 300.000000 0.446663
58.000000 68.000000 300.000000 0.231287
58.000000 60.000000 300.000000 0.408357
59.000000 53.000000 300.000000 0.312050
59.000000 58.000000 300.000000 0.346797
62.000000 63.000000 300.000000 0.176200
63.000000 45.000000 300.000000 0.053997
64.000000 19.000000 300.000000 0.196743
64.000000 65.000000 300.000000 0.644800
65.000000 0.000000 300.000000 3.529947
112.000000 66.000000 300.000000 0.358810
66.000000 112.000000 300.000000 0.358810
66.000000 137.000000 300.000000 0.022603
144.000000 67.000000 300.000000 0.190447
67.000000 144.000000 300.000000 0.190447
68.000000 69.000000 300.000000 0.028650
69.000000 54.000000 300.000000 0.111537
69.000000 57.000000 300.000000 0.227030
70.000000 139.000000 300.000000 0.726957
70.000000 17.000000 300.000000 0.401607
73.000000 71.000000 300.000000 0.163300
71.000000 73.000000 300.000000 0.163300
88.000000 71.000000 300.000000 0.158233
71.000000 88.000000 300.000000 0.158233
75.000000 71.000000 300.000000 0.344107
71.000000 75.000000 300.000000 0.344107
87.000000 71.000000 300.000000 0.155547
71.000000 87.000000 300.000000 0.155547
176.000000 72.000000 300.000000 0.391913
72.000000 176.000000 300.000000 0.391913
83.000000 72.000000 300.000000 0.134020
72.000000 83.000000 300.000000 0.134020
76.000000 72.000000 300.000000 0.131940
72.000000 76.000000 300.000000 0.131940
71.000000 73.000000 300.000000 0.163300
73.000000 71.000000 300.000000 0.163300
81.000000 73.000000 300.000000 0.149153
73.000000 81.000000 300.000000 0.149153
84.000000 73.000000 300.000000 0.155330
73.000000 84.000000 300.000000 0.155330
176.000000 74.000000 300.000000 0.062700
74.000000 176.000000 300.000000 0.062700
175.000000 74.000000 300.000000 0.143773
74.000000 175.000000 300.000000 0.143773
89.000000 74.000000 300.000000 0.144820
74.000000 89.000000 300.000000 0.144820
177.000000 74.000000 300.000000 0.133910
74.000000 177.000000 300.000000 0.133910
77.000000 75.000000 300.000000 0.167663
75.000000 77.000000 300.000000 0.167663
71.000000 75.000000 300.000000 0.344107
75.000000 71.000000 300.000000 0.344107
82.000000 75.000000 300.000000 0.153243
75.000000 82.000000 300.000000 0.153243
174.000000 75.000000 300.000000 0.137057
75.000000 174.000000 300.000000 0.137057
177.000000 76.000000 300.000000 0.441993
76.000000 177.000000 300.000000 0.441993
72.000000 76.000000 300.000000 0.131940
76.000000 72.000000 300.000000 0.131940
90.000000 76.000000 300.000000 0.135203
76.000000 90.000000 300.000000 0.135203
87.000000 77.000000 300.000000 0.149733
77.000000 87.000000 300.000000 0.149733
75.000000 77.000000 300.000000 0.167663
77.000000 75.000000 300.000000 0.167663
79.000000 77.000000 300.000000 0.156147
77.000000 79.000000 300.000000 0.156147
90.000000 78.000000 300.000000 0.139040
78.000000 90.000000 300.000000 0.139040
77.000000 79.000000 300.000000 0.156147
79.000000 77.000000 300.000000 0.156147
84.000000 79.000000 300.000000 0.146383
79.000000 84.000000 300.000000 0.146383
83.000000 79.000000 300.000000 0.135450
79.000000 83.000000 300.000000 0.135450
88.000000 80.000000 300.000000 0.242643
80.000000 88.000000 300.000000 0.242643
81.000000 80.000000 300.000000 0.217327
80.000000 81.000000 300.000000 0.217327
141.000000 80.000000 300.000000 0.319567
80.000000 141.000000 300.000000 0.319567
88.000000 81.000000 300.000000 0.103943
81.000000 88.000000 300.000000 0.103943
73.000000 81.000000 300.000000 0.149153
81.000000 73.000000 300.000000 0.149153
80.000000 81.000000 300.000000 0.217327
81.000000 80.000000 300.000000 0.217327
174.000000 82.000000 300.000000 0.066917
82.000000 174.000000 300.000000 0.066917
175.000000 82.000000 300.000000 0.009713
82.000000 175.000000 300.000000 0.009713
75.000000 82.000000 300.000000 0.153243
82.000000 75.000000 300.000000 0.153243
174.000000 83.000000 300.000000 0.323880
83.000000 174.000000 300.000000 0.323880
79.000000 83.000000 300.000000 0.135450
83.000000 79.000000 300.000000 0.135450
72.000000 83.000000 300.000000 0.134020
83.000000 72.000000 300.000000 0.134020
87.000000 84.000000 300.000000 0.155720
84.000000 87.000000 300.000000 0.155720
73.000000 84.000000 300.000000 0.155330
84.000000 73.000000 300.000000 0.155330
79.000000 84.000000 300.000000 0.146383
84.000000 79.000000 300.000000 0.146383
187.000000 85.000000 300.000000 0.106587
85.000000 187.000000 300.000000 0.106587
90.000000 85.000000 300.000000 0.390690
85.000000 90.000000 300.000000 0.390690
187.000000 86.000000 300.000000 0.074807
86.000000 187.000000 300.000000 0.074807
115.000000 86.000000 300.000000 0.258483
86.000000 115.000000 300.000000 0.258483
89.000000 86.000000 300.000000 0.152763
86.000000 89.000000 300.000000 0.152763
77.000000 87.000000 300.000000 0.149733
87.000000 77.000000 300.000000 0.149733
84.000000 87.000000 300.000000 0.155720
87.000000 84.000000 300.000000 0.155720
71.000000 87.000000 300.000000 0.155547
87.000000 71.000000 300.000000 0.155547
81.000000 88.000000 300.000000 0.103943
88.000000 81.000000 300.000000 0.103943
71.000000 88.000000 300.000000 0.158233
88.000000 71.000000 300.000000 0.158233
80.000000 88.000000 300.000000 0.242643
88.000000 80.000000 300.000000 0.242643
177.000000 89.000000 300.000000 0.062297
89.000000 177.000000 300.000000 0.062297
74.000000 89.000000 300.000000 0.144820
89.000000 74.000000 300.000000 0.144820
187.000000 89.000000 300.000000 0.135150
89.000000 187.000000 300.000000 0.135150
86.000000 89.000000 300.000000 0.152763
89.000000 86.000000 300.000000 0.152763
85.000000 90.000000 300.000000 0.390690
90.000000 85.000000 300.000000 0.390690
76.000000 90.000000 300.000000 0.135203
90.000000 76.000000 300.000000 0.135203
78.000000 90.000000 300.000000 0.139040
90.000000 78.000000 300.000000 0.139040
149.000000 91.000000 300.000000 0.386843
91.000000 149.000000 300.000000 0.386843
92.000000 13.000000 300.000000 1.030440
93.000000 92.000000 300.000000 1.064060
94.000000 32.000000 300.000000 0.104540
94.000000 167.000000 300.000000 0.115580
95.000000 96.000000 300.000000 0.244503
96.000000 94.000000 300.000000 0.874223
100.000000 97.000000 300.000000 0.469647
97.000000 100.000000 300.000000 0.469647
104.000000 97.000000 300.000000 0.327010
97.000000 104.000000 300.000000 0.327010
157.000000 97.000000 300.000000 0.199107
97.000000 157.000000 300.000000 0.199107
102.000000 98.000000 300.000000 0.270507
98.000000 102.000000 300.000000 0.270507
103.000000 98.000000 300.000000 0.741103
98.000000 103.000000 300.000000 0.741103
100.000000 99.000000 300.000000 0.368147
99.000000 100.000000 300.000000 0.368147
118.000000 99.000000 300.000000 0.837983
99.000000 118.000000 300.000000 0.837983
127.000000 99.000000 300.000000 0.715817
99.000000 127.000000 300.000000 0.715817
97.000000 100.000000 300.000000 0.469647
100.000000 97.000000 300.000000 0.469647
99.000000 100.000000 300.000000 0.368147
100.000000 99.000000 300.000000 0.368147
101.000000 100.000000 300.000000 0.110297
100.000000 101.000000 300.000000 0.110297
128.000000 101.000000 300.000000 0.068683
101.000000 128.000000 300.000000 0.068683
100.000000 101.000000 300.000000 0.110297
101.000000 100.000000 300.000000 0.110297
127.000000 101.000000 300.000000 0.269063
101.000000 127.000000 300.000000 0.269063
98.000000 102.000000 300.000000 0.270507
102.000000 98.000000 300.000000 0.270507
128.000000 102.000000 300.000000 0.881363
102.000000 128.000000 300.000000 0.881363
127.000000 102.000000 300.000000 1.238007
102.000000 127.000000 300.000000 1.238007
157.000000 103.000000 300.000000 0.122243
103.000000 157.000000 300.000000 0.122243
98.000000 103.000000 300.000000 0.664960
103.000000 98.000000 300.000000 0.664960
157.000000 104.000000 300.000000 0.225050
104.000000 157.000000 300.000000 0.225050
97.000000 104.000000 300.000000 0.327010
104.000000 97.000000 300.000000 0.327010
172.000000 104.000000 300.000000 0.156703
104.000000 172.000000 300.000000 0.156703
105.000000 61.000000 300.000000 1.259797
107.000000 8.000000 300.000000 0.892337
108.000000 168.000000 300.000000 0.170410
109.000000 108.000000 300.000000 0.362177
108.000000 109.000000 300.000000 0.362177
108.000000 109.000000 300.000000 0.362177
109.000000 108.000000 300.000000 0.362177
111.000000 110.000000 300.000000 0.355097
110.000000 111.000000 300.000000 0.355097
110.000000 66.000000 300.000000 0.302930
110.000000 111.000000 300.000000 0.355097
111.000000 110.000000 300.000000 0.355097
66.000000 112.000000 300.000000 0.358810
112.000000 66.000000 300.000000 0.358810
143.000000 113.000000 300.000000 0.294013
113.000000 143.000000 300.000000 0.294013
114.000000 113.000000 300.000000 0.514200
113.000000 114.000000 300.000000 0.514200
113.000000 114.000000 300.000000 0.514200
114.000000 113.000000 300.000000 0.514200
38.000000 114.000000 300.000000 0.483013
114.000000 38.000000 300.000000 0.483013
116.000000 115.000000 300.000000 0.315470
115.000000 116.000000 300.000000 0.315470
86.000000 115.000000 300.000000 0.258483
115.000000 86.000000 300.000000 0.258483
115.000000 116.000000 300.000000 0.315470
116.000000 115.000000 300.000000 0.315470
117.000000 116.000000 300.000000 0.110627
116.000000 117.000000 300.000000 0.110627
116.000000 117.000000 300.000000 0.110627
117.000000 116.000000 300.000000 0.110627
183.000000 118.000000 300.000000 0.011523
118.000000 183.000000 300.000000 0.011523
163.000000 118.000000 300.000000 0.110157
118.000000 163.000000 300.000000 0.110157
99.000000 118.000000 300.000000 0.837983
118.000000 99.000000 300.000000 0.837983
30.000000 119.000000 300.000000 0.178250
119.000000 30.000000 300.000000 0.178250
121.000000 120.000000 300.000000 0.633210
120.000000 121.000000 300.000000 0.633210
120.000000 121.000000 300.000000 0.633210
121.000000 120.000000 300.000000 0.633210
122.000000 121.000000 300.000000 0.201617
121.000000 122.000000 300.000000 0.201617
180.000000 121.000000 300.000000 0.146217
121.000000 180.000000 300.000000 0.146217
122.000000 124.000000 300.000000 0.177863
121.000000 122.000000 300.000000 0.201617
122.000000 121.000000 300.000000 0.201617
124.000000 120.000000 300.000000 0.416883
23.000000 125.000000 300.000000 0.183690
125.000000 23.000000 300.000000 0.183690
24.000000 125.000000 300.000000 0.560050
125.000000 24.000000 300.000000 0.560050
126.000000 125.000000 300.000000 0.320283
125.000000 126.000000 300.000000 0.320283
125.000000 126.000000 300.000000 0.320283
126.000000 125.000000 300.000000 0.320283
99.000000 127.000000 300.000000 0.715817
127.000000 99.000000 300.000000 0.715817
102.000000 127.000000 300.000000 1.238007
127.000000 102.000000 300.000000 1.238007
101.000000 127.000000 300.000000 0.269063
127.000000 101.000000 300.000000 0.269063
101.000000 128.000000 300.000000 0.068683
128.000000 101.000000 300.000000 0.068683
102.000000 128.000000 300.000000 0.881363
128.000000 102.000000 300.000000 0.881363
129.000000 128.000000 300.000000 0.203003
128.000000 129.000000 300.000000 0.203003
128.000000 129.000000 300.000000 0.203003
129.000000 128.000000 300.000000 0.203003
37.000000 130.000000 300.000000 0.022530
130.000000 37.000000 300.000000 0.022530
130.000000 159.000000 300.000000 0.186490
38.000000 130.000000 300.000000 0.146413
130.000000 38.000000 300.000000 0.146413
132.000000 131.000000 300.000000 0.392297
131.000000 132.000000 300.000000 0.392297
131.000000 135.000000 300.000000 0.224000
131.000000 132.000000 300.000000 0.392297
132.000000 131.000000 300.000000 0.392297
133.000000 136.000000 300.000000 0.127393
133.000000 134.000000 300.000000 0.105440
134.000000 146.000000 300.000000 0.128973
135.000000 134.000000 300.000000 0.137400
135.000000 136.000000 300.000000 0.123423
136.000000 152.000000 300.000000 0.475647
137.000000 140.000000 300.000000 0.125750
137.000000 138.000000 300.000000 0.120090
138.000000 107.000000 300.000000 0.399700
139.000000 138.000000 300.000000 0.147027
139.000000 140.000000 300.000000 0.150223
140.000000 39.000000 300.000000 0.237133
141.000000 150.000000 300.000000 0.092977
80.000000 141.000000 300.000000 0.319567
141.000000 80.000000 300.000000 0.319567
113.000000 143.000000 300.000000 0.294013
143.000000 113.000000 300.000000 0.294013
12.000000 143.000000 300.000000 0.411457
143.000000 12.000000 300.000000 0.411457
67.000000 144.000000 300.000000 0.190447
144.000000 67.000000 300.000000 0.190447
144.000000 170.000000 300.000000 0.441960
145.000000 166.000000 300.000000 0.882520
145.000000 170.000000 300.000000 0.483073
33.000000 146.000000 300.000000 0.047867
146.000000 33.000000 300.000000 0.047867
146.000000 70.000000 300.000000 0.157587
147.000000 148.000000 300.000000 0.230993
91.000000 149.000000 300.000000 0.386843
149.000000 91.000000 300.000000 0.386843
149.000000 131.000000 300.000000 0.267693
150.000000 182.000000 300.000000 0.083650
151.000000 150.000000 300.000000 0.069083
151.000000 141.000000 300.000000 0.108250
152.000000 185.000000 300.000000 0.039977
153.000000 162.000000 300.000000 0.148367
154.000000 155.000000 300.000000 1.244623
155.000000 156.000000 300.000000 0.803937
156.000000 1.000000 300.000000 0.496090
103.000000 157.000000 300.000000 0.122243
157.000000 103.000000 300.000000 0.122243
104.000000 157.000000 300.000000 0.225050
157.000000 104.000000 300.000000 0.225050
97.000000 157.000000 300.000000 0.199107
157.000000 97.000000 300.000000 0.199107
184.000000 158.000000 300.000000 0.035427
158.000000 184.000000 300.000000 0.035427
185.000000 158.000000 300.000000 0.367690
158.000000 185.000000 300.000000 0.367690
35.000000 158.000000 300.000000 0.184247
158.000000 35.000000 300.000000 0.184247
160.000000 159.000000 300.000000 0.026507
159.000000 160.000000 300.000000 0.026507
159.000000 165.000000 300.000000 0.382000
159.000000 160.000000 300.000000 0.026507
160.000000 159.000000 300.000000 0.026507
160.000000 164.000000 300.000000 0.382057
41.000000 162.000000 300.000000 0.029507
162.000000 41.000000 300.000000 0.029507
162.000000 36.000000 300.000000 0.764163
118.000000 163.000000 300.000000 0.110157
163.000000 118.000000 300.000000 0.110157
165.000000 164.000000 300.000000 0.026700
164.000000 165.000000 300.000000 0.026700
164.000000 165.000000 300.000000 0.026700
165.000000 164.000000 300.000000 0.026700
166.000000 186.000000 300.000000 1.354857
166.000000 171.000000 300.000000 0.465993
168.000000 110.000000 300.000000 0.083233
168.000000 107.000000 300.000000 0.114147
31.000000 169.000000 300.000000 0.251967
169.000000 31.000000 300.000000 0.251967
104.000000 172.000000 300.000000 0.156703
172.000000 104.000000 300.000000 0.156703
173.000000 12.000000 300.000000 0.019647
82.000000 174.000000 300.000000 0.066917
174.000000 82.000000 300.000000 0.066917
83.000000 174.000000 300.000000 0.323880
174.000000 83.000000 300.000000 0.323880
75.000000 174.000000 300.000000 0.137057
174.000000 75.000000 300.000000 0.137057
82.000000 175.000000 300.000000 0.009713
175.000000 82.000000 300.000000 0.009713
74.000000 175.000000 300.000000 0.143773
175.000000 74.000000 300.000000 0.143773
176.000000 175.000000 300.000000 0.127253
175.000000 176.000000 300.000000 0.127253
74.000000 176.000000 300.000000 0.062700
176.000000 74.000000 300.000000 0.062700
72.000000 176.000000 300.000000 0.391913
176.000000 72.000000 300.000000 0.391913
175.000000 176.000000 300.000000 0.127253
176.000000 175.000000 300.000000 0.127253
89.000000 177.000000 300.000000 0.062297
177.000000 89.000000 300.000000 0.062297
76.000000 177.000000 300.000000 0.441993
177.000000 76.000000 300.000000 0.441993
74.000000 177.000000 300.000000 0.133910
177.000000 74.000000 300.000000 0.133910
178.000000 16.000000 300.000000 0.034620
178.000000 139.000000 300.000000 0.285270
179.000000 186.000000 300.000000 0.189670
121.000000 180.000000 300.000000 0.146217
180.000000 121.000000 300.000000 0.146217
182.000000 181.000000 300.000000 0.036610
181.000000 182.000000 300.000000 0.036610
182.000000 149.000000 300.000000 0.255610
181.000000 182.000000 300.000000 0.036610
182.000000 181.000000 300.000000 0.036610
118.000000 183.000000 300.000000 0.011523
183.000000 118.000000 300.000000 0.011523
32.000000 183.000000 300.000000 0.791963
183.000000 32.000000 300.000000 0.791963
158.000000 184.000000 300.000000 0.035427
184.000000 158.000000 300.000000 0.035427
158.000000 185.000000 300.000000 0.367690
185.000000 158.000000 300.000000 0.367690
185.000000 151.000000 300.000000 0.485603
186.000000 48.000000 300.000000 1.746647
86.000000 187.000000 300.000000 0.074807
187.000000 86.000000 300.000000 0.074807
85.000000 187.000000 300.000000 0.106587
187.000000 85.000000 300.000000 0.106587
89.000000 187.000000 300.000000 0.135150
187.000000 89.000000 300.000000 0.135150
188.000000 63.000000 300.000000 0.092560
188.000000 44.000000 300.000000 1.121600
