160.000000 0.000000 300.000000 0.417727
0.000000 160.000000 300.000000 0.417727
1.000000 0.000000 300.000000 0.413273
0.000000 1.000000 300.000000 0.413273
251.000000 0.000000 300.000000 0.450233
0.000000 251.000000 300.000000 0.450233
46.000000 1.000000 300.000000 0.416030
1.000000 46.000000 300.000000 0.416030
0.000000 1.000000 300.000000 0.413273
1.000000 0.000000 300.000000 0.413273
3.000000 2.000000 300.000000 0.263320
2.000000 3.000000 300.000000 0.263320
42.000000 2.000000 300.000000 0.157053
2.000000 42.000000 300.000000 0.157053
211.000000 2.000000 300.000000 0.540100
2.000000 211.000000 300.000000 0.540100
275.000000 3.000000 300.000000 0.257893
3.000000 275.000000 300.000000 0.257893
2.000000 3.000000 300.000000 0.263320
3.000000 2.000000 300.000000 0.263320
216.000000 3.000000 300.000000 0.365150
3.000000 216.000000 300.000000 0.365150
96.000000 3.000000 300.000000 0.436990
3.000000 96.000000 300.000000 0.436990
165.000000 4.000000 300.000000 0.095623
4.000000 165.000000 300.000000 0.095623
275.000000 4.000000 300.000000 0.027913
4.000000 275.000000 300.000000 0.027913
4.000000 226.000000 300.000000 0.199230
165.000000 5.000000 300.000000 0.166553
5.000000 165.000000 300.000000 0.166553
224.000000 5.000000 300.000000 0.364827
5.000000 224.000000 300.000000 0.364827
14.000000 5.000000 300.000000 0.560317
5.000000 14.000000 300.000000 0.560317
218.000000 6.000000 300.000000 0.087513
6.000000 218.000000 300.000000 0.087513
278.000000 6.000000 300.000000 0.665877
6.000000 278.000000 300.000000 0.665877
6.000000 7.000000 300.000000 0.317510
217.000000 7.000000 300.000000 0.180890
7.000000 217.000000 300.000000 0.180890
7.000000 8.000000 300.000000 0.257707
224.000000 8.000000 300.000000 0.189987
8.000000 224.000000 300.000000 0.189987
248.000000 8.000000 300.000000 0.037087
8.000000 248.000000 300.000000 0.037087
223.000000 9.000000 300.000000 0.220350
9.000000 223.000000 300.000000 0.220350
245.000000 9.000000 300.000000 0.363753
9.000000 245.000000 300.000000 0.363753
41.000000 9.000000 300.000000 0.620137
9.000000 41.000000 300.000000 0.620137
266.000000 9.000000 300.000000 0.274347
9.000000 266.000000 300.000000 0.274347
278.000000 10.000000 300.000000 0.359117
10.000000 278.000000 300.000000 0.359117
11.000000 10.000000 300.000000 0.262690
10.000000 11.000000 300.000000 0.262690
266.000000 10.000000 300.000000 0.278333
10.000000 266.000000 300.000000 0.278333
125.000000 10.000000 300.000000 0.201377
10.000000 125.000000 300.000000 0.201377
10.000000 11.000000 300.000000 0.262690
11.000000 10.000000 300.000000 0.262690
116.000000 11.000000 300.000000 0.381920
11.000000 116.000000 300.000000 0.381920
13.000000 11.000000 300.000000 0.554037
11.000000 13.000000 300.000000 0.554037
39.000000 12.000000 300.000000 0.491803
12.000000 39.000000 300.000000 0.491803
11.000000 13.000000 300.000000 0.554037
13.000000 11.000000 300.000000 0.554037
138.000000 13.000000 300.000000 0.315960
13.000000 138.000000 300.000000 0.315960
164.000000 14.000000 300.000000 0.170463
14.000000 164.000000 300.000000 0.170463
15.000000 14.000000 300.000000 0.557767
14.000000 15.000000 300.000000 0.557767
5.000000 14.000000 300.000000 0.560317
14.000000 5.000000 300.000000 0.560317
16.000000 15.000000 300.000000 0.557797
15.000000 16.000000 300.000000 0.557797
14.000000 15.000000 300.000000 0.557767
15.000000 14.000000 300.000000 0.557767
274.000000 15.000000 300.000000 0.167750
15.000000 274.000000 300.000000 0.167750
15.000000 16.000000 300.000000 0.557797
16.000000 15.000000 300.000000 0.557797
16.000000 250.000000 300.000000 0.491150
73.000000 17.000000 300.000000 0.103390
17.000000 73.000000 300.000000 0.103390
189.000000 17.000000 300.000000 0.167543
17.000000 189.000000 300.000000 0.167543
74.000000 17.000000 300.000000 0.263780
17.000000 74.000000 300.000000 0.263780
70.000000 18.000000 300.000000 0.018407
18.000000 70.000000 300.000000 0.018407
71.000000 18.000000 300.000000 0.187207
18.000000 71.000000 300.000000 0.187207
161.000000 18.000000 300.000000 0.194153
18.000000 161.000000 300.000000 0.194153
153.000000 19.000000 300.000000 0.413213
19.000000 153.000000 300.000000 0.413213
26.000000 19.000000 300.000000 0.415353
19.000000 26.000000 300.000000 0.415353
153.000000 20.000000 300.000000 0.196180
20.000000 153.000000 300.000000 0.196180
155.000000 20.000000 300.000000 0.593283
20.000000 155.000000 300.000000 0.593283
117.000000 21.000000 300.000000 0.140570
21.000000 117.000000 300.000000 0.140570
310.000000 21.000000 300.000000 0.383480
21.000000 310.000000 300.000000 0.383480
247.000000 21.000000 300.000000 0.153657
21.000000 247.000000 300.000000 0.153657
265.000000 21.000000 300.000000 0.311980
21.000000 265.000000 300.000000 0.311980
23.000000 22.000000 300.000000 0.076423
22.000000 23.000000 300.000000 0.076423
106.000000 22.000000 300.000000 0.517890
22.000000 106.000000 300.000000 0.517890
22.000000 288.000000 300.000000 0.608533
22.000000 23.000000 300.000000 0.076423
23.000000 22.000000 300.000000 0.076423
23.000000 26.000000 300.000000 0.402810
272.000000 24.000000 300.000000 0.258137
24.000000 272.000000 300.000000 0.258137
161.000000 24.000000 300.000000 0.365290
24.000000 161.000000 300.000000 0.365290
230.000000 24.000000 300.000000 0.388627
24.000000 230.000000 300.000000 0.388627
164.000000 25.000000 300.000000 0.091703
25.000000 164.000000 300.000000 0.091703
277.000000 25.000000 300.000000 0.024853
25.000000 277.000000 300.000000 0.024853
25.000000 4.000000 300.000000 0.558887
249.000000 26.000000 300.000000 0.063970
26.000000 249.000000 300.000000 0.063970
19.000000 26.000000 300.000000 0.415353
26.000000 19.000000 300.000000 0.415353
257.000000 26.000000 300.000000 0.421490
26.000000 257.000000 300.000000 0.421490
235.000000 27.000000 300.000000 0.219270
27.000000 235.000000 300.000000 0.219270
34.000000 28.000000 300.000000 0.414470
28.000000 34.000000 300.000000 0.414470
63.000000 28.000000 300.000000 0.057380
28.000000 63.000000 300.000000 0.057380
156.000000 28.000000 300.000000 0.377373
28.000000 156.000000 300.000000 0.377373
33.000000 29.000000 300.000000 0.047733
29.000000 33.000000 300.000000 0.047733
61.000000 29.000000 300.000000 0.107150
29.000000 61.000000 300.000000 0.107150
59.000000 29.000000 300.000000 0.141057
29.000000 59.000000 300.000000 0.141057
148.000000 30.000000 300.000000 0.154213
30.000000 148.000000 300.000000 0.154213
31.000000 30.000000 300.000000 0.372943
30.000000 31.000000 300.000000 0.372943
32.000000 31.000000 300.000000 0.086483
31.000000 32.000000 300.000000 0.086483
147.000000 31.000000 300.000000 0.054253
31.000000 147.000000 300.000000 0.054253
30.000000 31.000000 300.000000 0.372943
31.000000 30.000000 300.000000 0.372943
152.000000 32.000000 300.000000 0.415107
32.000000 152.000000 300.000000 0.415107
31.000000 32.000000 300.000000 0.086483
32.000000 31.000000 300.000000 0.086483
50.000000 32.000000 300.000000 0.409953
32.000000 50.000000 300.000000 0.409953
29.000000 33.000000 300.000000 0.047733
33.000000 29.000000 300.000000 0.047733
64.000000 33.000000 300.000000 0.249377
33.000000 64.000000 300.000000 0.249377
38.000000 34.000000 300.000000 0.482153
34.000000 38.000000 300.000000 0.482153
28.000000 34.000000 300.000000 0.414470
34.000000 28.000000 300.000000 0.414470
269.000000 34.000000 300.000000 0.440780
34.000000 269.000000 300.000000 0.440780
60.000000 34.000000 300.000000 0.415343
34.000000 60.000000 300.000000 0.415343
43.000000 35.000000 300.000000 0.102320
35.000000 43.000000 300.000000 0.102320
169.000000 35.000000 300.000000 0.231407
35.000000 169.000000 300.000000 0.231407
170.000000 35.000000 300.000000 0.343773
35.000000 170.000000 300.000000 0.343773
287.000000 36.000000 300.000000 0.049863
36.000000 287.000000 300.000000 0.049863
174.000000 36.000000 300.000000 0.249490
36.000000 174.000000 300.000000 0.249490
269.000000 37.000000 300.000000 0.035800
37.000000 269.000000 300.000000 0.035800
270.000000 37.000000 300.000000 0.068053
37.000000 270.000000 300.000000 0.068053
59.000000 37.000000 300.000000 0.284293
37.000000 59.000000 300.000000 0.284293
159.000000 38.000000 300.000000 0.485767
38.000000 159.000000 300.000000 0.485767
49.000000 38.000000 300.000000 0.419817
38.000000 49.000000 300.000000 0.419817
34.000000 38.000000 300.000000 0.482153
38.000000 34.000000 300.000000 0.482153
51.000000 38.000000 300.000000 0.404113
38.000000 51.000000 300.000000 0.404113
44.000000 39.000000 300.000000 0.326630
39.000000 44.000000 300.000000 0.326630
298.000000 39.000000 300.000000 0.200400
39.000000 298.000000 300.000000 0.200400
12.000000 39.000000 300.000000 0.491803
39.000000 12.000000 300.000000 0.491803
61.000000 40.000000 300.000000 0.194433
40.000000 61.000000 300.000000 0.194433
63.000000 40.000000 300.000000 0.098773
40.000000 63.000000 300.000000 0.098773
269.000000 40.000000 300.000000 0.520073
40.000000 269.000000 300.000000 0.520073
41.000000 6.000000 300.000000 0.176690
9.000000 41.000000 300.000000 0.620137
41.000000 9.000000 300.000000 0.620137
42.000000 41.000000 300.000000 0.409087
41.000000 42.000000 300.000000 0.409087
291.000000 42.000000 300.000000 0.011970
42.000000 291.000000 300.000000 0.011970
41.000000 42.000000 300.000000 0.409087
42.000000 41.000000 300.000000 0.409087
2.000000 42.000000 300.000000 0.157053
42.000000 2.000000 300.000000 0.157053
35.000000 43.000000 300.000000 0.102320
43.000000 35.000000 300.000000 0.102320
159.000000 43.000000 300.000000 0.439043
43.000000 159.000000 300.000000 0.439043
52.000000 43.000000 300.000000 0.137597
43.000000 52.000000 300.000000 0.137597
300.000000 44.000000 300.000000 0.119250
44.000000 300.000000 300.000000 0.119250
39.000000 44.000000 300.000000 0.326630
44.000000 39.000000 300.000000 0.326630
142.000000 44.000000 300.000000 0.259987
44.000000 142.000000 300.000000 0.259987
160.000000 46.000000 300.000000 0.405717
46.000000 160.000000 300.000000 0.405717
1.000000 46.000000 300.000000 0.416030
46.000000 1.000000 300.000000 0.416030
48.000000 46.000000 300.000000 0.207293
46.000000 48.000000 300.000000 0.207293
152.000000 46.000000 300.000000 0.410687
46.000000 152.000000 300.000000 0.410687
48.000000 47.000000 300.000000 0.401243
47.000000 48.000000 300.000000 0.401243
160.000000 47.000000 300.000000 0.200813
47.000000 160.000000 300.000000 0.200813
49.000000 47.000000 300.000000 0.200973
47.000000 49.000000 300.000000 0.200973
47.000000 48.000000 300.000000 0.401243
48.000000 47.000000 300.000000 0.401243
46.000000 48.000000 300.000000 0.207293
48.000000 46.000000 300.000000 0.207293
50.000000 48.000000 300.000000 0.206463
48.000000 50.000000 300.000000 0.206463
38.000000 49.000000 300.000000 0.419817
49.000000 38.000000 300.000000 0.419817
50.000000 49.000000 300.000000 0.404400
49.000000 50.000000 300.000000 0.404400
47.000000 49.000000 300.000000 0.200973
49.000000 47.000000 300.000000 0.200973
49.000000 50.000000 300.000000 0.404400
50.000000 49.000000 300.000000 0.404400
48.000000 50.000000 300.000000 0.206463
50.000000 48.000000 300.000000 0.206463
145.000000 50.000000 300.000000 0.138420
50.000000 145.000000 300.000000 0.138420
32.000000 50.000000 300.000000 0.409953
50.000000 32.000000 300.000000 0.409953
57.000000 51.000000 300.000000 0.416860
51.000000 57.000000 300.000000 0.416860
151.000000 51.000000 300.000000 0.139543
51.000000 151.000000 300.000000 0.139543
175.000000 51.000000 300.000000 0.331730
51.000000 175.000000 300.000000 0.331730
38.000000 51.000000 300.000000 0.404113
51.000000 38.000000 300.000000 0.404113
54.000000 52.000000 300.000000 0.302353
52.000000 54.000000 300.000000 0.302353
271.000000 52.000000 300.000000 0.277833
52.000000 271.000000 300.000000 0.277833
43.000000 52.000000 300.000000 0.137597
52.000000 43.000000 300.000000 0.137597
170.000000 53.000000 300.000000 0.010890
53.000000 170.000000 300.000000 0.010890
172.000000 53.000000 300.000000 0.120640
53.000000 172.000000 300.000000 0.120640
54.000000 53.000000 300.000000 0.223063
53.000000 54.000000 300.000000 0.223063
173.000000 54.000000 300.000000 0.122557
54.000000 173.000000 300.000000 0.122557
52.000000 54.000000 300.000000 0.302353
54.000000 52.000000 300.000000 0.302353
55.000000 54.000000 300.000000 0.192250
54.000000 55.000000 300.000000 0.192250
53.000000 54.000000 300.000000 0.223063
54.000000 53.000000 300.000000 0.223063
54.000000 55.000000 300.000000 0.192250
55.000000 54.000000 300.000000 0.192250
56.000000 55.000000 300.000000 0.089590
55.000000 56.000000 300.000000 0.089590
271.000000 55.000000 300.000000 0.117390
55.000000 271.000000 300.000000 0.117390
58.000000 55.000000 300.000000 0.375413
55.000000 58.000000 300.000000 0.375413
55.000000 56.000000 300.000000 0.089590
56.000000 55.000000 300.000000 0.089590
270.000000 56.000000 300.000000 0.046467
56.000000 270.000000 300.000000 0.046467
271.000000 56.000000 300.000000 0.135723
56.000000 271.000000 300.000000 0.135723
51.000000 57.000000 300.000000 0.416860
57.000000 51.000000 300.000000 0.416860
150.000000 57.000000 300.000000 0.141947
57.000000 150.000000 300.000000 0.141947
289.000000 57.000000 300.000000 0.165523
57.000000 289.000000 300.000000 0.165523
59.000000 58.000000 300.000000 0.135423
58.000000 59.000000 300.000000 0.135423
55.000000 58.000000 300.000000 0.375413
58.000000 55.000000 300.000000 0.375413
173.000000 58.000000 300.000000 0.476257
58.000000 173.000000 300.000000 0.476257
58.000000 59.000000 300.000000 0.135423
59.000000 58.000000 300.000000 0.135423
29.000000 59.000000 300.000000 0.141057
59.000000 29.000000 300.000000 0.141057
37.000000 59.000000 300.000000 0.284293
59.000000 37.000000 300.000000 0.284293
62.000000 60.000000 300.000000 0.405287
60.000000 62.000000 300.000000 0.405287
175.000000 60.000000 300.000000 0.158417
60.000000 175.000000 300.000000 0.158417
167.000000 60.000000 300.000000 0.209417
60.000000 167.000000 300.000000 0.209417
34.000000 60.000000 300.000000 0.415343
60.000000 34.000000 300.000000 0.415343
29.000000 61.000000 300.000000 0.107150
61.000000 29.000000 300.000000 0.107150
40.000000 61.000000 300.000000 0.194433
61.000000 40.000000 300.000000 0.194433
233.000000 61.000000 300.000000 0.405330
61.000000 233.000000 300.000000 0.405330
60.000000 62.000000 300.000000 0.405287
62.000000 60.000000 300.000000 0.405287
177.000000 62.000000 300.000000 0.237700
62.000000 177.000000 300.000000 0.237700
67.000000 62.000000 300.000000 0.407643
62.000000 67.000000 300.000000 0.407643
40.000000 63.000000 300.000000 0.098773
63.000000 40.000000 300.000000 0.098773
28.000000 63.000000 300.000000 0.057380
63.000000 28.000000 300.000000 0.057380
63.000000 267.000000 300.000000 0.169217
33.000000 64.000000 300.000000 0.249377
64.000000 33.000000 300.000000 0.249377
234.000000 64.000000 300.000000 0.151323
64.000000 234.000000 300.000000 0.151323
167.000000 65.000000 300.000000 0.197620
65.000000 167.000000 300.000000 0.197620
156.000000 65.000000 300.000000 0.032507
65.000000 156.000000 300.000000 0.032507
67.000000 65.000000 300.000000 0.373530
65.000000 67.000000 300.000000 0.373530
232.000000 66.000000 300.000000 0.225487
66.000000 232.000000 300.000000 0.225487
66.000000 268.000000 300.000000 0.035740
65.000000 67.000000 300.000000 0.373530
67.000000 65.000000 300.000000 0.373530
235.000000 67.000000 300.000000 0.188333
67.000000 235.000000 300.000000 0.188333
62.000000 67.000000 300.000000 0.407643
67.000000 62.000000 300.000000 0.407643
234.000000 68.000000 300.000000 0.123807
68.000000 234.000000 300.000000 0.123807
181.000000 69.000000 300.000000 0.256537
69.000000 181.000000 300.000000 0.256537
180.000000 69.000000 300.000000 0.063797
69.000000 180.000000 300.000000 0.063797
18.000000 70.000000 300.000000 0.018407
70.000000 18.000000 300.000000 0.018407
72.000000 71.000000 300.000000 0.101230
71.000000 72.000000 300.000000 0.101230
18.000000 71.000000 300.000000 0.187207
71.000000 18.000000 300.000000 0.187207
231.000000 71.000000 300.000000 0.301450
71.000000 231.000000 300.000000 0.301450
71.000000 72.000000 300.000000 0.101230
72.000000 71.000000 300.000000 0.101230
73.000000 72.000000 300.000000 0.131627
72.000000 73.000000 300.000000 0.131627
191.000000 72.000000 300.000000 0.219627
72.000000 191.000000 300.000000 0.219627
72.000000 73.000000 300.000000 0.131627
73.000000 72.000000 300.000000 0.131627
17.000000 73.000000 300.000000 0.103390
73.000000 17.000000 300.000000 0.103390
232.000000 73.000000 300.000000 0.278900
73.000000 232.000000 300.000000 0.278900
17.000000 74.000000 300.000000 0.263780
74.000000 17.000000 300.000000 0.263780
77.000000 74.000000 300.000000 0.581227
74.000000 77.000000 300.000000 0.581227
157.000000 74.000000 300.000000 0.427383
74.000000 157.000000 300.000000 0.427383
180.000000 74.000000 300.000000 0.135003
74.000000 180.000000 300.000000 0.135003
161.000000 75.000000 300.000000 0.276233
75.000000 161.000000 300.000000 0.276233
75.000000 273.000000 300.000000 0.347420
228.000000 76.000000 300.000000 0.049987
76.000000 228.000000 300.000000 0.049987
230.000000 76.000000 300.000000 0.109790
76.000000 230.000000 300.000000 0.109790
191.000000 76.000000 300.000000 0.094397
76.000000 191.000000 300.000000 0.094397
189.000000 77.000000 300.000000 0.144147
77.000000 189.000000 300.000000 0.144147
81.000000 77.000000 300.000000 0.221873
77.000000 81.000000 300.000000 0.221873
228.000000 77.000000 300.000000 0.242610
77.000000 228.000000 300.000000 0.242610
74.000000 77.000000 300.000000 0.581227
77.000000 74.000000 300.000000 0.581227
199.000000 78.000000 300.000000 0.132263
78.000000 199.000000 300.000000 0.132263
198.000000 78.000000 300.000000 0.209797
78.000000 198.000000 300.000000 0.209797
79.000000 78.000000 300.000000 0.132100
78.000000 79.000000 300.000000 0.132100
84.000000 79.000000 300.000000 0.217550
79.000000 84.000000 300.000000 0.217550
80.000000 79.000000 300.000000 0.124160
79.000000 80.000000 300.000000 0.124160
78.000000 79.000000 300.000000 0.132100
79.000000 78.000000 300.000000 0.132100
86.000000 80.000000 300.000000 0.257770
80.000000 86.000000 300.000000 0.257770
79.000000 80.000000 300.000000 0.124160
80.000000 79.000000 300.000000 0.124160
82.000000 80.000000 300.000000 0.123300
80.000000 82.000000 300.000000 0.123300
77.000000 81.000000 300.000000 0.221873
81.000000 77.000000 300.000000 0.221873
89.000000 82.000000 300.000000 0.297303
82.000000 89.000000 300.000000 0.297303
80.000000 82.000000 300.000000 0.123300
82.000000 80.000000 300.000000 0.123300
83.000000 82.000000 300.000000 0.130447
82.000000 83.000000 300.000000 0.130447
197.000000 83.000000 300.000000 0.167310
83.000000 197.000000 300.000000 0.167310
82.000000 83.000000 300.000000 0.130447
83.000000 82.000000 300.000000 0.130447
85.000000 83.000000 300.000000 0.193493
83.000000 85.000000 300.000000 0.193493
79.000000 84.000000 300.000000 0.217550
84.000000 79.000000 300.000000 0.217550
163.000000 84.000000 300.000000 0.095573
84.000000 163.000000 300.000000 0.095573
86.000000 84.000000 300.000000 0.129590
84.000000 86.000000 300.000000 0.129590
196.000000 85.000000 300.000000 0.154013
85.000000 196.000000 300.000000 0.154013
83.000000 85.000000 300.000000 0.193493
85.000000 83.000000 300.000000 0.193493
87.000000 85.000000 300.000000 0.127960
85.000000 87.000000 300.000000 0.127960
80.000000 86.000000 300.000000 0.257770
86.000000 80.000000 300.000000 0.257770
84.000000 86.000000 300.000000 0.129590
86.000000 84.000000 300.000000 0.129590
89.000000 86.000000 300.000000 0.130903
86.000000 89.000000 300.000000 0.130903
94.000000 87.000000 300.000000 0.409010
87.000000 94.000000 300.000000 0.409010
85.000000 87.000000 300.000000 0.127960
87.000000 85.000000 300.000000 0.127960
88.000000 87.000000 300.000000 0.125100
87.000000 88.000000 300.000000 0.125100
97.000000 88.000000 300.000000 0.409977
88.000000 97.000000 300.000000 0.409977
87.000000 88.000000 300.000000 0.125100
88.000000 87.000000 300.000000 0.125100
90.000000 88.000000 300.000000 0.123637
88.000000 90.000000 300.000000 0.123637
82.000000 89.000000 300.000000 0.297303
89.000000 82.000000 300.000000 0.297303
86.000000 89.000000 300.000000 0.130903
89.000000 86.000000 300.000000 0.130903
91.000000 89.000000 300.000000 0.127403
89.000000 91.000000 300.000000 0.127403
98.000000 90.000000 300.000000 0.407997
90.000000 98.000000 300.000000 0.407997
90.000000 258.000000 300.000000 0.137223
88.000000 90.000000 300.000000 0.123637
90.000000 88.000000 300.000000 0.123637
257.000000 90.000000 300.000000 0.156290
90.000000 257.000000 300.000000 0.156290
197.000000 91.000000 300.000000 0.175230
91.000000 197.000000 300.000000 0.175230
89.000000 91.000000 300.000000 0.127403
91.000000 89.000000 300.000000 0.127403
93.000000 91.000000 300.000000 0.205513
91.000000 93.000000 300.000000 0.205513
101.000000 92.000000 300.000000 0.291397
92.000000 101.000000 300.000000 0.291397
258.000000 92.000000 300.000000 0.068847
92.000000 258.000000 300.000000 0.068847
95.000000 92.000000 300.000000 0.096387
92.000000 95.000000 300.000000 0.096387
196.000000 93.000000 300.000000 0.237733
93.000000 196.000000 300.000000 0.237733
94.000000 93.000000 300.000000 0.132210
93.000000 94.000000 300.000000 0.132210
91.000000 93.000000 300.000000 0.205513
93.000000 91.000000 300.000000 0.205513
87.000000 94.000000 300.000000 0.409010
94.000000 87.000000 300.000000 0.409010
93.000000 94.000000 300.000000 0.132210
94.000000 93.000000 300.000000 0.132210
97.000000 94.000000 300.000000 0.130373
94.000000 97.000000 300.000000 0.130373
102.000000 95.000000 300.000000 0.235203
95.000000 102.000000 300.000000 0.235203
92.000000 95.000000 300.000000 0.096387
95.000000 92.000000 300.000000 0.096387
99.000000 95.000000 300.000000 0.147710
95.000000 99.000000 300.000000 0.147710
304.000000 96.000000 300.000000 0.121193
96.000000 304.000000 300.000000 0.121193
3.000000 96.000000 300.000000 0.436990
96.000000 3.000000 300.000000 0.436990
277.000000 96.000000 300.000000 0.333637
96.000000 277.000000 300.000000 0.333637
88.000000 97.000000 300.000000 0.409977
97.000000 88.000000 300.000000 0.409977
94.000000 97.000000 300.000000 0.130373
97.000000 94.000000 300.000000 0.130373
98.000000 97.000000 300.000000 0.117907
97.000000 98.000000 300.000000 0.117907
90.000000 98.000000 300.000000 0.407997
98.000000 90.000000 300.000000 0.407997
97.000000 98.000000 300.000000 0.117907
98.000000 97.000000 300.000000 0.117907
100.000000 98.000000 300.000000 0.122673
98.000000 100.000000 300.000000 0.122673
103.000000 99.000000 300.000000 0.152900
99.000000 103.000000 300.000000 0.152900
95.000000 99.000000 300.000000 0.147710
99.000000 95.000000 300.000000 0.147710
104.000000 99.000000 300.000000 0.217990
99.000000 104.000000 300.000000 0.217990
98.000000 100.000000 300.000000 0.122673
100.000000 98.000000 300.000000 0.122673
101.000000 100.000000 300.000000 0.058593
100.000000 101.000000 300.000000 0.058593
258.000000 100.000000 300.000000 0.332253
100.000000 258.000000 300.000000 0.332253
92.000000 101.000000 300.000000 0.291397
101.000000 92.000000 300.000000 0.291397
100.000000 101.000000 300.000000 0.058593
101.000000 100.000000 300.000000 0.058593
102.000000 101.000000 300.000000 0.076153
101.000000 102.000000 300.000000 0.076153
95.000000 102.000000 300.000000 0.235203
102.000000 95.000000 300.000000 0.235203
101.000000 102.000000 300.000000 0.076153
102.000000 101.000000 300.000000 0.076153
103.000000 102.000000 300.000000 0.125783
102.000000 103.000000 300.000000 0.125783
99.000000 103.000000 300.000000 0.152900
103.000000 99.000000 300.000000 0.152900
102.000000 103.000000 300.000000 0.125783
103.000000 102.000000 300.000000 0.125783
166.000000 103.000000 300.000000 0.182807
103.000000 166.000000 300.000000 0.182807
166.000000 104.000000 300.000000 0.059997
104.000000 166.000000 300.000000 0.059997
249.000000 104.000000 300.000000 0.277450
104.000000 249.000000 300.000000 0.277450
106.000000 104.000000 300.000000 0.454930
104.000000 106.000000 300.000000 0.454930
99.000000 104.000000 300.000000 0.217990
104.000000 99.000000 300.000000 0.217990
288.000000 105.000000 300.000000 0.031743
105.000000 288.000000 300.000000 0.031743
107.000000 105.000000 300.000000 0.329833
105.000000 107.000000 300.000000 0.329833
104.000000 106.000000 300.000000 0.454930
106.000000 104.000000 300.000000 0.454930
108.000000 106.000000 300.000000 0.067280
106.000000 108.000000 300.000000 0.067280
22.000000 106.000000 300.000000 0.517890
106.000000 22.000000 300.000000 0.517890
194.000000 107.000000 300.000000 0.176690
107.000000 194.000000 300.000000 0.176690
312.000000 107.000000 300.000000 0.342237
107.000000 312.000000 300.000000 0.342237
105.000000 107.000000 300.000000 0.329833
107.000000 105.000000 300.000000 0.329833
106.000000 108.000000 300.000000 0.067280
108.000000 106.000000 300.000000 0.067280
111.000000 108.000000 300.000000 0.572973
108.000000 111.000000 300.000000 0.572973
109.000000 108.000000 300.000000 0.210027
108.000000 109.000000 300.000000 0.210027
112.000000 109.000000 300.000000 0.187990
109.000000 112.000000 300.000000 0.187990
118.000000 109.000000 300.000000 0.562697
109.000000 118.000000 300.000000 0.562697
108.000000 109.000000 300.000000 0.210027
109.000000 108.000000 300.000000 0.210027
200.000000 110.000000 300.000000 0.061550
110.000000 200.000000 300.000000 0.061550
259.000000 110.000000 300.000000 0.388437
110.000000 259.000000 300.000000 0.388437
260.000000 110.000000 300.000000 0.509757
110.000000 260.000000 300.000000 0.509757
118.000000 111.000000 300.000000 0.207547
111.000000 118.000000 300.000000 0.207547
194.000000 111.000000 300.000000 0.176010
111.000000 194.000000 300.000000 0.176010
108.000000 111.000000 300.000000 0.572973
111.000000 108.000000 300.000000 0.572973
109.000000 112.000000 300.000000 0.187990
112.000000 109.000000 300.000000 0.187990
247.000000 112.000000 300.000000 0.126950
112.000000 247.000000 300.000000 0.126950
162.000000 112.000000 300.000000 0.561780
112.000000 162.000000 300.000000 0.561780
120.000000 113.000000 300.000000 0.125697
113.000000 120.000000 300.000000 0.125697
200.000000 113.000000 300.000000 0.132387
113.000000 200.000000 300.000000 0.132387
316.000000 113.000000 300.000000 0.224010
113.000000 316.000000 300.000000 0.224010
117.000000 114.000000 300.000000 0.110497
114.000000 117.000000 300.000000 0.110497
263.000000 115.000000 300.000000 0.214903
115.000000 263.000000 300.000000 0.214903
248.000000 116.000000 300.000000 0.175673
116.000000 248.000000 300.000000 0.175673
11.000000 116.000000 300.000000 0.381920
116.000000 11.000000 300.000000 0.381920
278.000000 116.000000 300.000000 0.274220
116.000000 278.000000 300.000000 0.274220
264.000000 117.000000 300.000000 0.313830
117.000000 264.000000 300.000000 0.313830
21.000000 117.000000 300.000000 0.140570
117.000000 21.000000 300.000000 0.140570
114.000000 117.000000 300.000000 0.110497
117.000000 114.000000 300.000000 0.110497
111.000000 118.000000 300.000000 0.207547
118.000000 111.000000 300.000000 0.207547
109.000000 118.000000 300.000000 0.562697
118.000000 109.000000 300.000000 0.562697
162.000000 118.000000 300.000000 0.203593
118.000000 162.000000 300.000000 0.203593
259.000000 119.000000 300.000000 0.343557
119.000000 259.000000 300.000000 0.343557
214.000000 119.000000 300.000000 0.025447
119.000000 214.000000 300.000000 0.025447
220.000000 119.000000 300.000000 0.171923
119.000000 220.000000 300.000000 0.171923
121.000000 120.000000 300.000000 0.130850
120.000000 121.000000 300.000000 0.130850
113.000000 120.000000 300.000000 0.125697
120.000000 113.000000 300.000000 0.125697
315.000000 120.000000 300.000000 0.338907
120.000000 315.000000 300.000000 0.338907
122.000000 121.000000 300.000000 0.131260
121.000000 122.000000 300.000000 0.131260
120.000000 121.000000 300.000000 0.130850
121.000000 120.000000 300.000000 0.130850
263.000000 121.000000 300.000000 0.311110
121.000000 263.000000 300.000000 0.311110
121.000000 122.000000 300.000000 0.131260
122.000000 121.000000 300.000000 0.131260
264.000000 122.000000 300.000000 0.308227
122.000000 264.000000 300.000000 0.308227
265.000000 122.000000 300.000000 0.430857
122.000000 265.000000 300.000000 0.430857
124.000000 123.000000 300.000000 0.113703
123.000000 124.000000 300.000000 0.113703
126.000000 123.000000 300.000000 0.394947
123.000000 126.000000 300.000000 0.394947
127.000000 123.000000 300.000000 0.178177
123.000000 127.000000 300.000000 0.178177
220.000000 123.000000 300.000000 0.305953
123.000000 220.000000 300.000000 0.305953
127.000000 124.000000 300.000000 0.121647
124.000000 127.000000 300.000000 0.121647
128.000000 124.000000 300.000000 0.124050
124.000000 128.000000 300.000000 0.124050
123.000000 124.000000 300.000000 0.113703
124.000000 123.000000 300.000000 0.113703
10.000000 125.000000 300.000000 0.201377
125.000000 10.000000 300.000000 0.201377
134.000000 125.000000 300.000000 0.536877
125.000000 134.000000 300.000000 0.536877
133.000000 125.000000 300.000000 0.286107
125.000000 133.000000 300.000000 0.286107
221.000000 126.000000 300.000000 0.032040
126.000000 221.000000 300.000000 0.032040
130.000000 126.000000 300.000000 0.312560
126.000000 130.000000 300.000000 0.312560
123.000000 126.000000 300.000000 0.394947
126.000000 123.000000 300.000000 0.394947
124.000000 127.000000 300.000000 0.121647
127.000000 124.000000 300.000000 0.121647
132.000000 127.000000 300.000000 0.171733
127.000000 132.000000 300.000000 0.171733
123.000000 127.000000 300.000000 0.178177
127.000000 123.000000 300.000000 0.178177
132.000000 128.000000 300.000000 0.232700
128.000000 132.000000 300.000000 0.232700
130.000000 128.000000 300.000000 0.051687
128.000000 130.000000 300.000000 0.051687
124.000000 128.000000 300.000000 0.124050
128.000000 124.000000 300.000000 0.124050
252.000000 129.000000 300.000000 0.211790
129.000000 252.000000 300.000000 0.211790
131.000000 130.000000 300.000000 0.071273
130.000000 131.000000 300.000000 0.071273
128.000000 130.000000 300.000000 0.051687
130.000000 128.000000 300.000000 0.051687
126.000000 130.000000 300.000000 0.312560
130.000000 126.000000 300.000000 0.312560
137.000000 131.000000 300.000000 0.355180
131.000000 137.000000 300.000000 0.355180
135.000000 131.000000 300.000000 0.128527
131.000000 135.000000 300.000000 0.128527
130.000000 131.000000 300.000000 0.071273
131.000000 130.000000 300.000000 0.071273
128.000000 132.000000 300.000000 0.232700
132.000000 128.000000 300.000000 0.232700
127.000000 132.000000 300.000000 0.171733
132.000000 127.000000 300.000000 0.171733
137.000000 132.000000 300.000000 0.180143
132.000000 137.000000 300.000000 0.180143
125.000000 133.000000 300.000000 0.286107
133.000000 125.000000 300.000000 0.286107
139.000000 134.000000 300.000000 0.150413
134.000000 139.000000 300.000000 0.150413
245.000000 134.000000 300.000000 0.134530
134.000000 245.000000 300.000000 0.134530
143.000000 134.000000 300.000000 0.722903
134.000000 143.000000 300.000000 0.722903
125.000000 134.000000 300.000000 0.536877
134.000000 125.000000 300.000000 0.536877
238.000000 135.000000 300.000000 0.130830
135.000000 238.000000 300.000000 0.130830
243.000000 135.000000 300.000000 0.144710
135.000000 243.000000 300.000000 0.144710
131.000000 135.000000 300.000000 0.128527
135.000000 131.000000 300.000000 0.128527
139.000000 136.000000 300.000000 0.332957
136.000000 139.000000 300.000000 0.332957
131.000000 137.000000 300.000000 0.355180
137.000000 131.000000 300.000000 0.355180
140.000000 137.000000 300.000000 0.180267
137.000000 140.000000 300.000000 0.180267
132.000000 137.000000 300.000000 0.180143
137.000000 132.000000 300.000000 0.180143
144.000000 138.000000 300.000000 0.454720
138.000000 144.000000 300.000000 0.454720
142.000000 138.000000 300.000000 0.335333
138.000000 142.000000 300.000000 0.335333
13.000000 138.000000 300.000000 0.315960
138.000000 13.000000 300.000000 0.315960
134.000000 139.000000 300.000000 0.150413
139.000000 134.000000 300.000000 0.150413
142.000000 139.000000 300.000000 0.258753
139.000000 142.000000 300.000000 0.258753
136.000000 139.000000 300.000000 0.332957
139.000000 136.000000 300.000000 0.332957
284.000000 140.000000 300.000000 0.020700
140.000000 284.000000 300.000000 0.020700
137.000000 140.000000 300.000000 0.180267
140.000000 137.000000 300.000000 0.180267
240.000000 140.000000 300.000000 0.221197
140.000000 240.000000 300.000000 0.221197
142.000000 141.000000 300.000000 0.561757
141.000000 142.000000 300.000000 0.561757
298.000000 141.000000 300.000000 0.469317
141.000000 298.000000 300.000000 0.469317
143.000000 141.000000 300.000000 0.291130
141.000000 143.000000 300.000000 0.291130
44.000000 142.000000 300.000000 0.259987
142.000000 44.000000 300.000000 0.259987
139.000000 142.000000 300.000000 0.258753
142.000000 139.000000 300.000000 0.258753
141.000000 142.000000 300.000000 0.561757
142.000000 141.000000 300.000000 0.561757
138.000000 142.000000 300.000000 0.335333
142.000000 138.000000 300.000000 0.335333
134.000000 143.000000 300.000000 0.722903
143.000000 134.000000 300.000000 0.722903
141.000000 143.000000 300.000000 0.291130
143.000000 141.000000 300.000000 0.291130
285.000000 143.000000 300.000000 0.440207
143.000000 285.000000 300.000000 0.440207
138.000000 144.000000 300.000000 0.454720
144.000000 138.000000 300.000000 0.454720
300.000000 144.000000 300.000000 0.103043
144.000000 300.000000 300.000000 0.103043
50.000000 145.000000 300.000000 0.138420
145.000000 50.000000 300.000000 0.138420
237.000000 145.000000 300.000000 0.102567
145.000000 237.000000 300.000000 0.102567
147.000000 145.000000 300.000000 0.414163
145.000000 147.000000 300.000000 0.414163
147.000000 146.000000 300.000000 0.094517
146.000000 147.000000 300.000000 0.094517
150.000000 146.000000 300.000000 0.037600
146.000000 150.000000 300.000000 0.037600
31.000000 147.000000 300.000000 0.054253
147.000000 31.000000 300.000000 0.054253
146.000000 147.000000 300.000000 0.094517
147.000000 146.000000 300.000000 0.094517
145.000000 147.000000 300.000000 0.414163
147.000000 145.000000 300.000000 0.414163
148.000000 146.000000 300.000000 0.373287
30.000000 148.000000 300.000000 0.154213
148.000000 30.000000 300.000000 0.154213
149.000000 148.000000 300.000000 0.033937
148.000000 149.000000 300.000000 0.033937
148.000000 149.000000 300.000000 0.033937
149.000000 148.000000 300.000000 0.033937
146.000000 150.000000 300.000000 0.037600
150.000000 146.000000 300.000000 0.037600
57.000000 150.000000 300.000000 0.141947
150.000000 57.000000 300.000000 0.141947
151.000000 150.000000 300.000000 0.416183
150.000000 151.000000 300.000000 0.416183
150.000000 149.000000 300.000000 0.373320
237.000000 151.000000 300.000000 0.032650
151.000000 237.000000 300.000000 0.032650
51.000000 151.000000 300.000000 0.139543
151.000000 51.000000 300.000000 0.139543
150.000000 151.000000 300.000000 0.416183
151.000000 150.000000 300.000000 0.416183
32.000000 152.000000 300.000000 0.415107
152.000000 32.000000 300.000000 0.415107
46.000000 152.000000 300.000000 0.410687
152.000000 46.000000 300.000000 0.410687
20.000000 153.000000 300.000000 0.196180
153.000000 20.000000 300.000000 0.196180
19.000000 153.000000 300.000000 0.413213
153.000000 19.000000 300.000000 0.413213
154.000000 23.000000 300.000000 0.228853
20.000000 155.000000 300.000000 0.593283
155.000000 20.000000 300.000000 0.593283
183.000000 156.000000 300.000000 0.255947
156.000000 183.000000 300.000000 0.255947
28.000000 156.000000 300.000000 0.377373
156.000000 28.000000 300.000000 0.377373
65.000000 156.000000 300.000000 0.032507
156.000000 65.000000 300.000000 0.032507
188.000000 157.000000 300.000000 0.078490
157.000000 188.000000 300.000000 0.078490
186.000000 157.000000 300.000000 0.029430
157.000000 186.000000 300.000000 0.029430
74.000000 157.000000 300.000000 0.427383
157.000000 74.000000 300.000000 0.427383
183.000000 158.000000 300.000000 0.194157
158.000000 183.000000 300.000000 0.194157
188.000000 158.000000 300.000000 0.153257
158.000000 188.000000 300.000000 0.153257
180.000000 158.000000 300.000000 0.054107
158.000000 180.000000 300.000000 0.054107
43.000000 159.000000 300.000000 0.439043
159.000000 43.000000 300.000000 0.439043
38.000000 159.000000 300.000000 0.485767
159.000000 38.000000 300.000000 0.485767
270.000000 159.000000 300.000000 0.386413
159.000000 270.000000 300.000000 0.386413
286.000000 159.000000 300.000000 0.825503
159.000000 286.000000 300.000000 0.825503
0.000000 160.000000 300.000000 0.417727
160.000000 0.000000 300.000000 0.417727
46.000000 160.000000 300.000000 0.405717
160.000000 46.000000 300.000000 0.405717
47.000000 160.000000 300.000000 0.200813
160.000000 47.000000 300.000000 0.200813
24.000000 161.000000 300.000000 0.365290
161.000000 24.000000 300.000000 0.365290
75.000000 161.000000 300.000000 0.276233
161.000000 75.000000 300.000000 0.276233
18.000000 161.000000 300.000000 0.194153
161.000000 18.000000 300.000000 0.194153
118.000000 162.000000 300.000000 0.203593
162.000000 118.000000 300.000000 0.203593
112.000000 162.000000 300.000000 0.561780
162.000000 112.000000 300.000000 0.561780
262.000000 162.000000 300.000000 0.327190
162.000000 262.000000 300.000000 0.327190
84.000000 163.000000 300.000000 0.095573
163.000000 84.000000 300.000000 0.095573
14.000000 164.000000 300.000000 0.170463
164.000000 14.000000 300.000000 0.170463
25.000000 164.000000 300.000000 0.091703
164.000000 25.000000 300.000000 0.091703
165.000000 164.000000 300.000000 0.558343
164.000000 165.000000 300.000000 0.558343
5.000000 165.000000 300.000000 0.166553
165.000000 5.000000 300.000000 0.166553
4.000000 165.000000 300.000000 0.095623
165.000000 4.000000 300.000000 0.095623
164.000000 165.000000 300.000000 0.558343
165.000000 164.000000 300.000000 0.558343
104.000000 166.000000 300.000000 0.059997
166.000000 104.000000 300.000000 0.059997
195.000000 166.000000 300.000000 0.444330
166.000000 195.000000 300.000000 0.444330
103.000000 166.000000 300.000000 0.182807
166.000000 103.000000 300.000000 0.182807
60.000000 167.000000 300.000000 0.209417
167.000000 60.000000 300.000000 0.209417
65.000000 167.000000 300.000000 0.197620
167.000000 65.000000 300.000000 0.197620
168.000000 167.000000 300.000000 0.233493
167.000000 168.000000 300.000000 0.233493
167.000000 168.000000 300.000000 0.233493
168.000000 167.000000 300.000000 0.233493
174.000000 169.000000 300.000000 0.265943
169.000000 174.000000 300.000000 0.265943
35.000000 169.000000 300.000000 0.231407
169.000000 35.000000 300.000000 0.231407
35.000000 170.000000 300.000000 0.343773
170.000000 35.000000 300.000000 0.343773
53.000000 170.000000 300.000000 0.010890
170.000000 53.000000 300.000000 0.010890
172.000000 171.000000 300.000000 0.258557
171.000000 172.000000 300.000000 0.258557
53.000000 172.000000 300.000000 0.120640
172.000000 53.000000 300.000000 0.120640
171.000000 172.000000 300.000000 0.258557
172.000000 171.000000 300.000000 0.258557
173.000000 172.000000 300.000000 0.216377
172.000000 173.000000 300.000000 0.216377
54.000000 173.000000 300.000000 0.122557
173.000000 54.000000 300.000000 0.122557
58.000000 173.000000 300.000000 0.476257
173.000000 58.000000 300.000000 0.476257
172.000000 173.000000 300.000000 0.216377
173.000000 172.000000 300.000000 0.216377
36.000000 174.000000 300.000000 0.249490
174.000000 36.000000 300.000000 0.249490
169.000000 174.000000 300.000000 0.265943
174.000000 169.000000 300.000000 0.265943
51.000000 175.000000 300.000000 0.331730
175.000000 51.000000 300.000000 0.331730
60.000000 175.000000 300.000000 0.158417
175.000000 60.000000 300.000000 0.158417
176.000000 175.000000 300.000000 0.186660
175.000000 176.000000 300.000000 0.186660
175.000000 176.000000 300.000000 0.186660
176.000000 175.000000 300.000000 0.186660
62.000000 177.000000 300.000000 0.237700
177.000000 62.000000 300.000000 0.237700
289.000000 177.000000 300.000000 0.090193
177.000000 289.000000 300.000000 0.090193
178.000000 177.000000 300.000000 0.230210
177.000000 178.000000 300.000000 0.230210
177.000000 178.000000 300.000000 0.230210
178.000000 177.000000 300.000000 0.230210
289.000000 179.000000 300.000000 0.157600
179.000000 289.000000 300.000000 0.157600
69.000000 180.000000 300.000000 0.063797
180.000000 69.000000 300.000000 0.063797
74.000000 180.000000 300.000000 0.135003
180.000000 74.000000 300.000000 0.135003
158.000000 180.000000 300.000000 0.054107
180.000000 158.000000 300.000000 0.054107
69.000000 181.000000 300.000000 0.256537
181.000000 69.000000 300.000000 0.256537
268.000000 181.000000 300.000000 0.146243
181.000000 268.000000 300.000000 0.146243
187.000000 182.000000 300.000000 0.112513
182.000000 187.000000 300.000000 0.112513
185.000000 182.000000 300.000000 0.109200
182.000000 185.000000 300.000000 0.109200
186.000000 182.000000 300.000000 0.131763
182.000000 186.000000 300.000000 0.131763
158.000000 183.000000 300.000000 0.194157
183.000000 158.000000 300.000000 0.194157
156.000000 183.000000 300.000000 0.255947
183.000000 156.000000 300.000000 0.255947
187.000000 183.000000 300.000000 0.099807
183.000000 187.000000 300.000000 0.099807
185.000000 184.000000 300.000000 0.133023
184.000000 185.000000 300.000000 0.133023
186.000000 184.000000 300.000000 0.109677
184.000000 186.000000 300.000000 0.109677
184.000000 185.000000 300.000000 0.133023
185.000000 184.000000 300.000000 0.133023
182.000000 185.000000 300.000000 0.109200
185.000000 182.000000 300.000000 0.109200
182.000000 186.000000 300.000000 0.131763
186.000000 182.000000 300.000000 0.131763
157.000000 186.000000 300.000000 0.029430
186.000000 157.000000 300.000000 0.029430
184.000000 186.000000 300.000000 0.109677
186.000000 184.000000 300.000000 0.109677
183.000000 187.000000 300.000000 0.099807
187.000000 183.000000 300.000000 0.099807
182.000000 187.000000 300.000000 0.112513
187.000000 182.000000 300.000000 0.112513
188.000000 187.000000 300.000000 0.148660
187.000000 188.000000 300.000000 0.148660
157.000000 188.000000 300.000000 0.078490
188.000000 157.000000 300.000000 0.078490
158.000000 188.000000 300.000000 0.153257
188.000000 158.000000 300.000000 0.153257
187.000000 188.000000 300.000000 0.148660
188.000000 187.000000 300.000000 0.148660
17.000000 189.000000 300.000000 0.167543
189.000000 17.000000 300.000000 0.167543
77.000000 189.000000 300.000000 0.144147
189.000000 77.000000 300.000000 0.144147
190.000000 189.000000 300.000000 0.159033
189.000000 190.000000 300.000000 0.159033
189.000000 190.000000 300.000000 0.159033
190.000000 189.000000 300.000000 0.159033
76.000000 191.000000 300.000000 0.094397
191.000000 76.000000 300.000000 0.094397
72.000000 191.000000 300.000000 0.219627
191.000000 72.000000 300.000000 0.219627
192.000000 191.000000 300.000000 0.168397
191.000000 192.000000 300.000000 0.168397
191.000000 192.000000 300.000000 0.168397
192.000000 191.000000 300.000000 0.168397
274.000000 193.000000 300.000000 0.348353
193.000000 274.000000 300.000000 0.348353
311.000000 194.000000 300.000000 0.377130
194.000000 311.000000 300.000000 0.377130
111.000000 194.000000 300.000000 0.176010
194.000000 111.000000 300.000000 0.176010
107.000000 194.000000 300.000000 0.176690
194.000000 107.000000 300.000000 0.176690
166.000000 195.000000 300.000000 0.444330
195.000000 166.000000 300.000000 0.444330
93.000000 196.000000 300.000000 0.237733
196.000000 93.000000 300.000000 0.237733
85.000000 196.000000 300.000000 0.154013
196.000000 85.000000 300.000000 0.154013
197.000000 196.000000 300.000000 0.192773
196.000000 197.000000 300.000000 0.192773
91.000000 197.000000 300.000000 0.175230
197.000000 91.000000 300.000000 0.175230
83.000000 197.000000 300.000000 0.167310
197.000000 83.000000 300.000000 0.167310
196.000000 197.000000 300.000000 0.192773
197.000000 196.000000 300.000000 0.192773
78.000000 198.000000 300.000000 0.209797
198.000000 78.000000 300.000000 0.209797
78.000000 199.000000 300.000000 0.132263
199.000000 78.000000 300.000000 0.132263
113.000000 200.000000 300.000000 0.132387
200.000000 113.000000 300.000000 0.132387
110.000000 200.000000 300.000000 0.061550
200.000000 110.000000 300.000000 0.061550
201.000000 200.000000 300.000000 0.126447
200.000000 201.000000 300.000000 0.126447
200.000000 201.000000 300.000000 0.126447
201.000000 200.000000 300.000000 0.126447
254.000000 202.000000 300.000000 0.307127
202.000000 254.000000 300.000000 0.307127
206.000000 203.000000 300.000000 0.144487
203.000000 206.000000 300.000000 0.144487
204.000000 203.000000 300.000000 0.299257
203.000000 204.000000 300.000000 0.299257
205.000000 203.000000 300.000000 0.265350
203.000000 205.000000 300.000000 0.265350
214.000000 204.000000 300.000000 0.182777
204.000000 214.000000 300.000000 0.182777
203.000000 204.000000 300.000000 0.299257
204.000000 203.000000 300.000000 0.299257
260.000000 204.000000 300.000000 0.197130
204.000000 260.000000 300.000000 0.197130
205.000000 204.000000 300.000000 0.334470
204.000000 205.000000 300.000000 0.334470
279.000000 205.000000 300.000000 0.190087
205.000000 279.000000 300.000000 0.190087
203.000000 205.000000 300.000000 0.265350
205.000000 203.000000 300.000000 0.265350
206.000000 205.000000 300.000000 0.443503
205.000000 206.000000 300.000000 0.443503
204.000000 205.000000 300.000000 0.334470
205.000000 204.000000 300.000000 0.334470
207.000000 206.000000 300.000000 0.140947
206.000000 207.000000 300.000000 0.140947
203.000000 206.000000 300.000000 0.144487
206.000000 203.000000 300.000000 0.144487
205.000000 206.000000 300.000000 0.443503
206.000000 205.000000 300.000000 0.443503
295.000000 207.000000 300.000000 0.015770
207.000000 295.000000 300.000000 0.015770
206.000000 207.000000 300.000000 0.140947
207.000000 206.000000 300.000000 0.140947
281.000000 207.000000 300.000000 0.247753
207.000000 281.000000 300.000000 0.247753
208.000000 282.000000 300.000000 0.037083
210.000000 208.000000 300.000000 0.269057
208.000000 210.000000 300.000000 0.269057
280.000000 208.000000 300.000000 0.115063
208.000000 280.000000 300.000000 0.115063
213.000000 209.000000 300.000000 0.170770
209.000000 213.000000 300.000000 0.170770
210.000000 209.000000 300.000000 0.107947
209.000000 210.000000 300.000000 0.107947
291.000000 209.000000 300.000000 0.174710
209.000000 291.000000 300.000000 0.174710
209.000000 210.000000 300.000000 0.107947
210.000000 209.000000 300.000000 0.107947
208.000000 210.000000 300.000000 0.269057
210.000000 208.000000 300.000000 0.269057
281.000000 210.000000 300.000000 0.168540
210.000000 281.000000 300.000000 0.168540
295.000000 211.000000 300.000000 0.122527
211.000000 295.000000 300.000000 0.122527
2.000000 211.000000 300.000000 0.540100
211.000000 2.000000 300.000000 0.540100
212.000000 211.000000 300.000000 0.273513
211.000000 212.000000 300.000000 0.273513
213.000000 212.000000 300.000000 0.135093
212.000000 213.000000 300.000000 0.135093
211.000000 212.000000 300.000000 0.273513
212.000000 211.000000 300.000000 0.273513
291.000000 212.000000 300.000000 0.229283
212.000000 291.000000 300.000000 0.229283
281.000000 213.000000 300.000000 0.028463
213.000000 281.000000 300.000000 0.028463
209.000000 213.000000 300.000000 0.170770
213.000000 209.000000 300.000000 0.170770
212.000000 213.000000 300.000000 0.135093
213.000000 212.000000 300.000000 0.135093
204.000000 214.000000 300.000000 0.182777
214.000000 204.000000 300.000000 0.182777
119.000000 214.000000 300.000000 0.025447
214.000000 119.000000 300.000000 0.025447
297.000000 214.000000 300.000000 0.116930
214.000000 297.000000 300.000000 0.116930
225.000000 215.000000 300.000000 0.023270
215.000000 225.000000 300.000000 0.023270
216.000000 215.000000 300.000000 0.301043
215.000000 216.000000 300.000000 0.301043
226.000000 215.000000 300.000000 0.147087
215.000000 226.000000 300.000000 0.147087
218.000000 216.000000 300.000000 0.106910
216.000000 218.000000 300.000000 0.106910
3.000000 216.000000 300.000000 0.365150
216.000000 3.000000 300.000000 0.365150
215.000000 216.000000 300.000000 0.301043
216.000000 215.000000 300.000000 0.301043
7.000000 217.000000 300.000000 0.180890
217.000000 7.000000 300.000000 0.180890
225.000000 217.000000 300.000000 0.015427
217.000000 225.000000 300.000000 0.015427
218.000000 217.000000 300.000000 0.320230
217.000000 218.000000 300.000000 0.320230
6.000000 218.000000 300.000000 0.087513
218.000000 6.000000 300.000000 0.087513
216.000000 218.000000 300.000000 0.106910
218.000000 216.000000 300.000000 0.106910
217.000000 218.000000 300.000000 0.320230
218.000000 217.000000 300.000000 0.320230
279.000000 219.000000 300.000000 0.027613
219.000000 279.000000 300.000000 0.027613
220.000000 219.000000 300.000000 0.493477
219.000000 220.000000 300.000000 0.493477
297.000000 219.000000 300.000000 0.173243
219.000000 297.000000 300.000000 0.173243
119.000000 220.000000 300.000000 0.171923
220.000000 119.000000 300.000000 0.171923
123.000000 220.000000 300.000000 0.305953
220.000000 123.000000 300.000000 0.305953
219.000000 220.000000 300.000000 0.493477
220.000000 219.000000 300.000000 0.493477
126.000000 221.000000 300.000000 0.032040
221.000000 126.000000 300.000000 0.032040
221.000000 222.000000 300.000000 0.189040
223.000000 222.000000 300.000000 0.015067
222.000000 223.000000 300.000000 0.015067
221.000000 222.000000 300.000000 0.229747
222.000000 221.000000 300.000000 0.229747
222.000000 223.000000 300.000000 0.015067
223.000000 222.000000 300.000000 0.015067
9.000000 223.000000 300.000000 0.220350
223.000000 9.000000 300.000000 0.220350
280.000000 223.000000 300.000000 0.472067
223.000000 280.000000 300.000000 0.472067
5.000000 224.000000 300.000000 0.364827
224.000000 5.000000 300.000000 0.364827
8.000000 224.000000 300.000000 0.189987
224.000000 8.000000 300.000000 0.189987
225.000000 224.000000 300.000000 0.253993
224.000000 225.000000 300.000000 0.253993
217.000000 225.000000 300.000000 0.015427
225.000000 217.000000 300.000000 0.015427
215.000000 225.000000 300.000000 0.023270
225.000000 215.000000 300.000000 0.023270
224.000000 225.000000 300.000000 0.253993
225.000000 224.000000 300.000000 0.253993
226.000000 275.000000 300.000000 0.212107
215.000000 226.000000 300.000000 0.147087
226.000000 215.000000 300.000000 0.147087
229.000000 227.000000 300.000000 0.123157
227.000000 229.000000 300.000000 0.123157
76.000000 228.000000 300.000000 0.049987
228.000000 76.000000 300.000000 0.049987
77.000000 228.000000 300.000000 0.242610
228.000000 77.000000 300.000000 0.242610
229.000000 228.000000 300.000000 0.103937
228.000000 229.000000 300.000000 0.103937
228.000000 229.000000 300.000000 0.103937
229.000000 228.000000 300.000000 0.103937
227.000000 229.000000 300.000000 0.123157
229.000000 227.000000 300.000000 0.123157
230.000000 229.000000 300.000000 0.058633
229.000000 230.000000 300.000000 0.058633
76.000000 230.000000 300.000000 0.109790
230.000000 76.000000 300.000000 0.109790
24.000000 230.000000 300.000000 0.388627
230.000000 24.000000 300.000000 0.388627
229.000000 230.000000 300.000000 0.058633
230.000000 229.000000 300.000000 0.058633
233.000000 231.000000 300.000000 0.091450
231.000000 233.000000 300.000000 0.091450
71.000000 231.000000 300.000000 0.301450
231.000000 71.000000 300.000000 0.301450
232.000000 231.000000 300.000000 0.220987
231.000000 232.000000 300.000000 0.220987
73.000000 232.000000 300.000000 0.278900
232.000000 73.000000 300.000000 0.278900
66.000000 232.000000 300.000000 0.225487
232.000000 66.000000 300.000000 0.225487
231.000000 232.000000 300.000000 0.220987
232.000000 231.000000 300.000000 0.220987
231.000000 233.000000 300.000000 0.091450
233.000000 231.000000 300.000000 0.091450
234.000000 233.000000 300.000000 0.224303
233.000000 234.000000 300.000000 0.224303
61.000000 233.000000 300.000000 0.405330
233.000000 61.000000 300.000000 0.405330
64.000000 234.000000 300.000000 0.151323
234.000000 64.000000 300.000000 0.151323
68.000000 234.000000 300.000000 0.123807
234.000000 68.000000 300.000000 0.123807
233.000000 234.000000 300.000000 0.224303
234.000000 233.000000 300.000000 0.224303
236.000000 235.000000 300.000000 0.219490
235.000000 236.000000 300.000000 0.219490
67.000000 235.000000 300.000000 0.188333
235.000000 67.000000 300.000000 0.188333
27.000000 235.000000 300.000000 0.219270
235.000000 27.000000 300.000000 0.219270
235.000000 236.000000 300.000000 0.219490
236.000000 235.000000 300.000000 0.219490
145.000000 237.000000 300.000000 0.102567
237.000000 145.000000 300.000000 0.102567
151.000000 237.000000 300.000000 0.032650
237.000000 151.000000 300.000000 0.032650
317.000000 237.000000 300.000000 0.217903
237.000000 317.000000 300.000000 0.217903
240.000000 238.000000 300.000000 0.130490
238.000000 240.000000 300.000000 0.130490
135.000000 238.000000 300.000000 0.130830
238.000000 135.000000 300.000000 0.130830
241.000000 238.000000 300.000000 0.116463
238.000000 241.000000 300.000000 0.116463
242.000000 239.000000 300.000000 0.101077
239.000000 242.000000 300.000000 0.101077
238.000000 240.000000 300.000000 0.130490
240.000000 238.000000 300.000000 0.130490
140.000000 240.000000 300.000000 0.221197
240.000000 140.000000 300.000000 0.221197
244.000000 240.000000 300.000000 0.122477
240.000000 244.000000 300.000000 0.122477
242.000000 241.000000 300.000000 0.021037
241.000000 242.000000 300.000000 0.021037
238.000000 241.000000 300.000000 0.116463
241.000000 238.000000 300.000000 0.116463
244.000000 241.000000 300.000000 0.132523
241.000000 244.000000 300.000000 0.132523
239.000000 242.000000 300.000000 0.101077
242.000000 239.000000 300.000000 0.101077
241.000000 242.000000 300.000000 0.021037
242.000000 241.000000 300.000000 0.021037
243.000000 242.000000 300.000000 0.129803
242.000000 243.000000 300.000000 0.129803
135.000000 243.000000 300.000000 0.144710
243.000000 135.000000 300.000000 0.144710
246.000000 243.000000 300.000000 0.307027
243.000000 246.000000 300.000000 0.307027
242.000000 243.000000 300.000000 0.129803
243.000000 242.000000 300.000000 0.129803
241.000000 244.000000 300.000000 0.132523
244.000000 241.000000 300.000000 0.132523
240.000000 244.000000 300.000000 0.122477
244.000000 240.000000 300.000000 0.122477
285.000000 244.000000 300.000000 0.110150
244.000000 285.000000 300.000000 0.110150
134.000000 245.000000 300.000000 0.134530
245.000000 134.000000 300.000000 0.134530
9.000000 245.000000 300.000000 0.363753
245.000000 9.000000 300.000000 0.363753
246.000000 245.000000 300.000000 0.314073
245.000000 246.000000 300.000000 0.314073
245.000000 246.000000 300.000000 0.314073
246.000000 245.000000 300.000000 0.314073
243.000000 246.000000 300.000000 0.307027
246.000000 243.000000 300.000000 0.307027
308.000000 246.000000 300.000000 0.291607
246.000000 308.000000 300.000000 0.291607
313.000000 247.000000 300.000000 0.033123
247.000000 313.000000 300.000000 0.033123
112.000000 247.000000 300.000000 0.126950
247.000000 112.000000 300.000000 0.126950
21.000000 247.000000 300.000000 0.153657
247.000000 21.000000 300.000000 0.153657
8.000000 248.000000 300.000000 0.037087
248.000000 8.000000 300.000000 0.037087
116.000000 248.000000 300.000000 0.175673
248.000000 116.000000 300.000000 0.175673
104.000000 249.000000 300.000000 0.277450
249.000000 104.000000 300.000000 0.277450
26.000000 249.000000 300.000000 0.063970
249.000000 26.000000 300.000000 0.063970
256.000000 249.000000 300.000000 0.148787
249.000000 256.000000 300.000000 0.148787
249.000000 22.000000 300.000000 0.401150
250.000000 70.000000 300.000000 0.034040
286.000000 251.000000 300.000000 0.411000
251.000000 286.000000 300.000000 0.411000
0.000000 251.000000 300.000000 0.450233
251.000000 0.000000 300.000000 0.450233
283.000000 252.000000 300.000000 0.031797
252.000000 283.000000 300.000000 0.031797
284.000000 252.000000 300.000000 0.598993
252.000000 284.000000 300.000000 0.598993
129.000000 252.000000 300.000000 0.211790
252.000000 129.000000 300.000000 0.211790
254.000000 253.000000 300.000000 0.119827
253.000000 254.000000 300.000000 0.119827
309.000000 253.000000 300.000000 0.350983
253.000000 309.000000 300.000000 0.350983
261.000000 253.000000 300.000000 0.485987
253.000000 261.000000 300.000000 0.485987
253.000000 254.000000 300.000000 0.119827
254.000000 253.000000 300.000000 0.119827
202.000000 254.000000 300.000000 0.307127
254.000000 202.000000 300.000000 0.307127
283.000000 254.000000 300.000000 0.677227
254.000000 283.000000 300.000000 0.677227
261.000000 255.000000 300.000000 0.030403
255.000000 261.000000 300.000000 0.030403
262.000000 255.000000 300.000000 0.031773
255.000000 262.000000 300.000000 0.031773
313.000000 255.000000 300.000000 0.476010
255.000000 313.000000 300.000000 0.476010
249.000000 256.000000 300.000000 0.148787
256.000000 249.000000 300.000000 0.148787
90.000000 257.000000 300.000000 0.156290
257.000000 90.000000 300.000000 0.156290
26.000000 257.000000 300.000000 0.421490
257.000000 26.000000 300.000000 0.421490
92.000000 258.000000 300.000000 0.068847
258.000000 92.000000 300.000000 0.068847
258.000000 257.000000 300.000000 0.068377
100.000000 258.000000 300.000000 0.332253
258.000000 100.000000 300.000000 0.332253
119.000000 259.000000 300.000000 0.343557
259.000000 119.000000 300.000000 0.343557
110.000000 259.000000 300.000000 0.388437
259.000000 110.000000 300.000000 0.388437
260.000000 259.000000 300.000000 0.135463
259.000000 260.000000 300.000000 0.135463
259.000000 260.000000 300.000000 0.135463
260.000000 259.000000 300.000000 0.135463
204.000000 260.000000 300.000000 0.197130
260.000000 204.000000 300.000000 0.197130
110.000000 260.000000 300.000000 0.509757
260.000000 110.000000 300.000000 0.509757
255.000000 261.000000 300.000000 0.030403
261.000000 255.000000 300.000000 0.030403
262.000000 261.000000 300.000000 0.031103
261.000000 262.000000 300.000000 0.031103
253.000000 261.000000 300.000000 0.485987
261.000000 253.000000 300.000000 0.485987
255.000000 262.000000 300.000000 0.031773
262.000000 255.000000 300.000000 0.031773
162.000000 262.000000 300.000000 0.327190
262.000000 162.000000 300.000000 0.327190
261.000000 262.000000 300.000000 0.031103
262.000000 261.000000 300.000000 0.031103
121.000000 263.000000 300.000000 0.311110
263.000000 121.000000 300.000000 0.311110
115.000000 263.000000 300.000000 0.214903
263.000000 115.000000 300.000000 0.214903
264.000000 263.000000 300.000000 0.128823
263.000000 264.000000 300.000000 0.128823
122.000000 264.000000 300.000000 0.308227
264.000000 122.000000 300.000000 0.308227
117.000000 264.000000 300.000000 0.313830
264.000000 117.000000 300.000000 0.313830
263.000000 264.000000 300.000000 0.128823
264.000000 263.000000 300.000000 0.128823
265.000000 264.000000 300.000000 0.137360
264.000000 265.000000 300.000000 0.137360
264.000000 265.000000 300.000000 0.137360
265.000000 264.000000 300.000000 0.137360
21.000000 265.000000 300.000000 0.311980
265.000000 21.000000 300.000000 0.311980
122.000000 265.000000 300.000000 0.430857
265.000000 122.000000 300.000000 0.430857
10.000000 266.000000 300.000000 0.278333
266.000000 10.000000 300.000000 0.278333
290.000000 266.000000 300.000000 0.163190
266.000000 290.000000 300.000000 0.163190
9.000000 266.000000 300.000000 0.274347
266.000000 9.000000 300.000000 0.274347
267.000000 66.000000 300.000000 0.037283
268.000000 267.000000 300.000000 0.031173
267.000000 268.000000 300.000000 0.031173
181.000000 268.000000 300.000000 0.146243
268.000000 181.000000 300.000000 0.146243
267.000000 268.000000 300.000000 0.031173
268.000000 267.000000 300.000000 0.031173
268.000000 28.000000 300.000000 0.180257
37.000000 269.000000 300.000000 0.035800
269.000000 37.000000 300.000000 0.035800
34.000000 269.000000 300.000000 0.440780
269.000000 34.000000 300.000000 0.440780
40.000000 269.000000 300.000000 0.520073
269.000000 40.000000 300.000000 0.520073
37.000000 270.000000 300.000000 0.068053
270.000000 37.000000 300.000000 0.068053
56.000000 270.000000 300.000000 0.046467
270.000000 56.000000 300.000000 0.046467
159.000000 270.000000 300.000000 0.386413
270.000000 159.000000 300.000000 0.386413
55.000000 271.000000 300.000000 0.117390
271.000000 55.000000 300.000000 0.117390
56.000000 271.000000 300.000000 0.135723
271.000000 56.000000 300.000000 0.135723
52.000000 271.000000 300.000000 0.277833
271.000000 52.000000 300.000000 0.277833
273.000000 272.000000 300.000000 0.025210
272.000000 273.000000 300.000000 0.025210
24.000000 272.000000 300.000000 0.258137
272.000000 24.000000 300.000000 0.258137
272.000000 75.000000 300.000000 0.347090
274.000000 273.000000 300.000000 0.095093
273.000000 274.000000 300.000000 0.095093
272.000000 273.000000 300.000000 0.025210
273.000000 272.000000 300.000000 0.025210
273.000000 25.000000 300.000000 0.558913
273.000000 274.000000 300.000000 0.095093
274.000000 273.000000 300.000000 0.095093
193.000000 274.000000 300.000000 0.348353
274.000000 193.000000 300.000000 0.348353
15.000000 274.000000 300.000000 0.167750
274.000000 15.000000 300.000000 0.167750
4.000000 275.000000 300.000000 0.027913
275.000000 4.000000 300.000000 0.027913
275.000000 306.000000 300.000000 0.130500
3.000000 275.000000 300.000000 0.257893
275.000000 3.000000 300.000000 0.257893
276.000000 277.000000 300.000000 0.132207
304.000000 276.000000 300.000000 0.119453
276.000000 304.000000 300.000000 0.119453
25.000000 277.000000 300.000000 0.024853
277.000000 25.000000 300.000000 0.024853
277.000000 272.000000 300.000000 0.560777
96.000000 277.000000 300.000000 0.333637
277.000000 96.000000 300.000000 0.333637
10.000000 278.000000 300.000000 0.359117
278.000000 10.000000 300.000000 0.359117
6.000000 278.000000 300.000000 0.665877
278.000000 6.000000 300.000000 0.665877
116.000000 278.000000 300.000000 0.274220
278.000000 116.000000 300.000000 0.274220
219.000000 279.000000 300.000000 0.027613
279.000000 219.000000 300.000000 0.027613
205.000000 279.000000 300.000000 0.190087
279.000000 205.000000 300.000000 0.190087
279.000000 208.000000 300.000000 0.231153
223.000000 280.000000 300.000000 0.472067
280.000000 223.000000 300.000000 0.472067
282.000000 280.000000 300.000000 0.113990
280.000000 282.000000 300.000000 0.113990
208.000000 280.000000 300.000000 0.115063
280.000000 208.000000 300.000000 0.115063
213.000000 281.000000 300.000000 0.028463
281.000000 213.000000 300.000000 0.028463
207.000000 281.000000 300.000000 0.247753
281.000000 207.000000 300.000000 0.247753
210.000000 281.000000 300.000000 0.168540
281.000000 210.000000 300.000000 0.168540
280.000000 282.000000 300.000000 0.113990
282.000000 280.000000 300.000000 0.113990
282.000000 41.000000 300.000000 0.285813
252.000000 283.000000 300.000000 0.031797
283.000000 252.000000 300.000000 0.031797
254.000000 283.000000 300.000000 0.677227
283.000000 254.000000 300.000000 0.677227
140.000000 284.000000 300.000000 0.020700
284.000000 140.000000 300.000000 0.020700
252.000000 284.000000 300.000000 0.598993
284.000000 252.000000 300.000000 0.598993
285.000000 284.000000 300.000000 0.220853
284.000000 285.000000 300.000000 0.220853
244.000000 285.000000 300.000000 0.110150
285.000000 244.000000 300.000000 0.110150
143.000000 285.000000 300.000000 0.440207
285.000000 143.000000 300.000000 0.440207
284.000000 285.000000 300.000000 0.220853
285.000000 284.000000 300.000000 0.220853
251.000000 286.000000 300.000000 0.411000
286.000000 251.000000 300.000000 0.411000
287.000000 286.000000 300.000000 0.555900
286.000000 287.000000 300.000000 0.555900
159.000000 286.000000 300.000000 0.825503
286.000000 159.000000 300.000000 0.825503
36.000000 287.000000 300.000000 0.049863
287.000000 36.000000 300.000000 0.049863
286.000000 287.000000 300.000000 0.555900
287.000000 286.000000 300.000000 0.555900
288.000000 302.000000 300.000000 0.170620
105.000000 288.000000 300.000000 0.031743
288.000000 105.000000 300.000000 0.031743
57.000000 289.000000 300.000000 0.165523
289.000000 57.000000 300.000000 0.165523
177.000000 289.000000 300.000000 0.090193
289.000000 177.000000 300.000000 0.090193
179.000000 289.000000 300.000000 0.157600
289.000000 179.000000 300.000000 0.157600
266.000000 290.000000 300.000000 0.163190
290.000000 266.000000 300.000000 0.163190
42.000000 291.000000 300.000000 0.011970
291.000000 42.000000 300.000000 0.011970
209.000000 291.000000 300.000000 0.174710
291.000000 209.000000 300.000000 0.174710
212.000000 291.000000 300.000000 0.229283
291.000000 212.000000 300.000000 0.229283
293.000000 292.000000 300.000000 0.082377
292.000000 293.000000 300.000000 0.082377
292.000000 293.000000 300.000000 0.082377
293.000000 292.000000 300.000000 0.082377
295.000000 293.000000 300.000000 0.137627
293.000000 295.000000 300.000000 0.137627
294.000000 293.000000 300.000000 0.223647
293.000000 294.000000 300.000000 0.223647
293.000000 294.000000 300.000000 0.223647
294.000000 293.000000 300.000000 0.223647
211.000000 295.000000 300.000000 0.122527
295.000000 211.000000 300.000000 0.122527
207.000000 295.000000 300.000000 0.015770
295.000000 207.000000 300.000000 0.015770
293.000000 295.000000 300.000000 0.137627
295.000000 293.000000 300.000000 0.137627
297.000000 296.000000 300.000000 0.049853
296.000000 297.000000 300.000000 0.049853
214.000000 297.000000 300.000000 0.116930
297.000000 214.000000 300.000000 0.116930
219.000000 297.000000 300.000000 0.173243
297.000000 219.000000 300.000000 0.173243
296.000000 297.000000 300.000000 0.049853
297.000000 296.000000 300.000000 0.049853
299.000000 298.000000 300.000000 0.269810
298.000000 299.000000 300.000000 0.269810
39.000000 298.000000 300.000000 0.200400
298.000000 39.000000 300.000000 0.200400
141.000000 298.000000 300.000000 0.469317
298.000000 141.000000 300.000000 0.469317
298.000000 299.000000 300.000000 0.269810
299.000000 298.000000 300.000000 0.269810
144.000000 300.000000 300.000000 0.103043
300.000000 144.000000 300.000000 0.103043
44.000000 300.000000 300.000000 0.119250
300.000000 44.000000 300.000000 0.119250
301.000000 300.000000 300.000000 0.290257
300.000000 301.000000 300.000000 0.290257
300.000000 301.000000 300.000000 0.290257
301.000000 300.000000 300.000000 0.290257
302.000000 154.000000 300.000000 0.120817
303.000000 302.000000 300.000000 0.169053
302.000000 303.000000 300.000000 0.169053
302.000000 303.000000 300.000000 0.169053
303.000000 302.000000 300.000000 0.169053
96.000000 304.000000 300.000000 0.121193
304.000000 96.000000 300.000000 0.121193
276.000000 304.000000 300.000000 0.119453
304.000000 276.000000 300.000000 0.119453
305.000000 304.000000 300.000000 0.145930
304.000000 305.000000 300.000000 0.145930
304.000000 305.000000 300.000000 0.145930
305.000000 304.000000 300.000000 0.145930
306.000000 276.000000 300.000000 0.295440
307.000000 306.000000 300.000000 0.122190
306.000000 307.000000 300.000000 0.122190
306.000000 307.000000 300.000000 0.122190
307.000000 306.000000 300.000000 0.122190
246.000000 308.000000 300.000000 0.291607
308.000000 246.000000 300.000000 0.291607
253.000000 309.000000 300.000000 0.350983
309.000000 253.000000 300.000000 0.350983
21.000000 310.000000 300.000000 0.383480
310.000000 21.000000 300.000000 0.383480
194.000000 311.000000 300.000000 0.377130
311.000000 194.000000 300.000000 0.377130
107.000000 312.000000 300.000000 0.342237
312.000000 107.000000 300.000000 0.342237
247.000000 313.000000 300.000000 0.033123
313.000000 247.000000 300.000000 0.033123
314.000000 313.000000 300.000000 0.259850
313.000000 314.000000 300.000000 0.259850
255.000000 313.000000 300.000000 0.476010
313.000000 255.000000 300.000000 0.476010
313.000000 314.000000 300.000000 0.259850
314.000000 313.000000 300.000000 0.259850
120.000000 315.000000 300.000000 0.338907
315.000000 120.000000 300.000000 0.338907
315.000000 315.000000 300.000000 0.215997
315.000000 315.000000 300.000000 0.215997
113.000000 316.000000 300.000000 0.224010
316.000000 113.000000 300.000000 0.224010
316.000000 316.000000 300.000000 0.215997
316.000000 316.000000 300.000000 0.215997
237.000000 317.000000 300.000000 0.217903
317.000000 237.000000 300.000000 0.217903
