0.000000 1.000000 300.000000 0.383767
1.000000 273.000000 300.000000 0.101053
2.000000 1.000000 300.000000 0.252493
1.000000 2.000000 300.000000 0.252493
1.000000 146.000000 300.000000 0.205417
52.000000 2.000000 300.000000 0.319943
2.000000 52.000000 300.000000 0.319943
1.000000 2.000000 300.000000 0.252493
2.000000 1.000000 300.000000 0.252493
3.000000 7.000000 300.000000 0.597880
4.000000 218.000000 300.000000 0.363393
5.000000 36.000000 300.000000 0.603197
6.000000 29.000000 300.000000 0.430577
7.000000 8.000000 300.000000 0.480943
8.000000 123.000000 300.000000 0.196800
9.000000 150.000000 300.000000 0.311530
10.000000 9.000000 300.000000 0.356053
153.000000 10.000000 300.000000 0.180340
10.000000 153.000000 300.000000 0.180340
122.000000 11.000000 300.000000 0.135587
11.000000 122.000000 300.000000 0.135587
12.000000 13.000000 300.000000 0.037280
12.000000 128.000000 300.000000 0.443130
13.000000 132.000000 300.000000 0.321077
14.000000 21.000000 300.000000 0.033743
14.000000 244.000000 300.000000 0.325937
15.000000 238.000000 300.000000 0.480787
15.000000 242.000000 300.000000 0.395503
241.000000 16.000000 300.000000 0.028717
16.000000 241.000000 300.000000 0.028717
100.000000 16.000000 300.000000 0.467330
16.000000 100.000000 300.000000 0.467330
16.000000 234.000000 300.000000 0.251207
17.000000 117.000000 300.000000 0.372977
17.000000 227.000000 300.000000 0.203310
49.000000 18.000000 300.000000 0.255003
18.000000 49.000000 300.000000 0.255003
230.000000 18.000000 300.000000 0.207867
18.000000 230.000000 300.000000 0.207867
126.000000 18.000000 300.000000 0.380653
18.000000 126.000000 300.000000 0.380653
19.000000 18.000000 300.000000 0.416220
18.000000 19.000000 300.000000 0.416220
19.000000 20.000000 300.000000 0.440317
18.000000 19.000000 300.000000 0.416220
19.000000 18.000000 300.000000 0.416220
19.000000 120.000000 300.000000 0.209433
20.000000 220.000000 300.000000 0.264287
20.000000 247.000000 300.000000 0.401520
21.000000 225.000000 300.000000 0.151863
21.000000 71.000000 300.000000 0.405070
22.000000 21.000000 300.000000 0.184780
221.000000 22.000000 300.000000 0.145060
22.000000 221.000000 300.000000 0.145060
23.000000 15.000000 300.000000 0.026530
23.000000 243.000000 300.000000 0.191910
242.000000 24.000000 300.000000 0.028123
24.000000 242.000000 300.000000 0.028123
125.000000 24.000000 300.000000 0.378027
24.000000 125.000000 300.000000 0.378027
24.000000 215.000000 300.000000 0.201533
25.000000 56.000000 300.000000 0.340430
26.000000 194.000000 300.000000 0.376670
26.000000 30.000000 300.000000 0.432353
27.000000 248.000000 300.000000 0.209140
28.000000 249.000000 300.000000 0.112577
28.000000 51.000000 300.000000 0.422687
29.000000 109.000000 300.000000 0.399597
29.000000 99.000000 300.000000 0.102680
30.000000 236.000000 300.000000 0.237887
30.000000 5.000000 300.000000 0.404413
32.000000 31.000000 300.000000 0.415493
31.000000 32.000000 300.000000 0.415493
31.000000 145.000000 300.000000 0.123253
201.000000 32.000000 300.000000 0.202887
32.000000 201.000000 300.000000 0.202887
31.000000 32.000000 300.000000 0.415493
32.000000 31.000000 300.000000 0.415493
79.000000 32.000000 300.000000 0.360670
32.000000 79.000000 300.000000 0.360670
167.000000 32.000000 300.000000 0.403550
32.000000 167.000000 300.000000 0.403550
197.000000 33.000000 300.000000 0.182087
33.000000 197.000000 300.000000 0.182087
201.000000 33.000000 300.000000 0.234840
33.000000 201.000000 300.000000 0.234840
33.000000 80.000000 300.000000 0.415403
35.000000 34.000000 300.000000 0.439770
34.000000 35.000000 300.000000 0.439770
50.000000 34.000000 300.000000 0.412387
34.000000 50.000000 300.000000 0.412387
34.000000 196.000000 300.000000 0.268013
35.000000 30.000000 300.000000 0.599350
36.000000 35.000000 300.000000 0.399117
35.000000 36.000000 300.000000 0.399117
34.000000 35.000000 300.000000 0.439770
35.000000 34.000000 300.000000 0.439770
35.000000 36.000000 300.000000 0.399117
36.000000 35.000000 300.000000 0.399117
36.000000 86.000000 300.000000 0.282530
38.000000 37.000000 300.000000 0.248940
37.000000 38.000000 300.000000 0.248940
189.000000 37.000000 300.000000 0.127903
37.000000 189.000000 300.000000 0.127903
37.000000 60.000000 300.000000 0.406840
79.000000 38.000000 300.000000 0.226260
38.000000 79.000000 300.000000 0.226260
37.000000 38.000000 300.000000 0.248940
38.000000 37.000000 300.000000 0.248940
38.000000 28.000000 300.000000 0.450643
39.000000 168.000000 300.000000 0.255040
40.000000 39.000000 300.000000 0.337043
39.000000 40.000000 300.000000 0.337043
167.000000 39.000000 300.000000 0.278663
39.000000 167.000000 300.000000 0.278663
113.000000 40.000000 300.000000 0.251207
40.000000 113.000000 300.000000 0.251207
40.000000 93.000000 300.000000 0.419043
39.000000 40.000000 300.000000 0.337043
40.000000 39.000000 300.000000 0.337043
141.000000 41.000000 300.000000 0.416547
41.000000 141.000000 300.000000 0.416547
65.000000 41.000000 300.000000 0.248270
41.000000 65.000000 300.000000 0.248270
41.000000 263.000000 300.000000 0.264197
42.000000 160.000000 300.000000 0.202487
42.000000 43.000000 300.000000 0.397953
43.000000 44.000000 300.000000 0.289623
43.000000 67.000000 300.000000 0.429187
142.000000 44.000000 300.000000 0.415480
44.000000 142.000000 300.000000 0.415480
158.000000 44.000000 300.000000 0.244323
44.000000 158.000000 300.000000 0.244323
44.000000 45.000000 300.000000 0.404030
157.000000 45.000000 300.000000 0.309143
45.000000 157.000000 300.000000 0.309143
45.000000 46.000000 300.000000 0.400630
161.000000 45.000000 300.000000 0.262790
45.000000 161.000000 300.000000 0.262790
68.000000 46.000000 300.000000 0.409600
46.000000 68.000000 300.000000 0.409600
186.000000 46.000000 300.000000 0.187730
46.000000 186.000000 300.000000 0.187730
46.000000 47.000000 300.000000 0.370010
47.000000 64.000000 300.000000 0.407840
47.000000 48.000000 300.000000 0.247970
48.000000 106.000000 300.000000 0.419330
18.000000 49.000000 300.000000 0.255003
49.000000 18.000000 300.000000 0.255003
121.000000 49.000000 300.000000 0.182497
49.000000 121.000000 300.000000 0.182497
120.000000 49.000000 300.000000 0.413470
49.000000 120.000000 300.000000 0.413470
34.000000 50.000000 300.000000 0.412387
50.000000 34.000000 300.000000 0.412387
197.000000 50.000000 300.000000 0.244653
50.000000 197.000000 300.000000 0.244653
50.000000 193.000000 300.000000 0.214823
195.000000 50.000000 300.000000 0.268563
50.000000 195.000000 300.000000 0.268563
51.000000 58.000000 300.000000 0.240137
51.000000 26.000000 300.000000 0.415327
2.000000 52.000000 300.000000 0.319943
52.000000 2.000000 300.000000 0.319943
52.000000 146.000000 300.000000 0.360710
54.000000 92.000000 300.000000 0.515650
54.000000 90.000000 300.000000 0.400003
55.000000 61.000000 300.000000 0.404830
56.000000 5.000000 300.000000 0.298030
56.000000 237.000000 300.000000 0.401010
57.000000 58.000000 300.000000 0.410750
57.000000 26.000000 300.000000 0.239747
58.000000 191.000000 300.000000 0.201207
58.000000 59.000000 300.000000 0.424970
59.000000 139.000000 300.000000 0.127193
59.000000 27.000000 300.000000 0.402330
60.000000 69.000000 300.000000 0.407610
60.000000 111.000000 300.000000 0.249343
61.000000 62.000000 300.000000 0.412510
61.000000 54.000000 300.000000 0.242773
62.000000 181.000000 300.000000 0.421517
63.000000 187.000000 300.000000 0.205293
68.000000 64.000000 300.000000 0.325127
64.000000 68.000000 300.000000 0.325127
64.000000 69.000000 300.000000 0.247393
64.000000 111.000000 300.000000 0.410920
41.000000 65.000000 300.000000 0.248270
65.000000 41.000000 300.000000 0.248270
207.000000 65.000000 300.000000 0.298847
65.000000 207.000000 300.000000 0.298847
66.000000 65.000000 300.000000 0.402030
65.000000 66.000000 300.000000 0.402030
270.000000 65.000000 300.000000 0.145980
65.000000 270.000000 300.000000 0.145980
66.000000 42.000000 300.000000 0.338583
67.000000 66.000000 300.000000 0.411390
66.000000 67.000000 300.000000 0.411390
65.000000 66.000000 300.000000 0.402030
66.000000 65.000000 300.000000 0.402030
67.000000 82.000000 300.000000 0.422923
163.000000 67.000000 300.000000 0.189793
67.000000 163.000000 300.000000 0.189793
66.000000 67.000000 300.000000 0.411390
67.000000 66.000000 300.000000 0.411390
78.000000 68.000000 300.000000 0.410910
68.000000 78.000000 300.000000 0.410910
46.000000 68.000000 300.000000 0.409600
68.000000 46.000000 300.000000 0.409600
64.000000 68.000000 300.000000 0.325127
68.000000 64.000000 300.000000 0.325127
144.000000 68.000000 300.000000 0.402910
68.000000 144.000000 300.000000 0.402910
69.000000 48.000000 300.000000 0.413187
69.000000 63.000000 300.000000 0.403463
70.000000 97.000000 300.000000 0.343347
110.000000 70.000000 300.000000 0.397513
70.000000 110.000000 300.000000 0.397513
71.000000 128.000000 300.000000 0.031637
71.000000 13.000000 300.000000 0.443893
72.000000 141.000000 300.000000 0.397127
72.000000 10.000000 300.000000 0.266773
73.000000 72.000000 300.000000 0.345970
73.000000 159.000000 300.000000 0.234677
74.000000 203.000000 300.000000 0.142967
158.000000 74.000000 300.000000 0.223520
74.000000 158.000000 300.000000 0.223520
75.000000 156.000000 300.000000 0.264797
157.000000 75.000000 300.000000 0.228820
75.000000 157.000000 300.000000 0.228820
133.000000 76.000000 300.000000 0.211987
76.000000 133.000000 300.000000 0.211987
135.000000 76.000000 300.000000 0.346773
76.000000 135.000000 300.000000 0.346773
76.000000 75.000000 300.000000 0.399240
77.000000 76.000000 300.000000 0.452063
77.000000 105.000000 300.000000 0.222383
79.000000 78.000000 300.000000 0.406473
78.000000 79.000000 300.000000 0.406473
68.000000 78.000000 300.000000 0.410910
78.000000 68.000000 300.000000 0.410910
78.000000 31.000000 300.000000 0.282763
32.000000 79.000000 300.000000 0.360670
79.000000 32.000000 300.000000 0.360670
38.000000 79.000000 300.000000 0.226260
79.000000 38.000000 300.000000 0.226260
200.000000 79.000000 300.000000 0.210247
79.000000 200.000000 300.000000 0.210247
78.000000 79.000000 300.000000 0.406473
79.000000 78.000000 300.000000 0.406473
200.000000 80.000000 300.000000 0.244597
80.000000 200.000000 300.000000 0.244597
80.000000 28.000000 300.000000 0.173750
197.000000 80.000000 300.000000 0.553723
80.000000 197.000000 300.000000 0.553723
81.000000 10.000000 300.000000 0.306423
81.000000 202.000000 300.000000 0.136233
82.000000 93.000000 300.000000 0.357257
82.000000 39.000000 300.000000 0.418333
83.000000 84.000000 300.000000 0.436787
83.000000 198.000000 300.000000 0.256180
199.000000 84.000000 300.000000 0.252087
84.000000 199.000000 300.000000 0.252087
95.000000 84.000000 300.000000 0.283540
84.000000 95.000000 300.000000 0.283540
84.000000 112.000000 300.000000 0.414337
85.000000 35.000000 300.000000 0.387560
85.000000 86.000000 300.000000 0.419337
86.000000 98.000000 300.000000 0.328597
136.000000 87.000000 300.000000 0.422933
87.000000 136.000000 300.000000 0.422933
109.000000 87.000000 300.000000 0.290317
87.000000 109.000000 300.000000 0.290317
87.000000 99.000000 300.000000 0.373013
109.000000 88.000000 300.000000 0.429437
88.000000 109.000000 300.000000 0.429437
88.000000 6.000000 300.000000 0.385480
89.000000 61.000000 300.000000 0.412033
89.000000 90.000000 300.000000 0.246427
90.000000 77.000000 300.000000 0.221070
90.000000 135.000000 300.000000 0.487103
143.000000 91.000000 300.000000 0.184200
91.000000 143.000000 300.000000 0.184200
154.000000 91.000000 300.000000 0.262337
91.000000 154.000000 300.000000 0.262337
155.000000 91.000000 300.000000 0.471600
91.000000 155.000000 300.000000 0.471600
92.000000 134.000000 300.000000 0.638070
135.000000 92.000000 300.000000 0.258170
92.000000 135.000000 300.000000 0.258170
147.000000 92.000000 300.000000 0.237530
92.000000 147.000000 300.000000 0.237530
93.000000 250.000000 300.000000 0.162447
93.000000 212.000000 300.000000 0.093670
94.000000 83.000000 300.000000 0.304513
94.000000 40.000000 300.000000 0.444773
84.000000 95.000000 300.000000 0.283540
95.000000 84.000000 300.000000 0.283540
115.000000 95.000000 300.000000 0.335090
95.000000 115.000000 300.000000 0.335090
95.000000 94.000000 300.000000 0.431933
96.000000 116.000000 300.000000 0.412420
96.000000 95.000000 300.000000 0.419053
97.000000 85.000000 300.000000 0.288807
97.000000 96.000000 300.000000 0.447340
98.000000 110.000000 300.000000 0.413190
98.000000 97.000000 300.000000 0.404853
99.000000 108.000000 300.000000 0.424680
16.000000 100.000000 300.000000 0.467330
100.000000 16.000000 300.000000 0.467330
257.000000 100.000000 300.000000 0.156057
100.000000 257.000000 300.000000 0.156057
103.000000 100.000000 300.000000 0.404193
100.000000 103.000000 300.000000 0.404193
233.000000 100.000000 300.000000 0.202747
100.000000 233.000000 300.000000 0.202747
138.000000 101.000000 300.000000 0.415350
101.000000 138.000000 300.000000 0.415350
136.000000 101.000000 300.000000 0.408463
101.000000 136.000000 300.000000 0.408463
178.000000 101.000000 300.000000 0.420460
101.000000 178.000000 300.000000 0.420460
235.000000 101.000000 300.000000 0.086040
101.000000 235.000000 300.000000 0.086040
229.000000 102.000000 300.000000 0.227723
102.000000 229.000000 300.000000 0.227723
102.000000 104.000000 300.000000 0.412930
103.000000 179.000000 300.000000 0.396827
100.000000 103.000000 300.000000 0.404193
103.000000 100.000000 300.000000 0.404193
122.000000 103.000000 300.000000 0.653847
103.000000 122.000000 300.000000 0.653847
104.000000 3.000000 300.000000 1.252550
105.000000 133.000000 300.000000 0.423243
105.000000 185.000000 300.000000 0.227043
106.000000 105.000000 300.000000 0.246380
105.000000 106.000000 300.000000 0.246380
106.000000 89.000000 300.000000 0.419957
105.000000 106.000000 300.000000 0.246380
106.000000 105.000000 300.000000 0.246380
107.000000 106.000000 300.000000 0.402790
106.000000 107.000000 300.000000 0.402790
107.000000 262.000000 300.000000 0.401623
106.000000 107.000000 300.000000 0.402790
107.000000 106.000000 300.000000 0.402790
108.000000 102.000000 300.000000 0.400623
108.000000 228.000000 300.000000 0.225900
109.000000 175.000000 300.000000 0.444330
88.000000 109.000000 300.000000 0.429437
109.000000 88.000000 300.000000 0.429437
87.000000 109.000000 300.000000 0.290317
109.000000 87.000000 300.000000 0.290317
70.000000 110.000000 300.000000 0.397513
110.000000 70.000000 300.000000 0.397513
110.000000 174.000000 300.000000 0.267337
111.000000 78.000000 300.000000 0.274113
111.000000 38.000000 300.000000 0.409137
112.000000 85.000000 300.000000 0.447190
112.000000 96.000000 300.000000 0.279520
125.000000 113.000000 300.000000 0.416560
113.000000 125.000000 300.000000 0.416560
40.000000 113.000000 300.000000 0.251207
113.000000 40.000000 300.000000 0.251207
114.000000 113.000000 300.000000 0.430433
113.000000 114.000000 300.000000 0.430433
114.000000 94.000000 300.000000 0.268450
232.000000 114.000000 300.000000 0.139337
114.000000 232.000000 300.000000 0.139337
113.000000 114.000000 300.000000 0.430433
114.000000 113.000000 300.000000 0.430433
95.000000 115.000000 300.000000 0.335090
115.000000 95.000000 300.000000 0.335090
126.000000 115.000000 300.000000 0.506523
115.000000 126.000000 300.000000 0.506523
116.000000 115.000000 300.000000 0.412810
115.000000 116.000000 300.000000 0.412810
232.000000 115.000000 300.000000 0.283607
115.000000 232.000000 300.000000 0.283607
116.000000 172.000000 300.000000 0.097380
115.000000 116.000000 300.000000 0.412810
116.000000 115.000000 300.000000 0.412810
117.000000 223.000000 300.000000 0.224487
231.000000 117.000000 300.000000 0.213333
117.000000 231.000000 300.000000 0.213333
226.000000 117.000000 300.000000 0.211913
117.000000 226.000000 300.000000 0.211913
119.000000 118.000000 300.000000 0.097757
118.000000 119.000000 300.000000 0.097757
118.000000 119.000000 300.000000 0.097757
119.000000 118.000000 300.000000 0.097757
123.000000 119.000000 300.000000 0.379763
119.000000 123.000000 300.000000 0.379763
122.000000 119.000000 300.000000 0.235833
119.000000 122.000000 300.000000 0.235833
49.000000 120.000000 300.000000 0.413470
120.000000 49.000000 300.000000 0.413470
120.000000 176.000000 300.000000 0.248233
49.000000 121.000000 300.000000 0.182497
121.000000 49.000000 300.000000 0.182497
233.000000 121.000000 300.000000 0.208333
121.000000 233.000000 300.000000 0.208333
121.000000 131.000000 300.000000 0.310303
11.000000 122.000000 300.000000 0.135587
122.000000 11.000000 300.000000 0.135587
122.000000 240.000000 300.000000 0.159917
119.000000 122.000000 300.000000 0.235833
122.000000 119.000000 300.000000 0.235833
103.000000 122.000000 300.000000 0.653847
122.000000 103.000000 300.000000 0.653847
123.000000 4.000000 300.000000 0.283700
119.000000 123.000000 300.000000 0.379763
123.000000 119.000000 300.000000 0.379763
124.000000 222.000000 300.000000 0.238050
214.000000 124.000000 300.000000 0.199130
124.000000 214.000000 300.000000 0.199130
226.000000 125.000000 300.000000 0.205180
125.000000 226.000000 300.000000 0.205180
214.000000 125.000000 300.000000 0.203377
125.000000 214.000000 300.000000 0.203377
24.000000 125.000000 300.000000 0.378027
125.000000 24.000000 300.000000 0.378027
113.000000 125.000000 300.000000 0.416560
125.000000 113.000000 300.000000 0.416560
231.000000 126.000000 300.000000 0.216650
126.000000 231.000000 300.000000 0.216650
115.000000 126.000000 300.000000 0.506523
126.000000 115.000000 300.000000 0.506523
18.000000 126.000000 300.000000 0.380653
126.000000 18.000000 300.000000 0.380653
127.000000 126.000000 300.000000 0.410480
126.000000 127.000000 300.000000 0.410480
127.000000 170.000000 300.000000 0.119133
126.000000 127.000000 300.000000 0.410480
127.000000 126.000000 300.000000 0.410480
128.000000 14.000000 300.000000 0.401647
128.000000 217.000000 300.000000 0.251280
129.000000 173.000000 300.000000 0.265560
129.000000 130.000000 300.000000 0.448683
130.000000 127.000000 300.000000 0.147743
131.000000 17.000000 300.000000 0.112353
230.000000 131.000000 300.000000 0.112047
131.000000 230.000000 300.000000 0.112047
132.000000 152.000000 300.000000 0.308383
186.000000 133.000000 300.000000 0.195193
133.000000 186.000000 300.000000 0.195193
76.000000 133.000000 300.000000 0.211987
133.000000 76.000000 300.000000 0.211987
134.000000 154.000000 300.000000 0.298833
76.000000 135.000000 300.000000 0.346773
135.000000 76.000000 300.000000 0.346773
155.000000 135.000000 300.000000 0.378487
135.000000 155.000000 300.000000 0.378487
92.000000 135.000000 300.000000 0.258170
135.000000 92.000000 300.000000 0.258170
101.000000 136.000000 300.000000 0.408463
136.000000 101.000000 300.000000 0.408463
87.000000 136.000000 300.000000 0.422933
136.000000 87.000000 300.000000 0.422933
136.000000 177.000000 300.000000 0.423480
137.000000 104.000000 300.000000 0.295773
235.000000 137.000000 300.000000 0.412523
137.000000 235.000000 300.000000 0.412523
101.000000 138.000000 300.000000 0.415350
138.000000 101.000000 300.000000 0.415350
138.000000 137.000000 300.000000 0.092360
139.000000 37.000000 300.000000 0.331747
139.000000 249.000000 300.000000 0.230680
207.000000 140.000000 300.000000 0.109460
140.000000 207.000000 300.000000 0.109460
140.000000 124.000000 300.000000 0.179173
41.000000 141.000000 300.000000 0.416547
141.000000 41.000000 300.000000 0.416547
141.000000 71.000000 300.000000 0.420667
219.000000 142.000000 300.000000 0.166357
142.000000 219.000000 300.000000 0.166357
163.000000 142.000000 300.000000 0.039773
142.000000 163.000000 300.000000 0.039773
44.000000 142.000000 300.000000 0.415480
142.000000 44.000000 300.000000 0.415480
143.000000 74.000000 300.000000 0.033363
91.000000 143.000000 300.000000 0.184200
143.000000 91.000000 300.000000 0.184200
145.000000 144.000000 300.000000 0.414477
144.000000 145.000000 300.000000 0.414477
161.000000 144.000000 300.000000 0.145413
144.000000 161.000000 300.000000 0.145413
68.000000 144.000000 300.000000 0.402910
144.000000 68.000000 300.000000 0.402910
219.000000 144.000000 300.000000 0.247790
144.000000 219.000000 300.000000 0.247790
144.000000 145.000000 300.000000 0.414477
145.000000 144.000000 300.000000 0.414477
145.000000 165.000000 300.000000 0.080513
146.000000 54.000000 300.000000 0.199237
245.000000 146.000000 300.000000 0.165070
146.000000 245.000000 300.000000 0.165070
147.000000 52.000000 300.000000 0.247230
92.000000 147.000000 300.000000 0.237530
147.000000 92.000000 300.000000 0.237530
149.000000 147.000000 300.000000 0.336387
147.000000 149.000000 300.000000 0.336387
260.000000 148.000000 300.000000 0.040260
148.000000 260.000000 300.000000 0.040260
149.000000 148.000000 300.000000 0.080557
147.000000 149.000000 300.000000 0.336387
149.000000 147.000000 300.000000 0.336387
150.000000 81.000000 300.000000 0.380350
153.000000 151.000000 300.000000 0.121947
151.000000 153.000000 300.000000 0.121947
152.000000 9.000000 300.000000 0.194790
153.000000 152.000000 300.000000 0.354663
151.000000 153.000000 300.000000 0.121947
153.000000 151.000000 300.000000 0.121947
10.000000 153.000000 300.000000 0.180340
153.000000 10.000000 300.000000 0.180340
91.000000 154.000000 300.000000 0.262337
154.000000 91.000000 300.000000 0.262337
154.000000 81.000000 300.000000 0.368230
156.000000 155.000000 300.000000 0.521320
155.000000 156.000000 300.000000 0.521320
91.000000 155.000000 300.000000 0.471600
155.000000 91.000000 300.000000 0.471600
135.000000 155.000000 300.000000 0.378487
155.000000 135.000000 300.000000 0.378487
156.000000 143.000000 300.000000 0.103413
155.000000 156.000000 300.000000 0.521320
156.000000 155.000000 300.000000 0.521320
45.000000 157.000000 300.000000 0.309143
157.000000 45.000000 300.000000 0.309143
75.000000 157.000000 300.000000 0.228820
157.000000 75.000000 300.000000 0.228820
158.000000 157.000000 300.000000 0.393147
157.000000 158.000000 300.000000 0.393147
251.000000 157.000000 300.000000 0.076230
157.000000 251.000000 300.000000 0.076230
159.000000 158.000000 300.000000 0.325770
158.000000 159.000000 300.000000 0.325770
157.000000 158.000000 300.000000 0.393147
158.000000 157.000000 300.000000 0.393147
44.000000 158.000000 300.000000 0.244323
158.000000 44.000000 300.000000 0.244323
74.000000 158.000000 300.000000 0.223520
158.000000 74.000000 300.000000 0.223520
159.000000 43.000000 300.000000 0.189937
160.000000 159.000000 300.000000 0.375663
159.000000 160.000000 300.000000 0.375663
158.000000 159.000000 300.000000 0.325770
159.000000 158.000000 300.000000 0.325770
160.000000 72.000000 300.000000 0.225250
159.000000 160.000000 300.000000 0.375663
160.000000 159.000000 300.000000 0.375663
144.000000 161.000000 300.000000 0.145413
161.000000 144.000000 300.000000 0.145413
45.000000 161.000000 300.000000 0.262790
161.000000 45.000000 300.000000 0.262790
219.000000 161.000000 300.000000 0.340463
161.000000 219.000000 300.000000 0.340463
162.000000 259.000000 300.000000 0.028543
219.000000 162.000000 300.000000 0.415393
162.000000 219.000000 300.000000 0.415393
142.000000 163.000000 300.000000 0.039773
163.000000 142.000000 300.000000 0.039773
164.000000 163.000000 300.000000 0.418207
163.000000 164.000000 300.000000 0.418207
67.000000 163.000000 300.000000 0.189793
163.000000 67.000000 300.000000 0.189793
164.000000 82.000000 300.000000 0.173043
163.000000 164.000000 300.000000 0.418207
164.000000 163.000000 300.000000 0.418207
166.000000 165.000000 300.000000 0.295617
165.000000 166.000000 300.000000 0.295617
165.000000 162.000000 300.000000 0.177240
165.000000 166.000000 300.000000 0.295617
166.000000 165.000000 300.000000 0.295617
32.000000 167.000000 300.000000 0.403550
167.000000 32.000000 300.000000 0.403550
259.000000 167.000000 300.000000 0.414497
167.000000 259.000000 300.000000 0.414497
39.000000 167.000000 300.000000 0.278663
167.000000 39.000000 300.000000 0.278663
168.000000 83.000000 300.000000 0.175197
169.000000 168.000000 300.000000 0.370460
168.000000 169.000000 300.000000 0.370460
168.000000 169.000000 300.000000 0.370460
169.000000 168.000000 300.000000 0.370460
220.000000 170.000000 300.000000 0.443497
170.000000 220.000000 300.000000 0.443497
170.000000 19.000000 300.000000 0.264610
220.000000 171.000000 300.000000 0.398670
171.000000 220.000000 300.000000 0.398670
171.000000 247.000000 300.000000 0.266400
172.000000 173.000000 300.000000 0.444133
172.000000 130.000000 300.000000 0.261497
173.000000 70.000000 300.000000 0.260827
173.000000 174.000000 300.000000 0.398487
174.000000 246.000000 300.000000 0.254073
175.000000 20.000000 300.000000 0.263743
176.000000 175.000000 300.000000 0.491187
175.000000 176.000000 300.000000 0.491187
176.000000 87.000000 300.000000 0.411790
255.000000 176.000000 300.000000 0.193680
176.000000 255.000000 300.000000 0.193680
175.000000 176.000000 300.000000 0.491187
176.000000 175.000000 300.000000 0.491187
255.000000 177.000000 300.000000 0.238477
177.000000 255.000000 300.000000 0.238477
177.000000 121.000000 300.000000 0.393993
178.000000 177.000000 300.000000 0.405233
177.000000 178.000000 300.000000 0.405233
252.000000 178.000000 300.000000 0.153153
178.000000 252.000000 300.000000 0.153153
101.000000 178.000000 300.000000 0.420460
178.000000 101.000000 300.000000 0.420460
179.000000 178.000000 300.000000 0.412480
178.000000 179.000000 300.000000 0.412480
177.000000 178.000000 300.000000 0.405233
178.000000 177.000000 300.000000 0.405233
179.000000 138.000000 300.000000 0.425427
178.000000 179.000000 300.000000 0.412480
179.000000 178.000000 300.000000 0.412480
180.000000 107.000000 300.000000 0.218197
181.000000 0.000000 300.000000 0.085003
182.000000 89.000000 300.000000 0.140343
183.000000 182.000000 300.000000 0.198610
182.000000 183.000000 300.000000 0.198610
182.000000 183.000000 300.000000 0.198610
183.000000 182.000000 300.000000 0.198610
185.000000 184.000000 300.000000 0.173883
184.000000 185.000000 300.000000 0.173883
185.000000 47.000000 300.000000 0.208463
186.000000 185.000000 300.000000 0.392580
185.000000 186.000000 300.000000 0.392580
184.000000 185.000000 300.000000 0.173883
185.000000 184.000000 300.000000 0.173883
46.000000 186.000000 300.000000 0.187730
186.000000 46.000000 300.000000 0.187730
133.000000 186.000000 300.000000 0.195193
186.000000 133.000000 300.000000 0.195193
185.000000 186.000000 300.000000 0.392580
186.000000 185.000000 300.000000 0.392580
188.000000 187.000000 300.000000 0.326490
187.000000 188.000000 300.000000 0.326490
187.000000 188.000000 300.000000 0.326490
188.000000 187.000000 300.000000 0.326490
190.000000 189.000000 300.000000 0.190730
189.000000 190.000000 300.000000 0.190730
37.000000 189.000000 300.000000 0.127903
189.000000 37.000000 300.000000 0.127903
189.000000 190.000000 300.000000 0.190730
190.000000 189.000000 300.000000 0.190730
192.000000 191.000000 300.000000 0.277933
191.000000 192.000000 300.000000 0.277933
191.000000 192.000000 300.000000 0.277933
192.000000 191.000000 300.000000 0.277933
194.000000 193.000000 300.000000 0.408303
193.000000 194.000000 300.000000 0.408303
193.000000 51.000000 300.000000 0.377147
193.000000 194.000000 300.000000 0.408303
194.000000 193.000000 300.000000 0.408303
194.000000 34.000000 300.000000 0.217743
50.000000 195.000000 300.000000 0.268563
195.000000 50.000000 300.000000 0.268563
199.000000 195.000000 300.000000 0.048703
195.000000 199.000000 300.000000 0.048703
196.000000 195.000000 300.000000 0.407313
196.000000 112.000000 300.000000 0.221987
50.000000 197.000000 300.000000 0.244653
197.000000 50.000000 300.000000 0.244653
33.000000 197.000000 300.000000 0.182087
197.000000 33.000000 300.000000 0.182087
80.000000 197.000000 300.000000 0.553723
197.000000 80.000000 300.000000 0.553723
198.000000 33.000000 300.000000 0.373080
199.000000 198.000000 300.000000 0.432390
195.000000 199.000000 300.000000 0.048703
199.000000 195.000000 300.000000 0.048703
84.000000 199.000000 300.000000 0.252087
199.000000 84.000000 300.000000 0.252087
80.000000 200.000000 300.000000 0.244597
200.000000 80.000000 300.000000 0.244597
79.000000 200.000000 300.000000 0.210247
200.000000 79.000000 300.000000 0.210247
201.000000 200.000000 300.000000 0.383800
200.000000 201.000000 300.000000 0.383800
33.000000 201.000000 300.000000 0.234840
201.000000 33.000000 300.000000 0.234840
32.000000 201.000000 300.000000 0.202887
201.000000 32.000000 300.000000 0.202887
200.000000 201.000000 300.000000 0.383800
201.000000 200.000000 300.000000 0.383800
261.000000 202.000000 300.000000 0.023933
202.000000 261.000000 300.000000 0.023933
202.000000 73.000000 300.000000 0.191727
203.000000 73.000000 300.000000 0.216997
204.000000 203.000000 300.000000 0.195260
203.000000 204.000000 300.000000 0.195260
203.000000 204.000000 300.000000 0.195260
204.000000 203.000000 300.000000 0.195260
205.000000 66.000000 300.000000 0.067007
206.000000 205.000000 300.000000 0.250073
205.000000 206.000000 300.000000 0.250073
250.000000 206.000000 300.000000 0.104013
206.000000 250.000000 300.000000 0.104013
205.000000 206.000000 300.000000 0.250073
206.000000 205.000000 300.000000 0.250073
207.000000 206.000000 300.000000 0.296683
206.000000 207.000000 300.000000 0.296683
65.000000 207.000000 300.000000 0.298847
207.000000 65.000000 300.000000 0.298847
140.000000 207.000000 300.000000 0.109460
207.000000 140.000000 300.000000 0.109460
206.000000 207.000000 300.000000 0.296683
207.000000 206.000000 300.000000 0.296683
209.000000 208.000000 300.000000 0.248823
208.000000 209.000000 300.000000 0.248823
208.000000 210.000000 300.000000 0.138033
208.000000 209.000000 300.000000 0.248823
209.000000 208.000000 300.000000 0.248823
210.000000 140.000000 300.000000 0.084533
211.000000 210.000000 300.000000 0.255010
210.000000 211.000000 300.000000 0.255010
210.000000 211.000000 300.000000 0.255010
211.000000 210.000000 300.000000 0.255010
213.000000 212.000000 300.000000 0.239850
212.000000 213.000000 300.000000 0.239850
212.000000 208.000000 300.000000 0.096540
212.000000 213.000000 300.000000 0.239850
213.000000 212.000000 300.000000 0.239850
125.000000 214.000000 300.000000 0.203377
214.000000 125.000000 300.000000 0.203377
215.000000 214.000000 300.000000 0.380453
214.000000 215.000000 300.000000 0.380453
124.000000 214.000000 300.000000 0.199130
214.000000 124.000000 300.000000 0.199130
214.000000 215.000000 300.000000 0.380453
215.000000 214.000000 300.000000 0.380453
215.000000 23.000000 300.000000 0.203413
217.000000 216.000000 300.000000 0.352383
216.000000 217.000000 300.000000 0.352383
216.000000 14.000000 300.000000 0.114113
216.000000 217.000000 300.000000 0.352383
217.000000 216.000000 300.000000 0.352383
217.000000 119.000000 300.000000 0.671760
218.000000 217.000000 300.000000 0.408760
217.000000 218.000000 300.000000 0.408760
217.000000 218.000000 300.000000 0.408760
218.000000 217.000000 300.000000 0.408760
218.000000 12.000000 300.000000 0.297083
144.000000 219.000000 300.000000 0.247790
219.000000 144.000000 300.000000 0.247790
142.000000 219.000000 300.000000 0.166357
219.000000 142.000000 300.000000 0.166357
162.000000 219.000000 300.000000 0.415393
219.000000 162.000000 300.000000 0.415393
161.000000 219.000000 300.000000 0.340463
219.000000 161.000000 300.000000 0.340463
220.000000 129.000000 300.000000 0.263537
171.000000 220.000000 300.000000 0.398670
220.000000 171.000000 300.000000 0.398670
170.000000 220.000000 300.000000 0.443497
220.000000 170.000000 300.000000 0.443497
221.000000 266.000000 300.000000 0.233457
22.000000 221.000000 300.000000 0.145060
221.000000 22.000000 300.000000 0.145060
270.000000 221.000000 300.000000 0.205063
221.000000 270.000000 300.000000 0.205063
222.000000 23.000000 300.000000 0.139487
223.000000 114.000000 300.000000 0.267747
224.000000 223.000000 300.000000 0.133197
223.000000 224.000000 300.000000 0.133197
223.000000 224.000000 300.000000 0.133197
224.000000 223.000000 300.000000 0.133197
225.000000 221.000000 300.000000 0.205200
225.000000 268.000000 300.000000 0.098427
117.000000 226.000000 300.000000 0.211913
226.000000 117.000000 300.000000 0.211913
125.000000 226.000000 300.000000 0.205180
226.000000 125.000000 300.000000 0.205180
227.000000 226.000000 300.000000 0.373650
226.000000 227.000000 300.000000 0.373650
226.000000 227.000000 300.000000 0.373650
227.000000 226.000000 300.000000 0.373650
227.000000 241.000000 300.000000 0.145227
229.000000 228.000000 300.000000 0.401763
228.000000 229.000000 300.000000 0.401763
228.000000 136.000000 300.000000 0.145287
235.000000 229.000000 300.000000 0.068440
229.000000 235.000000 300.000000 0.068440
228.000000 229.000000 300.000000 0.401763
229.000000 228.000000 300.000000 0.401763
102.000000 229.000000 300.000000 0.227723
229.000000 102.000000 300.000000 0.227723
231.000000 230.000000 300.000000 0.374453
230.000000 231.000000 300.000000 0.374453
18.000000 230.000000 300.000000 0.207867
230.000000 18.000000 300.000000 0.207867
131.000000 230.000000 300.000000 0.112047
230.000000 131.000000 300.000000 0.112047
126.000000 231.000000 300.000000 0.216650
231.000000 126.000000 300.000000 0.216650
117.000000 231.000000 300.000000 0.213333
231.000000 117.000000 300.000000 0.213333
230.000000 231.000000 300.000000 0.374453
231.000000 230.000000 300.000000 0.374453
232.000000 231.000000 300.000000 0.508487
231.000000 232.000000 300.000000 0.508487
115.000000 232.000000 300.000000 0.283607
232.000000 115.000000 300.000000 0.283607
114.000000 232.000000 300.000000 0.139337
232.000000 114.000000 300.000000 0.139337
231.000000 232.000000 300.000000 0.508487
232.000000 231.000000 300.000000 0.508487
100.000000 233.000000 300.000000 0.202747
233.000000 100.000000 300.000000 0.202747
121.000000 233.000000 300.000000 0.208333
233.000000 121.000000 300.000000 0.208333
234.000000 233.000000 300.000000 0.369160
233.000000 234.000000 300.000000 0.369160
234.000000 254.000000 300.000000 0.095573
233.000000 234.000000 300.000000 0.369160
234.000000 233.000000 300.000000 0.369160
101.000000 235.000000 300.000000 0.086040
235.000000 101.000000 300.000000 0.086040
229.000000 235.000000 300.000000 0.068440
235.000000 229.000000 300.000000 0.068440
137.000000 235.000000 300.000000 0.412523
235.000000 137.000000 300.000000 0.412523
237.000000 236.000000 300.000000 0.065293
236.000000 237.000000 300.000000 0.065293
236.000000 57.000000 300.000000 0.434910
236.000000 237.000000 300.000000 0.065293
237.000000 236.000000 300.000000 0.065293
238.000000 103.000000 300.000000 0.172753
239.000000 238.000000 300.000000 0.163813
238.000000 239.000000 300.000000 0.163813
238.000000 239.000000 300.000000 0.163813
239.000000 238.000000 300.000000 0.163813
240.000000 239.000000 300.000000 0.452947
239.000000 240.000000 300.000000 0.452947
265.000000 239.000000 300.000000 0.072210
239.000000 265.000000 300.000000 0.072210
240.000000 216.000000 300.000000 0.513637
239.000000 240.000000 300.000000 0.452947
240.000000 239.000000 300.000000 0.452947
16.000000 241.000000 300.000000 0.028717
241.000000 16.000000 300.000000 0.028717
241.000000 24.000000 300.000000 0.066450
24.000000 242.000000 300.000000 0.028123
242.000000 24.000000 300.000000 0.028123
242.000000 16.000000 300.000000 0.066937
244.000000 243.000000 300.000000 0.034220
243.000000 244.000000 300.000000 0.034220
243.000000 22.000000 300.000000 0.145390
243.000000 244.000000 300.000000 0.034220
244.000000 243.000000 300.000000 0.034220
244.000000 15.000000 300.000000 0.197113
146.000000 245.000000 300.000000 0.165070
245.000000 146.000000 300.000000 0.165070
246.000000 129.000000 300.000000 0.393290
246.000000 171.000000 300.000000 0.268333
247.000000 88.000000 300.000000 0.538343
248.000000 139.000000 300.000000 0.406343
249.000000 59.000000 300.000000 0.127533
206.000000 250.000000 300.000000 0.104013
250.000000 206.000000 300.000000 0.104013
250.000000 205.000000 300.000000 0.186980
157.000000 251.000000 300.000000 0.076230
251.000000 157.000000 300.000000 0.076230
257.000000 252.000000 300.000000 0.094923
252.000000 257.000000 300.000000 0.094923
178.000000 252.000000 300.000000 0.153153
252.000000 178.000000 300.000000 0.153153
253.000000 252.000000 300.000000 0.234380
252.000000 253.000000 300.000000 0.234380
252.000000 253.000000 300.000000 0.234380
253.000000 252.000000 300.000000 0.234380
254.000000 17.000000 300.000000 0.026863
254.000000 131.000000 300.000000 0.113637
177.000000 255.000000 300.000000 0.238477
255.000000 177.000000 300.000000 0.238477
176.000000 255.000000 300.000000 0.193680
255.000000 176.000000 300.000000 0.193680
256.000000 255.000000 300.000000 0.150603
255.000000 256.000000 300.000000 0.150603
255.000000 256.000000 300.000000 0.150603
256.000000 255.000000 300.000000 0.150603
100.000000 257.000000 300.000000 0.156057
257.000000 100.000000 300.000000 0.156057
252.000000 257.000000 300.000000 0.094923
257.000000 252.000000 300.000000 0.094923
258.000000 257.000000 300.000000 0.192713
257.000000 258.000000 300.000000 0.192713
257.000000 258.000000 300.000000 0.192713
258.000000 257.000000 300.000000 0.192713
167.000000 259.000000 300.000000 0.414497
259.000000 167.000000 300.000000 0.414497
259.000000 164.000000 300.000000 0.188403
148.000000 260.000000 300.000000 0.040260
260.000000 148.000000 300.000000 0.040260
202.000000 261.000000 300.000000 0.023933
261.000000 202.000000 300.000000 0.023933
262.000000 182.000000 300.000000 0.263313
262.000000 55.000000 300.000000 0.409417
263.000000 42.000000 300.000000 0.121300
264.000000 263.000000 300.000000 0.144717
263.000000 264.000000 300.000000 0.144717
263.000000 264.000000 300.000000 0.144717
264.000000 263.000000 300.000000 0.144717
239.000000 265.000000 300.000000 0.072210
265.000000 239.000000 300.000000 0.072210
266.000000 222.000000 300.000000 0.126503
267.000000 266.000000 300.000000 0.182407
266.000000 267.000000 300.000000 0.182407
266.000000 267.000000 300.000000 0.182407
267.000000 266.000000 300.000000 0.182407
268.000000 41.000000 300.000000 0.244693
269.000000 268.000000 300.000000 0.217697
268.000000 269.000000 300.000000 0.217697
268.000000 269.000000 300.000000 0.217697
269.000000 268.000000 300.000000 0.217697
271.000000 270.000000 300.000000 0.161817
270.000000 271.000000 300.000000 0.161817
65.000000 270.000000 300.000000 0.145980
270.000000 65.000000 300.000000 0.145980
221.000000 270.000000 300.000000 0.205063
270.000000 221.000000 300.000000 0.205063
270.000000 271.000000 300.000000 0.161817
271.000000 270.000000 300.000000 0.161817
273.000000 272.000000 300.000000 0.141337
272.000000 273.000000 300.000000 0.141337
273.000000 62.000000 300.000000 0.121757
272.000000 273.000000 300.000000 0.141337
273.000000 272.000000 300.000000 0.141337
