55.000000 0.000000 300.000000 0.477473
0.000000 55.000000 300.000000 0.477473
0.000000 156.000000 300.000000 0.307893
2.000000 1.000000 300.000000 0.473963
1.000000 2.000000 300.000000 0.473963
190.000000 1.000000 300.000000 0.442740
1.000000 190.000000 300.000000 0.442740
10.000000 1.000000 300.000000 0.315313
1.000000 10.000000 300.000000 0.315313
15.000000 2.000000 300.000000 0.311820
2.000000 15.000000 300.000000 0.311820
1.000000 2.000000 300.000000 0.473963
2.000000 1.000000 300.000000 0.473963
101.000000 2.000000 300.000000 0.457960
2.000000 101.000000 300.000000 0.457960
14.000000 2.000000 300.000000 0.313490
2.000000 14.000000 300.000000 0.313490
90.000000 3.000000 300.000000 0.411543
3.000000 90.000000 300.000000 0.411543
3.000000 281.000000 300.000000 0.286793
216.000000 4.000000 300.000000 0.292230
4.000000 216.000000 300.000000 0.292230
229.000000 4.000000 300.000000 0.309740
4.000000 229.000000 300.000000 0.309740
124.000000 4.000000 300.000000 0.334187
4.000000 124.000000 300.000000 0.334187
112.000000 4.000000 300.000000 0.459120
4.000000 112.000000 300.000000 0.459120
231.000000 5.000000 300.000000 0.313653
5.000000 231.000000 300.000000 0.313653
124.000000 5.000000 300.000000 0.128557
5.000000 124.000000 300.000000 0.128557
100.000000 5.000000 300.000000 0.465150
5.000000 100.000000 300.000000 0.465150
215.000000 5.000000 300.000000 0.284493
5.000000 215.000000 300.000000 0.284493
181.000000 6.000000 300.000000 0.263660
6.000000 181.000000 300.000000 0.263660
83.000000 6.000000 300.000000 0.298380
6.000000 83.000000 300.000000 0.298380
415.000000 6.000000 300.000000 0.808963
6.000000 415.000000 300.000000 0.808963
224.000000 7.000000 300.000000 0.464913
7.000000 224.000000 300.000000 0.464913
411.000000 7.000000 300.000000 0.198200
7.000000 411.000000 300.000000 0.198200
8.000000 7.000000 300.000000 0.312497
7.000000 8.000000 300.000000 0.312497
11.000000 7.000000 300.000000 0.456507
7.000000 11.000000 300.000000 0.456507
174.000000 8.000000 300.000000 0.234693
8.000000 174.000000 300.000000 0.234693
177.000000 8.000000 300.000000 0.284703
8.000000 177.000000 300.000000 0.284703
7.000000 8.000000 300.000000 0.312497
8.000000 7.000000 300.000000 0.312497
169.000000 8.000000 300.000000 0.308627
8.000000 169.000000 300.000000 0.308627
9.000000 175.000000 300.000000 0.203320
169.000000 9.000000 300.000000 0.308180
9.000000 169.000000 300.000000 0.308180
321.000000 9.000000 300.000000 0.031360
9.000000 321.000000 300.000000 0.031360
15.000000 10.000000 300.000000 0.460217
10.000000 15.000000 300.000000 0.460217
321.000000 10.000000 300.000000 0.304643
10.000000 321.000000 300.000000 0.304643
1.000000 10.000000 300.000000 0.315313
10.000000 1.000000 300.000000 0.315313
189.000000 10.000000 300.000000 0.457320
10.000000 189.000000 300.000000 0.457320
12.000000 11.000000 300.000000 0.306703
11.000000 12.000000 300.000000 0.306703
179.000000 11.000000 300.000000 0.624667
11.000000 179.000000 300.000000 0.624667
7.000000 11.000000 300.000000 0.456507
11.000000 7.000000 300.000000 0.456507
174.000000 12.000000 300.000000 0.228780
12.000000 174.000000 300.000000 0.228780
11.000000 12.000000 300.000000 0.306703
12.000000 11.000000 300.000000 0.306703
170.000000 12.000000 300.000000 0.315967
12.000000 170.000000 300.000000 0.315967
171.000000 12.000000 300.000000 0.501610
12.000000 171.000000 300.000000 0.501610
170.000000 13.000000 300.000000 0.303307
13.000000 170.000000 300.000000 0.303307
257.000000 13.000000 300.000000 0.031177
13.000000 257.000000 300.000000 0.031177
13.000000 258.000000 300.000000 0.345437
284.000000 14.000000 300.000000 0.090270
14.000000 284.000000 300.000000 0.090270
18.000000 14.000000 300.000000 0.304640
14.000000 18.000000 300.000000 0.304640
309.000000 14.000000 300.000000 0.462383
14.000000 309.000000 300.000000 0.462383
2.000000 14.000000 300.000000 0.313490
14.000000 2.000000 300.000000 0.313490
257.000000 15.000000 300.000000 0.300273
15.000000 257.000000 300.000000 0.300273
2.000000 15.000000 300.000000 0.311820
15.000000 2.000000 300.000000 0.311820
248.000000 15.000000 300.000000 0.116620
15.000000 248.000000 300.000000 0.116620
10.000000 15.000000 300.000000 0.460217
15.000000 10.000000 300.000000 0.460217
91.000000 16.000000 300.000000 0.323643
16.000000 91.000000 300.000000 0.323643
70.000000 16.000000 300.000000 0.299097
16.000000 70.000000 300.000000 0.299097
31.000000 16.000000 300.000000 0.452103
16.000000 31.000000 300.000000 0.452103
32.000000 17.000000 300.000000 0.463157
17.000000 32.000000 300.000000 0.463157
233.000000 17.000000 300.000000 0.323893
17.000000 233.000000 300.000000 0.323893
47.000000 17.000000 300.000000 0.836453
17.000000 47.000000 300.000000 0.836453
91.000000 17.000000 300.000000 0.312990
17.000000 91.000000 300.000000 0.312990
14.000000 18.000000 300.000000 0.304640
18.000000 14.000000 300.000000 0.304640
102.000000 18.000000 300.000000 0.462350
18.000000 102.000000 300.000000 0.462350
104.000000 18.000000 300.000000 0.461413
18.000000 104.000000 300.000000 0.461413
103.000000 19.000000 300.000000 0.457090
19.000000 103.000000 300.000000 0.457090
421.000000 20.000000 300.000000 0.182450
20.000000 421.000000 300.000000 0.182450
64.000000 20.000000 300.000000 0.290320
20.000000 64.000000 300.000000 0.290320
43.000000 20.000000 300.000000 0.333200
20.000000 43.000000 300.000000 0.333200
240.000000 21.000000 300.000000 0.344060
21.000000 240.000000 300.000000 0.344060
237.000000 21.000000 300.000000 0.334990
21.000000 237.000000 300.000000 0.334990
369.000000 21.000000 300.000000 0.093617
21.000000 369.000000 300.000000 0.093617
364.000000 21.000000 300.000000 0.152533
21.000000 364.000000 300.000000 0.152533
374.000000 22.000000 300.000000 0.093260
22.000000 374.000000 300.000000 0.093260
25.000000 22.000000 300.000000 0.356207
22.000000 25.000000 300.000000 0.356207
38.000000 22.000000 300.000000 0.342950
22.000000 38.000000 300.000000 0.342950
23.000000 22.000000 300.000000 0.685590
22.000000 23.000000 300.000000 0.685590
270.000000 23.000000 300.000000 0.113383
23.000000 270.000000 300.000000 0.113383
23.000000 299.000000 300.000000 0.116140
22.000000 23.000000 300.000000 0.685590
23.000000 22.000000 300.000000 0.685590
25.000000 24.000000 300.000000 0.326870
24.000000 25.000000 300.000000 0.326870
210.000000 24.000000 300.000000 0.126543
24.000000 210.000000 300.000000 0.126543
291.000000 24.000000 300.000000 0.336373
24.000000 291.000000 300.000000 0.336373
346.000000 25.000000 300.000000 0.097740
25.000000 346.000000 300.000000 0.097740
24.000000 25.000000 300.000000 0.326870
25.000000 24.000000 300.000000 0.326870
236.000000 25.000000 300.000000 0.109083
25.000000 236.000000 300.000000 0.109083
22.000000 25.000000 300.000000 0.356207
25.000000 22.000000 300.000000 0.356207
27.000000 26.000000 300.000000 0.341503
26.000000 27.000000 300.000000 0.341503
343.000000 26.000000 300.000000 0.089307
26.000000 343.000000 300.000000 0.089307
274.000000 26.000000 300.000000 0.116917
26.000000 274.000000 300.000000 0.116917
272.000000 26.000000 300.000000 0.113250
26.000000 272.000000 300.000000 0.113250
295.000000 27.000000 300.000000 0.027000
27.000000 295.000000 300.000000 0.027000
26.000000 27.000000 300.000000 0.341503
27.000000 26.000000 300.000000 0.341503
27.000000 275.000000 300.000000 0.112117
365.000000 28.000000 300.000000 0.090570
28.000000 365.000000 300.000000 0.090570
237.000000 28.000000 300.000000 0.335223
28.000000 237.000000 300.000000 0.335223
44.000000 28.000000 300.000000 0.338960
28.000000 44.000000 300.000000 0.338960
417.000000 28.000000 300.000000 0.133857
28.000000 417.000000 300.000000 0.133857
200.000000 29.000000 300.000000 0.170703
29.000000 200.000000 300.000000 0.170703
269.000000 29.000000 300.000000 0.162757
29.000000 269.000000 300.000000 0.162757
30.000000 29.000000 300.000000 0.344030
29.000000 30.000000 300.000000 0.344030
34.000000 29.000000 300.000000 0.335667
29.000000 34.000000 300.000000 0.335667
371.000000 30.000000 300.000000 0.099577
30.000000 371.000000 300.000000 0.099577
201.000000 30.000000 300.000000 0.173040
30.000000 201.000000 300.000000 0.173040
29.000000 30.000000 300.000000 0.344030
30.000000 29.000000 300.000000 0.344030
230.000000 31.000000 300.000000 0.315683
31.000000 230.000000 300.000000 0.315683
359.000000 31.000000 300.000000 0.165347
31.000000 359.000000 300.000000 0.165347
16.000000 31.000000 300.000000 0.452103
31.000000 16.000000 300.000000 0.452103
59.000000 31.000000 300.000000 0.464650
31.000000 59.000000 300.000000 0.464650
17.000000 32.000000 300.000000 0.463157
32.000000 17.000000 300.000000 0.463157
231.000000 32.000000 300.000000 0.328280
32.000000 231.000000 300.000000 0.328280
230.000000 32.000000 300.000000 0.315640
32.000000 230.000000 300.000000 0.315640
46.000000 32.000000 300.000000 0.455013
32.000000 46.000000 300.000000 0.455013
34.000000 33.000000 300.000000 0.321457
33.000000 34.000000 300.000000 0.321457
268.000000 34.000000 300.000000 0.161427
34.000000 268.000000 300.000000 0.161427
33.000000 34.000000 300.000000 0.321457
34.000000 33.000000 300.000000 0.321457
29.000000 34.000000 300.000000 0.335667
34.000000 29.000000 300.000000 0.335667
200.000000 35.000000 300.000000 0.171427
35.000000 200.000000 300.000000 0.171427
235.000000 35.000000 300.000000 0.327077
35.000000 235.000000 300.000000 0.327077
38.000000 35.000000 300.000000 0.350053
35.000000 38.000000 300.000000 0.350053
52.000000 36.000000 300.000000 0.340017
36.000000 52.000000 300.000000 0.340017
39.000000 36.000000 300.000000 0.340887
36.000000 39.000000 300.000000 0.340887
206.000000 36.000000 300.000000 0.128003
36.000000 206.000000 300.000000 0.128003
209.000000 36.000000 300.000000 0.126593
36.000000 209.000000 300.000000 0.126593
289.000000 37.000000 300.000000 0.232500
37.000000 289.000000 300.000000 0.232500
268.000000 37.000000 300.000000 0.186510
37.000000 268.000000 300.000000 0.186510
420.000000 37.000000 300.000000 0.339290
37.000000 420.000000 300.000000 0.339290
267.000000 38.000000 300.000000 0.181833
38.000000 267.000000 300.000000 0.181833
256.000000 38.000000 300.000000 0.326930
38.000000 256.000000 300.000000 0.326930
22.000000 38.000000 300.000000 0.342950
38.000000 22.000000 300.000000 0.342950
35.000000 38.000000 300.000000 0.350053
38.000000 35.000000 300.000000 0.350053
36.000000 39.000000 300.000000 0.340887
39.000000 36.000000 300.000000 0.340887
53.000000 39.000000 300.000000 0.336117
39.000000 53.000000 300.000000 0.336117
239.000000 39.000000 300.000000 0.130933
39.000000 239.000000 300.000000 0.130933
238.000000 39.000000 300.000000 0.118330
39.000000 238.000000 300.000000 0.118330
41.000000 40.000000 300.000000 0.320860
40.000000 41.000000 300.000000 0.320860
40.000000 41.000000 300.000000 0.320860
41.000000 40.000000 300.000000 0.320860
289.000000 41.000000 300.000000 0.098770
41.000000 289.000000 300.000000 0.098770
43.000000 41.000000 300.000000 0.334540
41.000000 43.000000 300.000000 0.334540
43.000000 42.000000 300.000000 0.323797
42.000000 43.000000 300.000000 0.323797
42.000000 40.000000 300.000000 0.336577
417.000000 43.000000 300.000000 0.208550
43.000000 417.000000 300.000000 0.208550
42.000000 43.000000 300.000000 0.323797
43.000000 42.000000 300.000000 0.323797
41.000000 43.000000 300.000000 0.334540
43.000000 41.000000 300.000000 0.334540
20.000000 43.000000 300.000000 0.333200
43.000000 20.000000 300.000000 0.333200
292.000000 44.000000 300.000000 0.349830
44.000000 292.000000 300.000000 0.349830
28.000000 44.000000 300.000000 0.338960
44.000000 28.000000 300.000000 0.338960
364.000000 44.000000 300.000000 0.177743
44.000000 364.000000 300.000000 0.177743
380.000000 44.000000 300.000000 0.099907
44.000000 380.000000 300.000000 0.099907
45.000000 106.000000 300.000000 0.329237
46.000000 45.000000 300.000000 0.469257
45.000000 46.000000 300.000000 0.469257
229.000000 46.000000 300.000000 0.322650
46.000000 229.000000 300.000000 0.322650
228.000000 46.000000 300.000000 0.325477
46.000000 228.000000 300.000000 0.325477
45.000000 46.000000 300.000000 0.469257
46.000000 45.000000 300.000000 0.469257
32.000000 46.000000 300.000000 0.455013
46.000000 32.000000 300.000000 0.455013
71.000000 47.000000 300.000000 0.961877
47.000000 71.000000 300.000000 0.961877
17.000000 47.000000 300.000000 0.836453
47.000000 17.000000 300.000000 0.836453
73.000000 47.000000 300.000000 0.373933
47.000000 73.000000 300.000000 0.373933
350.000000 48.000000 300.000000 0.176387
48.000000 350.000000 300.000000 0.176387
150.000000 48.000000 300.000000 0.167543
48.000000 150.000000 300.000000 0.167543
324.000000 48.000000 300.000000 0.735760
48.000000 324.000000 300.000000 0.735760
77.000000 48.000000 300.000000 0.686083
48.000000 77.000000 300.000000 0.686083
49.000000 389.000000 300.000000 0.166793
49.000000 279.000000 300.000000 0.029340
50.000000 264.000000 300.000000 0.032413
50.000000 329.000000 300.000000 0.812350
81.000000 51.000000 300.000000 0.030900
51.000000 81.000000 300.000000 0.030900
347.000000 52.000000 300.000000 0.090130
52.000000 347.000000 300.000000 0.090130
36.000000 52.000000 300.000000 0.340017
52.000000 36.000000 300.000000 0.340017
276.000000 52.000000 300.000000 0.118417
52.000000 276.000000 300.000000 0.118417
290.000000 52.000000 300.000000 0.326100
52.000000 290.000000 300.000000 0.326100
39.000000 53.000000 300.000000 0.336117
53.000000 39.000000 300.000000 0.336117
208.000000 53.000000 300.000000 0.114770
53.000000 208.000000 300.000000 0.114770
212.000000 54.000000 300.000000 0.309853
54.000000 212.000000 300.000000 0.309853
213.000000 54.000000 300.000000 0.300990
54.000000 213.000000 300.000000 0.300990
62.000000 54.000000 300.000000 0.415410
54.000000 62.000000 300.000000 0.415410
61.000000 54.000000 300.000000 0.436957
54.000000 61.000000 300.000000 0.436957
310.000000 55.000000 300.000000 0.301393
55.000000 310.000000 300.000000 0.301393
212.000000 55.000000 300.000000 0.315790
55.000000 212.000000 300.000000 0.315790
159.000000 55.000000 300.000000 0.359777
55.000000 159.000000 300.000000 0.359777
0.000000 55.000000 300.000000 0.477473
55.000000 0.000000 300.000000 0.477473
57.000000 56.000000 300.000000 0.308133
56.000000 57.000000 300.000000 0.308133
118.000000 56.000000 300.000000 0.458270
56.000000 118.000000 300.000000 0.458270
66.000000 56.000000 300.000000 0.274543
56.000000 66.000000 300.000000 0.274543
120.000000 57.000000 300.000000 0.326400
57.000000 120.000000 300.000000 0.326400
56.000000 57.000000 300.000000 0.308133
57.000000 56.000000 300.000000 0.308133
116.000000 57.000000 300.000000 0.313623
57.000000 116.000000 300.000000 0.313623
352.000000 57.000000 300.000000 0.206027
57.000000 352.000000 300.000000 0.206027
69.000000 58.000000 300.000000 0.307850
58.000000 69.000000 300.000000 0.307850
120.000000 58.000000 300.000000 0.317683
58.000000 120.000000 300.000000 0.317683
115.000000 58.000000 300.000000 0.441520
58.000000 115.000000 300.000000 0.441520
323.000000 58.000000 300.000000 0.741570
58.000000 323.000000 300.000000 0.741570
228.000000 59.000000 300.000000 0.307827
59.000000 228.000000 300.000000 0.307827
69.000000 59.000000 300.000000 0.312790
59.000000 69.000000 300.000000 0.312790
31.000000 59.000000 300.000000 0.464650
59.000000 31.000000 300.000000 0.464650
113.000000 59.000000 300.000000 0.476757
59.000000 113.000000 300.000000 0.476757
149.000000 60.000000 300.000000 0.185717
60.000000 149.000000 300.000000 0.185717
119.000000 60.000000 300.000000 0.320783
60.000000 119.000000 300.000000 0.320783
352.000000 60.000000 300.000000 0.260637
60.000000 352.000000 300.000000 0.260637
118.000000 60.000000 300.000000 0.309267
60.000000 118.000000 300.000000 0.309267
54.000000 61.000000 300.000000 0.436957
61.000000 54.000000 300.000000 0.436957
54.000000 62.000000 300.000000 0.415410
62.000000 54.000000 300.000000 0.415410
62.000000 107.000000 300.000000 0.617540
166.000000 63.000000 300.000000 0.253403
63.000000 166.000000 300.000000 0.253403
167.000000 63.000000 300.000000 0.299653
63.000000 167.000000 300.000000 0.299653
20.000000 64.000000 300.000000 0.290320
64.000000 20.000000 300.000000 0.290320
65.000000 335.000000 300.000000 0.010553
237.000000 65.000000 300.000000 0.377643
65.000000 237.000000 300.000000 0.377643
56.000000 66.000000 300.000000 0.274543
66.000000 56.000000 300.000000 0.274543
66.000000 67.000000 300.000000 1.322263
93.000000 67.000000 300.000000 0.371620
67.000000 93.000000 300.000000 0.371620
67.000000 252.000000 300.000000 0.132367
136.000000 68.000000 300.000000 0.172613
68.000000 136.000000 300.000000 0.172613
68.000000 123.000000 300.000000 0.328227
59.000000 69.000000 300.000000 0.312790
69.000000 59.000000 300.000000 0.312790
58.000000 69.000000 300.000000 0.307850
69.000000 58.000000 300.000000 0.307850
323.000000 69.000000 300.000000 0.458657
69.000000 323.000000 300.000000 0.458657
114.000000 69.000000 300.000000 0.472177
69.000000 114.000000 300.000000 0.472177
16.000000 70.000000 300.000000 0.299097
70.000000 16.000000 300.000000 0.299097
307.000000 70.000000 300.000000 0.464753
70.000000 307.000000 300.000000 0.464753
95.000000 70.000000 300.000000 0.455180
70.000000 95.000000 300.000000 0.455180
307.000000 71.000000 300.000000 0.379263
71.000000 307.000000 300.000000 0.379263
47.000000 71.000000 300.000000 0.961877
71.000000 47.000000 300.000000 0.961877
144.000000 71.000000 300.000000 0.313400
71.000000 144.000000 300.000000 0.313400
280.000000 72.000000 300.000000 0.289007
72.000000 280.000000 300.000000 0.289007
218.000000 72.000000 300.000000 0.548933
72.000000 218.000000 300.000000 0.548933
315.000000 73.000000 300.000000 0.024297
73.000000 315.000000 300.000000 0.024297
286.000000 73.000000 300.000000 0.031010
73.000000 286.000000 300.000000 0.031010
47.000000 73.000000 300.000000 0.373933
73.000000 47.000000 300.000000 0.373933
293.000000 74.000000 300.000000 0.337917
74.000000 293.000000 300.000000 0.337917
194.000000 74.000000 300.000000 0.025757
74.000000 194.000000 300.000000 0.025757
195.000000 74.000000 300.000000 0.386693
74.000000 195.000000 300.000000 0.386693
150.000000 75.000000 300.000000 0.223570
75.000000 150.000000 300.000000 0.223570
315.000000 75.000000 300.000000 0.042243
75.000000 315.000000 300.000000 0.042243
76.000000 75.000000 300.000000 0.415400
75.000000 76.000000 300.000000 0.415400
199.000000 76.000000 300.000000 0.341110
76.000000 199.000000 300.000000 0.341110
197.000000 76.000000 300.000000 0.102687
76.000000 197.000000 300.000000 0.102687
75.000000 76.000000 300.000000 0.415400
76.000000 75.000000 300.000000 0.415400
152.000000 77.000000 300.000000 0.112733
77.000000 152.000000 300.000000 0.112733
79.000000 77.000000 300.000000 0.217973
77.000000 79.000000 300.000000 0.217973
48.000000 77.000000 300.000000 0.686083
77.000000 48.000000 300.000000 0.686083
155.000000 78.000000 300.000000 0.307053
78.000000 155.000000 300.000000 0.307053
151.000000 79.000000 300.000000 0.113953
79.000000 151.000000 300.000000 0.113953
324.000000 79.000000 300.000000 0.341480
79.000000 324.000000 300.000000 0.341480
77.000000 79.000000 300.000000 0.217973
79.000000 77.000000 300.000000 0.217973
80.000000 348.000000 300.000000 0.154610
294.000000 80.000000 300.000000 0.025577
80.000000 294.000000 300.000000 0.025577
347.000000 80.000000 300.000000 0.245240
80.000000 347.000000 300.000000 0.245240
51.000000 81.000000 300.000000 0.030900
81.000000 51.000000 300.000000 0.030900
81.000000 386.000000 300.000000 0.127953
82.000000 168.000000 300.000000 0.226400
259.000000 82.000000 300.000000 0.033577
82.000000 259.000000 300.000000 0.033577
186.000000 83.000000 300.000000 0.453077
83.000000 186.000000 300.000000 0.453077
6.000000 83.000000 300.000000 0.298380
83.000000 6.000000 300.000000 0.298380
84.000000 83.000000 300.000000 0.317967
83.000000 84.000000 300.000000 0.317967
221.000000 84.000000 300.000000 0.464810
84.000000 221.000000 300.000000 0.464810
83.000000 84.000000 300.000000 0.317967
84.000000 83.000000 300.000000 0.317967
88.000000 84.000000 300.000000 0.308760
84.000000 88.000000 300.000000 0.308760
285.000000 85.000000 300.000000 0.095957
85.000000 285.000000 300.000000 0.095957
102.000000 85.000000 300.000000 0.309720
85.000000 102.000000 300.000000 0.309720
101.000000 85.000000 300.000000 0.314153
85.000000 101.000000 300.000000 0.314153
259.000000 86.000000 300.000000 0.304977
86.000000 259.000000 300.000000 0.304977
101.000000 86.000000 300.000000 0.304437
86.000000 101.000000 300.000000 0.304437
250.000000 86.000000 300.000000 0.112960
86.000000 250.000000 300.000000 0.112960
219.000000 87.000000 300.000000 0.466733
87.000000 219.000000 300.000000 0.466733
222.000000 88.000000 300.000000 0.465090
88.000000 222.000000 300.000000 0.465090
84.000000 88.000000 300.000000 0.308760
88.000000 84.000000 300.000000 0.308760
180.000000 88.000000 300.000000 0.316767
88.000000 180.000000 300.000000 0.316767
193.000000 89.000000 300.000000 1.020213
89.000000 193.000000 300.000000 1.020213
94.000000 90.000000 300.000000 0.323097
90.000000 94.000000 300.000000 0.323097
318.000000 90.000000 300.000000 0.313973
90.000000 318.000000 300.000000 0.313973
3.000000 90.000000 300.000000 0.411543
90.000000 3.000000 300.000000 0.411543
101.000000 90.000000 300.000000 0.464180
90.000000 101.000000 300.000000 0.464180
16.000000 91.000000 300.000000 0.323643
91.000000 16.000000 300.000000 0.323643
17.000000 91.000000 300.000000 0.312990
91.000000 17.000000 300.000000 0.312990
230.000000 91.000000 300.000000 0.466163
91.000000 230.000000 300.000000 0.466163
213.000000 92.000000 300.000000 0.177637
92.000000 213.000000 300.000000 0.177637
138.000000 93.000000 300.000000 0.570427
93.000000 138.000000 300.000000 0.570427
67.000000 93.000000 300.000000 0.371620
93.000000 67.000000 300.000000 0.371620
97.000000 93.000000 300.000000 0.265387
93.000000 97.000000 300.000000 0.265387
260.000000 94.000000 300.000000 0.295737
94.000000 260.000000 300.000000 0.295737
90.000000 94.000000 300.000000 0.323097
94.000000 90.000000 300.000000 0.323097
105.000000 94.000000 300.000000 0.423927
94.000000 105.000000 300.000000 0.423927
359.000000 95.000000 300.000000 0.130730
95.000000 359.000000 300.000000 0.130730
323.000000 95.000000 300.000000 0.015680
95.000000 323.000000 300.000000 0.015680
70.000000 95.000000 300.000000 0.455180
95.000000 70.000000 300.000000 0.455180
280.000000 96.000000 300.000000 0.022553
96.000000 280.000000 300.000000 0.022553
141.000000 96.000000 300.000000 0.724610
96.000000 141.000000 300.000000 0.724610
146.000000 96.000000 300.000000 0.608610
96.000000 146.000000 300.000000 0.608610
232.000000 97.000000 300.000000 0.573943
97.000000 232.000000 300.000000 0.573943
136.000000 97.000000 300.000000 0.340887
97.000000 136.000000 300.000000 0.340887
93.000000 97.000000 300.000000 0.265387
97.000000 93.000000 300.000000 0.265387
159.000000 98.000000 300.000000 0.108597
98.000000 159.000000 300.000000 0.108597
233.000000 99.000000 300.000000 0.422270
99.000000 233.000000 300.000000 0.422270
233.000000 100.000000 300.000000 0.307950
100.000000 233.000000 300.000000 0.307950
5.000000 100.000000 300.000000 0.465150
100.000000 5.000000 300.000000 0.465150
195.000000 100.000000 300.000000 0.761073
100.000000 195.000000 300.000000 0.761073
86.000000 101.000000 300.000000 0.304437
101.000000 86.000000 300.000000 0.304437
85.000000 101.000000 300.000000 0.314153
101.000000 85.000000 300.000000 0.314153
90.000000 101.000000 300.000000 0.464180
101.000000 90.000000 300.000000 0.464180
2.000000 101.000000 300.000000 0.457960
101.000000 2.000000 300.000000 0.457960
85.000000 102.000000 300.000000 0.309720
102.000000 85.000000 300.000000 0.309720
103.000000 102.000000 300.000000 0.462300
102.000000 103.000000 300.000000 0.462300
18.000000 102.000000 300.000000 0.462350
102.000000 18.000000 300.000000 0.462350
318.000000 103.000000 300.000000 0.308070
103.000000 318.000000 300.000000 0.308070
19.000000 103.000000 300.000000 0.457090
103.000000 19.000000 300.000000 0.457090
102.000000 103.000000 300.000000 0.462300
103.000000 102.000000 300.000000 0.462300
405.000000 104.000000 300.000000 0.211343
104.000000 405.000000 300.000000 0.211343
251.000000 104.000000 300.000000 0.100510
104.000000 251.000000 300.000000 0.100510
18.000000 104.000000 300.000000 0.461413
104.000000 18.000000 300.000000 0.461413
226.000000 104.000000 300.000000 0.464380
104.000000 226.000000 300.000000 0.464380
94.000000 105.000000 300.000000 0.423927
105.000000 94.000000 300.000000 0.423927
105.000000 109.000000 300.000000 0.185693
228.000000 106.000000 300.000000 0.472753
106.000000 228.000000 300.000000 0.472753
106.000000 113.000000 300.000000 0.310343
107.000000 319.000000 300.000000 0.267987
107.000000 261.000000 300.000000 0.031803
108.000000 45.000000 300.000000 0.310350
229.000000 108.000000 300.000000 0.466053
108.000000 229.000000 300.000000 0.466053
109.000000 110.000000 300.000000 0.237843
109.000000 3.000000 300.000000 0.127903
110.000000 108.000000 300.000000 0.193663
111.000000 112.000000 300.000000 0.296493
216.000000 111.000000 300.000000 0.456413
111.000000 216.000000 300.000000 0.456413
112.000000 110.000000 300.000000 0.125313
4.000000 112.000000 300.000000 0.459120
112.000000 4.000000 300.000000 0.459120
113.000000 244.000000 300.000000 0.053887
59.000000 113.000000 300.000000 0.476757
113.000000 59.000000 300.000000 0.476757
114.000000 115.000000 300.000000 0.309767
69.000000 114.000000 300.000000 0.472177
114.000000 69.000000 300.000000 0.472177
58.000000 115.000000 300.000000 0.441520
115.000000 58.000000 300.000000 0.441520
115.000000 121.000000 300.000000 0.324530
57.000000 116.000000 300.000000 0.313623
116.000000 57.000000 300.000000 0.313623
116.000000 66.000000 300.000000 0.316887
317.000000 117.000000 300.000000 0.491047
117.000000 317.000000 300.000000 0.491047
56.000000 118.000000 300.000000 0.458270
118.000000 56.000000 300.000000 0.458270
146.000000 118.000000 300.000000 0.933120
118.000000 146.000000 300.000000 0.933120
60.000000 118.000000 300.000000 0.309267
118.000000 60.000000 300.000000 0.309267
60.000000 119.000000 300.000000 0.320783
119.000000 60.000000 300.000000 0.320783
308.000000 119.000000 300.000000 0.230207
119.000000 308.000000 300.000000 0.230207
120.000000 119.000000 300.000000 0.464913
119.000000 120.000000 300.000000 0.464913
58.000000 120.000000 300.000000 0.317683
120.000000 58.000000 300.000000 0.317683
57.000000 120.000000 300.000000 0.326400
120.000000 57.000000 300.000000 0.326400
338.000000 120.000000 300.000000 0.118690
120.000000 338.000000 300.000000 0.118690
119.000000 120.000000 300.000000 0.464913
120.000000 119.000000 300.000000 0.464913
338.000000 121.000000 300.000000 0.261780
121.000000 338.000000 300.000000 0.261780
121.000000 116.000000 300.000000 0.327993
131.000000 122.000000 300.000000 0.242563
122.000000 131.000000 300.000000 0.242563
137.000000 123.000000 300.000000 0.319147
123.000000 137.000000 300.000000 0.319147
123.000000 117.000000 300.000000 0.665390
5.000000 124.000000 300.000000 0.128557
124.000000 5.000000 300.000000 0.128557
4.000000 124.000000 300.000000 0.334187
124.000000 4.000000 300.000000 0.334187
125.000000 124.000000 300.000000 0.210640
124.000000 125.000000 300.000000 0.210640
126.000000 125.000000 300.000000 0.045397
125.000000 126.000000 300.000000 0.045397
124.000000 125.000000 300.000000 0.210640
125.000000 124.000000 300.000000 0.210640
128.000000 125.000000 300.000000 0.160817
125.000000 128.000000 300.000000 0.160817
125.000000 126.000000 300.000000 0.045397
126.000000 125.000000 300.000000 0.045397
128.000000 127.000000 300.000000 0.046040
127.000000 128.000000 300.000000 0.046040
127.000000 128.000000 300.000000 0.046040
128.000000 127.000000 300.000000 0.046040
125.000000 128.000000 300.000000 0.160817
128.000000 125.000000 300.000000 0.160817
129.000000 128.000000 300.000000 0.160307
128.000000 129.000000 300.000000 0.160307
128.000000 129.000000 300.000000 0.160307
129.000000 128.000000 300.000000 0.160307
187.000000 130.000000 300.000000 0.465293
130.000000 187.000000 300.000000 0.465293
179.000000 130.000000 300.000000 0.128617
130.000000 179.000000 300.000000 0.128617
180.000000 130.000000 300.000000 0.317553
130.000000 180.000000 300.000000 0.317553
411.000000 130.000000 300.000000 0.111743
130.000000 411.000000 300.000000 0.111743
137.000000 131.000000 300.000000 0.214103
131.000000 137.000000 300.000000 0.214103
122.000000 131.000000 300.000000 0.242563
131.000000 122.000000 300.000000 0.242563
132.000000 131.000000 300.000000 0.416940
131.000000 132.000000 300.000000 0.416940
131.000000 132.000000 300.000000 0.416940
132.000000 131.000000 300.000000 0.416940
134.000000 133.000000 300.000000 0.191903
133.000000 134.000000 300.000000 0.191903
133.000000 134.000000 300.000000 0.191903
134.000000 133.000000 300.000000 0.191903
135.000000 134.000000 300.000000 0.383610
134.000000 135.000000 300.000000 0.383610
134.000000 135.000000 300.000000 0.383610
135.000000 134.000000 300.000000 0.383610
97.000000 136.000000 300.000000 0.340887
136.000000 97.000000 300.000000 0.340887
68.000000 136.000000 300.000000 0.172613
136.000000 68.000000 300.000000 0.172613
337.000000 136.000000 300.000000 0.202597
136.000000 337.000000 300.000000 0.202597
131.000000 137.000000 300.000000 0.214103
137.000000 131.000000 300.000000 0.214103
337.000000 137.000000 300.000000 0.095667
137.000000 337.000000 300.000000 0.095667
123.000000 137.000000 300.000000 0.319147
137.000000 123.000000 300.000000 0.319147
93.000000 138.000000 300.000000 0.570427
138.000000 93.000000 300.000000 0.570427
232.000000 138.000000 300.000000 0.262273
138.000000 232.000000 300.000000 0.262273
140.000000 138.000000 300.000000 0.540517
138.000000 140.000000 300.000000 0.540517
232.000000 139.000000 300.000000 0.097633
139.000000 232.000000 300.000000 0.097633
141.000000 140.000000 300.000000 0.251813
140.000000 141.000000 300.000000 0.251813
142.000000 140.000000 300.000000 0.245950
140.000000 142.000000 300.000000 0.245950
138.000000 140.000000 300.000000 0.540517
140.000000 138.000000 300.000000 0.540517
140.000000 141.000000 300.000000 0.251813
141.000000 140.000000 300.000000 0.251813
96.000000 141.000000 300.000000 0.724610
141.000000 96.000000 300.000000 0.724610
232.000000 141.000000 300.000000 0.526563
141.000000 232.000000 300.000000 0.526563
140.000000 142.000000 300.000000 0.245950
142.000000 140.000000 300.000000 0.245950
147.000000 143.000000 300.000000 0.118610
143.000000 147.000000 300.000000 0.118610
144.000000 143.000000 300.000000 0.195923
143.000000 144.000000 300.000000 0.195923
145.000000 144.000000 300.000000 0.377857
144.000000 145.000000 300.000000 0.377857
143.000000 144.000000 300.000000 0.195923
144.000000 143.000000 300.000000 0.195923
71.000000 144.000000 300.000000 0.313400
144.000000 71.000000 300.000000 0.313400
148.000000 145.000000 300.000000 0.316783
145.000000 148.000000 300.000000 0.316783
307.000000 145.000000 300.000000 0.311973
145.000000 307.000000 300.000000 0.311973
144.000000 145.000000 300.000000 0.377857
145.000000 144.000000 300.000000 0.377857
217.000000 146.000000 300.000000 0.300893
146.000000 217.000000 300.000000 0.300893
96.000000 146.000000 300.000000 0.608610
146.000000 96.000000 300.000000 0.608610
118.000000 146.000000 300.000000 0.933120
146.000000 118.000000 300.000000 0.933120
143.000000 147.000000 300.000000 0.118610
147.000000 143.000000 300.000000 0.118610
218.000000 147.000000 300.000000 0.324007
147.000000 218.000000 300.000000 0.324007
148.000000 147.000000 300.000000 0.378823
147.000000 148.000000 300.000000 0.378823
145.000000 148.000000 300.000000 0.316783
148.000000 145.000000 300.000000 0.316783
147.000000 148.000000 300.000000 0.378823
148.000000 147.000000 300.000000 0.378823
217.000000 148.000000 300.000000 0.335510
148.000000 217.000000 300.000000 0.335510
60.000000 149.000000 300.000000 0.185717
149.000000 60.000000 300.000000 0.185717
48.000000 150.000000 300.000000 0.167543
150.000000 48.000000 300.000000 0.167543
75.000000 150.000000 300.000000 0.223570
150.000000 75.000000 300.000000 0.223570
390.000000 150.000000 300.000000 0.024127
150.000000 390.000000 300.000000 0.024127
79.000000 151.000000 300.000000 0.113953
151.000000 79.000000 300.000000 0.113953
153.000000 151.000000 300.000000 0.118623
151.000000 153.000000 300.000000 0.118623
152.000000 151.000000 300.000000 0.291477
151.000000 152.000000 300.000000 0.291477
77.000000 152.000000 300.000000 0.112733
152.000000 77.000000 300.000000 0.112733
154.000000 152.000000 300.000000 0.106657
152.000000 154.000000 300.000000 0.106657
151.000000 152.000000 300.000000 0.291477
152.000000 151.000000 300.000000 0.291477
151.000000 153.000000 300.000000 0.118623
153.000000 151.000000 300.000000 0.118623
154.000000 153.000000 300.000000 0.374620
153.000000 154.000000 300.000000 0.374620
152.000000 154.000000 300.000000 0.106657
154.000000 152.000000 300.000000 0.106657
153.000000 154.000000 300.000000 0.374620
154.000000 153.000000 300.000000 0.374620
78.000000 155.000000 300.000000 0.307053
155.000000 78.000000 300.000000 0.307053
212.000000 156.000000 300.000000 0.419023
156.000000 212.000000 300.000000 0.419023
156.000000 241.000000 300.000000 0.099027
158.000000 157.000000 300.000000 0.258367
157.000000 158.000000 300.000000 0.258367
157.000000 158.000000 300.000000 0.258367
158.000000 157.000000 300.000000 0.258367
212.000000 158.000000 300.000000 0.167890
158.000000 212.000000 300.000000 0.167890
431.000000 158.000000 300.000000 0.018783
158.000000 431.000000 300.000000 0.018783
55.000000 159.000000 300.000000 0.359777
159.000000 55.000000 300.000000 0.359777
98.000000 159.000000 300.000000 0.108597
159.000000 98.000000 300.000000 0.108597
381.000000 159.000000 300.000000 0.023243
159.000000 381.000000 300.000000 0.023243
160.000000 326.000000 300.000000 0.302120
160.000000 312.000000 300.000000 0.025860
311.000000 161.000000 300.000000 0.033497
161.000000 311.000000 300.000000 0.033497
433.000000 161.000000 300.000000 0.015480
161.000000 433.000000 300.000000 0.015480
164.000000 162.000000 300.000000 0.740720
162.000000 164.000000 300.000000 0.740720
162.000000 160.000000 300.000000 0.709520
164.000000 163.000000 300.000000 0.281350
163.000000 164.000000 300.000000 0.281350
163.000000 164.000000 300.000000 0.281350
164.000000 163.000000 300.000000 0.281350
162.000000 164.000000 300.000000 0.740720
164.000000 162.000000 300.000000 0.740720
165.000000 164.000000 300.000000 0.413193
164.000000 165.000000 300.000000 0.413193
164.000000 165.000000 300.000000 0.413193
165.000000 164.000000 300.000000 0.413193
63.000000 166.000000 300.000000 0.253403
166.000000 63.000000 300.000000 0.253403
166.000000 254.000000 300.000000 0.687527
63.000000 167.000000 300.000000 0.299653
167.000000 63.000000 300.000000 0.299653
168.000000 13.000000 300.000000 0.230670
171.000000 168.000000 300.000000 0.312240
168.000000 171.000000 300.000000 0.312240
322.000000 168.000000 300.000000 0.028517
168.000000 322.000000 300.000000 0.028517
173.000000 169.000000 300.000000 0.232603
169.000000 173.000000 300.000000 0.232603
362.000000 169.000000 300.000000 0.189477
169.000000 362.000000 300.000000 0.189477
8.000000 169.000000 300.000000 0.308627
169.000000 8.000000 300.000000 0.308627
9.000000 169.000000 300.000000 0.308180
169.000000 9.000000 300.000000 0.308180
171.000000 170.000000 300.000000 0.231307
170.000000 171.000000 300.000000 0.231307
12.000000 170.000000 300.000000 0.315967
170.000000 12.000000 300.000000 0.315967
13.000000 170.000000 300.000000 0.303307
170.000000 13.000000 300.000000 0.303307
173.000000 170.000000 300.000000 0.226700
170.000000 173.000000 300.000000 0.226700
170.000000 171.000000 300.000000 0.231307
171.000000 170.000000 300.000000 0.231307
168.000000 171.000000 300.000000 0.312240
171.000000 168.000000 300.000000 0.312240
172.000000 171.000000 300.000000 0.095070
171.000000 172.000000 300.000000 0.095070
12.000000 171.000000 300.000000 0.501610
171.000000 12.000000 300.000000 0.501610
171.000000 172.000000 300.000000 0.095070
172.000000 171.000000 300.000000 0.095070
169.000000 173.000000 300.000000 0.232603
173.000000 169.000000 300.000000 0.232603
174.000000 173.000000 300.000000 0.308707
173.000000 174.000000 300.000000 0.308707
170.000000 173.000000 300.000000 0.226700
173.000000 170.000000 300.000000 0.226700
12.000000 174.000000 300.000000 0.228780
174.000000 12.000000 300.000000 0.228780
8.000000 174.000000 300.000000 0.234693
174.000000 8.000000 300.000000 0.234693
173.000000 174.000000 300.000000 0.308707
174.000000 173.000000 300.000000 0.308707
176.000000 174.000000 300.000000 0.272830
174.000000 176.000000 300.000000 0.272830
409.000000 175.000000 300.000000 0.017410
175.000000 409.000000 300.000000 0.017410
175.000000 287.000000 300.000000 0.256940
174.000000 176.000000 300.000000 0.272830
176.000000 174.000000 300.000000 0.272830
8.000000 177.000000 300.000000 0.284703
177.000000 8.000000 300.000000 0.284703
225.000000 177.000000 300.000000 0.173557
177.000000 225.000000 300.000000 0.173557
178.000000 177.000000 300.000000 0.137113
177.000000 178.000000 300.000000 0.137113
177.000000 178.000000 300.000000 0.137113
178.000000 177.000000 300.000000 0.137113
130.000000 179.000000 300.000000 0.128617
179.000000 130.000000 300.000000 0.128617
418.000000 179.000000 300.000000 0.034983
179.000000 418.000000 300.000000 0.034983
11.000000 179.000000 300.000000 0.624667
179.000000 11.000000 300.000000 0.624667
223.000000 180.000000 300.000000 0.469623
180.000000 223.000000 300.000000 0.469623
88.000000 180.000000 300.000000 0.316767
180.000000 88.000000 300.000000 0.316767
130.000000 180.000000 300.000000 0.317553
180.000000 130.000000 300.000000 0.317553
6.000000 181.000000 300.000000 0.263660
181.000000 6.000000 300.000000 0.263660
184.000000 181.000000 300.000000 0.191417
181.000000 184.000000 300.000000 0.191417
182.000000 181.000000 300.000000 0.323200
181.000000 182.000000 300.000000 0.323200
181.000000 182.000000 300.000000 0.323200
182.000000 181.000000 300.000000 0.323200
183.000000 415.000000 300.000000 0.236003
414.000000 183.000000 300.000000 0.026073
183.000000 414.000000 300.000000 0.026073
181.000000 184.000000 300.000000 0.191417
184.000000 181.000000 300.000000 0.191417
184.000000 183.000000 300.000000 0.083353
412.000000 185.000000 300.000000 0.030000
185.000000 412.000000 300.000000 0.030000
185.000000 184.000000 300.000000 0.198850
83.000000 186.000000 300.000000 0.453077
186.000000 83.000000 300.000000 0.453077
186.000000 185.000000 300.000000 0.113310
130.000000 187.000000 300.000000 0.465293
187.000000 130.000000 300.000000 0.465293
187.000000 223.000000 300.000000 0.317027
362.000000 188.000000 300.000000 0.273870
188.000000 362.000000 300.000000 0.273870
188.000000 225.000000 300.000000 0.309637
189.000000 263.000000 300.000000 0.301910
10.000000 189.000000 300.000000 0.457320
189.000000 10.000000 300.000000 0.457320
190.000000 189.000000 300.000000 0.308070
1.000000 190.000000 300.000000 0.442740
190.000000 1.000000 300.000000 0.442740
191.000000 190.000000 300.000000 0.309803
309.000000 191.000000 300.000000 0.464337
191.000000 309.000000 300.000000 0.464337
192.000000 226.000000 300.000000 0.293683
265.000000 193.000000 300.000000 0.319560
193.000000 265.000000 300.000000 0.319560
194.000000 193.000000 300.000000 0.372433
193.000000 194.000000 300.000000 0.372433
89.000000 193.000000 300.000000 1.020213
193.000000 89.000000 300.000000 1.020213
193.000000 194.000000 300.000000 0.372433
194.000000 193.000000 300.000000 0.372433
74.000000 194.000000 300.000000 0.025757
194.000000 74.000000 300.000000 0.025757
330.000000 194.000000 300.000000 0.246920
194.000000 330.000000 300.000000 0.246920
196.000000 195.000000 300.000000 0.416687
195.000000 196.000000 300.000000 0.416687
74.000000 195.000000 300.000000 0.386693
195.000000 74.000000 300.000000 0.386693
100.000000 195.000000 300.000000 0.761073
195.000000 100.000000 300.000000 0.761073
198.000000 196.000000 300.000000 0.111517
196.000000 198.000000 300.000000 0.111517
293.000000 196.000000 300.000000 0.310450
196.000000 293.000000 300.000000 0.310450
195.000000 196.000000 300.000000 0.416687
196.000000 195.000000 300.000000 0.416687
198.000000 197.000000 300.000000 0.338977
197.000000 198.000000 300.000000 0.338977
76.000000 197.000000 300.000000 0.102687
197.000000 76.000000 300.000000 0.102687
293.000000 197.000000 300.000000 0.144340
197.000000 293.000000 300.000000 0.144340
197.000000 198.000000 300.000000 0.338977
198.000000 197.000000 300.000000 0.338977
199.000000 198.000000 300.000000 0.103370
198.000000 199.000000 300.000000 0.103370
196.000000 198.000000 300.000000 0.111517
198.000000 196.000000 300.000000 0.111517
76.000000 199.000000 300.000000 0.341110
199.000000 76.000000 300.000000 0.341110
315.000000 199.000000 300.000000 0.091967
199.000000 315.000000 300.000000 0.091967
198.000000 199.000000 300.000000 0.103370
199.000000 198.000000 300.000000 0.103370
35.000000 200.000000 300.000000 0.171427
200.000000 35.000000 300.000000 0.171427
29.000000 200.000000 300.000000 0.170703
200.000000 29.000000 300.000000 0.170703
201.000000 200.000000 300.000000 0.342980
200.000000 201.000000 300.000000 0.342980
267.000000 200.000000 300.000000 0.336693
200.000000 267.000000 300.000000 0.336693
200.000000 201.000000 300.000000 0.342980
201.000000 200.000000 300.000000 0.342980
235.000000 201.000000 300.000000 0.168290
201.000000 235.000000 300.000000 0.168290
30.000000 201.000000 300.000000 0.173040
201.000000 30.000000 300.000000 0.173040
204.000000 202.000000 300.000000 0.056843
202.000000 204.000000 300.000000 0.056843
202.000000 314.000000 300.000000 0.314740
203.000000 202.000000 300.000000 0.332190
202.000000 203.000000 300.000000 0.332190
313.000000 203.000000 300.000000 0.026973
203.000000 313.000000 300.000000 0.026973
205.000000 203.000000 300.000000 0.072277
203.000000 205.000000 300.000000 0.072277
202.000000 203.000000 300.000000 0.332190
203.000000 202.000000 300.000000 0.332190
205.000000 204.000000 300.000000 0.333800
204.000000 205.000000 300.000000 0.333800
239.000000 204.000000 300.000000 0.122377
204.000000 239.000000 300.000000 0.122377
202.000000 204.000000 300.000000 0.056843
204.000000 202.000000 300.000000 0.056843
204.000000 205.000000 300.000000 0.333800
205.000000 204.000000 300.000000 0.333800
203.000000 205.000000 300.000000 0.072277
205.000000 203.000000 300.000000 0.072277
206.000000 205.000000 300.000000 0.121080
205.000000 206.000000 300.000000 0.121080
205.000000 206.000000 300.000000 0.121080
206.000000 205.000000 300.000000 0.121080
36.000000 206.000000 300.000000 0.128003
206.000000 36.000000 300.000000 0.128003
239.000000 206.000000 300.000000 0.339893
206.000000 239.000000 300.000000 0.339893
334.000000 207.000000 300.000000 0.022827
207.000000 334.000000 300.000000 0.022827
240.000000 207.000000 300.000000 0.347697
207.000000 240.000000 300.000000 0.347697
291.000000 207.000000 300.000000 0.354720
207.000000 291.000000 300.000000 0.354720
210.000000 208.000000 300.000000 0.108560
208.000000 210.000000 300.000000 0.108560
53.000000 208.000000 300.000000 0.114770
208.000000 53.000000 300.000000 0.114770
238.000000 208.000000 300.000000 0.333837
208.000000 238.000000 300.000000 0.333837
238.000000 209.000000 300.000000 0.337533
209.000000 238.000000 300.000000 0.337533
36.000000 209.000000 300.000000 0.126593
209.000000 36.000000 300.000000 0.126593
211.000000 209.000000 300.000000 0.104113
209.000000 211.000000 300.000000 0.104113
208.000000 210.000000 300.000000 0.108560
210.000000 208.000000 300.000000 0.108560
236.000000 210.000000 300.000000 0.332450
210.000000 236.000000 300.000000 0.332450
24.000000 210.000000 300.000000 0.126543
210.000000 24.000000 300.000000 0.126543
236.000000 211.000000 300.000000 0.338130
211.000000 236.000000 300.000000 0.338130
209.000000 211.000000 300.000000 0.104113
211.000000 209.000000 300.000000 0.104113
425.000000 211.000000 300.000000 0.111733
211.000000 425.000000 300.000000 0.111733
55.000000 212.000000 300.000000 0.315790
212.000000 55.000000 300.000000 0.315790
54.000000 212.000000 300.000000 0.309853
212.000000 54.000000 300.000000 0.309853
158.000000 212.000000 300.000000 0.167890
212.000000 158.000000 300.000000 0.167890
156.000000 212.000000 300.000000 0.419023
212.000000 156.000000 300.000000 0.419023
54.000000 213.000000 300.000000 0.300990
213.000000 54.000000 300.000000 0.300990
214.000000 213.000000 300.000000 0.313380
213.000000 214.000000 300.000000 0.313380
92.000000 213.000000 300.000000 0.177637
213.000000 92.000000 300.000000 0.177637
213.000000 214.000000 300.000000 0.313380
214.000000 213.000000 300.000000 0.313380
260.000000 214.000000 300.000000 0.033193
214.000000 260.000000 300.000000 0.033193
214.000000 82.000000 300.000000 0.458437
216.000000 215.000000 300.000000 0.463263
215.000000 216.000000 300.000000 0.463263
5.000000 215.000000 300.000000 0.284493
215.000000 5.000000 300.000000 0.284493
4.000000 216.000000 300.000000 0.292230
216.000000 4.000000 300.000000 0.292230
111.000000 216.000000 300.000000 0.456413
216.000000 111.000000 300.000000 0.456413
215.000000 216.000000 300.000000 0.463263
216.000000 215.000000 300.000000 0.463263
146.000000 217.000000 300.000000 0.300893
217.000000 146.000000 300.000000 0.300893
218.000000 217.000000 300.000000 0.380323
217.000000 218.000000 300.000000 0.380323
148.000000 217.000000 300.000000 0.335510
217.000000 148.000000 300.000000 0.335510
147.000000 218.000000 300.000000 0.324007
218.000000 147.000000 300.000000 0.324007
217.000000 218.000000 300.000000 0.380323
218.000000 217.000000 300.000000 0.380323
72.000000 218.000000 300.000000 0.548933
218.000000 72.000000 300.000000 0.548933
87.000000 219.000000 300.000000 0.466733
219.000000 87.000000 300.000000 0.466733
413.000000 220.000000 300.000000 0.029297
220.000000 413.000000 300.000000 0.029297
220.000000 186.000000 300.000000 0.192080
84.000000 221.000000 300.000000 0.464810
221.000000 84.000000 300.000000 0.464810
221.000000 220.000000 300.000000 0.121713
88.000000 222.000000 300.000000 0.465090
222.000000 88.000000 300.000000 0.465090
222.000000 221.000000 300.000000 0.307773
180.000000 223.000000 300.000000 0.469623
223.000000 180.000000 300.000000 0.469623
223.000000 297.000000 300.000000 0.039807
7.000000 224.000000 300.000000 0.464913
224.000000 7.000000 300.000000 0.464913
224.000000 187.000000 300.000000 0.306417
177.000000 225.000000 300.000000 0.173557
225.000000 177.000000 300.000000 0.173557
225.000000 298.000000 300.000000 0.149910
226.000000 191.000000 300.000000 0.308640
104.000000 226.000000 300.000000 0.464380
226.000000 104.000000 300.000000 0.464380
310.000000 227.000000 300.000000 0.030457
227.000000 310.000000 300.000000 0.030457
227.000000 161.000000 300.000000 0.255367
46.000000 228.000000 300.000000 0.325477
228.000000 46.000000 300.000000 0.325477
59.000000 228.000000 300.000000 0.307827
228.000000 59.000000 300.000000 0.307827
106.000000 228.000000 300.000000 0.472753
228.000000 106.000000 300.000000 0.472753
340.000000 228.000000 300.000000 0.210457
228.000000 340.000000 300.000000 0.210457
4.000000 229.000000 300.000000 0.309740
229.000000 4.000000 300.000000 0.309740
46.000000 229.000000 300.000000 0.322650
229.000000 46.000000 300.000000 0.322650
341.000000 229.000000 300.000000 0.288930
229.000000 341.000000 300.000000 0.288930
108.000000 229.000000 300.000000 0.466053
229.000000 108.000000 300.000000 0.466053
32.000000 230.000000 300.000000 0.315640
230.000000 32.000000 300.000000 0.315640
31.000000 230.000000 300.000000 0.315683
230.000000 31.000000 300.000000 0.315683
340.000000 230.000000 300.000000 0.245043
230.000000 340.000000 300.000000 0.245043
91.000000 230.000000 300.000000 0.466163
230.000000 91.000000 300.000000 0.466163
341.000000 231.000000 300.000000 0.174467
231.000000 341.000000 300.000000 0.174467
32.000000 231.000000 300.000000 0.328280
231.000000 32.000000 300.000000 0.328280
233.000000 231.000000 300.000000 0.464963
231.000000 233.000000 300.000000 0.464963
5.000000 231.000000 300.000000 0.313653
231.000000 5.000000 300.000000 0.313653
97.000000 232.000000 300.000000 0.573943
232.000000 97.000000 300.000000 0.573943
138.000000 232.000000 300.000000 0.262273
232.000000 138.000000 300.000000 0.262273
139.000000 232.000000 300.000000 0.097633
232.000000 139.000000 300.000000 0.097633
141.000000 232.000000 300.000000 0.526563
232.000000 141.000000 300.000000 0.526563
100.000000 233.000000 300.000000 0.307950
233.000000 100.000000 300.000000 0.307950
17.000000 233.000000 300.000000 0.323893
233.000000 17.000000 300.000000 0.323893
231.000000 233.000000 300.000000 0.464963
233.000000 231.000000 300.000000 0.464963
99.000000 233.000000 300.000000 0.422270
233.000000 99.000000 300.000000 0.422270
234.000000 383.000000 300.000000 0.256453
265.000000 234.000000 300.000000 0.025303
234.000000 265.000000 300.000000 0.025303
235.000000 234.000000 300.000000 0.342373
234.000000 235.000000 300.000000 0.342373
201.000000 235.000000 300.000000 0.168290
235.000000 201.000000 300.000000 0.168290
234.000000 235.000000 300.000000 0.342373
235.000000 234.000000 300.000000 0.342373
35.000000 235.000000 300.000000 0.327077
235.000000 35.000000 300.000000 0.327077
211.000000 236.000000 300.000000 0.338130
236.000000 211.000000 300.000000 0.338130
210.000000 236.000000 300.000000 0.332450
236.000000 210.000000 300.000000 0.332450
238.000000 236.000000 300.000000 0.110860
236.000000 238.000000 300.000000 0.110860
25.000000 236.000000 300.000000 0.109083
236.000000 25.000000 300.000000 0.109083
21.000000 237.000000 300.000000 0.334990
237.000000 21.000000 300.000000 0.334990
421.000000 237.000000 300.000000 0.154460
237.000000 421.000000 300.000000 0.154460
28.000000 237.000000 300.000000 0.335223
237.000000 28.000000 300.000000 0.335223
65.000000 237.000000 300.000000 0.377643
237.000000 65.000000 300.000000 0.377643
209.000000 238.000000 300.000000 0.337533
238.000000 209.000000 300.000000 0.337533
208.000000 238.000000 300.000000 0.333837
238.000000 208.000000 300.000000 0.333837
39.000000 238.000000 300.000000 0.118330
238.000000 39.000000 300.000000 0.118330
236.000000 238.000000 300.000000 0.110860
238.000000 236.000000 300.000000 0.110860
204.000000 239.000000 300.000000 0.122377
239.000000 204.000000 300.000000 0.122377
39.000000 239.000000 300.000000 0.130933
239.000000 39.000000 300.000000 0.130933
206.000000 239.000000 300.000000 0.339893
239.000000 206.000000 300.000000 0.339893
314.000000 239.000000 300.000000 0.275487
239.000000 314.000000 300.000000 0.275487
21.000000 240.000000 300.000000 0.344060
240.000000 21.000000 300.000000 0.344060
207.000000 240.000000 300.000000 0.347697
240.000000 207.000000 300.000000 0.347697
292.000000 240.000000 300.000000 0.360180
240.000000 292.000000 300.000000 0.360180
241.000000 242.000000 300.000000 0.158943
241.000000 243.000000 300.000000 0.103403
242.000000 62.000000 300.000000 0.050410
243.000000 114.000000 300.000000 0.108130
244.000000 243.000000 300.000000 0.146287
244.000000 242.000000 300.000000 0.189930
247.000000 245.000000 300.000000 0.067553
245.000000 247.000000 300.000000 0.067553
249.000000 246.000000 300.000000 0.087360
246.000000 249.000000 300.000000 0.087360
249.000000 247.000000 300.000000 0.231347
247.000000 249.000000 300.000000 0.231347
245.000000 247.000000 300.000000 0.067553
247.000000 245.000000 300.000000 0.067553
248.000000 247.000000 300.000000 0.201687
247.000000 248.000000 300.000000 0.201687
15.000000 248.000000 300.000000 0.116620
248.000000 15.000000 300.000000 0.116620
247.000000 248.000000 300.000000 0.201687
248.000000 247.000000 300.000000 0.201687
250.000000 248.000000 300.000000 0.228840
248.000000 250.000000 300.000000 0.228840
246.000000 249.000000 300.000000 0.087360
249.000000 246.000000 300.000000 0.087360
247.000000 249.000000 300.000000 0.231347
249.000000 247.000000 300.000000 0.231347
283.000000 249.000000 300.000000 0.168903
249.000000 283.000000 300.000000 0.168903
86.000000 250.000000 300.000000 0.112960
250.000000 86.000000 300.000000 0.112960
283.000000 250.000000 300.000000 0.033050
250.000000 283.000000 300.000000 0.033050
248.000000 250.000000 300.000000 0.228840
250.000000 248.000000 300.000000 0.228840
104.000000 251.000000 300.000000 0.100510
251.000000 104.000000 300.000000 0.100510
252.000000 253.000000 300.000000 0.152020
252.000000 255.000000 300.000000 0.107407
253.000000 162.000000 300.000000 1.340220
254.000000 253.000000 300.000000 0.162250
254.000000 255.000000 300.000000 0.112070
255.000000 68.000000 300.000000 0.051567
376.000000 256.000000 300.000000 0.103430
256.000000 376.000000 300.000000 0.103430
365.000000 256.000000 300.000000 0.577203
256.000000 365.000000 300.000000 0.577203
38.000000 256.000000 300.000000 0.326930
256.000000 38.000000 300.000000 0.326930
419.000000 256.000000 300.000000 0.348830
256.000000 419.000000 300.000000 0.348830
13.000000 257.000000 300.000000 0.031177
257.000000 13.000000 300.000000 0.031177
15.000000 257.000000 300.000000 0.300273
257.000000 15.000000 300.000000 0.300273
257.000000 322.000000 300.000000 0.231470
258.000000 9.000000 300.000000 0.108880
404.000000 258.000000 300.000000 0.021563
258.000000 404.000000 300.000000 0.021563
259.000000 260.000000 300.000000 0.458320
86.000000 259.000000 300.000000 0.304977
259.000000 86.000000 300.000000 0.304977
82.000000 259.000000 300.000000 0.033577
259.000000 82.000000 300.000000 0.033577
214.000000 260.000000 300.000000 0.033193
260.000000 214.000000 300.000000 0.033193
94.000000 260.000000 300.000000 0.295737
260.000000 94.000000 300.000000 0.295737
260.000000 320.000000 300.000000 0.188093
261.000000 105.000000 300.000000 0.308040
262.000000 188.000000 300.000000 0.307457
263.000000 288.000000 300.000000 0.007100
264.000000 89.000000 300.000000 0.329603
265.000000 328.000000 300.000000 0.165067
193.000000 265.000000 300.000000 0.319560
265.000000 193.000000 300.000000 0.319560
234.000000 265.000000 300.000000 0.025303
265.000000 234.000000 300.000000 0.025303
350.000000 266.000000 300.000000 0.077927
266.000000 350.000000 300.000000 0.077927
266.000000 278.000000 300.000000 0.102200
200.000000 267.000000 300.000000 0.336693
267.000000 200.000000 300.000000 0.336693
38.000000 267.000000 300.000000 0.181833
267.000000 38.000000 300.000000 0.181833
420.000000 267.000000 300.000000 0.159140
267.000000 420.000000 300.000000 0.159140
37.000000 268.000000 300.000000 0.186510
268.000000 37.000000 300.000000 0.186510
34.000000 268.000000 300.000000 0.161427
268.000000 34.000000 300.000000 0.161427
269.000000 268.000000 300.000000 0.344650
268.000000 269.000000 300.000000 0.344650
29.000000 269.000000 300.000000 0.162757
269.000000 29.000000 300.000000 0.162757
420.000000 269.000000 300.000000 0.174717
269.000000 420.000000 300.000000 0.174717
268.000000 269.000000 300.000000 0.344650
269.000000 268.000000 300.000000 0.344650
272.000000 270.000000 300.000000 0.110323
270.000000 272.000000 300.000000 0.110323
23.000000 270.000000 300.000000 0.113383
270.000000 23.000000 300.000000 0.113383
271.000000 270.000000 300.000000 0.334943
270.000000 271.000000 300.000000 0.334943
271.000000 273.000000 300.000000 0.108797
270.000000 271.000000 300.000000 0.334943
271.000000 270.000000 300.000000 0.334943
26.000000 272.000000 300.000000 0.113250
272.000000 26.000000 300.000000 0.113250
270.000000 272.000000 300.000000 0.110323
272.000000 270.000000 300.000000 0.110323
273.000000 272.000000 300.000000 0.339770
272.000000 273.000000 300.000000 0.339770
272.000000 273.000000 300.000000 0.339770
273.000000 272.000000 300.000000 0.339770
273.000000 27.000000 300.000000 0.120333
276.000000 274.000000 300.000000 0.100697
274.000000 276.000000 300.000000 0.100697
26.000000 274.000000 300.000000 0.116917
274.000000 26.000000 300.000000 0.116917
275.000000 274.000000 300.000000 0.337070
274.000000 275.000000 300.000000 0.337070
275.000000 305.000000 300.000000 0.064300
274.000000 275.000000 300.000000 0.337070
275.000000 274.000000 300.000000 0.337070
52.000000 276.000000 300.000000 0.118417
276.000000 52.000000 300.000000 0.118417
274.000000 276.000000 300.000000 0.100697
276.000000 274.000000 300.000000 0.100697
277.000000 276.000000 300.000000 0.335203
276.000000 277.000000 300.000000 0.335203
277.000000 80.000000 300.000000 0.125630
276.000000 277.000000 300.000000 0.335203
277.000000 276.000000 300.000000 0.335203
278.000000 294.000000 300.000000 0.334927
278.000000 296.000000 300.000000 0.035587
279.000000 266.000000 300.000000 0.118117
279.000000 278.000000 300.000000 0.049613
96.000000 280.000000 300.000000 0.022553
280.000000 96.000000 300.000000 0.022553
432.000000 280.000000 300.000000 0.023480
280.000000 432.000000 300.000000 0.023480
72.000000 280.000000 300.000000 0.289007
280.000000 72.000000 300.000000 0.289007
281.000000 333.000000 300.000000 0.036533
283.000000 282.000000 300.000000 0.157210
282.000000 283.000000 300.000000 0.157210
249.000000 283.000000 300.000000 0.168903
283.000000 249.000000 300.000000 0.168903
282.000000 283.000000 300.000000 0.157210
283.000000 282.000000 300.000000 0.157210
250.000000 283.000000 300.000000 0.033050
283.000000 250.000000 300.000000 0.033050
14.000000 284.000000 300.000000 0.090270
284.000000 14.000000 300.000000 0.090270
285.000000 284.000000 300.000000 0.266607
284.000000 285.000000 300.000000 0.266607
407.000000 284.000000 300.000000 0.018213
284.000000 407.000000 300.000000 0.018213
284.000000 285.000000 300.000000 0.266607
285.000000 284.000000 300.000000 0.266607
85.000000 285.000000 300.000000 0.095957
285.000000 85.000000 300.000000 0.095957
408.000000 285.000000 300.000000 0.016840
285.000000 408.000000 300.000000 0.016840
73.000000 286.000000 300.000000 0.031010
286.000000 73.000000 300.000000 0.031010
287.000000 262.000000 300.000000 0.013840
288.000000 287.000000 300.000000 0.027253
288.000000 321.000000 300.000000 0.458680
41.000000 289.000000 300.000000 0.098770
289.000000 41.000000 300.000000 0.098770
37.000000 289.000000 300.000000 0.232500
289.000000 37.000000 300.000000 0.232500
391.000000 289.000000 300.000000 0.017960
289.000000 391.000000 300.000000 0.017960
316.000000 290.000000 300.000000 0.114477
290.000000 316.000000 300.000000 0.114477
52.000000 290.000000 300.000000 0.326100
290.000000 52.000000 300.000000 0.326100
24.000000 291.000000 300.000000 0.336373
291.000000 24.000000 300.000000 0.336373
207.000000 291.000000 300.000000 0.354720
291.000000 207.000000 300.000000 0.354720
292.000000 291.000000 300.000000 0.331343
291.000000 292.000000 300.000000 0.331343
44.000000 292.000000 300.000000 0.349830
292.000000 44.000000 300.000000 0.349830
306.000000 292.000000 300.000000 0.236480
292.000000 306.000000 300.000000 0.236480
240.000000 292.000000 300.000000 0.360180
292.000000 240.000000 300.000000 0.360180
291.000000 292.000000 300.000000 0.331343
292.000000 291.000000 300.000000 0.331343
74.000000 293.000000 300.000000 0.337917
293.000000 74.000000 300.000000 0.337917
196.000000 293.000000 300.000000 0.310450
293.000000 196.000000 300.000000 0.310450
197.000000 293.000000 300.000000 0.144340
293.000000 197.000000 300.000000 0.144340
80.000000 294.000000 300.000000 0.025577
294.000000 80.000000 300.000000 0.025577
294.000000 304.000000 300.000000 0.167540
27.000000 295.000000 300.000000 0.027000
295.000000 27.000000 300.000000 0.027000
295.000000 360.000000 300.000000 0.139630
296.000000 49.000000 300.000000 0.041020
297.000000 222.000000 300.000000 0.276887
298.000000 224.000000 300.000000 0.156287
300.000000 299.000000 300.000000 0.040420
299.000000 300.000000 300.000000 0.040420
299.000000 301.000000 300.000000 0.210077
299.000000 300.000000 300.000000 0.040420
300.000000 299.000000 300.000000 0.040420
300.000000 302.000000 300.000000 0.109180
301.000000 271.000000 300.000000 0.108810
301.000000 332.000000 300.000000 0.032300
303.000000 300.000000 300.000000 0.212997
303.000000 301.000000 300.000000 0.040793
304.000000 295.000000 300.000000 0.178030
305.000000 304.000000 300.000000 0.025920
304.000000 305.000000 300.000000 0.025920
305.000000 277.000000 300.000000 0.037267
304.000000 305.000000 300.000000 0.025920
305.000000 304.000000 300.000000 0.025920
419.000000 306.000000 300.000000 0.090440
306.000000 419.000000 300.000000 0.090440
392.000000 306.000000 300.000000 0.018063
306.000000 392.000000 300.000000 0.018063
292.000000 306.000000 300.000000 0.236480
306.000000 292.000000 300.000000 0.236480
71.000000 307.000000 300.000000 0.379263
307.000000 71.000000 300.000000 0.379263
145.000000 307.000000 300.000000 0.311973
307.000000 145.000000 300.000000 0.311973
70.000000 307.000000 300.000000 0.464753
307.000000 70.000000 300.000000 0.464753
119.000000 308.000000 300.000000 0.230207
308.000000 119.000000 300.000000 0.230207
406.000000 309.000000 300.000000 0.053480
309.000000 406.000000 300.000000 0.053480
191.000000 309.000000 300.000000 0.464337
309.000000 191.000000 300.000000 0.464337
14.000000 309.000000 300.000000 0.462383
309.000000 14.000000 300.000000 0.462383
227.000000 310.000000 300.000000 0.030457
310.000000 227.000000 300.000000 0.030457
55.000000 310.000000 300.000000 0.301393
310.000000 55.000000 300.000000 0.301393
310.000000 327.000000 300.000000 0.239767
311.000000 310.000000 300.000000 0.255360
161.000000 311.000000 300.000000 0.033497
311.000000 161.000000 300.000000 0.033497
312.000000 0.000000 300.000000 0.319733
203.000000 313.000000 300.000000 0.026973
313.000000 203.000000 300.000000 0.026973
239.000000 314.000000 300.000000 0.275487
314.000000 239.000000 300.000000 0.275487
314.000000 202.000000 300.000000 0.322893
75.000000 315.000000 300.000000 0.042243
315.000000 75.000000 300.000000 0.042243
73.000000 315.000000 300.000000 0.024297
315.000000 73.000000 300.000000 0.024297
199.000000 315.000000 300.000000 0.091967
315.000000 199.000000 300.000000 0.091967
290.000000 316.000000 300.000000 0.114477
316.000000 290.000000 300.000000 0.114477
117.000000 317.000000 300.000000 0.491047
317.000000 117.000000 300.000000 0.491047
90.000000 318.000000 300.000000 0.313973
318.000000 90.000000 300.000000 0.313973
103.000000 318.000000 300.000000 0.308070
318.000000 103.000000 300.000000 0.308070
333.000000 318.000000 300.000000 0.440650
318.000000 333.000000 300.000000 0.440650
319.000000 214.000000 300.000000 0.189160
320.000000 319.000000 300.000000 0.028050
319.000000 320.000000 300.000000 0.028050
320.000000 261.000000 300.000000 0.268557
319.000000 320.000000 300.000000 0.028050
320.000000 319.000000 300.000000 0.028050
9.000000 321.000000 300.000000 0.031360
321.000000 9.000000 300.000000 0.031360
321.000000 257.000000 300.000000 0.453713
10.000000 321.000000 300.000000 0.304643
321.000000 10.000000 300.000000 0.304643
168.000000 322.000000 300.000000 0.028517
322.000000 168.000000 300.000000 0.028517
322.000000 259.000000 300.000000 0.227333
95.000000 323.000000 300.000000 0.015680
323.000000 95.000000 300.000000 0.015680
69.000000 323.000000 300.000000 0.458657
323.000000 69.000000 300.000000 0.458657
58.000000 323.000000 300.000000 0.741570
323.000000 58.000000 300.000000 0.741570
79.000000 324.000000 300.000000 0.341480
324.000000 79.000000 300.000000 0.341480
48.000000 324.000000 300.000000 0.735760
324.000000 48.000000 300.000000 0.735760
327.000000 326.000000 300.000000 0.029503
326.000000 327.000000 300.000000 0.029503
326.000000 227.000000 300.000000 0.240103
327.000000 312.000000 300.000000 0.297630
326.000000 327.000000 300.000000 0.029503
327.000000 326.000000 300.000000 0.029503
329.000000 328.000000 300.000000 0.030110
328.000000 329.000000 300.000000 0.030110
328.000000 264.000000 300.000000 0.810890
329.000000 234.000000 300.000000 0.165653
328.000000 329.000000 300.000000 0.030110
329.000000 328.000000 300.000000 0.030110
330.000000 331.000000 300.000000 0.082350
194.000000 330.000000 300.000000 0.246920
330.000000 194.000000 300.000000 0.246920
331.000000 382.000000 300.000000 0.072823
331.000000 303.000000 300.000000 0.030127
332.000000 330.000000 300.000000 0.077937
332.000000 331.000000 300.000000 0.040447
333.000000 19.000000 300.000000 0.301450
318.000000 333.000000 300.000000 0.440650
333.000000 318.000000 300.000000 0.440650
207.000000 334.000000 300.000000 0.022827
334.000000 207.000000 300.000000 0.022827
335.000000 64.000000 300.000000 0.343983
337.000000 336.000000 300.000000 0.131810
336.000000 337.000000 300.000000 0.131810
137.000000 337.000000 300.000000 0.095667
337.000000 137.000000 300.000000 0.095667
336.000000 337.000000 300.000000 0.131810
337.000000 336.000000 300.000000 0.131810
136.000000 337.000000 300.000000 0.202597
337.000000 136.000000 300.000000 0.202597
121.000000 338.000000 300.000000 0.261780
338.000000 121.000000 300.000000 0.261780
120.000000 338.000000 300.000000 0.118690
338.000000 120.000000 300.000000 0.118690
430.000000 338.000000 300.000000 0.029537
338.000000 430.000000 300.000000 0.029537
340.000000 339.000000 300.000000 0.138980
339.000000 340.000000 300.000000 0.138980
228.000000 340.000000 300.000000 0.210457
340.000000 228.000000 300.000000 0.210457
230.000000 340.000000 300.000000 0.245043
340.000000 230.000000 300.000000 0.245043
339.000000 340.000000 300.000000 0.138980
340.000000 339.000000 300.000000 0.138980
229.000000 341.000000 300.000000 0.288930
341.000000 229.000000 300.000000 0.288930
231.000000 341.000000 300.000000 0.174467
341.000000 231.000000 300.000000 0.174467
385.000000 341.000000 300.000000 0.022967
341.000000 385.000000 300.000000 0.022967
26.000000 343.000000 300.000000 0.089307
343.000000 26.000000 300.000000 0.089307
344.000000 343.000000 300.000000 0.147417
343.000000 344.000000 300.000000 0.147417
398.000000 343.000000 300.000000 0.022597
343.000000 398.000000 300.000000 0.022597
397.000000 343.000000 300.000000 0.016433
343.000000 397.000000 300.000000 0.016433
343.000000 344.000000 300.000000 0.147417
344.000000 343.000000 300.000000 0.147417
393.000000 344.000000 300.000000 0.015637
344.000000 393.000000 300.000000 0.015637
399.000000 344.000000 300.000000 0.020620
344.000000 399.000000 300.000000 0.020620
425.000000 344.000000 300.000000 0.094230
344.000000 425.000000 300.000000 0.094230
425.000000 345.000000 300.000000 0.097093
345.000000 425.000000 300.000000 0.097093
346.000000 345.000000 300.000000 0.142107
345.000000 346.000000 300.000000 0.142107
394.000000 345.000000 300.000000 0.026070
345.000000 394.000000 300.000000 0.026070
345.000000 346.000000 300.000000 0.142107
346.000000 345.000000 300.000000 0.142107
25.000000 346.000000 300.000000 0.097740
346.000000 25.000000 300.000000 0.097740
395.000000 346.000000 300.000000 0.026783
346.000000 395.000000 300.000000 0.026783
80.000000 347.000000 300.000000 0.245240
347.000000 80.000000 300.000000 0.245240
52.000000 347.000000 300.000000 0.090130
347.000000 52.000000 300.000000 0.090130
402.000000 347.000000 300.000000 0.018507
347.000000 402.000000 300.000000 0.018507
396.000000 348.000000 300.000000 0.013377
348.000000 396.000000 300.000000 0.013377
348.000000 296.000000 300.000000 0.208377
350.000000 349.000000 300.000000 0.060337
349.000000 350.000000 300.000000 0.060337
266.000000 350.000000 300.000000 0.077927
350.000000 266.000000 300.000000 0.077927
48.000000 350.000000 300.000000 0.176387
350.000000 48.000000 300.000000 0.176387
349.000000 350.000000 300.000000 0.060337
350.000000 349.000000 300.000000 0.060337
57.000000 352.000000 300.000000 0.206027
352.000000 57.000000 300.000000 0.206027
429.000000 352.000000 300.000000 0.018937
352.000000 429.000000 300.000000 0.018937
60.000000 352.000000 300.000000 0.260637
352.000000 60.000000 300.000000 0.260637
356.000000 353.000000 300.000000 0.104900
353.000000 356.000000 300.000000 0.104900
357.000000 354.000000 300.000000 0.087740
354.000000 357.000000 300.000000 0.087740
355.000000 354.000000 300.000000 0.185117
354.000000 355.000000 300.000000 0.185117
428.000000 354.000000 300.000000 0.106047
354.000000 428.000000 300.000000 0.106047
358.000000 355.000000 300.000000 0.015857
355.000000 358.000000 300.000000 0.015857
354.000000 355.000000 300.000000 0.185117
355.000000 354.000000 300.000000 0.185117
426.000000 355.000000 300.000000 0.107540
355.000000 426.000000 300.000000 0.107540
353.000000 356.000000 300.000000 0.104900
356.000000 353.000000 300.000000 0.104900
358.000000 356.000000 300.000000 0.035453
356.000000 358.000000 300.000000 0.035453
357.000000 356.000000 300.000000 0.190787
356.000000 357.000000 300.000000 0.190787
356.000000 357.000000 300.000000 0.190787
357.000000 356.000000 300.000000 0.190787
354.000000 357.000000 300.000000 0.087740
357.000000 354.000000 300.000000 0.087740
427.000000 357.000000 300.000000 0.105563
357.000000 427.000000 300.000000 0.105563
355.000000 358.000000 300.000000 0.015857
358.000000 355.000000 300.000000 0.015857
359.000000 358.000000 300.000000 0.115440
358.000000 359.000000 300.000000 0.115440
356.000000 358.000000 300.000000 0.035453
358.000000 356.000000 300.000000 0.035453
31.000000 359.000000 300.000000 0.165347
359.000000 31.000000 300.000000 0.165347
95.000000 359.000000 300.000000 0.130730
359.000000 95.000000 300.000000 0.130730
358.000000 359.000000 300.000000 0.115440
359.000000 358.000000 300.000000 0.115440
360.000000 332.000000 300.000000 0.197440
384.000000 360.000000 300.000000 0.022493
360.000000 384.000000 300.000000 0.022493
362.000000 361.000000 300.000000 0.146893
361.000000 362.000000 300.000000 0.146893
169.000000 362.000000 300.000000 0.189477
362.000000 169.000000 300.000000 0.189477
188.000000 362.000000 300.000000 0.273870
362.000000 188.000000 300.000000 0.273870
361.000000 362.000000 300.000000 0.146893
362.000000 361.000000 300.000000 0.146893
364.000000 363.000000 300.000000 0.029337
363.000000 364.000000 300.000000 0.029337
363.000000 363.000000 300.000000 0.718500
363.000000 363.000000 300.000000 0.718500
21.000000 364.000000 300.000000 0.152533
364.000000 21.000000 300.000000 0.152533
44.000000 364.000000 300.000000 0.177743
364.000000 44.000000 300.000000 0.177743
363.000000 364.000000 300.000000 0.029337
364.000000 363.000000 300.000000 0.029337
28.000000 365.000000 300.000000 0.090570
365.000000 28.000000 300.000000 0.090570
401.000000 365.000000 300.000000 0.029113
365.000000 401.000000 300.000000 0.029113
256.000000 365.000000 300.000000 0.577203
365.000000 256.000000 300.000000 0.577203
367.000000 366.000000 300.000000 0.142840
366.000000 367.000000 300.000000 0.142840
366.000000 367.000000 300.000000 0.142840
367.000000 366.000000 300.000000 0.142840
368.000000 367.000000 300.000000 0.207087
367.000000 368.000000 300.000000 0.207087
369.000000 367.000000 300.000000 0.096040
367.000000 369.000000 300.000000 0.096040
367.000000 368.000000 300.000000 0.207087
368.000000 367.000000 300.000000 0.207087
21.000000 369.000000 300.000000 0.093617
369.000000 21.000000 300.000000 0.093617
367.000000 369.000000 300.000000 0.096040
369.000000 367.000000 300.000000 0.096040
371.000000 370.000000 300.000000 0.152673
370.000000 371.000000 300.000000 0.152673
30.000000 371.000000 300.000000 0.099577
371.000000 30.000000 300.000000 0.099577
373.000000 371.000000 300.000000 0.145933
371.000000 373.000000 300.000000 0.145933
370.000000 371.000000 300.000000 0.152673
371.000000 370.000000 300.000000 0.152673
373.000000 372.000000 300.000000 0.304523
372.000000 373.000000 300.000000 0.304523
371.000000 373.000000 300.000000 0.145933
373.000000 371.000000 300.000000 0.145933
372.000000 373.000000 300.000000 0.304523
373.000000 372.000000 300.000000 0.304523
22.000000 374.000000 300.000000 0.093260
374.000000 22.000000 300.000000 0.093260
400.000000 374.000000 300.000000 0.025163
374.000000 400.000000 300.000000 0.025163
419.000000 374.000000 300.000000 0.248920
374.000000 419.000000 300.000000 0.248920
376.000000 375.000000 300.000000 0.161913
375.000000 376.000000 300.000000 0.161913
380.000000 376.000000 300.000000 0.145047
376.000000 380.000000 300.000000 0.145047
256.000000 376.000000 300.000000 0.103430
376.000000 256.000000 300.000000 0.103430
375.000000 376.000000 300.000000 0.161913
376.000000 375.000000 300.000000 0.161913
377.000000 376.000000 300.000000 0.157760
376.000000 377.000000 300.000000 0.157760
376.000000 377.000000 300.000000 0.157760
377.000000 376.000000 300.000000 0.157760
380.000000 378.000000 300.000000 0.165213
378.000000 380.000000 300.000000 0.165213
380.000000 379.000000 300.000000 0.257393
379.000000 380.000000 300.000000 0.257393
44.000000 380.000000 300.000000 0.099907
380.000000 44.000000 300.000000 0.099907
376.000000 380.000000 300.000000 0.145047
380.000000 376.000000 300.000000 0.145047
379.000000 380.000000 300.000000 0.257393
380.000000 379.000000 300.000000 0.257393
378.000000 380.000000 300.000000 0.165213
380.000000 378.000000 300.000000 0.165213
159.000000 381.000000 300.000000 0.023243
381.000000 159.000000 300.000000 0.023243
382.000000 265.000000 300.000000 0.258597
383.000000 382.000000 300.000000 0.029043
382.000000 383.000000 300.000000 0.029043
383.000000 303.000000 300.000000 0.072467
382.000000 383.000000 300.000000 0.029043
383.000000 382.000000 300.000000 0.029043
360.000000 384.000000 300.000000 0.022493
384.000000 360.000000 300.000000 0.022493
341.000000 385.000000 300.000000 0.022967
385.000000 341.000000 300.000000 0.022967
386.000000 388.000000 300.000000 0.106783
387.000000 386.000000 300.000000 0.026820
386.000000 387.000000 300.000000 0.026820
387.000000 51.000000 300.000000 0.119160
386.000000 387.000000 300.000000 0.026820
387.000000 386.000000 300.000000 0.026820
388.000000 279.000000 300.000000 0.179083
389.000000 388.000000 300.000000 0.025563
388.000000 389.000000 300.000000 0.025563
388.000000 389.000000 300.000000 0.025563
389.000000 388.000000 300.000000 0.025563
389.000000 387.000000 300.000000 0.107567
150.000000 390.000000 300.000000 0.024127
390.000000 150.000000 300.000000 0.024127
289.000000 391.000000 300.000000 0.017960
391.000000 289.000000 300.000000 0.017960
306.000000 392.000000 300.000000 0.018063
392.000000 306.000000 300.000000 0.018063
344.000000 393.000000 300.000000 0.015637
393.000000 344.000000 300.000000 0.015637
345.000000 394.000000 300.000000 0.026070
394.000000 345.000000 300.000000 0.026070
346.000000 395.000000 300.000000 0.026783
395.000000 346.000000 300.000000 0.026783
348.000000 396.000000 300.000000 0.013377
396.000000 348.000000 300.000000 0.013377
343.000000 397.000000 300.000000 0.016433
397.000000 343.000000 300.000000 0.016433
343.000000 398.000000 300.000000 0.022597
398.000000 343.000000 300.000000 0.022597
344.000000 399.000000 300.000000 0.020620
399.000000 344.000000 300.000000 0.020620
374.000000 400.000000 300.000000 0.025163
400.000000 374.000000 300.000000 0.025163
365.000000 401.000000 300.000000 0.029113
401.000000 365.000000 300.000000 0.029113
347.000000 402.000000 300.000000 0.018507
402.000000 347.000000 300.000000 0.018507
258.000000 404.000000 300.000000 0.021563
404.000000 258.000000 300.000000 0.021563
104.000000 405.000000 300.000000 0.211343
405.000000 104.000000 300.000000 0.211343
309.000000 406.000000 300.000000 0.053480
406.000000 309.000000 300.000000 0.053480
284.000000 407.000000 300.000000 0.018213
407.000000 284.000000 300.000000 0.018213
285.000000 408.000000 300.000000 0.016840
408.000000 285.000000 300.000000 0.016840
175.000000 409.000000 300.000000 0.017410
409.000000 175.000000 300.000000 0.017410
411.000000 410.000000 300.000000 0.016090
410.000000 411.000000 300.000000 0.016090
130.000000 411.000000 300.000000 0.111743
411.000000 130.000000 300.000000 0.111743
7.000000 411.000000 300.000000 0.198200
411.000000 7.000000 300.000000 0.198200
410.000000 411.000000 300.000000 0.016090
411.000000 410.000000 300.000000 0.016090
185.000000 412.000000 300.000000 0.030000
412.000000 185.000000 300.000000 0.030000
220.000000 413.000000 300.000000 0.029297
413.000000 220.000000 300.000000 0.029297
183.000000 414.000000 300.000000 0.026073
414.000000 183.000000 300.000000 0.026073
415.000000 219.000000 300.000000 0.184423
6.000000 415.000000 300.000000 0.808963
415.000000 6.000000 300.000000 0.808963
417.000000 416.000000 300.000000 0.018740
416.000000 417.000000 300.000000 0.018740
28.000000 417.000000 300.000000 0.133857
417.000000 28.000000 300.000000 0.133857
43.000000 417.000000 300.000000 0.208550
417.000000 43.000000 300.000000 0.208550
416.000000 417.000000 300.000000 0.018740
417.000000 416.000000 300.000000 0.018740
179.000000 418.000000 300.000000 0.034983
418.000000 179.000000 300.000000 0.034983
418.000000 418.000000 300.000000 0.500660
418.000000 418.000000 300.000000 0.500660
306.000000 419.000000 300.000000 0.090440
419.000000 306.000000 300.000000 0.090440
374.000000 419.000000 300.000000 0.248920
419.000000 374.000000 300.000000 0.248920
256.000000 419.000000 300.000000 0.348830
419.000000 256.000000 300.000000 0.348830
267.000000 420.000000 300.000000 0.159140
420.000000 267.000000 300.000000 0.159140
269.000000 420.000000 300.000000 0.174717
420.000000 269.000000 300.000000 0.174717
37.000000 420.000000 300.000000 0.339290
420.000000 37.000000 300.000000 0.339290
237.000000 421.000000 300.000000 0.154460
421.000000 237.000000 300.000000 0.154460
20.000000 421.000000 300.000000 0.182450
421.000000 20.000000 300.000000 0.182450
422.000000 421.000000 300.000000 0.034770
421.000000 422.000000 300.000000 0.034770
421.000000 422.000000 300.000000 0.034770
422.000000 421.000000 300.000000 0.034770
423.000000 422.000000 300.000000 0.123120
422.000000 423.000000 300.000000 0.123120
424.000000 422.000000 300.000000 0.066810
422.000000 424.000000 300.000000 0.066810
422.000000 423.000000 300.000000 0.123120
423.000000 422.000000 300.000000 0.123120
422.000000 424.000000 300.000000 0.066810
424.000000 422.000000 300.000000 0.066810
345.000000 425.000000 300.000000 0.097093
425.000000 345.000000 300.000000 0.097093
211.000000 425.000000 300.000000 0.111733
425.000000 211.000000 300.000000 0.111733
344.000000 425.000000 300.000000 0.094230
425.000000 344.000000 300.000000 0.094230
355.000000 426.000000 300.000000 0.107540
426.000000 355.000000 300.000000 0.107540
357.000000 427.000000 300.000000 0.105563
427.000000 357.000000 300.000000 0.105563
354.000000 428.000000 300.000000 0.106047
428.000000 354.000000 300.000000 0.106047
352.000000 429.000000 300.000000 0.018937
429.000000 352.000000 300.000000 0.018937
338.000000 430.000000 300.000000 0.029537
430.000000 338.000000 300.000000 0.029537
158.000000 431.000000 300.000000 0.018783
431.000000 158.000000 300.000000 0.018783
280.000000 432.000000 300.000000 0.023480
432.000000 280.000000 300.000000 0.023480
161.000000 433.000000 300.000000 0.015480
433.000000 161.000000 300.000000 0.015480
