0 341 300.00 0.118253
0 236 300.00 0.507190
341 233 300.00 0.784207
236 235 300.00 0.871160
236 234 300.00 0.215773
1 2 300.00 0.076010
2 61 300.00 0.122753
2 350 300.00 0.229513
61 231 300.00 0.392097
61 283 300.00 0.360223
350 3 300.00 0.155157
3 4 300.00 0.130607
3 262 300.00 0.099397
4 42 300.00 0.323487
262 229 300.00 0.612070
262 4 300.00 0.124093
42 44 300.00 0.072073
42 259 300.00 0.824040
5 41 300.00 0.040017
5 386 300.00 0.494363
41 6 300.00 0.354357
41 350 300.00 0.423463
41 268 300.00 0.963253
386 38 300.00 0.035873
386 385 300.00 0.201160
6 1 300.00 0.416397
6 332 300.00 0.213060
332 347 300.00 0.040573
7 63 300.00 1.069570
7 349 300.00 0.598343
63 348 300.00 0.812880
63 343 300.00 0.611160
349 63 300.00 1.009567
349 387 300.00 0.021217
227 8 300.00 0.308430
227 359 300.00 1.007047
8 227 300.00 0.308430
8 297 300.00 0.381647
297 394 300.00 0.021680
297 272 300.00 1.109670
9 80 300.00 0.224023
80 364 300.00 0.050777
238 10 300.00 0.316447
238 82 300.00 0.429413
238 84 300.00 0.433750
10 238 300.00 0.316447
12 11 300.00 0.582230
12 242 300.00 0.258793
12 24 300.00 0.206873
11 12 300.00 0.582230
11 246 300.00 0.217763
11 25 300.00 0.217947
246 11 300.00 0.217763
246 19 300.00 0.331717
246 245 300.00 0.517247
25 11 300.00 0.217947
25 405 300.00 0.008453
25 257 300.00 0.180233
242 12 300.00 0.258793
242 244 300.00 0.148557
242 245 300.00 0.104887
24 352 300.00 0.340947
24 296 300.00 0.211990
14 13 300.00 0.735683
14 251 300.00 0.246617
13 14 300.00 0.735683
251 250 300.00 0.829317
251 32 300.00 0.173317
16 15 300.00 0.605923
16 381 300.00 0.215343
15 16 300.00 0.605923
381 295 300.00 0.462477
381 14 300.00 0.033093
408 18 300.00 0.066493
408 19 300.00 0.093900
408 407 300.00 0.044953
18 408 300.00 0.066493
19 408 300.00 0.093900
19 246 300.00 0.331717
19 330 300.00 0.295180
19 20 300.00 0.277027
330 19 300.00 0.295180
330 241 300.00 0.207153
330 331 300.00 0.323947
20 19 300.00 0.277027
20 21 300.00 0.165097
20 29 300.00 0.477130
21 20 300.00 0.165097
21 22 300.00 0.094690
21 257 300.00 0.206793
29 20 300.00 0.477130
29 241 300.00 0.092473
22 21 300.00 0.094690
22 255 300.00 0.177933
22 329 300.00 0.481817
257 21 300.00 0.206793
257 25 300.00 0.180233
257 256 300.00 0.265600
255 22 300.00 0.177933
255 256 300.00 0.184587
329 22 300.00 0.481817
329 29 300.00 0.249100
30 23 300.00 0.463417
30 329 300.00 0.242280
23 30 300.00 0.463417
352 24 300.00 0.340947
352 351 300.00 0.235660
352 405 300.00 0.217357
296 27 300.00 0.720733
296 366 300.00 0.455900
296 351 300.00 0.330250
405 25 300.00 0.008453
405 254 300.00 0.261047
405 352 300.00 0.217357
253 26 300.00 0.315397
26 253 300.00 0.315397
26 27 300.00 0.218907
26 250 300.00 0.100293
27 26 300.00 0.218907
27 254 300.00 0.217743
27 31 300.00 0.760440
27 296 300.00 0.720733
250 26 300.00 0.100293
250 252 300.00 0.278147
250 251 300.00 0.829317
254 27 300.00 0.217743
254 405 300.00 0.261047
254 351 300.00 0.226800
31 27 300.00 0.760440
31 325 300.00 0.253187
31 34 300.00 0.328900
331 28 300.00 0.199980
331 35 300.00 0.359403
331 330 300.00 0.323947
28 331 300.00 0.199980
241 330 300.00 0.207153
241 28 300.00 0.314047
325 355 300.00 0.288203
325 30 300.00 0.121557
34 31 300.00 0.328900
32 31 300.00 0.070720
32 247 300.00 0.607363
247 32 300.00 0.607363
247 295 300.00 0.376050
33 338 300.00 0.284800
33 327 300.00 0.342683
338 249 300.00 0.077963
338 344 300.00 0.069130
327 16 300.00 0.046327
35 331 300.00 0.359403
36 40 300.00 0.216807
36 279 300.00 0.274730
40 216 300.00 0.313423
279 36 300.00 0.274730
279 205 300.00 0.392460
279 211 300.00 0.058447
220 37 300.00 0.499953
220 371 300.00 0.285150
220 221 300.00 0.142803
37 220 300.00 0.499953
37 39 300.00 0.361483
39 360 300.00 0.818447
39 36 300.00 0.263130
38 41 300.00 0.476340
360 39 300.00 0.818447
360 223 300.00 0.610360
360 361 300.00 0.250057
216 375 300.00 0.157167
216 218 300.00 0.319470
268 231 300.00 0.247760
268 61 300.00 0.623597
44 5 300.00 0.249213
259 53 300.00 0.571767
259 280 300.00 0.367850
43 46 300.00 0.267620
43 44 300.00 0.664677
46 58 300.00 0.299627
46 386 300.00 0.389567
58 46 300.00 0.299627
58 50 300.00 0.357623
58 51 300.00 0.372213
58 57 300.00 0.322913
49 47 300.00 0.425893
49 52 300.00 0.576860
49 59 300.00 0.359077
47 49 300.00 0.425893
47 377 300.00 0.394040
47 149 300.00 0.356397
377 47 300.00 0.394040
377 370 300.00 0.067387
149 47 300.00 0.356397
149 150 300.00 0.367550
48 380 300.00 0.594267
48 59 300.00 0.308810
380 258 300.00 0.542757
380 280 300.00 0.059130
59 49 300.00 0.359077
59 55 300.00 0.590787
52 49 300.00 0.576860
52 54 300.00 0.164490
52 55 300.00 0.350660
50 58 300.00 0.357623
50 165 300.00 0.325020
165 50 300.00 0.325020
165 57 300.00 0.357640
165 399 300.00 0.335090
165 168 300.00 0.260833
51 58 300.00 0.372213
51 385 300.00 0.105217
51 56 300.00 0.369797
385 51 300.00 0.105217
385 38 300.00 0.223950
56 51 300.00 0.369797
56 274 300.00 0.119033
56 265 300.00 0.033500
54 52 300.00 0.164490
54 399 300.00 0.027570
54 155 300.00 0.342563
55 52 300.00 0.350660
55 380 300.00 0.308387
55 57 300.00 0.532997
280 53 300.00 0.238583
280 392 300.00 0.666257
53 280 300.00 0.238583
53 259 300.00 0.571767
53 260 300.00 0.900857
260 53 300.00 0.900857
399 54 300.00 0.027570
399 165 300.00 0.335090
399 398 300.00 0.212550
155 54 300.00 0.342563
155 150 300.00 0.576463
155 156 300.00 0.223130
57 55 300.00 0.532997
57 58 300.00 0.322913
57 165 300.00 0.357640
57 258 300.00 0.307170
274 273 300.00 0.769140
274 50 300.00 0.236910
265 56 300.00 0.033500
265 178 300.00 0.236387
265 275 300.00 0.627487
258 57 300.00 0.307170
258 43 300.00 0.039757
152 60 300.00 0.169270
152 154 300.00 0.291237
152 161 300.00 0.468960
60 152 300.00 0.169270
60 153 300.00 0.374090
153 60 300.00 0.374090
153 151 300.00 0.270797
153 159 300.00 0.180357
231 293 300.00 0.307757
231 232 300.00 0.359567
283 232 300.00 0.388320
96 62 300.00 0.342997
96 92 300.00 0.267107
96 93 300.00 0.325527
96 99 300.00 0.217283
62 96 300.00 0.342997
62 102 300.00 0.204690
102 99 300.00 0.368510
102 285 300.00 0.151697
348 63 300.00 0.812880
343 94 300.00 0.133260
64 117 300.00 0.430897
117 353 300.00 0.326197
117 364 300.00 0.141637
222 65 300.00 0.404307
222 361 300.00 0.635070
222 223 300.00 0.245007
65 222 300.00 0.404307
65 211 300.00 1.320147
65 275 300.00 2.108027
211 65 300.00 1.320147
211 206 300.00 0.276753
211 279 300.00 0.058447
275 65 300.00 2.108027
275 6 300.00 1.085053
68 67 300.00 0.233483
68 75 300.00 0.352200
68 70 300.00 0.202577
67 68 300.00 0.233483
67 387 300.00 1.067323
387 0 300.00 0.276677
75 68 300.00 0.352200
75 73 300.00 0.233173
75 76 300.00 0.208103
70 68 300.00 0.202577
70 76 300.00 0.352287
70 71 300.00 0.222257
76 70 300.00 0.352287
76 75 300.00 0.208103
76 77 300.00 0.203910
71 70 300.00 0.222257
71 72 300.00 0.192297
71 74 300.00 0.185467
72 71 300.00 0.192297
74 71 300.00 0.185467
74 77 300.00 0.171833
73 75 300.00 0.233173
73 67 300.00 0.356653
77 74 300.00 0.171833
77 76 300.00 0.203910
77 78 300.00 0.322930
78 77 300.00 0.322930
78 290 300.00 0.643713
78 314 300.00 0.335740
290 78 300.00 0.643713
290 342 300.00 0.194633
314 368 300.00 0.175747
314 373 300.00 0.131813
364 122 300.00 0.141690
81 17 300.00 0.212883
81 82 300.00 0.408197
82 81 300.00 0.408197
82 238 300.00 0.429413
382 84 300.00 0.104780
382 237 300.00 0.290583
382 239 300.00 0.117480
84 382 300.00 0.104780
84 238 300.00 0.433750
363 85 300.00 0.267977
363 245 300.00 0.111120
363 362 300.00 0.251517
85 363 300.00 0.267977
85 239 300.00 0.265497
85 86 300.00 0.246280
85 315 300.00 0.248440
239 85 300.00 0.265497
239 365 300.00 0.192843
239 382 300.00 0.117480
86 85 300.00 0.246280
86 362 300.00 0.263810
86 87 300.00 0.280330
86 266 300.00 0.341190
315 85 300.00 0.248440
362 86 300.00 0.263810
362 244 300.00 0.095180
362 363 300.00 0.251517
87 86 300.00 0.280330
87 365 300.00 0.047867
266 86 300.00 0.341190
266 240 300.00 0.338480
365 87 300.00 0.047867
365 237 300.00 0.083490
365 239 300.00 0.192843
91 88 300.00 0.268440
91 89 300.00 0.355480
91 95 300.00 0.239763
91 93 300.00 0.289830
88 91 300.00 0.268440
88 299 300.00 0.472630
88 90 300.00 0.304353
299 88 300.00 0.472630
90 88 300.00 0.304353
90 93 300.00 0.264460
90 298 300.00 0.115120
90 92 300.00 0.303347
89 91 300.00 0.355480
93 90 300.00 0.264460
93 91 300.00 0.289830
93 96 300.00 0.325527
298 90 300.00 0.115120
92 90 300.00 0.303347
92 96 300.00 0.267107
92 94 300.00 0.306503
95 91 300.00 0.239763
95 99 300.00 0.616787
95 97 300.00 0.149017
95 301 300.00 0.923730
94 92 300.00 0.306503
94 62 300.00 0.262013
99 95 300.00 0.616787
99 96 300.00 0.217283
99 101 300.00 0.149237
99 102 300.00 0.368510
97 95 300.00 0.149017
97 101 300.00 0.619480
97 301 300.00 0.137653
97 103 300.00 0.295497
301 95 300.00 0.923730
301 97 300.00 0.137653
301 300 300.00 0.278987
101 97 300.00 0.619480
101 99 300.00 0.149237
101 285 300.00 0.380073
103 97 300.00 0.295497
103 105 300.00 0.291100
103 300 300.00 0.147543
109 98 300.00 0.347527
109 106 300.00 0.239773
109 110 300.00 0.342910
109 111 300.00 0.143987
98 109 300.00 0.347527
104 100 300.00 0.165237
104 107 300.00 0.124323
104 300 300.00 0.189583
100 104 300.00 0.165237
285 101 300.00 0.380073
285 64 300.00 0.126510
105 103 300.00 0.291100
105 112 300.00 0.253650
105 108 300.00 0.231607
300 103 300.00 0.147543
300 104 300.00 0.189583
300 301 300.00 0.278987
107 104 300.00 0.124323
107 112 300.00 0.494187
107 110 300.00 0.207220
112 105 300.00 0.253650
112 107 300.00 0.494187
112 353 300.00 0.439277
108 105 300.00 0.231607
106 109 300.00 0.239773
110 107 300.00 0.207220
110 109 300.00 0.342910
110 113 300.00 0.148677
110 115 300.00 0.467020
111 109 300.00 0.143987
111 116 300.00 0.274503
111 114 300.00 0.583797
113 110 300.00 0.148677
113 111 300.00 0.332463
113 118 300.00 0.267980
115 110 300.00 0.467020
115 120 300.00 0.265447
115 113 300.00 0.341090
116 114 300.00 0.327723
116 118 300.00 0.337387
116 121 300.00 0.256840
114 111 300.00 0.583797
114 116 300.00 0.327723
114 119 300.00 0.254033
353 112 300.00 0.439277
353 117 300.00 0.326197
353 308 300.00 0.306763
118 113 300.00 0.267980
118 116 300.00 0.337387
118 120 300.00 0.337503
118 123 300.00 0.255817
119 114 300.00 0.254033
119 321 300.00 0.187847
119 121 300.00 0.338977
120 115 300.00 0.265447
120 118 300.00 0.337503
120 124 300.00 0.258433
121 119 300.00 0.338977
121 123 300.00 0.334313
121 354 300.00 0.213643
123 118 300.00 0.255817
123 121 300.00 0.334313
123 124 300.00 0.333753
123 127 300.00 0.277920
321 119 300.00 0.187847
124 120 300.00 0.258433
124 123 300.00 0.333753
124 129 300.00 0.278127
354 321 300.00 0.338157
354 367 300.00 0.064727
122 308 300.00 0.323937
122 312 300.00 0.258270
308 396 300.00 0.159663
308 353 300.00 0.306763
308 311 300.00 0.266067
312 310 300.00 0.272657
127 123 300.00 0.277920
127 131 300.00 0.281723
127 129 300.00 0.322913
129 124 300.00 0.278127
129 134 300.00 0.256083
129 306 300.00 0.354463
126 125 300.00 0.095423
126 132 300.00 0.354243
126 128 300.00 0.348527
125 126 300.00 0.095423
132 126 300.00 0.354243
132 135 300.00 0.340777
132 140 300.00 0.353087
132 304 300.00 0.181100
128 126 300.00 0.348527
128 130 300.00 0.332170
128 302 300.00 0.304770
128 135 300.00 0.353607
131 127 300.00 0.281723
131 130 300.00 0.332423
131 139 300.00 0.354197
131 134 300.00 0.327170
130 128 300.00 0.332170
130 138 300.00 0.346477
130 131 300.00 0.332423
130 302 300.00 0.601120
302 128 300.00 0.304770
302 130 300.00 0.601120
302 303 300.00 0.295410
135 128 300.00 0.353607
135 132 300.00 0.340777
135 138 300.00 0.337733
135 141 300.00 0.350010
134 129 300.00 0.256083
134 131 300.00 0.327170
134 136 300.00 0.339050
134 409 300.00 0.362873
306 136 300.00 0.240050
306 133 300.00 0.337740
138 130 300.00 0.346477
138 135 300.00 0.337733
138 139 300.00 0.328783
138 142 300.00 0.361707
139 131 300.00 0.354197
139 138 300.00 0.328783
139 409 300.00 0.332897
139 144 300.00 0.354247
140 132 300.00 0.353087
140 141 300.00 0.342360
140 145 300.00 0.356550
304 132 300.00 0.181100
309 133 300.00 0.270213
309 311 300.00 0.258630
309 310 300.00 0.328763
133 309 300.00 0.270213
133 137 300.00 0.393280
137 333 300.00 0.050033
136 134 300.00 0.339050
136 306 300.00 0.240050
136 305 300.00 0.450327
409 134 300.00 0.362873
409 139 300.00 0.332897
409 316 300.00 0.008217
141 135 300.00 0.350010
141 140 300.00 0.342360
141 142 300.00 0.339817
141 388 300.00 0.176523
305 136 300.00 0.450327
305 143 300.00 0.171417
305 316 300.00 0.126647
333 9 300.00 0.714980
142 138 300.00 0.361707
142 141 300.00 0.339817
142 144 300.00 0.331403
142 356 300.00 0.346353
144 139 300.00 0.354247
144 142 300.00 0.331403
144 146 300.00 0.067883
145 140 300.00 0.356550
145 147 300.00 0.343083
145 148 300.00 0.549657
388 141 300.00 0.176523
388 147 300.00 0.173993
388 389 300.00 0.154817
356 142 300.00 0.346353
356 147 300.00 0.337847
356 357 300.00 0.051007
146 143 300.00 0.455303
146 144 300.00 0.067883
146 357 300.00 0.396517
143 146 300.00 0.455303
143 316 300.00 0.116107
143 305 300.00 0.171417
316 143 300.00 0.116107
316 305 300.00 0.126647
316 409 300.00 0.008217
147 145 300.00 0.343083
147 388 300.00 0.173993
147 356 300.00 0.337847
147 148 300.00 0.683143
148 145 300.00 0.549657
148 147 300.00 0.683143
357 146 300.00 0.396517
357 307 300.00 0.126707
357 356 300.00 0.051007
150 149 300.00 0.367550
150 151 300.00 0.229220
150 155 300.00 0.576463
151 150 300.00 0.229220
151 153 300.00 0.270797
151 157 300.00 0.384977
157 151 300.00 0.384977
157 156 300.00 0.070053
157 158 300.00 0.330997
154 152 300.00 0.291237
154 163 300.00 0.368713
154 162 300.00 0.330663
161 152 300.00 0.468960
161 159 300.00 0.157250
161 162 300.00 0.255363
159 153 300.00 0.180357
159 158 300.00 0.042663
159 161 300.00 0.157250
163 154 300.00 0.368713
163 171 300.00 0.274050
163 167 300.00 0.153617
162 154 300.00 0.330663
162 161 300.00 0.255363
162 164 300.00 0.103283
162 169 300.00 0.350473
156 155 300.00 0.223130
156 157 300.00 0.070053
156 160 300.00 0.183607
160 156 300.00 0.183607
160 166 300.00 0.245013
160 168 300.00 0.507470
158 157 300.00 0.330997
158 159 300.00 0.042663
158 166 300.00 0.491977
166 158 300.00 0.491977
166 160 300.00 0.245013
166 172 300.00 0.441023
166 173 300.00 0.356647
168 160 300.00 0.507470
168 165 300.00 0.260833
168 273 300.00 0.034060
164 162 300.00 0.103283
164 167 300.00 0.267177
164 170 300.00 0.210723
169 162 300.00 0.350473
169 175 300.00 0.285660
169 173 300.00 0.441633
171 163 300.00 0.274050
171 369 300.00 0.014447
167 163 300.00 0.153617
167 164 300.00 0.267177
170 164 300.00 0.210723
170 167 300.00 0.175103
170 277 300.00 0.379960
172 166 300.00 0.441023
172 174 300.00 0.099770
172 273 300.00 0.158340
172 178 300.00 0.665737
173 166 300.00 0.356647
173 169 300.00 0.441633
173 177 300.00 0.293890
173 181 300.00 0.680773
273 168 300.00 0.034060
273 172 300.00 0.158340
273 274 300.00 0.769140
175 169 300.00 0.285660
175 170 300.00 0.419553
175 185 300.00 0.657637
277 170 300.00 0.379960
277 180 300.00 0.331137
277 276 300.00 0.421277
369 171 300.00 0.014447
369 276 300.00 0.153543
174 172 300.00 0.099770
178 172 300.00 0.665737
178 265 300.00 0.236387
178 187 300.00 0.632270
177 173 300.00 0.293890
177 179 300.00 0.141963
177 175 300.00 0.433613
181 173 300.00 0.680773
181 177 300.00 0.411810
185 175 300.00 0.657637
185 196 300.00 0.935193
185 193 300.00 0.310940
176 278 300.00 0.229673
176 276 300.00 0.378873
176 182 300.00 0.312647
278 180 300.00 0.281647
278 374 300.00 0.302227
276 176 300.00 0.378873
276 369 300.00 0.153543
276 277 300.00 0.421277
182 176 300.00 0.312647
182 183 300.00 0.039570
182 184 300.00 0.297800
179 177 300.00 0.141963
187 178 300.00 0.632270
187 181 300.00 0.394650
187 188 300.00 0.119033
180 185 300.00 0.421947
180 189 300.00 0.298597
180 277 300.00 0.331137
189 180 300.00 0.298597
189 374 300.00 0.285177
189 193 300.00 0.409567
189 194 300.00 0.181883
183 182 300.00 0.039570
183 186 300.00 0.169707
184 182 300.00 0.297800
184 374 300.00 0.027650
184 190 300.00 0.190350
186 183 300.00 0.169707
186 190 300.00 0.371687
374 184 300.00 0.027650
374 189 300.00 0.285177
374 278 300.00 0.302227
190 184 300.00 0.190350
190 186 300.00 0.371687
190 194 300.00 0.306803
196 188 300.00 0.512720
196 206 300.00 0.627613
193 185 300.00 0.310940
193 189 300.00 0.409567
193 200 300.00 0.245343
188 187 300.00 0.119033
188 195 300.00 0.264507
188 196 300.00 0.512720
195 188 300.00 0.264507
195 191 300.00 0.143757
195 198 300.00 0.176447
195 201 300.00 0.234987
194 189 300.00 0.181883
194 190 300.00 0.306803
194 203 300.00 0.322527
191 195 300.00 0.143757
286 192 300.00 0.080567
286 402 300.00 0.238960
192 286 300.00 0.080567
200 193 300.00 0.245343
200 199 300.00 0.154473
200 205 300.00 0.130933
200 206 300.00 0.590670
203 194 300.00 0.322527
203 379 300.00 0.128517
203 378 300.00 0.208740
198 195 300.00 0.176447
201 195 300.00 0.234987
201 197 300.00 0.133420
201 202 300.00 0.059063
206 196 300.00 0.627613
206 200 300.00 0.590670
206 211 300.00 0.276753
197 201 300.00 0.133420
199 200 300.00 0.154473
205 200 300.00 0.130933
205 210 300.00 0.134130
205 279 300.00 0.392460
202 201 300.00 0.059063
202 208 300.00 0.293180
202 207 300.00 0.218800
208 202 300.00 0.293180
207 202 300.00 0.218800
379 203 300.00 0.128517
379 287 300.00 0.214323
379 378 300.00 0.059523
378 203 300.00 0.208740
378 288 300.00 0.211603
378 379 300.00 0.059523
209 204 300.00 0.144273
209 376 300.00 0.223570
209 214 300.00 0.314260
204 209 300.00 0.144273
210 205 300.00 0.134130
376 209 300.00 0.223570
376 213 300.00 0.217290
376 400 300.00 0.154497
214 209 300.00 0.314260
214 215 300.00 0.443903
213 212 300.00 0.147053
213 376 300.00 0.217290
213 390 300.00 0.223140
213 215 300.00 0.306243
212 213 300.00 0.147053
390 213 300.00 0.223140
390 375 300.00 0.212053
390 391 300.00 0.154223
215 213 300.00 0.306243
215 214 300.00 0.443903
215 218 300.00 0.466553
218 215 300.00 0.466553
375 216 300.00 0.157167
375 390 300.00 0.212053
375 401 300.00 0.159920
281 217 300.00 0.147897
281 221 300.00 0.404613
217 281 300.00 0.147897
217 37 300.00 0.178223
219 217 300.00 0.279053
371 220 300.00 0.285150
221 220 300.00 0.142803
221 281 300.00 0.404613
221 224 300.00 0.423740
224 221 300.00 0.423740
224 320 300.00 0.115147
224 318 300.00 0.526837
361 222 300.00 0.635070
361 282 300.00 0.206850
361 360 300.00 0.250057
223 222 300.00 0.245007
223 317 300.00 0.685990
223 360 300.00 0.610360
317 223 300.00 0.685990
317 318 300.00 0.310753
320 224 300.00 0.115147
318 224 300.00 0.526837
318 317 300.00 0.310753
318 319 300.00 0.352887
383 225 300.00 0.129280
225 383 300.00 0.129280
263 226 300.00 0.268400
263 229 300.00 0.592117
263 264 300.00 0.322823
226 263 300.00 0.268400
226 284 300.00 0.563460
284 226 300.00 0.563460
284 264 300.00 0.310880
359 227 300.00 1.007047
359 230 300.00 0.363667
384 228 300.00 0.302067
228 384 300.00 0.302067
228 358 300.00 0.103760
358 284 300.00 0.155667
358 8 300.00 0.132310
261 229 300.00 0.213213
261 5 300.00 0.953240
229 261 300.00 0.213213
229 262 300.00 0.612070
229 263 300.00 0.592117
230 345 300.00 0.500227
345 264 300.00 0.187380
345 228 300.00 0.037653
293 230 300.00 0.053020
293 294 300.00 0.346583
232 294 300.00 0.301883
294 359 300.00 0.038080
233 283 300.00 0.124200
233 1 300.00 0.282890
233 332 300.00 0.402843
235 234 300.00 0.682397
235 252 300.00 0.244750
235 236 300.00 0.871160
234 235 300.00 0.682397
234 33 300.00 0.464443
252 235 300.00 0.244750
252 250 300.00 0.278147
252 406 300.00 0.339123
269 237 300.00 0.418777
269 270 300.00 0.314737
237 269 300.00 0.418777
237 365 300.00 0.083490
237 382 300.00 0.290583
244 240 300.00 0.342050
244 242 300.00 0.148557
244 362 300.00 0.095180
240 244 300.00 0.342050
240 243 300.00 0.270077
243 12 300.00 0.484313
243 366 300.00 0.378600
245 242 300.00 0.104887
245 363 300.00 0.111120
245 246 300.00 0.517247
366 337 300.00 0.487653
295 247 300.00 0.376050
295 328 300.00 0.257023
295 381 300.00 0.462477
271 248 300.00 0.201170
248 271 300.00 0.201170
248 322 300.00 0.330617
322 248 300.00 0.330617
322 323 300.00 0.257603
249 344 300.00 0.091033
344 339 300.00 0.126270
406 252 300.00 0.339123
351 254 300.00 0.226800
351 296 300.00 0.330250
351 352 300.00 0.235660
256 254 300.00 0.189387
256 257 300.00 0.265600
264 263 300.00 0.322823
264 291 300.00 0.644110
264 345 300.00 0.187380
291 268 300.00 0.085387
291 261 300.00 0.096463
267 0 300.00 0.944557
270 269 300.00 0.314737
272 393 300.00 0.095560
272 346 300.00 0.093417
393 404 300.00 0.020883
392 260 300.00 0.165527
392 292 300.00 0.184493
282 361 300.00 0.206850
402 286 300.00 0.238960
402 287 300.00 0.239673
402 403 300.00 0.150067
287 379 300.00 0.214323
287 288 300.00 0.017957
287 402 300.00 0.239673
288 287 300.00 0.017957
288 378 300.00 0.211603
288 289 300.00 0.087130
289 288 300.00 0.087130
342 73 300.00 0.167140
342 343 300.00 0.051933
292 48 300.00 0.230190
328 249 300.00 0.056250
328 327 300.00 0.378677
394 297 300.00 0.021680
394 284 300.00 0.393267
303 302 300.00 0.295410
307 357 300.00 0.126707
396 395 300.00 0.147437
396 115 300.00 0.469327
311 308 300.00 0.266067
311 309 300.00 0.258630
311 312 300.00 0.317393
310 309 300.00 0.328763
310 137 300.00 0.276987
373 313 300.00 0.518597
373 314 300.00 0.131813
373 372 300.00 0.171360
313 373 300.00 0.518597
313 290 300.00 0.334960
368 79 300.00 0.076330
319 318 300.00 0.352887
323 322 300.00 0.257603
355 325 300.00 0.288203
355 326 300.00 0.108737
326 355 300.00 0.108737
347 275 300.00 1.168653
347 7 300.00 0.280200
334 335 300.00 0.288580
335 45 300.00 0.113883
335 336 300.00 0.171063
336 45 300.00 0.111817
337 267 300.00 0.748947
339 340 300.00 0.054550
340 33 300.00 0.186093
340 341 300.00 1.377740
367 127 300.00 0.325353
370 377 300.00 0.067387
372 373 300.00 0.171360
401 375 300.00 0.159920
400 376 300.00 0.154497
389 388 300.00 0.154817
391 390 300.00 0.154223
404 393 300.00 0.020883
404 397 300.00 0.096560
395 396 300.00 0.147437
397 272 300.00 0.022077
397 394 300.00 1.109707
398 399 300.00 0.212550
403 402 300.00 0.150067
407 408 300.00 0.044953
