0 100 300.00 0.244563
0 27 300.00 0.344453
100 99 300.00 0.230640
100 43 300.00 0.434240
27 32 300.00 0.039883
27 28 300.00 0.294417
1 105 300.00 0.031960
1 118 300.00 0.344290
105 104 300.00 0.028620
118 117 300.00 0.034963
130 2 300.00 0.012677
130 121 300.00 0.185587
130 124 300.00 0.124493
2 130 300.00 0.012677
2 12 300.00 0.225637
12 11 300.00 0.348140
12 10 300.00 0.249827
3 2 300.00 0.404660
3 118 300.00 0.513397
4 116 300.00 0.373280
116 9 300.00 0.304003
116 80 300.00 0.452007
5 87 300.00 0.063637
87 72 300.00 0.102010
87 8 300.00 0.220900
6 7 300.00 0.370653
6 20 300.00 0.406560
7 5 300.00 0.249023
7 44 300.00 0.239503
7 101 300.00 0.222973
20 21 300.00 0.396723
20 37 300.00 0.271007
44 7 300.00 0.239503
44 45 300.00 0.400320
44 20 300.00 0.334727
101 7 300.00 0.222973
101 15 300.00 0.268163
8 72 300.00 0.198757
8 107 300.00 0.060677
72 69 300.00 0.399597
72 44 300.00 0.275760
72 87 300.00 0.102010
107 8 300.00 0.060677
9 102 300.00 0.165423
9 80 300.00 0.249663
102 98 300.00 0.101463
102 10 300.00 0.228833
102 97 300.00 0.441063
80 9 300.00 0.249663
80 11 300.00 0.037797
10 133 300.00 0.431717
133 111 300.00 0.197633
133 17 300.00 0.009493
11 12 300.00 0.348140
11 121 300.00 0.246730
121 130 300.00 0.185587
121 1 300.00 0.592190
97 13 300.00 0.039487
13 97 300.00 0.039487
13 17 300.00 0.215880
17 13 300.00 0.215880
14 122 300.00 0.288463
14 56 300.00 0.402157
56 73 300.00 0.409120
56 60 300.00 0.176617
15 101 300.00 0.268163
16 119 300.00 0.261767
119 120 300.00 0.193973
119 5 300.00 0.182037
18 6 300.00 0.109260
19 18 300.00 0.300423
19 35 300.00 0.274453
21 75 300.00 0.818413
21 38 300.00 0.271037
21 139 300.00 0.170600
37 71 300.00 0.031967
75 22 300.00 0.048030
75 24 300.00 0.347657
38 21 300.00 0.271037
38 37 300.00 0.390170
38 42 300.00 0.266810
139 138 300.00 0.099503
139 45 300.00 0.167160
22 25 300.00 0.267840
25 26 300.00 0.044627
25 0 300.00 0.266807
23 22 300.00 0.351553
45 24 300.00 0.826907
45 44 300.00 0.400320
45 136 300.00 0.138667
24 45 300.00 0.826907
24 106 300.00 0.361653
106 90 300.00 0.027353
106 109 300.00 0.178243
26 38 300.00 0.820023
26 75 300.00 0.269733
32 55 300.00 0.761833
32 76 300.00 0.339500
28 29 300.00 0.201090
28 140 300.00 0.712157
29 30 300.00 0.254803
30 79 300.00 0.021350
30 114 300.00 0.443413
79 31 300.00 0.354423
114 113 300.00 0.028130
114 115 300.00 0.021857
31 77 300.00 0.043233
77 47 300.00 0.357200
77 78 300.00 0.375143
55 42 300.00 0.333873
55 54 300.00 0.406523
55 58 300.00 0.298880
76 0 300.00 0.041793
76 26 300.00 0.268623
33 28 300.00 0.041390
33 32 300.00 0.299650
34 83 300.00 0.314260
34 33 300.00 0.197717
83 82 300.00 0.256853
83 63 300.00 0.442153
36 35 300.00 0.405063
36 40 300.00 0.269873
36 6 300.00 0.273007
40 36 300.00 0.269873
40 41 300.00 0.369403
40 52 300.00 0.328453
71 36 300.00 0.386197
42 38 300.00 0.266810
42 76 300.00 0.793830
42 55 300.00 0.333873
39 125 300.00 0.519927
39 43 300.00 0.264340
125 25 300.00 0.133153
125 135 300.00 0.022337
43 46 300.00 0.343947
41 42 300.00 0.441480
41 71 300.00 0.270667
52 40 300.00 0.328453
52 51 300.00 0.395560
46 27 300.00 0.711180
46 140 300.00 0.299783
136 69 300.00 0.132090
136 137 300.00 0.139323
47 48 300.00 0.196900
48 74 300.00 0.370780
48 49 300.00 0.209190
74 68 300.00 0.208600
49 50 300.00 0.404153
50 66 300.00 0.357817
66 62 300.00 0.255863
66 67 300.00 0.403487
51 122 300.00 0.403820
51 56 300.00 0.295633
53 52 300.00 0.380500
53 41 300.00 0.329917
54 53 300.00 0.032550
58 55 300.00 0.298880
58 33 300.00 0.755813
58 63 300.00 0.188103
73 61 300.00 0.181300
73 57 300.00 0.404173
60 64 300.00 0.259587
60 59 300.00 0.404573
57 85 300.00 0.108217
57 54 300.00 0.298580
85 84 300.00 0.186543
85 58 300.00 0.296493
63 58 300.00 0.188103
63 84 300.00 0.294930
63 67 300.00 0.255313
59 14 300.00 0.174653
64 65 300.00 0.405050
61 73 300.00 0.181300
61 60 300.00 0.410010
62 57 300.00 0.187753
62 61 300.00 0.403770
84 62 300.00 0.108563
84 85 300.00 0.186543
67 63 300.00 0.255313
67 74 300.00 0.198410
67 49 300.00 0.368590
65 66 300.00 0.412420
68 47 300.00 0.374247
68 82 300.00 0.030323
82 83 300.00 0.256853
82 78 300.00 0.319303
69 70 300.00 0.235493
69 88 300.00 0.445140
69 72 300.00 0.399597
70 108 300.00 0.355167
88 69 300.00 0.445140
88 89 300.00 0.133843
108 107 300.00 0.038690
78 30 300.00 0.042490
78 34 300.00 0.256040
89 110 300.00 0.119653
110 109 300.00 0.026207
110 90 300.00 0.176880
90 126 300.00 0.182940
126 127 300.00 0.165183
126 141 300.00 0.115790
91 123 300.00 0.684620
91 89 300.00 0.358193
123 70 300.00 0.190027
123 108 300.00 0.389963
92 23 300.00 0.384370
92 95 300.00 0.147933
95 92 300.00 0.147933
95 93 300.00 0.307713
95 132 300.00 0.142923
93 95 300.00 0.307713
93 94 300.00 0.360360
94 93 300.00 0.360360
94 96 300.00 0.230377
96 128 300.00 0.073643
96 131 300.00 0.124470
132 95 300.00 0.142923
128 129 300.00 0.260600
128 104 300.00 0.227927
131 96 300.00 0.124470
98 102 300.00 0.101463
99 100 300.00 0.230640
104 141 300.00 0.032907
104 129 300.00 0.084297
141 1 300.00 0.032807
141 127 300.00 0.096213
129 92 300.00 0.213660
109 110 300.00 0.026207
109 88 300.00 0.236597
111 133 300.00 0.197633
112 115 300.00 0.027763
112 113 300.00 0.021770
115 114 300.00 0.021857
115 79 300.00 0.443993
113 112 300.00 0.021770
117 105 300.00 0.335473
120 119 300.00 0.193973
124 130 300.00 0.124493
135 125 300.00 0.022337
127 91 300.00 0.064387
134 94 300.00 0.048703
137 136 300.00 0.139323
138 139 300.00 0.099503
