0.000000 190.000000 300.000000 0.021937
108.000000 0.000000 300.000000 0.500007
0.000000 108.000000 300.000000 0.500007
1.000000 97.000000 300.000000 0.407367
1.000000 102.000000 300.000000 0.427317
2.000000 156.000000 300.000000 0.319130
96.000000 2.000000 300.000000 0.263073
2.000000 96.000000 300.000000 0.263073
3.000000 179.000000 300.000000 0.622027
3.000000 2.000000 300.000000 0.774437
4.000000 183.000000 300.000000 0.023517
4.000000 3.000000 300.000000 0.546193
142.000000 5.000000 300.000000 0.247080
5.000000 142.000000 300.000000 0.247080
5.000000 176.000000 300.000000 0.306157
6.000000 5.000000 300.000000 0.313080
6.000000 107.000000 300.000000 0.473627
70.000000 8.000000 300.000000 0.108017
8.000000 70.000000 300.000000 0.108017
63.000000 8.000000 300.000000 0.221247
8.000000 63.000000 300.000000 0.221247
8.000000 211.000000 300.000000 0.237583
64.000000 8.000000 300.000000 0.477343
8.000000 64.000000 300.000000 0.477343
81.000000 10.000000 300.000000 0.204040
10.000000 81.000000 300.000000 0.204040
105.000000 10.000000 300.000000 0.183523
10.000000 105.000000 300.000000 0.183523
118.000000 10.000000 300.000000 0.218843
10.000000 118.000000 300.000000 0.218843
118.000000 11.000000 300.000000 0.181903
11.000000 118.000000 300.000000 0.181903
117.000000 11.000000 300.000000 0.217197
11.000000 117.000000 300.000000 0.217197
179.000000 11.000000 300.000000 0.330870
11.000000 179.000000 300.000000 0.330870
107.000000 12.000000 300.000000 0.282287
12.000000 107.000000 300.000000 0.282287
22.000000 13.000000 300.000000 0.264040
13.000000 22.000000 300.000000 0.264040
204.000000 13.000000 300.000000 0.033400
13.000000 204.000000 300.000000 0.033400
174.000000 14.000000 300.000000 0.186520
14.000000 174.000000 300.000000 0.186520
41.000000 14.000000 300.000000 0.938167
14.000000 41.000000 300.000000 0.938167
15.000000 124.000000 300.000000 0.058580
41.000000 15.000000 300.000000 0.370647
15.000000 41.000000 300.000000 0.370647
17.000000 16.000000 300.000000 0.212163
16.000000 17.000000 300.000000 0.212163
16.000000 17.000000 300.000000 0.212163
17.000000 16.000000 300.000000 0.212163
18.000000 4.000000 300.000000 0.443690
18.000000 179.000000 300.000000 0.537187
19.000000 143.000000 300.000000 0.182183
19.000000 18.000000 300.000000 0.289210
146.000000 19.000000 300.000000 0.146837
19.000000 146.000000 300.000000 0.146837
75.000000 20.000000 300.000000 0.013683
20.000000 75.000000 300.000000 0.013683
135.000000 20.000000 300.000000 0.078750
20.000000 135.000000 300.000000 0.078750
123.000000 20.000000 300.000000 0.187447
20.000000 123.000000 300.000000 0.187447
43.000000 21.000000 300.000000 0.126883
21.000000 43.000000 300.000000 0.126883
13.000000 22.000000 300.000000 0.264040
22.000000 13.000000 300.000000 0.264040
23.000000 22.000000 300.000000 0.268107
22.000000 23.000000 300.000000 0.268107
24.000000 23.000000 300.000000 0.263373
23.000000 24.000000 300.000000 0.263373
22.000000 23.000000 300.000000 0.268107
23.000000 22.000000 300.000000 0.268107
23.000000 24.000000 300.000000 0.263373
24.000000 23.000000 300.000000 0.263373
26.000000 25.000000 300.000000 0.261607
25.000000 26.000000 300.000000 0.261607
25.000000 53.000000 300.000000 0.186247
54.000000 26.000000 300.000000 0.184577
26.000000 54.000000 300.000000 0.184577
173.000000 26.000000 300.000000 0.305273
26.000000 173.000000 300.000000 0.305273
25.000000 26.000000 300.000000 0.261607
26.000000 25.000000 300.000000 0.261607
27.000000 121.000000 300.000000 0.120520
27.000000 40.000000 300.000000 0.294823
28.000000 29.000000 300.000000 0.255987
114.000000 28.000000 300.000000 0.404270
28.000000 114.000000 300.000000 0.404270
29.000000 41.000000 300.000000 0.217530
112.000000 29.000000 300.000000 0.237523
29.000000 112.000000 300.000000 0.237523
110.000000 29.000000 300.000000 0.394103
29.000000 110.000000 300.000000 0.394103
81.000000 30.000000 300.000000 0.402060
30.000000 81.000000 300.000000 0.402060
36.000000 30.000000 300.000000 0.409923
30.000000 36.000000 300.000000 0.409923
30.000000 37.000000 300.000000 0.186960
31.000000 16.000000 300.000000 0.288073
32.000000 212.000000 300.000000 0.147423
115.000000 32.000000 300.000000 0.147200
32.000000 115.000000 300.000000 0.147200
33.000000 30.000000 300.000000 0.388863
115.000000 33.000000 300.000000 0.261910
33.000000 115.000000 300.000000 0.261910
104.000000 35.000000 300.000000 0.288530
35.000000 104.000000 300.000000 0.288530
83.000000 35.000000 300.000000 0.292083
35.000000 83.000000 300.000000 0.292083
35.000000 27.000000 300.000000 0.410080
30.000000 36.000000 300.000000 0.409923
36.000000 30.000000 300.000000 0.409923
36.000000 116.000000 300.000000 0.149350
37.000000 104.000000 300.000000 0.404710
37.000000 27.000000 300.000000 0.284883
63.000000 38.000000 300.000000 0.134780
38.000000 63.000000 300.000000 0.134780
56.000000 38.000000 300.000000 0.200653
38.000000 56.000000 300.000000 0.200653
39.000000 35.000000 300.000000 0.200060
106.000000 39.000000 300.000000 0.291260
39.000000 106.000000 300.000000 0.291260
105.000000 39.000000 300.000000 0.289453
39.000000 105.000000 300.000000 0.289453
122.000000 40.000000 300.000000 0.122077
40.000000 122.000000 300.000000 0.122077
83.000000 40.000000 300.000000 0.406530
40.000000 83.000000 300.000000 0.406530
40.000000 31.000000 300.000000 0.296307
15.000000 41.000000 300.000000 0.370647
41.000000 15.000000 300.000000 0.370647
14.000000 41.000000 300.000000 0.938167
41.000000 14.000000 300.000000 0.938167
41.000000 38.000000 300.000000 0.225780
45.000000 43.000000 300.000000 0.103563
43.000000 45.000000 300.000000 0.103563
21.000000 43.000000 300.000000 0.126883
43.000000 21.000000 300.000000 0.126883
151.000000 44.000000 300.000000 0.300537
44.000000 151.000000 300.000000 0.300537
148.000000 44.000000 300.000000 0.414177
44.000000 148.000000 300.000000 0.414177
43.000000 45.000000 300.000000 0.103563
45.000000 43.000000 300.000000 0.103563
47.000000 45.000000 300.000000 0.190313
45.000000 47.000000 300.000000 0.190313
48.000000 46.000000 300.000000 0.163937
46.000000 48.000000 300.000000 0.163937
47.000000 46.000000 300.000000 0.397653
46.000000 47.000000 300.000000 0.397653
49.000000 47.000000 300.000000 0.168613
47.000000 49.000000 300.000000 0.168613
46.000000 47.000000 300.000000 0.397653
47.000000 46.000000 300.000000 0.397653
45.000000 47.000000 300.000000 0.190313
47.000000 45.000000 300.000000 0.190313
52.000000 48.000000 300.000000 0.167480
48.000000 52.000000 300.000000 0.167480
46.000000 48.000000 300.000000 0.163937
48.000000 46.000000 300.000000 0.163937
49.000000 48.000000 300.000000 0.391783
48.000000 49.000000 300.000000 0.391783
47.000000 49.000000 300.000000 0.168613
49.000000 47.000000 300.000000 0.168613
48.000000 49.000000 300.000000 0.391783
49.000000 48.000000 300.000000 0.391783
55.000000 49.000000 300.000000 0.171567
49.000000 55.000000 300.000000 0.171567
173.000000 50.000000 300.000000 0.095733
50.000000 173.000000 300.000000 0.095733
57.000000 50.000000 300.000000 0.228900
50.000000 57.000000 300.000000 0.228900
53.000000 51.000000 300.000000 0.328703
51.000000 53.000000 300.000000 0.328703
59.000000 51.000000 300.000000 0.410133
51.000000 59.000000 300.000000 0.410133
48.000000 52.000000 300.000000 0.167480
52.000000 48.000000 300.000000 0.167480
56.000000 52.000000 300.000000 0.181953
52.000000 56.000000 300.000000 0.181953
55.000000 52.000000 300.000000 0.385203
52.000000 55.000000 300.000000 0.385203
53.000000 61.000000 300.000000 0.410250
51.000000 53.000000 300.000000 0.328703
53.000000 51.000000 300.000000 0.328703
62.000000 54.000000 300.000000 0.418087
54.000000 62.000000 300.000000 0.418087
26.000000 54.000000 300.000000 0.184577
54.000000 26.000000 300.000000 0.184577
57.000000 54.000000 300.000000 0.403790
54.000000 57.000000 300.000000 0.403790
58.000000 55.000000 300.000000 0.182533
55.000000 58.000000 300.000000 0.182533
49.000000 55.000000 300.000000 0.171567
55.000000 49.000000 300.000000 0.171567
52.000000 55.000000 300.000000 0.385203
55.000000 52.000000 300.000000 0.385203
38.000000 56.000000 300.000000 0.200653
56.000000 38.000000 300.000000 0.200653
52.000000 56.000000 300.000000 0.181953
56.000000 52.000000 300.000000 0.181953
58.000000 56.000000 300.000000 0.379610
56.000000 58.000000 300.000000 0.379610
65.000000 57.000000 300.000000 0.390747
57.000000 65.000000 300.000000 0.390747
50.000000 57.000000 300.000000 0.228900
57.000000 50.000000 300.000000 0.228900
54.000000 57.000000 300.000000 0.403790
57.000000 54.000000 300.000000 0.403790
64.000000 58.000000 300.000000 0.299383
58.000000 64.000000 300.000000 0.299383
55.000000 58.000000 300.000000 0.182533
58.000000 55.000000 300.000000 0.182533
56.000000 58.000000 300.000000 0.379610
58.000000 56.000000 300.000000 0.379610
66.000000 59.000000 300.000000 0.409977
59.000000 66.000000 300.000000 0.409977
152.000000 59.000000 300.000000 0.141380
59.000000 152.000000 300.000000 0.141380
140.000000 59.000000 300.000000 0.100970
59.000000 140.000000 300.000000 0.100970
51.000000 59.000000 300.000000 0.410133
59.000000 51.000000 300.000000 0.410133
152.000000 60.000000 300.000000 0.060057
60.000000 152.000000 300.000000 0.060057
61.000000 60.000000 300.000000 0.151447
60.000000 61.000000 300.000000 0.151447
68.000000 60.000000 300.000000 0.406210
60.000000 68.000000 300.000000 0.406210
60.000000 61.000000 300.000000 0.151447
61.000000 60.000000 300.000000 0.151447
62.000000 61.000000 300.000000 0.261350
61.000000 62.000000 300.000000 0.261350
61.000000 69.000000 300.000000 0.398917
71.000000 62.000000 300.000000 0.397520
62.000000 71.000000 300.000000 0.397520
54.000000 62.000000 300.000000 0.418087
62.000000 54.000000 300.000000 0.418087
61.000000 62.000000 300.000000 0.261350
62.000000 61.000000 300.000000 0.261350
65.000000 62.000000 300.000000 0.372407
62.000000 65.000000 300.000000 0.372407
8.000000 63.000000 300.000000 0.221247
63.000000 8.000000 300.000000 0.221247
38.000000 63.000000 300.000000 0.134780
63.000000 38.000000 300.000000 0.134780
64.000000 63.000000 300.000000 0.314250
63.000000 64.000000 300.000000 0.314250
8.000000 64.000000 300.000000 0.477343
64.000000 8.000000 300.000000 0.477343
58.000000 64.000000 300.000000 0.299383
64.000000 58.000000 300.000000 0.299383
63.000000 64.000000 300.000000 0.314250
64.000000 63.000000 300.000000 0.314250
73.000000 65.000000 300.000000 0.394810
65.000000 73.000000 300.000000 0.394810
57.000000 65.000000 300.000000 0.390747
65.000000 57.000000 300.000000 0.390747
62.000000 65.000000 300.000000 0.372407
65.000000 62.000000 300.000000 0.372407
181.000000 65.000000 300.000000 0.092493
65.000000 181.000000 300.000000 0.092493
59.000000 66.000000 300.000000 0.409977
66.000000 59.000000 300.000000 0.409977
74.000000 66.000000 300.000000 0.408930
66.000000 74.000000 300.000000 0.408930
67.000000 66.000000 300.000000 0.110750
66.000000 67.000000 300.000000 0.110750
68.000000 67.000000 300.000000 0.085833
67.000000 68.000000 300.000000 0.085833
76.000000 67.000000 300.000000 0.403677
67.000000 76.000000 300.000000 0.403677
66.000000 67.000000 300.000000 0.110750
67.000000 66.000000 300.000000 0.110750
67.000000 68.000000 300.000000 0.085833
68.000000 67.000000 300.000000 0.085833
60.000000 68.000000 300.000000 0.406210
68.000000 60.000000 300.000000 0.406210
69.000000 68.000000 300.000000 0.177800
68.000000 69.000000 300.000000 0.177800
71.000000 69.000000 300.000000 0.262840
69.000000 71.000000 300.000000 0.262840
68.000000 69.000000 300.000000 0.177800
69.000000 68.000000 300.000000 0.177800
69.000000 78.000000 300.000000 0.397040
133.000000 70.000000 300.000000 0.106717
70.000000 133.000000 300.000000 0.106717
8.000000 70.000000 300.000000 0.108017
70.000000 8.000000 300.000000 0.108017
132.000000 70.000000 300.000000 0.221237
70.000000 132.000000 300.000000 0.221237
72.000000 71.000000 300.000000 0.133257
71.000000 72.000000 300.000000 0.133257
62.000000 71.000000 300.000000 0.397520
71.000000 62.000000 300.000000 0.397520
69.000000 71.000000 300.000000 0.262840
71.000000 69.000000 300.000000 0.262840
71.000000 72.000000 300.000000 0.133257
72.000000 71.000000 300.000000 0.133257
73.000000 72.000000 300.000000 0.204997
72.000000 73.000000 300.000000 0.204997
80.000000 72.000000 300.000000 0.398823
72.000000 80.000000 300.000000 0.398823
82.000000 73.000000 300.000000 0.391593
73.000000 82.000000 300.000000 0.391593
65.000000 73.000000 300.000000 0.394810
73.000000 65.000000 300.000000 0.394810
72.000000 73.000000 300.000000 0.204997
73.000000 72.000000 300.000000 0.204997
214.000000 73.000000 300.000000 0.098797
73.000000 214.000000 300.000000 0.098797
66.000000 74.000000 300.000000 0.408930
74.000000 66.000000 300.000000 0.408930
76.000000 74.000000 300.000000 0.110453
74.000000 76.000000 300.000000 0.110453
20.000000 75.000000 300.000000 0.013683
75.000000 20.000000 300.000000 0.013683
137.000000 75.000000 300.000000 0.314553
75.000000 137.000000 300.000000 0.314553
77.000000 75.000000 300.000000 0.303990
75.000000 77.000000 300.000000 0.303990
67.000000 76.000000 300.000000 0.403677
76.000000 67.000000 300.000000 0.403677
78.000000 76.000000 300.000000 0.289583
76.000000 78.000000 300.000000 0.289583
74.000000 76.000000 300.000000 0.110453
76.000000 74.000000 300.000000 0.110453
141.000000 77.000000 300.000000 0.318447
77.000000 141.000000 300.000000 0.318447
75.000000 77.000000 300.000000 0.303990
77.000000 75.000000 300.000000 0.303990
79.000000 78.000000 300.000000 0.148033
78.000000 79.000000 300.000000 0.148033
78.000000 154.000000 300.000000 0.275503
76.000000 78.000000 300.000000 0.289583
78.000000 76.000000 300.000000 0.289583
80.000000 79.000000 300.000000 0.194280
79.000000 80.000000 300.000000 0.194280
78.000000 79.000000 300.000000 0.148033
79.000000 78.000000 300.000000 0.148033
87.000000 79.000000 300.000000 0.531283
79.000000 87.000000 300.000000 0.531283
182.000000 79.000000 300.000000 0.234883
79.000000 182.000000 300.000000 0.234883
82.000000 80.000000 300.000000 0.227657
80.000000 82.000000 300.000000 0.227657
79.000000 80.000000 300.000000 0.194280
80.000000 79.000000 300.000000 0.194280
72.000000 80.000000 300.000000 0.398823
80.000000 72.000000 300.000000 0.398823
119.000000 81.000000 300.000000 0.222107
81.000000 119.000000 300.000000 0.222107
104.000000 81.000000 300.000000 0.184897
81.000000 104.000000 300.000000 0.184897
10.000000 81.000000 300.000000 0.204040
81.000000 10.000000 300.000000 0.204040
30.000000 81.000000 300.000000 0.402060
81.000000 30.000000 300.000000 0.402060
203.000000 82.000000 300.000000 0.065840
82.000000 203.000000 300.000000 0.065840
80.000000 82.000000 300.000000 0.227657
82.000000 80.000000 300.000000 0.227657
73.000000 82.000000 300.000000 0.391593
82.000000 73.000000 300.000000 0.391593
106.000000 83.000000 300.000000 0.201740
83.000000 106.000000 300.000000 0.201740
40.000000 83.000000 300.000000 0.406530
83.000000 40.000000 300.000000 0.406530
35.000000 83.000000 300.000000 0.292083
83.000000 35.000000 300.000000 0.292083
85.000000 83.000000 300.000000 0.296603
83.000000 85.000000 300.000000 0.296603
88.000000 84.000000 300.000000 0.918830
84.000000 88.000000 300.000000 0.918830
86.000000 84.000000 300.000000 0.159627
84.000000 86.000000 300.000000 0.159627
139.000000 84.000000 300.000000 1.035830
84.000000 139.000000 300.000000 1.035830
83.000000 85.000000 300.000000 0.296603
85.000000 83.000000 300.000000 0.296603
85.000000 31.000000 300.000000 0.406867
86.000000 74.000000 300.000000 0.308197
89.000000 86.000000 300.000000 0.460463
86.000000 89.000000 300.000000 0.460463
84.000000 86.000000 300.000000 0.159627
86.000000 84.000000 300.000000 0.159627
87.000000 89.000000 300.000000 0.128713
79.000000 87.000000 300.000000 0.531283
87.000000 79.000000 300.000000 0.531283
180.000000 88.000000 300.000000 0.198340
88.000000 180.000000 300.000000 0.198340
138.000000 88.000000 300.000000 0.046223
88.000000 138.000000 300.000000 0.046223
84.000000 88.000000 300.000000 0.918830
88.000000 84.000000 300.000000 0.918830
86.000000 89.000000 300.000000 0.460463
89.000000 86.000000 300.000000 0.460463
94.000000 89.000000 300.000000 0.595750
89.000000 94.000000 300.000000 0.595750
89.000000 93.000000 300.000000 0.305623
93.000000 90.000000 300.000000 0.436767
90.000000 93.000000 300.000000 0.436767
90.000000 86.000000 300.000000 0.522827
92.000000 91.000000 300.000000 0.477910
91.000000 92.000000 300.000000 0.477910
217.000000 92.000000 300.000000 0.266773
92.000000 217.000000 300.000000 0.266773
178.000000 92.000000 300.000000 0.186580
92.000000 178.000000 300.000000 0.186580
91.000000 92.000000 300.000000 0.477910
92.000000 91.000000 300.000000 0.477910
90.000000 93.000000 300.000000 0.436767
93.000000 90.000000 300.000000 0.436767
94.000000 93.000000 300.000000 0.371290
93.000000 94.000000 300.000000 0.371290
93.000000 101.000000 300.000000 0.407800
99.000000 94.000000 300.000000 0.404433
94.000000 99.000000 300.000000 0.404433
89.000000 94.000000 300.000000 0.595750
94.000000 89.000000 300.000000 0.595750
162.000000 94.000000 300.000000 1.677657
94.000000 162.000000 300.000000 1.677657
93.000000 94.000000 300.000000 0.371290
94.000000 93.000000 300.000000 0.371290
217.000000 95.000000 300.000000 0.560897
95.000000 217.000000 300.000000 0.560897
217.000000 96.000000 300.000000 0.012037
96.000000 217.000000 300.000000 0.012037
157.000000 96.000000 300.000000 0.325753
96.000000 157.000000 300.000000 0.325753
2.000000 96.000000 300.000000 0.263073
96.000000 2.000000 300.000000 0.263073
101.000000 97.000000 300.000000 0.424230
97.000000 101.000000 300.000000 0.424230
97.000000 90.000000 300.000000 0.410493
157.000000 98.000000 300.000000 0.266733
98.000000 157.000000 300.000000 0.266733
100.000000 98.000000 300.000000 0.248877
98.000000 100.000000 300.000000 0.248877
201.000000 98.000000 300.000000 0.478347
98.000000 201.000000 300.000000 0.478347
160.000000 99.000000 300.000000 0.164563
99.000000 160.000000 300.000000 0.164563
94.000000 99.000000 300.000000 0.404433
99.000000 94.000000 300.000000 0.404433
101.000000 99.000000 300.000000 0.331433
99.000000 101.000000 300.000000 0.331433
98.000000 100.000000 300.000000 0.248877
100.000000 98.000000 300.000000 0.248877
100.000000 1.000000 300.000000 0.129980
99.000000 101.000000 300.000000 0.331433
101.000000 99.000000 300.000000 0.331433
97.000000 101.000000 300.000000 0.424230
101.000000 97.000000 300.000000 0.424230
101.000000 102.000000 300.000000 0.410267
102.000000 187.000000 300.000000 0.015577
102.000000 103.000000 300.000000 1.620567
103.000000 161.000000 300.000000 0.139037
104.000000 105.000000 300.000000 0.205187
81.000000 104.000000 300.000000 0.184897
104.000000 81.000000 300.000000 0.184897
35.000000 104.000000 300.000000 0.288530
104.000000 35.000000 300.000000 0.288530
105.000000 18.000000 300.000000 0.331283
39.000000 105.000000 300.000000 0.289453
105.000000 39.000000 300.000000 0.289453
10.000000 105.000000 300.000000 0.183523
105.000000 10.000000 300.000000 0.183523
83.000000 106.000000 300.000000 0.201740
106.000000 83.000000 300.000000 0.201740
144.000000 106.000000 300.000000 0.146040
106.000000 144.000000 300.000000 0.146040
220.000000 106.000000 300.000000 0.150297
106.000000 220.000000 300.000000 0.150297
39.000000 106.000000 300.000000 0.291260
106.000000 39.000000 300.000000 0.291260
107.000000 85.000000 300.000000 0.207430
12.000000 107.000000 300.000000 0.282287
107.000000 12.000000 300.000000 0.282287
220.000000 107.000000 300.000000 0.145970
107.000000 220.000000 300.000000 0.145970
172.000000 108.000000 300.000000 0.253283
108.000000 172.000000 300.000000 0.253283
0.000000 108.000000 300.000000 0.500007
108.000000 0.000000 300.000000 0.500007
162.000000 108.000000 300.000000 0.267213
108.000000 162.000000 300.000000 0.267213
112.000000 109.000000 300.000000 0.263607
109.000000 112.000000 300.000000 0.263607
110.000000 114.000000 300.000000 0.211330
127.000000 110.000000 300.000000 0.103470
110.000000 127.000000 300.000000 0.103470
29.000000 110.000000 300.000000 0.394103
110.000000 29.000000 300.000000 0.394103
131.000000 111.000000 300.000000 0.106533
111.000000 131.000000 300.000000 0.106533
125.000000 111.000000 300.000000 0.194837
111.000000 125.000000 300.000000 0.194837
117.000000 111.000000 300.000000 0.228613
111.000000 117.000000 300.000000 0.228613
29.000000 112.000000 300.000000 0.237523
112.000000 29.000000 300.000000 0.237523
113.000000 112.000000 300.000000 0.306957
112.000000 113.000000 300.000000 0.306957
109.000000 112.000000 300.000000 0.263607
112.000000 109.000000 300.000000 0.263607
112.000000 113.000000 300.000000 0.306957
113.000000 112.000000 300.000000 0.306957
222.000000 113.000000 300.000000 0.011470
113.000000 222.000000 300.000000 0.011470
212.000000 113.000000 300.000000 0.234527
113.000000 212.000000 300.000000 0.234527
114.000000 213.000000 300.000000 0.019633
28.000000 114.000000 300.000000 0.404270
114.000000 28.000000 300.000000 0.404270
116.000000 115.000000 300.000000 0.380410
115.000000 116.000000 300.000000 0.380410
32.000000 115.000000 300.000000 0.147200
115.000000 32.000000 300.000000 0.147200
33.000000 115.000000 300.000000 0.261910
115.000000 33.000000 300.000000 0.261910
116.000000 32.000000 300.000000 0.246857
115.000000 116.000000 300.000000 0.380410
116.000000 115.000000 300.000000 0.380410
119.000000 117.000000 300.000000 0.227043
117.000000 119.000000 300.000000 0.227043
11.000000 117.000000 300.000000 0.217197
117.000000 11.000000 300.000000 0.217197
213.000000 117.000000 300.000000 0.408630
117.000000 213.000000 300.000000 0.408630
111.000000 117.000000 300.000000 0.228613
117.000000 111.000000 300.000000 0.228613
10.000000 118.000000 300.000000 0.218843
118.000000 10.000000 300.000000 0.218843
11.000000 118.000000 300.000000 0.181903
118.000000 11.000000 300.000000 0.181903
119.000000 118.000000 300.000000 0.201940
118.000000 119.000000 300.000000 0.201940
120.000000 119.000000 300.000000 0.272490
119.000000 120.000000 300.000000 0.272490
117.000000 119.000000 300.000000 0.227043
119.000000 117.000000 300.000000 0.227043
81.000000 119.000000 300.000000 0.222107
119.000000 81.000000 300.000000 0.222107
118.000000 119.000000 300.000000 0.201940
119.000000 118.000000 300.000000 0.201940
119.000000 120.000000 300.000000 0.272490
120.000000 119.000000 300.000000 0.272490
122.000000 121.000000 300.000000 0.295580
121.000000 122.000000 300.000000 0.295580
121.000000 42.000000 300.000000 0.282013
40.000000 122.000000 300.000000 0.122077
122.000000 40.000000 300.000000 0.122077
121.000000 122.000000 300.000000 0.295580
122.000000 121.000000 300.000000 0.295580
136.000000 123.000000 300.000000 0.110983
123.000000 136.000000 300.000000 0.110983
20.000000 123.000000 300.000000 0.187447
123.000000 20.000000 300.000000 0.187447
125.000000 123.000000 300.000000 0.072657
123.000000 125.000000 300.000000 0.072657
126.000000 124.000000 300.000000 0.115287
124.000000 126.000000 300.000000 0.115287
124.000000 110.000000 300.000000 0.158470
130.000000 125.000000 300.000000 0.103113
125.000000 130.000000 300.000000 0.103113
123.000000 125.000000 300.000000 0.072657
125.000000 123.000000 300.000000 0.072657
111.000000 125.000000 300.000000 0.194837
125.000000 111.000000 300.000000 0.194837
128.000000 126.000000 300.000000 0.097707
126.000000 128.000000 300.000000 0.097707
124.000000 126.000000 300.000000 0.115287
126.000000 124.000000 300.000000 0.115287
127.000000 126.000000 300.000000 0.168667
126.000000 127.000000 300.000000 0.168667
129.000000 127.000000 300.000000 0.100423
127.000000 129.000000 300.000000 0.100423
126.000000 127.000000 300.000000 0.168667
127.000000 126.000000 300.000000 0.168667
110.000000 127.000000 300.000000 0.103470
127.000000 110.000000 300.000000 0.103470
130.000000 128.000000 300.000000 0.100023
128.000000 130.000000 300.000000 0.100023
126.000000 128.000000 300.000000 0.097707
128.000000 126.000000 300.000000 0.097707
129.000000 128.000000 300.000000 0.174313
128.000000 129.000000 300.000000 0.174313
127.000000 129.000000 300.000000 0.100423
129.000000 127.000000 300.000000 0.100423
128.000000 129.000000 300.000000 0.174313
129.000000 128.000000 300.000000 0.174313
131.000000 129.000000 300.000000 0.103240
129.000000 131.000000 300.000000 0.103240
125.000000 130.000000 300.000000 0.103113
130.000000 125.000000 300.000000 0.103113
128.000000 130.000000 300.000000 0.100023
130.000000 128.000000 300.000000 0.100023
131.000000 130.000000 300.000000 0.186193
130.000000 131.000000 300.000000 0.186193
111.000000 131.000000 300.000000 0.106533
131.000000 111.000000 300.000000 0.106533
130.000000 131.000000 300.000000 0.186193
131.000000 130.000000 300.000000 0.186193
129.000000 131.000000 300.000000 0.103240
131.000000 129.000000 300.000000 0.103240
134.000000 132.000000 300.000000 0.104403
132.000000 134.000000 300.000000 0.104403
70.000000 132.000000 300.000000 0.221237
132.000000 70.000000 300.000000 0.221237
211.000000 132.000000 300.000000 0.114277
132.000000 211.000000 300.000000 0.114277
135.000000 133.000000 300.000000 0.093903
133.000000 135.000000 300.000000 0.093903
70.000000 133.000000 300.000000 0.106717
133.000000 70.000000 300.000000 0.106717
134.000000 133.000000 300.000000 0.208997
133.000000 134.000000 300.000000 0.208997
136.000000 134.000000 300.000000 0.094670
134.000000 136.000000 300.000000 0.094670
132.000000 134.000000 300.000000 0.104403
134.000000 132.000000 300.000000 0.104403
133.000000 134.000000 300.000000 0.208997
134.000000 133.000000 300.000000 0.208997
20.000000 135.000000 300.000000 0.078750
135.000000 20.000000 300.000000 0.078750
133.000000 135.000000 300.000000 0.093903
135.000000 133.000000 300.000000 0.093903
136.000000 135.000000 300.000000 0.197330
135.000000 136.000000 300.000000 0.197330
123.000000 136.000000 300.000000 0.110983
136.000000 123.000000 300.000000 0.110983
134.000000 136.000000 300.000000 0.094670
136.000000 134.000000 300.000000 0.094670
135.000000 136.000000 300.000000 0.197330
136.000000 135.000000 300.000000 0.197330
75.000000 137.000000 300.000000 0.314553
137.000000 75.000000 300.000000 0.314553
88.000000 138.000000 300.000000 0.046223
138.000000 88.000000 300.000000 0.046223
141.000000 138.000000 300.000000 0.061607
138.000000 141.000000 300.000000 0.061607
219.000000 138.000000 300.000000 0.201047
138.000000 219.000000 300.000000 0.201047
84.000000 139.000000 300.000000 1.035830
139.000000 84.000000 300.000000 1.035830
59.000000 140.000000 300.000000 0.100970
140.000000 59.000000 300.000000 0.100970
138.000000 141.000000 300.000000 0.061607
141.000000 138.000000 300.000000 0.061607
77.000000 141.000000 300.000000 0.318447
141.000000 77.000000 300.000000 0.318447
144.000000 142.000000 300.000000 0.185963
142.000000 144.000000 300.000000 0.185963
5.000000 142.000000 300.000000 0.247080
142.000000 5.000000 300.000000 0.247080
146.000000 142.000000 300.000000 0.146387
142.000000 146.000000 300.000000 0.146387
143.000000 39.000000 300.000000 0.152307
145.000000 143.000000 300.000000 0.148013
143.000000 145.000000 300.000000 0.148013
106.000000 144.000000 300.000000 0.146040
144.000000 106.000000 300.000000 0.146040
142.000000 144.000000 300.000000 0.185963
144.000000 142.000000 300.000000 0.185963
145.000000 144.000000 300.000000 0.143767
144.000000 145.000000 300.000000 0.143767
144.000000 145.000000 300.000000 0.143767
145.000000 144.000000 300.000000 0.143767
143.000000 145.000000 300.000000 0.148013
145.000000 143.000000 300.000000 0.148013
146.000000 145.000000 300.000000 0.182673
145.000000 146.000000 300.000000 0.182673
145.000000 146.000000 300.000000 0.182673
146.000000 145.000000 300.000000 0.182673
19.000000 146.000000 300.000000 0.146837
146.000000 19.000000 300.000000 0.146837
142.000000 146.000000 300.000000 0.146387
146.000000 142.000000 300.000000 0.146387
148.000000 147.000000 300.000000 0.399600
147.000000 148.000000 300.000000 0.399600
147.000000 148.000000 300.000000 0.399600
148.000000 147.000000 300.000000 0.399600
44.000000 148.000000 300.000000 0.414177
148.000000 44.000000 300.000000 0.414177
149.000000 148.000000 300.000000 0.158003
148.000000 149.000000 300.000000 0.158003
148.000000 149.000000 300.000000 0.158003
149.000000 148.000000 300.000000 0.158003
167.000000 150.000000 300.000000 0.273113
150.000000 167.000000 300.000000 0.273113
44.000000 151.000000 300.000000 0.300537
151.000000 44.000000 300.000000 0.300537
168.000000 151.000000 300.000000 0.130927
151.000000 168.000000 300.000000 0.130927
167.000000 151.000000 300.000000 0.252547
151.000000 167.000000 300.000000 0.252547
60.000000 152.000000 300.000000 0.060057
152.000000 60.000000 300.000000 0.060057
59.000000 152.000000 300.000000 0.141380
152.000000 59.000000 300.000000 0.141380
153.000000 152.000000 300.000000 0.154190
152.000000 153.000000 300.000000 0.154190
152.000000 153.000000 300.000000 0.154190
153.000000 152.000000 300.000000 0.154190
154.000000 87.000000 300.000000 0.134233
155.000000 154.000000 300.000000 0.096130
154.000000 155.000000 300.000000 0.096130
154.000000 155.000000 300.000000 0.096130
155.000000 154.000000 300.000000 0.096130
156.000000 100.000000 300.000000 0.249097
157.000000 156.000000 300.000000 0.261917
156.000000 157.000000 300.000000 0.261917
96.000000 157.000000 300.000000 0.325753
157.000000 96.000000 300.000000 0.325753
98.000000 157.000000 300.000000 0.266733
157.000000 98.000000 300.000000 0.266733
158.000000 157.000000 300.000000 0.139533
157.000000 158.000000 300.000000 0.139533
156.000000 157.000000 300.000000 0.261917
157.000000 156.000000 300.000000 0.261917
157.000000 158.000000 300.000000 0.139533
158.000000 157.000000 300.000000 0.139533
218.000000 158.000000 300.000000 0.196580
158.000000 218.000000 300.000000 0.196580
159.000000 158.000000 300.000000 0.229900
158.000000 159.000000 300.000000 0.229900
158.000000 159.000000 300.000000 0.229900
159.000000 158.000000 300.000000 0.229900
99.000000 160.000000 300.000000 0.164563
160.000000 99.000000 300.000000 0.164563
162.000000 161.000000 300.000000 0.526010
161.000000 162.000000 300.000000 0.526010
161.000000 0.000000 300.000000 0.299477
94.000000 162.000000 300.000000 1.677657
162.000000 94.000000 300.000000 1.677657
108.000000 162.000000 300.000000 0.267213
162.000000 108.000000 300.000000 0.267213
161.000000 162.000000 300.000000 0.526010
162.000000 161.000000 300.000000 0.526010
163.000000 162.000000 300.000000 0.305923
162.000000 163.000000 300.000000 0.305923
166.000000 163.000000 300.000000 0.099313
163.000000 166.000000 300.000000 0.099313
170.000000 163.000000 300.000000 0.013330
163.000000 170.000000 300.000000 0.013330
162.000000 163.000000 300.000000 0.305923
163.000000 162.000000 300.000000 0.305923
172.000000 164.000000 300.000000 0.085413
164.000000 172.000000 300.000000 0.085413
168.000000 164.000000 300.000000 0.383433
164.000000 168.000000 300.000000 0.383433
170.000000 164.000000 300.000000 0.188123
164.000000 170.000000 300.000000 0.188123
166.000000 165.000000 300.000000 0.382513
165.000000 166.000000 300.000000 0.382513
163.000000 166.000000 300.000000 0.099313
166.000000 163.000000 300.000000 0.099313
165.000000 166.000000 300.000000 0.382513
166.000000 165.000000 300.000000 0.382513
169.000000 166.000000 300.000000 0.347703
166.000000 169.000000 300.000000 0.347703
169.000000 167.000000 300.000000 0.153730
167.000000 169.000000 300.000000 0.153730
151.000000 167.000000 300.000000 0.252547
167.000000 151.000000 300.000000 0.252547
150.000000 167.000000 300.000000 0.273113
167.000000 150.000000 300.000000 0.273113
151.000000 168.000000 300.000000 0.130927
168.000000 151.000000 300.000000 0.130927
164.000000 168.000000 300.000000 0.383433
168.000000 164.000000 300.000000 0.383433
169.000000 168.000000 300.000000 0.260607
168.000000 169.000000 300.000000 0.260607
167.000000 169.000000 300.000000 0.153730
169.000000 167.000000 300.000000 0.153730
166.000000 169.000000 300.000000 0.347703
169.000000 166.000000 300.000000 0.347703
168.000000 169.000000 300.000000 0.260607
169.000000 168.000000 300.000000 0.260607
163.000000 170.000000 300.000000 0.013330
170.000000 163.000000 300.000000 0.013330
171.000000 170.000000 300.000000 0.059520
170.000000 171.000000 300.000000 0.059520
164.000000 170.000000 300.000000 0.188123
170.000000 164.000000 300.000000 0.188123
170.000000 171.000000 300.000000 0.059520
171.000000 170.000000 300.000000 0.059520
164.000000 172.000000 300.000000 0.085413
172.000000 164.000000 300.000000 0.085413
108.000000 172.000000 300.000000 0.253283
172.000000 108.000000 300.000000 0.253283
50.000000 173.000000 300.000000 0.095733
173.000000 50.000000 300.000000 0.095733
26.000000 173.000000 300.000000 0.305273
173.000000 26.000000 300.000000 0.305273
14.000000 174.000000 300.000000 0.186520
174.000000 14.000000 300.000000 0.186520
176.000000 19.000000 300.000000 0.342987
176.000000 4.000000 300.000000 0.292613
178.000000 177.000000 300.000000 0.243157
177.000000 178.000000 300.000000 0.243157
92.000000 178.000000 300.000000 0.186580
178.000000 92.000000 300.000000 0.186580
180.000000 178.000000 300.000000 0.033460
178.000000 180.000000 300.000000 0.033460
177.000000 178.000000 300.000000 0.243157
178.000000 177.000000 300.000000 0.243157
180.000000 179.000000 300.000000 1.001233
179.000000 180.000000 300.000000 1.001233
11.000000 179.000000 300.000000 0.330870
179.000000 11.000000 300.000000 0.330870
178.000000 180.000000 300.000000 0.033460
180.000000 178.000000 300.000000 0.033460
88.000000 180.000000 300.000000 0.198340
180.000000 88.000000 300.000000 0.198340
179.000000 180.000000 300.000000 1.001233
180.000000 179.000000 300.000000 1.001233
65.000000 181.000000 300.000000 0.092493
181.000000 65.000000 300.000000 0.092493
79.000000 182.000000 300.000000 0.234883
182.000000 79.000000 300.000000 0.234883
183.000000 184.000000 300.000000 0.050300
183.000000 199.000000 300.000000 0.044917
184.000000 210.000000 300.000000 0.627283
185.000000 186.000000 300.000000 0.042233
185.000000 192.000000 300.000000 0.027070
186.000000 187.000000 300.000000 0.393800
187.000000 196.000000 300.000000 0.030923
187.000000 207.000000 300.000000 0.912337
188.000000 209.000000 300.000000 0.021437
188.000000 189.000000 300.000000 0.133107
189.000000 190.000000 300.000000 0.298553
190.000000 206.000000 300.000000 0.035643
191.000000 192.000000 300.000000 0.704403
191.000000 185.000000 300.000000 0.702830
192.000000 1.000000 300.000000 0.017917
192.000000 186.000000 300.000000 0.033913
193.000000 194.000000 300.000000 0.222400
194.000000 188.000000 300.000000 0.030150
194.000000 195.000000 300.000000 1.026073
195.000000 208.000000 300.000000 0.610383
195.000000 196.000000 300.000000 0.605783
196.000000 208.000000 300.000000 0.032953
196.000000 197.000000 300.000000 0.176367
198.000000 200.000000 300.000000 0.702440
199.000000 216.000000 300.000000 0.844070
200.000000 199.000000 300.000000 0.523423
98.000000 201.000000 300.000000 0.478347
201.000000 98.000000 300.000000 0.478347
202.000000 193.000000 300.000000 0.188870
82.000000 203.000000 300.000000 0.065840
203.000000 82.000000 300.000000 0.065840
13.000000 204.000000 300.000000 0.033400
204.000000 13.000000 300.000000 0.033400
205.000000 204.000000 300.000000 0.488390
204.000000 205.000000 300.000000 0.488390
204.000000 205.000000 300.000000 0.488390
205.000000 204.000000 300.000000 0.488390
206.000000 202.000000 300.000000 0.019677
206.000000 193.000000 300.000000 0.195873
207.000000 209.000000 300.000000 0.710740
207.000000 188.000000 300.000000 0.712380
208.000000 197.000000 300.000000 0.166793
209.000000 103.000000 300.000000 0.016717
209.000000 189.000000 300.000000 0.132353
210.000000 191.000000 300.000000 0.641233
211.000000 15.000000 300.000000 0.019873
132.000000 211.000000 300.000000 0.114277
211.000000 132.000000 300.000000 0.114277
212.000000 28.000000 300.000000 0.032380
113.000000 212.000000 300.000000 0.234527
212.000000 113.000000 300.000000 0.234527
213.000000 33.000000 300.000000 0.112840
117.000000 213.000000 300.000000 0.408630
213.000000 117.000000 300.000000 0.408630
73.000000 214.000000 300.000000 0.098797
214.000000 73.000000 300.000000 0.098797
215.000000 6.000000 300.000000 0.029713
215.000000 183.000000 300.000000 0.889343
216.000000 215.000000 300.000000 0.059390
96.000000 217.000000 300.000000 0.012037
217.000000 96.000000 300.000000 0.012037
92.000000 217.000000 300.000000 0.266773
217.000000 92.000000 300.000000 0.266773
95.000000 217.000000 300.000000 0.560897
217.000000 95.000000 300.000000 0.560897
158.000000 218.000000 300.000000 0.196580
218.000000 158.000000 300.000000 0.196580
138.000000 219.000000 300.000000 0.201047
219.000000 138.000000 300.000000 0.201047
107.000000 220.000000 300.000000 0.145970
220.000000 107.000000 300.000000 0.145970
106.000000 220.000000 300.000000 0.150297
220.000000 106.000000 300.000000 0.150297
221.000000 220.000000 300.000000 0.127493
220.000000 221.000000 300.000000 0.127493
220.000000 221.000000 300.000000 0.127493
221.000000 220.000000 300.000000 0.127493
113.000000 222.000000 300.000000 0.011470
222.000000 113.000000 300.000000 0.011470
