73.000000 0.000000 300.000000 0.245917
0.000000 73.000000 300.000000 0.245917
14.000000 1.000000 300.000000 0.028123
1.000000 14.000000 300.000000 0.028123
25.000000 1.000000 300.000000 0.318820
1.000000 25.000000 300.000000 0.318820
1.000000 124.000000 300.000000 0.411840
2.000000 3.000000 300.000000 0.271983
122.000000 2.000000 300.000000 0.505457
2.000000 122.000000 300.000000 0.505457
3.000000 4.000000 300.000000 0.261137
58.000000 3.000000 300.000000 0.400720
3.000000 58.000000 300.000000 0.400720
4.000000 5.000000 300.000000 0.281313
57.000000 4.000000 300.000000 0.424393
4.000000 57.000000 300.000000 0.424393
5.000000 11.000000 300.000000 0.028573
5.000000 6.000000 300.000000 0.260927
6.000000 133.000000 300.000000 0.149987
55.000000 6.000000 300.000000 0.468437
6.000000 55.000000 300.000000 0.468437
7.000000 54.000000 300.000000 0.513100
7.000000 8.000000 300.000000 0.572380
10.000000 8.000000 300.000000 0.030307
8.000000 10.000000 300.000000 0.030307
8.000000 103.000000 300.000000 0.327820
90.000000 8.000000 300.000000 1.357023
8.000000 90.000000 300.000000 1.357023
8.000000 10.000000 300.000000 0.030307
10.000000 8.000000 300.000000 0.030307
10.000000 39.000000 300.000000 0.562390
11.000000 35.000000 300.000000 0.246123
11.000000 12.000000 300.000000 0.544957
12.000000 13.000000 300.000000 0.518607
36.000000 12.000000 300.000000 0.247390
12.000000 36.000000 300.000000 0.247390
40.000000 13.000000 300.000000 0.511263
13.000000 40.000000 300.000000 0.511263
13.000000 14.000000 300.000000 0.589403
14.000000 94.000000 300.000000 0.085300
14.000000 134.000000 300.000000 0.183083
1.000000 14.000000 300.000000 0.028123
14.000000 1.000000 300.000000 0.028123
15.000000 16.000000 300.000000 0.650623
16.000000 17.000000 300.000000 0.495883
30.000000 16.000000 300.000000 0.259937
16.000000 30.000000 300.000000 0.259937
17.000000 18.000000 300.000000 0.525880
31.000000 17.000000 300.000000 0.262830
17.000000 31.000000 300.000000 0.262830
18.000000 19.000000 300.000000 0.615003
19.000000 20.000000 300.000000 0.560743
19.000000 33.000000 300.000000 0.263420
30.000000 21.000000 300.000000 0.653647
21.000000 30.000000 300.000000 0.653647
21.000000 15.000000 300.000000 0.261233
26.000000 22.000000 300.000000 0.651507
22.000000 26.000000 300.000000 0.651507
22.000000 21.000000 300.000000 0.261337
44.000000 23.000000 300.000000 0.649700
23.000000 44.000000 300.000000 0.649700
43.000000 23.000000 300.000000 0.601267
23.000000 43.000000 300.000000 0.601267
23.000000 22.000000 300.000000 0.265160
24.000000 23.000000 300.000000 0.258870
40.000000 24.000000 300.000000 0.626230
24.000000 40.000000 300.000000 0.626230
118.000000 25.000000 300.000000 0.211403
25.000000 118.000000 300.000000 0.211403
1.000000 25.000000 300.000000 0.318820
25.000000 1.000000 300.000000 0.318820
117.000000 25.000000 300.000000 0.416853
25.000000 117.000000 300.000000 0.416853
27.000000 26.000000 300.000000 0.495147
26.000000 27.000000 300.000000 0.495147
22.000000 26.000000 300.000000 0.651507
26.000000 22.000000 300.000000 0.651507
44.000000 26.000000 300.000000 0.253400
26.000000 44.000000 300.000000 0.253400
30.000000 26.000000 300.000000 0.267700
26.000000 30.000000 300.000000 0.267700
28.000000 27.000000 300.000000 0.523837
27.000000 28.000000 300.000000 0.523837
26.000000 27.000000 300.000000 0.495147
27.000000 26.000000 300.000000 0.495147
31.000000 27.000000 300.000000 0.267207
27.000000 31.000000 300.000000 0.267207
45.000000 27.000000 300.000000 0.258187
27.000000 45.000000 300.000000 0.258187
29.000000 28.000000 300.000000 0.621273
28.000000 29.000000 300.000000 0.621273
27.000000 28.000000 300.000000 0.523837
28.000000 27.000000 300.000000 0.523837
28.000000 32.000000 300.000000 0.267293
28.000000 29.000000 300.000000 0.621273
29.000000 28.000000 300.000000 0.621273
29.000000 37.000000 300.000000 0.260917
31.000000 30.000000 300.000000 0.495927
30.000000 31.000000 300.000000 0.495927
21.000000 30.000000 300.000000 0.653647
30.000000 21.000000 300.000000 0.653647
26.000000 30.000000 300.000000 0.267700
30.000000 26.000000 300.000000 0.267700
16.000000 30.000000 300.000000 0.259937
30.000000 16.000000 300.000000 0.259937
32.000000 31.000000 300.000000 0.522463
31.000000 32.000000 300.000000 0.522463
30.000000 31.000000 300.000000 0.495927
31.000000 30.000000 300.000000 0.495927
17.000000 31.000000 300.000000 0.262830
31.000000 17.000000 300.000000 0.262830
27.000000 31.000000 300.000000 0.267207
31.000000 27.000000 300.000000 0.267207
31.000000 32.000000 300.000000 0.522463
32.000000 31.000000 300.000000 0.522463
32.000000 18.000000 300.000000 0.261127
33.000000 32.000000 300.000000 0.619813
32.000000 33.000000 300.000000 0.619813
33.000000 29.000000 300.000000 0.264223
32.000000 33.000000 300.000000 0.619813
33.000000 32.000000 300.000000 0.619813
35.000000 34.000000 300.000000 0.616083
34.000000 35.000000 300.000000 0.616083
34.000000 39.000000 300.000000 0.244600
35.000000 42.000000 300.000000 0.260223
36.000000 35.000000 300.000000 0.540200
35.000000 36.000000 300.000000 0.540200
34.000000 35.000000 300.000000 0.616083
35.000000 34.000000 300.000000 0.616083
35.000000 36.000000 300.000000 0.540200
36.000000 35.000000 300.000000 0.540200
41.000000 36.000000 300.000000 0.263287
36.000000 41.000000 300.000000 0.263287
12.000000 36.000000 300.000000 0.247390
36.000000 12.000000 300.000000 0.247390
46.000000 37.000000 300.000000 0.620093
37.000000 46.000000 300.000000 0.620093
37.000000 38.000000 300.000000 0.263470
42.000000 38.000000 300.000000 0.611920
38.000000 42.000000 300.000000 0.611920
38.000000 34.000000 300.000000 0.265817
39.000000 7.000000 300.000000 0.030050
39.000000 132.000000 300.000000 0.216190
24.000000 40.000000 300.000000 0.626230
40.000000 24.000000 300.000000 0.626230
41.000000 40.000000 300.000000 0.516143
40.000000 41.000000 300.000000 0.516143
13.000000 40.000000 300.000000 0.511263
40.000000 13.000000 300.000000 0.511263
44.000000 40.000000 300.000000 0.270347
40.000000 44.000000 300.000000 0.270347
40.000000 41.000000 300.000000 0.516143
41.000000 40.000000 300.000000 0.516143
42.000000 41.000000 300.000000 0.527823
41.000000 42.000000 300.000000 0.527823
45.000000 41.000000 300.000000 0.263143
41.000000 45.000000 300.000000 0.263143
36.000000 41.000000 300.000000 0.263287
41.000000 36.000000 300.000000 0.263287
41.000000 42.000000 300.000000 0.527823
42.000000 41.000000 300.000000 0.527823
38.000000 42.000000 300.000000 0.611920
42.000000 38.000000 300.000000 0.611920
42.000000 46.000000 300.000000 0.265277
23.000000 43.000000 300.000000 0.601267
43.000000 23.000000 300.000000 0.601267
45.000000 44.000000 300.000000 0.498213
44.000000 45.000000 300.000000 0.498213
23.000000 44.000000 300.000000 0.649700
44.000000 23.000000 300.000000 0.649700
40.000000 44.000000 300.000000 0.270347
44.000000 40.000000 300.000000 0.270347
26.000000 44.000000 300.000000 0.253400
44.000000 26.000000 300.000000 0.253400
46.000000 45.000000 300.000000 0.522867
45.000000 46.000000 300.000000 0.522867
44.000000 45.000000 300.000000 0.498213
45.000000 44.000000 300.000000 0.498213
27.000000 45.000000 300.000000 0.258187
45.000000 27.000000 300.000000 0.258187
41.000000 45.000000 300.000000 0.263143
45.000000 41.000000 300.000000 0.263143
37.000000 46.000000 300.000000 0.620093
46.000000 37.000000 300.000000 0.620093
45.000000 46.000000 300.000000 0.522867
46.000000 45.000000 300.000000 0.522867
46.000000 28.000000 300.000000 0.261793
122.000000 47.000000 300.000000 0.274563
47.000000 122.000000 300.000000 0.274563
48.000000 47.000000 300.000000 0.261093
47.000000 48.000000 300.000000 0.261093
61.000000 47.000000 300.000000 0.668167
47.000000 61.000000 300.000000 0.668167
49.000000 48.000000 300.000000 0.262750
48.000000 49.000000 300.000000 0.262750
47.000000 48.000000 300.000000 0.261093
48.000000 47.000000 300.000000 0.261093
58.000000 48.000000 300.000000 0.403737
48.000000 58.000000 300.000000 0.403737
61.000000 48.000000 300.000000 0.417053
48.000000 61.000000 300.000000 0.417053
64.000000 49.000000 300.000000 0.415873
49.000000 64.000000 300.000000 0.415873
50.000000 49.000000 300.000000 0.268103
49.000000 50.000000 300.000000 0.268103
48.000000 49.000000 300.000000 0.262750
49.000000 48.000000 300.000000 0.262750
57.000000 49.000000 300.000000 0.403707
49.000000 57.000000 300.000000 0.403707
50.000000 56.000000 300.000000 0.407970
51.000000 50.000000 300.000000 0.265233
50.000000 51.000000 300.000000 0.265233
49.000000 50.000000 300.000000 0.268103
50.000000 49.000000 300.000000 0.268103
55.000000 51.000000 300.000000 0.407653
51.000000 55.000000 300.000000 0.407653
68.000000 51.000000 300.000000 0.406497
51.000000 68.000000 300.000000 0.406497
52.000000 51.000000 300.000000 0.280093
51.000000 52.000000 300.000000 0.280093
50.000000 51.000000 300.000000 0.265233
51.000000 50.000000 300.000000 0.265233
51.000000 52.000000 300.000000 0.280093
52.000000 51.000000 300.000000 0.280093
52.000000 78.000000 300.000000 0.411020
73.000000 53.000000 300.000000 0.369990
53.000000 73.000000 300.000000 0.369990
54.000000 52.000000 300.000000 0.400327
55.000000 54.000000 300.000000 0.276703
54.000000 55.000000 300.000000 0.276703
51.000000 55.000000 300.000000 0.407653
55.000000 51.000000 300.000000 0.407653
56.000000 55.000000 300.000000 0.263490
55.000000 56.000000 300.000000 0.263490
54.000000 55.000000 300.000000 0.276703
55.000000 54.000000 300.000000 0.276703
6.000000 55.000000 300.000000 0.468437
55.000000 6.000000 300.000000 0.468437
56.000000 120.000000 300.000000 0.274950
57.000000 56.000000 300.000000 0.274267
56.000000 57.000000 300.000000 0.274267
55.000000 56.000000 300.000000 0.263490
56.000000 55.000000 300.000000 0.263490
58.000000 57.000000 300.000000 0.256220
57.000000 58.000000 300.000000 0.256220
56.000000 57.000000 300.000000 0.274267
57.000000 56.000000 300.000000 0.274267
4.000000 57.000000 300.000000 0.424393
57.000000 4.000000 300.000000 0.424393
49.000000 57.000000 300.000000 0.403707
57.000000 49.000000 300.000000 0.403707
57.000000 58.000000 300.000000 0.256220
58.000000 57.000000 300.000000 0.256220
3.000000 58.000000 300.000000 0.400720
58.000000 3.000000 300.000000 0.400720
48.000000 58.000000 300.000000 0.403737
58.000000 48.000000 300.000000 0.403737
97.000000 59.000000 300.000000 0.202797
59.000000 97.000000 300.000000 0.202797
148.000000 59.000000 300.000000 0.024057
59.000000 148.000000 300.000000 0.024057
108.000000 59.000000 300.000000 0.397630
59.000000 108.000000 300.000000 0.397630
63.000000 60.000000 300.000000 0.604240
60.000000 63.000000 300.000000 0.604240
69.000000 60.000000 300.000000 0.365390
60.000000 69.000000 300.000000 0.365390
151.000000 60.000000 300.000000 0.092977
60.000000 151.000000 300.000000 0.092977
112.000000 60.000000 300.000000 0.414107
60.000000 112.000000 300.000000 0.414107
47.000000 61.000000 300.000000 0.668167
61.000000 47.000000 300.000000 0.668167
64.000000 61.000000 300.000000 0.271280
61.000000 64.000000 300.000000 0.271280
48.000000 61.000000 300.000000 0.417053
61.000000 48.000000 300.000000 0.417053
143.000000 61.000000 300.000000 0.208907
61.000000 143.000000 300.000000 0.208907
63.000000 62.000000 300.000000 0.397810
62.000000 63.000000 300.000000 0.397810
147.000000 62.000000 300.000000 0.430800
62.000000 147.000000 300.000000 0.430800
112.000000 63.000000 300.000000 0.261477
63.000000 112.000000 300.000000 0.261477
62.000000 63.000000 300.000000 0.397810
63.000000 62.000000 300.000000 0.397810
109.000000 63.000000 300.000000 0.274100
63.000000 109.000000 300.000000 0.274100
60.000000 63.000000 300.000000 0.604240
63.000000 60.000000 300.000000 0.604240
49.000000 64.000000 300.000000 0.415873
64.000000 49.000000 300.000000 0.415873
61.000000 64.000000 300.000000 0.271280
64.000000 61.000000 300.000000 0.271280
66.000000 64.000000 300.000000 0.256957
64.000000 66.000000 300.000000 0.256957
65.000000 64.000000 300.000000 0.649827
64.000000 65.000000 300.000000 0.649827
109.000000 65.000000 300.000000 0.412697
65.000000 109.000000 300.000000 0.412697
64.000000 65.000000 300.000000 0.649827
65.000000 64.000000 300.000000 0.649827
65.000000 66.000000 300.000000 0.402140
67.000000 65.000000 300.000000 0.265637
65.000000 67.000000 300.000000 0.265637
68.000000 66.000000 300.000000 0.267987
66.000000 68.000000 300.000000 0.267987
66.000000 50.000000 300.000000 0.414383
64.000000 66.000000 300.000000 0.256957
66.000000 64.000000 300.000000 0.256957
77.000000 67.000000 300.000000 0.283767
67.000000 77.000000 300.000000 0.283767
68.000000 67.000000 300.000000 0.413567
67.000000 68.000000 300.000000 0.413567
125.000000 67.000000 300.000000 0.289367
67.000000 125.000000 300.000000 0.289367
65.000000 67.000000 300.000000 0.265637
67.000000 65.000000 300.000000 0.265637
66.000000 68.000000 300.000000 0.267987
68.000000 66.000000 300.000000 0.267987
51.000000 68.000000 300.000000 0.406497
68.000000 51.000000 300.000000 0.406497
78.000000 68.000000 300.000000 0.285517
68.000000 78.000000 300.000000 0.285517
67.000000 68.000000 300.000000 0.413567
68.000000 67.000000 300.000000 0.413567
60.000000 69.000000 300.000000 0.365390
69.000000 60.000000 300.000000 0.365390
71.000000 69.000000 300.000000 0.246073
69.000000 71.000000 300.000000 0.246073
97.000000 69.000000 300.000000 0.033303
69.000000 97.000000 300.000000 0.033303
71.000000 70.000000 300.000000 0.201323
70.000000 71.000000 300.000000 0.201323
70.000000 71.000000 300.000000 0.201323
71.000000 70.000000 300.000000 0.201323
69.000000 71.000000 300.000000 0.246073
71.000000 69.000000 300.000000 0.246073
86.000000 72.000000 300.000000 0.141837
72.000000 86.000000 300.000000 0.141837
79.000000 72.000000 300.000000 0.408087
72.000000 79.000000 300.000000 0.408087
99.000000 72.000000 300.000000 0.286477
72.000000 99.000000 300.000000 0.286477
76.000000 73.000000 300.000000 0.320127
73.000000 76.000000 300.000000 0.320127
0.000000 73.000000 300.000000 0.245917
73.000000 0.000000 300.000000 0.245917
53.000000 73.000000 300.000000 0.369990
73.000000 53.000000 300.000000 0.369990
89.000000 73.000000 300.000000 0.321527
73.000000 89.000000 300.000000 0.321527
79.000000 74.000000 300.000000 0.336977
74.000000 79.000000 300.000000 0.336977
75.000000 74.000000 300.000000 0.414573
74.000000 75.000000 300.000000 0.414573
138.000000 74.000000 300.000000 0.398913
74.000000 138.000000 300.000000 0.398913
77.000000 74.000000 300.000000 0.328493
74.000000 77.000000 300.000000 0.328493
78.000000 75.000000 300.000000 0.332787
75.000000 78.000000 300.000000 0.332787
90.000000 75.000000 300.000000 0.330410
75.000000 90.000000 300.000000 0.330410
119.000000 75.000000 300.000000 0.159347
75.000000 119.000000 300.000000 0.159347
74.000000 75.000000 300.000000 0.414573
75.000000 74.000000 300.000000 0.414573
73.000000 76.000000 300.000000 0.320127
76.000000 73.000000 300.000000 0.320127
110.000000 76.000000 300.000000 0.294407
76.000000 110.000000 300.000000 0.294407
115.000000 76.000000 300.000000 0.143850
76.000000 115.000000 300.000000 0.143850
67.000000 77.000000 300.000000 0.283767
77.000000 67.000000 300.000000 0.283767
98.000000 77.000000 300.000000 0.235767
77.000000 98.000000 300.000000 0.235767
74.000000 77.000000 300.000000 0.328493
77.000000 74.000000 300.000000 0.328493
78.000000 77.000000 300.000000 0.420153
68.000000 78.000000 300.000000 0.285517
78.000000 68.000000 300.000000 0.285517
75.000000 78.000000 300.000000 0.332787
78.000000 75.000000 300.000000 0.332787
74.000000 79.000000 300.000000 0.336977
79.000000 74.000000 300.000000 0.336977
90.000000 79.000000 300.000000 0.410840
79.000000 90.000000 300.000000 0.410840
140.000000 79.000000 300.000000 0.389847
79.000000 140.000000 300.000000 0.389847
72.000000 79.000000 300.000000 0.408087
79.000000 72.000000 300.000000 0.408087
80.000000 9.000000 300.000000 0.260220
81.000000 80.000000 300.000000 0.279203
82.000000 145.000000 300.000000 0.232907
83.000000 82.000000 300.000000 0.270487
84.000000 83.000000 300.000000 0.271750
83.000000 84.000000 300.000000 0.271750
105.000000 83.000000 300.000000 0.074160
83.000000 105.000000 300.000000 0.074160
85.000000 84.000000 300.000000 0.273737
84.000000 85.000000 300.000000 0.273737
83.000000 84.000000 300.000000 0.271750
84.000000 83.000000 300.000000 0.271750
104.000000 84.000000 300.000000 0.115287
84.000000 104.000000 300.000000 0.115287
84.000000 85.000000 300.000000 0.273737
85.000000 84.000000 300.000000 0.273737
85.000000 91.000000 300.000000 0.672340
86.000000 85.000000 300.000000 0.264840
85.000000 86.000000 300.000000 0.264840
72.000000 86.000000 300.000000 0.141837
86.000000 72.000000 300.000000 0.141837
85.000000 86.000000 300.000000 0.264840
86.000000 85.000000 300.000000 0.264840
87.000000 86.000000 300.000000 0.290567
86.000000 87.000000 300.000000 0.290567
99.000000 87.000000 300.000000 0.160823
87.000000 99.000000 300.000000 0.160823
86.000000 87.000000 300.000000 0.290567
87.000000 86.000000 300.000000 0.290567
88.000000 82.000000 300.000000 0.660067
139.000000 89.000000 300.000000 0.352207
89.000000 139.000000 300.000000 0.352207
106.000000 89.000000 300.000000 0.322773
89.000000 106.000000 300.000000 0.322773
73.000000 89.000000 300.000000 0.321527
89.000000 73.000000 300.000000 0.321527
75.000000 90.000000 300.000000 0.330410
90.000000 75.000000 300.000000 0.330410
104.000000 90.000000 300.000000 0.323777
90.000000 104.000000 300.000000 0.323777
8.000000 90.000000 300.000000 1.357023
90.000000 8.000000 300.000000 1.357023
79.000000 90.000000 300.000000 0.410840
90.000000 79.000000 300.000000 0.410840
92.000000 91.000000 300.000000 0.269057
91.000000 92.000000 300.000000 0.269057
91.000000 92.000000 300.000000 0.269057
92.000000 91.000000 300.000000 0.269057
92.000000 84.000000 300.000000 0.672977
93.000000 100.000000 300.000000 0.156670
94.000000 93.000000 300.000000 0.523880
93.000000 94.000000 300.000000 0.523880
94.000000 96.000000 300.000000 0.165080
93.000000 94.000000 300.000000 0.523880
94.000000 93.000000 300.000000 0.523880
95.000000 93.000000 300.000000 0.108963
96.000000 95.000000 300.000000 0.550780
95.000000 96.000000 300.000000 0.550780
95.000000 96.000000 300.000000 0.550780
96.000000 95.000000 300.000000 0.550780
96.000000 24.000000 300.000000 0.261887
59.000000 97.000000 300.000000 0.202797
97.000000 59.000000 300.000000 0.202797
149.000000 97.000000 300.000000 0.045860
97.000000 149.000000 300.000000 0.045860
69.000000 97.000000 300.000000 0.033303
97.000000 69.000000 300.000000 0.033303
77.000000 98.000000 300.000000 0.235767
98.000000 77.000000 300.000000 0.235767
87.000000 99.000000 300.000000 0.160823
99.000000 87.000000 300.000000 0.160823
72.000000 99.000000 300.000000 0.286477
99.000000 72.000000 300.000000 0.286477
100.000000 137.000000 300.000000 0.100220
101.000000 15.000000 300.000000 0.379757
102.000000 101.000000 300.000000 0.166637
103.000000 107.000000 300.000000 0.566010
103.000000 9.000000 300.000000 0.048083
90.000000 104.000000 300.000000 0.323777
104.000000 90.000000 300.000000 0.323777
84.000000 104.000000 300.000000 0.115287
104.000000 84.000000 300.000000 0.115287
83.000000 105.000000 300.000000 0.074160
105.000000 83.000000 300.000000 0.074160
105.000000 104.000000 300.000000 0.283657
146.000000 106.000000 300.000000 0.040047
106.000000 146.000000 300.000000 0.040047
89.000000 106.000000 300.000000 0.322773
106.000000 89.000000 300.000000 0.322773
145.000000 107.000000 300.000000 0.050860
107.000000 145.000000 300.000000 0.050860
107.000000 105.000000 300.000000 0.505817
59.000000 108.000000 300.000000 0.397630
108.000000 59.000000 300.000000 0.397630
114.000000 109.000000 300.000000 0.405870
109.000000 114.000000 300.000000 0.405870
111.000000 109.000000 300.000000 0.259960
109.000000 111.000000 300.000000 0.259960
65.000000 109.000000 300.000000 0.412697
109.000000 65.000000 300.000000 0.412697
63.000000 109.000000 300.000000 0.274100
109.000000 63.000000 300.000000 0.274100
76.000000 110.000000 300.000000 0.294407
110.000000 76.000000 300.000000 0.294407
111.000000 110.000000 300.000000 0.404853
110.000000 111.000000 300.000000 0.404853
114.000000 110.000000 300.000000 0.267723
110.000000 114.000000 300.000000 0.267723
142.000000 111.000000 300.000000 0.046670
111.000000 142.000000 300.000000 0.046670
109.000000 111.000000 300.000000 0.259960
111.000000 109.000000 300.000000 0.259960
110.000000 111.000000 300.000000 0.404853
111.000000 110.000000 300.000000 0.404853
141.000000 111.000000 300.000000 0.564230
111.000000 141.000000 300.000000 0.564230
63.000000 112.000000 300.000000 0.261477
112.000000 63.000000 300.000000 0.261477
147.000000 112.000000 300.000000 0.167467
112.000000 147.000000 300.000000 0.167467
60.000000 112.000000 300.000000 0.414107
112.000000 60.000000 300.000000 0.414107
109.000000 114.000000 300.000000 0.405870
114.000000 109.000000 300.000000 0.405870
110.000000 114.000000 300.000000 0.267723
114.000000 110.000000 300.000000 0.267723
76.000000 115.000000 300.000000 0.143850
115.000000 76.000000 300.000000 0.143850
124.000000 117.000000 300.000000 0.345257
117.000000 124.000000 300.000000 0.345257
123.000000 117.000000 300.000000 0.346240
117.000000 123.000000 300.000000 0.346240
25.000000 117.000000 300.000000 0.416853
117.000000 25.000000 300.000000 0.416853
25.000000 118.000000 300.000000 0.211403
118.000000 25.000000 300.000000 0.211403
75.000000 119.000000 300.000000 0.159347
119.000000 75.000000 300.000000 0.159347
121.000000 120.000000 300.000000 0.119060
120.000000 121.000000 300.000000 0.119060
120.000000 5.000000 300.000000 0.168333
120.000000 121.000000 300.000000 0.119060
121.000000 120.000000 300.000000 0.119060
47.000000 122.000000 300.000000 0.274563
122.000000 47.000000 300.000000 0.274563
2.000000 122.000000 300.000000 0.505457
122.000000 2.000000 300.000000 0.505457
123.000000 122.000000 300.000000 0.361333
122.000000 123.000000 300.000000 0.361333
117.000000 123.000000 300.000000 0.346240
123.000000 117.000000 300.000000 0.346240
122.000000 123.000000 300.000000 0.361333
123.000000 122.000000 300.000000 0.361333
128.000000 123.000000 300.000000 0.043337
123.000000 128.000000 300.000000 0.043337
124.000000 2.000000 300.000000 0.426530
117.000000 124.000000 300.000000 0.345257
124.000000 117.000000 300.000000 0.345257
67.000000 125.000000 300.000000 0.289367
125.000000 67.000000 300.000000 0.289367
129.000000 126.000000 300.000000 0.276713
126.000000 129.000000 300.000000 0.276713
128.000000 126.000000 300.000000 0.111960
126.000000 128.000000 300.000000 0.111960
127.000000 126.000000 300.000000 0.432903
126.000000 127.000000 300.000000 0.432903
126.000000 127.000000 300.000000 0.432903
127.000000 126.000000 300.000000 0.432903
130.000000 128.000000 300.000000 0.031050
128.000000 130.000000 300.000000 0.031050
123.000000 128.000000 300.000000 0.043337
128.000000 123.000000 300.000000 0.043337
126.000000 128.000000 300.000000 0.111960
128.000000 126.000000 300.000000 0.111960
126.000000 129.000000 300.000000 0.276713
129.000000 126.000000 300.000000 0.276713
131.000000 130.000000 300.000000 0.219487
130.000000 131.000000 300.000000 0.219487
128.000000 130.000000 300.000000 0.031050
130.000000 128.000000 300.000000 0.031050
150.000000 130.000000 300.000000 0.381320
130.000000 150.000000 300.000000 0.381320
130.000000 131.000000 300.000000 0.219487
131.000000 130.000000 300.000000 0.219487
133.000000 132.000000 300.000000 0.027150
132.000000 133.000000 300.000000 0.027150
132.000000 11.000000 300.000000 0.409050
132.000000 133.000000 300.000000 0.027150
133.000000 132.000000 300.000000 0.027150
133.000000 7.000000 300.000000 0.223113
135.000000 134.000000 300.000000 0.026727
134.000000 135.000000 300.000000 0.026727
134.000000 136.000000 300.000000 0.201990
134.000000 135.000000 300.000000 0.026727
135.000000 134.000000 300.000000 0.026727
135.000000 1.000000 300.000000 0.179373
137.000000 136.000000 300.000000 0.027323
136.000000 137.000000 300.000000 0.027323
136.000000 100.000000 300.000000 0.095220
136.000000 137.000000 300.000000 0.027323
137.000000 136.000000 300.000000 0.027323
137.000000 135.000000 300.000000 0.205570
74.000000 138.000000 300.000000 0.398913
138.000000 74.000000 300.000000 0.398913
89.000000 139.000000 300.000000 0.352207
139.000000 89.000000 300.000000 0.352207
79.000000 140.000000 300.000000 0.389847
140.000000 79.000000 300.000000 0.389847
111.000000 141.000000 300.000000 0.564230
141.000000 111.000000 300.000000 0.564230
111.000000 142.000000 300.000000 0.046670
142.000000 111.000000 300.000000 0.046670
61.000000 143.000000 300.000000 0.208907
143.000000 61.000000 300.000000 0.208907
147.000000 144.000000 300.000000 0.022300
144.000000 147.000000 300.000000 0.022300
145.000000 81.000000 300.000000 0.027943
107.000000 145.000000 300.000000 0.050860
145.000000 107.000000 300.000000 0.050860
106.000000 146.000000 300.000000 0.040047
146.000000 106.000000 300.000000 0.040047
112.000000 147.000000 300.000000 0.167467
147.000000 112.000000 300.000000 0.167467
144.000000 147.000000 300.000000 0.022300
147.000000 144.000000 300.000000 0.022300
62.000000 147.000000 300.000000 0.430800
147.000000 62.000000 300.000000 0.430800
59.000000 148.000000 300.000000 0.024057
148.000000 59.000000 300.000000 0.024057
97.000000 149.000000 300.000000 0.045860
149.000000 97.000000 300.000000 0.045860
130.000000 150.000000 300.000000 0.381320
150.000000 130.000000 300.000000 0.381320
60.000000 151.000000 300.000000 0.092977
151.000000 60.000000 300.000000 0.092977
