0 823 300.00 0.045507
0 148 300.00 0.202027
823 406 300.00 1.095613
148 480 300.00 0.688643
148 764 300.00 0.249660
1 769 300.00 0.078820
769 791 300.00 0.046003
3 14 300.00 0.336100
3 4 300.00 0.380090
14 1026 300.00 0.282553
14 49 300.00 0.056597
4 5 300.00 0.412907
4 13 300.00 0.338993
5 4 300.00 0.412907
5 6 300.00 0.410307
5 797 300.00 0.341353
5 12 300.00 0.336120
13 12 300.00 0.416393
13 15 300.00 0.337480
13 14 300.00 0.378587
6 5 300.00 0.410307
6 949 300.00 0.199733
6 800 300.00 0.343667
6 947 300.00 0.161763
797 5 300.00 0.341353
797 796 300.00 0.281897
797 798 300.00 0.409983
797 953 300.00 0.243780
12 5 300.00 0.336120
12 13 300.00 0.416393
12 938 300.00 0.205353
12 951 300.00 0.167057
949 6 300.00 0.199733
949 7 300.00 0.212490
949 948 300.00 0.161833
800 6 300.00 0.343667
800 820 300.00 0.160603
800 953 300.00 0.163420
800 815 300.00 0.412927
947 6 300.00 0.161763
947 11 300.00 0.161410
947 1035 300.00 0.023360
7 949 300.00 0.212490
7 811 300.00 0.177653
7 801 300.00 0.271667
7 10 300.00 0.336113
811 7 300.00 0.177653
811 814 300.00 0.129450
811 818 300.00 0.228497
801 7 300.00 0.271667
801 815 300.00 0.070663
801 816 300.00 0.187347
10 7 300.00 0.336113
10 11 300.00 0.412037
10 810 300.00 0.217387
10 17 300.00 0.342050
814 8 300.00 0.102017
814 811 300.00 0.129450
814 819 300.00 0.225320
8 814 300.00 0.102017
8 808 300.00 0.343370
8 807 300.00 0.488723
808 8 300.00 0.343370
808 9 300.00 0.341817
808 810 300.00 0.178917
807 8 300.00 0.488723
807 990 300.00 0.111730
807 809 300.00 0.146677
9 808 300.00 0.341817
11 10 300.00 0.412037
11 938 300.00 0.201033
11 947 300.00 0.161410
11 16 300.00 0.349257
810 10 300.00 0.217387
810 808 300.00 0.178917
810 817 300.00 0.218223
17 10 300.00 0.342050
17 16 300.00 0.407897
17 749 300.00 0.310387
17 1027 300.00 0.036030
938 11 300.00 0.201033
938 12 300.00 0.205353
938 937 300.00 0.018233
16 11 300.00 0.349257
16 17 300.00 0.407897
16 746 300.00 0.413597
16 748 300.00 0.304870
951 12 300.00 0.167057
951 746 300.00 0.178160
951 950 300.00 0.353683
15 743 300.00 0.205690
15 34 300.00 0.445700
1026 48 300.00 0.046707
1026 19 300.00 0.501997
49 926 300.00 0.954030
49 151 300.00 0.375993
743 15 300.00 0.205690
743 744 300.00 0.094877
743 1029 300.00 0.036070
34 15 300.00 0.445700
34 19 300.00 0.387800
34 35 300.00 0.172470
746 16 300.00 0.413597
746 744 300.00 0.110273
746 951 300.00 0.178160
746 909 300.00 0.298110
748 16 300.00 0.304870
748 747 300.00 0.161963
748 749 300.00 0.413600
748 909 300.00 0.416843
749 17 300.00 0.310387
749 748 300.00 0.413600
749 992 300.00 0.165050
1027 17 300.00 0.036030
334 18 300.00 0.298640
334 321 300.00 0.375493
334 338 300.00 0.379447
334 913 300.00 0.210520
18 334 300.00 0.298640
18 836 300.00 0.402107
836 321 300.00 0.165707
836 307 300.00 0.379547
19 34 300.00 0.387800
19 483 300.00 0.302837
19 47 300.00 0.051717
483 31 300.00 0.555907
47 19 300.00 0.051717
47 149 300.00 0.240770
20 21 300.00 0.289103
20 714 300.00 0.538177
21 713 300.00 0.539893
714 20 300.00 0.538177
714 28 300.00 0.301343
714 713 300.00 0.307457
714 1036 300.00 0.309747
713 21 300.00 0.539893
713 43 300.00 0.555417
713 714 300.00 0.307457
22 53 300.00 0.233883
22 23 300.00 0.301473
23 22 300.00 0.301473
23 1039 300.00 0.150540
23 43 300.00 0.556253
23 1040 300.00 0.314690
1039 23 300.00 0.150540
1039 24 300.00 0.153250
1039 1038 300.00 0.223083
43 23 300.00 0.556253
43 715 300.00 0.294873
43 754 300.00 0.157953
43 713 300.00 0.555417
1040 23 300.00 0.314690
1040 37 300.00 0.423543
1040 1041 300.00 0.137157
25 24 300.00 0.301397
25 29 300.00 0.557667
25 30 300.00 0.726900
25 26 300.00 0.299373
24 25 300.00 0.301397
24 1039 300.00 0.153250
24 715 300.00 0.554400
24 38 300.00 0.733193
715 24 300.00 0.554400
715 29 300.00 0.304387
715 43 300.00 0.294873
715 1036 300.00 0.246763
38 24 300.00 0.733193
38 30 300.00 0.284630
38 78 300.00 0.064363
29 25 300.00 0.557667
29 28 300.00 0.557420
29 32 300.00 0.303387
29 715 300.00 0.304387
30 25 300.00 0.726900
30 751 300.00 0.166870
30 38 300.00 0.284630
30 82 300.00 0.406930
26 25 300.00 0.299373
26 32 300.00 0.551380
26 33 300.00 0.722960
26 27 300.00 0.306357
32 26 300.00 0.551380
32 29 300.00 0.303387
32 31 300.00 0.556653
32 36 300.00 0.304480
33 26 300.00 0.722960
33 39 300.00 0.041837
33 751 300.00 0.144393
27 26 300.00 0.306357
27 992 300.00 0.045167
27 689 300.00 0.097527
992 27 300.00 0.045167
992 747 300.00 0.410247
992 749 300.00 0.165050
689 27 300.00 0.097527
689 750 300.00 0.256343
689 690 300.00 0.225623
28 714 300.00 0.301343
28 31 300.00 0.299670
28 29 300.00 0.557420
31 28 300.00 0.299670
31 32 300.00 0.556653
31 483 300.00 0.555907
31 35 300.00 0.306490
751 30 300.00 0.166870
751 33 300.00 0.144393
751 752 300.00 0.184017
82 30 300.00 0.406930
82 79 300.00 0.347700
82 88 300.00 0.356710
82 981 300.00 0.394117
35 31 300.00 0.306490
35 34 300.00 0.172470
35 745 300.00 0.224727
36 32 300.00 0.304480
36 747 300.00 0.092430
36 745 300.00 0.329687
39 33 300.00 0.041837
39 88 300.00 0.408363
39 692 300.00 0.457880
745 35 300.00 0.224727
745 36 300.00 0.329687
745 909 300.00 0.156507
747 36 300.00 0.092430
747 992 300.00 0.410247
747 748 300.00 0.161963
78 37 300.00 0.251533
78 38 300.00 0.064363
78 79 300.00 0.405073
37 78 300.00 0.251533
37 1040 300.00 0.423543
88 39 300.00 0.408363
88 82 300.00 0.356710
88 92 300.00 0.307717
692 39 300.00 0.457880
692 750 300.00 0.162217
692 693 300.00 0.202880
40 915 300.00 0.029813
40 42 300.00 0.578910
915 892 300.00 0.247890
915 775 300.00 0.045523
42 630 300.00 0.042717
42 55 300.00 0.043137
42 895 300.00 0.569010
606 41 300.00 0.280207
606 609 300.00 0.433343
606 607 300.00 0.363430
41 606 300.00 0.280207
41 607 300.00 0.239707
607 606 300.00 0.363430
607 899 300.00 0.040513
607 76 300.00 0.333543
630 42 300.00 0.042717
630 632 300.00 0.418337
630 631 300.00 0.238893
55 42 300.00 0.043137
55 934 300.00 0.038873
55 915 300.00 0.572597
895 894 300.00 0.035670
895 629 300.00 0.561170
754 43 300.00 0.157953
754 688 300.00 0.144947
754 1052 300.00 0.023207
754 1053 300.00 0.025713
172 44 300.00 0.396213
172 163 300.00 0.423740
172 178 300.00 0.188377
44 172 300.00 0.396213
44 1002 300.00 0.704680
1002 724 300.00 0.410317
1002 238 300.00 0.866117
45 163 300.00 0.298527
45 44 300.00 0.431523
163 1003 300.00 0.272473
163 172 300.00 0.423740
163 756 300.00 0.502157
46 47 300.00 0.298153
46 1009 300.00 0.043480
1009 46 300.00 0.043480
1009 753 300.00 0.260793
149 908 300.00 0.112890
149 48 300.00 0.260633
150 48 300.00 0.381693
150 151 300.00 0.263650
150 908 300.00 0.516990
150 1032 300.00 0.367260
48 150 300.00 0.381693
48 49 300.00 0.276997
48 1026 300.00 0.046707
926 924 300.00 0.070340
926 1007 300.00 0.613910
151 49 300.00 0.375993
151 150 300.00 0.263650
151 1031 300.00 0.702167
50 51 300.00 0.186853
51 486 300.00 0.208323
486 52 300.00 0.212457
52 50 300.00 0.203960
755 54 300.00 0.251627
755 81 300.00 0.255170
755 912 300.00 0.021483
54 755 300.00 0.251627
54 901 300.00 0.182557
901 902 300.00 0.038847
901 636 300.00 0.340143
934 55 300.00 0.038873
934 94 300.00 0.140110
934 95 300.00 0.178420
604 56 300.00 0.561377
604 70 300.00 0.137050
604 605 300.00 0.245083
56 604 300.00 0.561377
56 69 300.00 0.415090
69 56 300.00 0.415090
69 57 300.00 0.256567
69 73 300.00 0.689250
610 57 300.00 0.654967
610 609 300.00 0.170083
610 613 300.00 0.137957
57 610 300.00 0.654967
57 621 300.00 0.346773
57 69 300.00 0.256567
621 57 300.00 0.346773
621 624 300.00 0.214453
621 622 300.00 0.266860
633 58 300.00 0.208567
633 632 300.00 0.326833
633 980 300.00 0.239940
58 633 300.00 0.208567
58 634 300.00 0.396620
634 58 300.00 0.396620
634 632 300.00 0.220960
634 635 300.00 0.229047
1025 59 300.00 0.038260
1025 144 300.00 0.136020
1025 1016 300.00 0.186753
59 1025 300.00 0.038260
59 757 300.00 0.109830
757 758 300.00 0.052177
757 760 300.00 0.047857
529 60 300.00 0.182393
529 62 300.00 0.235843
529 530 300.00 0.197737
60 529 300.00 0.182393
60 327 300.00 0.207250
60 324 300.00 0.499423
327 60 300.00 0.207250
327 303 300.00 0.232027
327 324 300.00 0.301953
324 60 300.00 0.499423
324 319 300.00 0.255010
324 327 300.00 0.301953
853 61 300.00 0.038170
853 341 300.00 0.242050
853 852 300.00 0.269027
61 853 300.00 0.038170
61 62 300.00 0.116097
62 529 300.00 0.235843
62 862 300.00 0.035207
62 349 300.00 0.187113
862 62 300.00 0.035207
862 853 300.00 0.116240
349 63 300.00 0.189397
349 855 300.00 0.031627
856 63 300.00 0.034997
856 855 300.00 0.189133
63 856 300.00 0.034997
63 354 300.00 0.170663
63 349 300.00 1.440867
354 854 300.00 0.036990
354 356 300.00 0.026437
833 64 300.00 0.038380
833 871 300.00 0.133103
833 858 300.00 0.279377
64 833 300.00 0.038380
64 826 300.00 0.300117
826 419 300.00 0.118490
826 832 300.00 0.032950
416 65 300.00 0.185753
416 404 300.00 0.395380
416 885 300.00 0.215820
65 416 300.00 0.185753
65 843 300.00 0.202940
65 404 300.00 0.565827
843 65 300.00 0.202940
843 410 300.00 0.816317
843 426 300.00 0.153683
404 65 300.00 0.565827
404 416 300.00 0.395380
404 960 300.00 0.117493
474 66 300.00 0.305080
474 459 300.00 0.315440
474 979 300.00 0.216803
66 474 300.00 0.305080
66 454 300.00 0.312980
66 463 300.00 0.701850
454 66 300.00 0.312980
454 830 300.00 0.207073
454 462 300.00 0.709460
463 66 300.00 0.701850
463 462 300.00 0.315180
463 467 300.00 0.722947
463 464 300.00 0.306327
67 893 300.00 0.348117
893 892 300.00 0.045773
893 775 300.00 0.246623
68 778 300.00 0.424837
778 777 300.00 0.046670
778 779 300.00 0.046783
73 69 300.00 0.689250
73 71 300.00 0.351267
73 608 300.00 0.140973
71 70 300.00 0.075580
71 73 300.00 0.351267
71 72 300.00 0.438950
70 71 300.00 0.075580
70 604 300.00 0.137050
72 71 300.00 0.438950
72 955 300.00 0.203273
72 74 300.00 0.314757
955 72 300.00 0.203273
955 75 300.00 0.244860
955 954 300.00 0.183497
74 72 300.00 0.314757
74 603 300.00 0.206200
74 76 300.00 0.728253
608 73 300.00 0.140973
608 603 300.00 0.067410
608 609 300.00 0.257693
603 74 300.00 0.206200
603 602 300.00 0.205453
603 608 300.00 0.067410
76 74 300.00 0.728253
75 955 300.00 0.244860
77 899 300.00 0.160390
77 910 300.00 0.393817
899 607 300.00 0.040513
899 54 300.00 0.239697
910 77 300.00 0.393817
910 982 300.00 0.104810
910 911 300.00 0.308820
79 78 300.00 0.405073
79 82 300.00 0.347700
79 80 300.00 0.397753
80 79 300.00 0.397753
80 982 300.00 0.032460
80 981 300.00 0.333393
982 80 300.00 0.032460
982 81 300.00 0.424673
982 910 300.00 0.104810
981 80 300.00 0.333393
981 82 300.00 0.394117
981 84 300.00 0.019440
86 81 300.00 0.385413
86 84 300.00 0.429960
86 90 300.00 0.142670
81 86 300.00 0.385413
81 755 300.00 0.255170
81 982 300.00 0.424673
83 983 300.00 0.041340
83 828 300.00 0.214220
983 936 300.00 0.182837
983 85 300.00 0.054807
828 894 300.00 0.220257
87 84 300.00 0.193557
84 87 300.00 0.193557
84 981 300.00 0.019440
84 86 300.00 0.429960
93 85 300.00 0.596917
93 96 300.00 0.207427
93 100 300.00 0.802560
85 93 300.00 0.596917
85 639 300.00 0.110803
639 89 300.00 0.134263
639 638 300.00 0.054480
90 86 300.00 0.142670
92 88 300.00 0.307717
642 89 300.00 0.028607
642 638 300.00 0.121413
89 642 300.00 0.028607
89 695 300.00 0.217757
89 96 300.00 0.662153
695 99 300.00 0.628367
695 694 300.00 0.024633
695 697 300.00 0.220737
96 89 300.00 0.662153
96 93 300.00 0.207427
96 99 300.00 0.211203
96 100 300.00 0.562590
935 91 300.00 0.037617
935 94 300.00 0.027747
935 930 300.00 0.181900
91 935 300.00 0.037617
91 55 300.00 0.134837
100 93 300.00 0.802560
100 96 300.00 0.562590
100 106 300.00 0.231000
94 935 300.00 0.027747
94 932 300.00 0.174613
94 934 300.00 0.140110
932 94 300.00 0.174613
932 694 300.00 0.438203
932 930 300.00 0.095033
97 95 300.00 0.037297
97 98 300.00 0.089463
97 696 300.00 0.657057
95 97 300.00 0.037297
95 934 300.00 0.178420
95 102 300.00 0.470457
102 95 300.00 0.470457
102 98 300.00 0.360747
102 104 300.00 0.116550
99 96 300.00 0.211203
99 103 300.00 0.215050
99 106 300.00 0.488847
99 695 300.00 0.628367
98 97 300.00 0.089463
98 101 300.00 0.120807
98 102 300.00 0.360747
696 97 300.00 0.657057
696 697 300.00 0.025550
696 694 300.00 0.216270
101 98 300.00 0.120807
101 105 300.00 0.126327
101 104 300.00 0.330650
101 698 300.00 0.553527
103 99 300.00 0.215050
103 110 300.00 0.210133
103 111 300.00 0.364177
103 697 300.00 0.578927
106 99 300.00 0.488847
106 100 300.00 0.231000
106 652 300.00 0.031327
105 101 300.00 0.126327
105 109 300.00 0.124100
105 108 300.00 0.303483
104 101 300.00 0.330650
104 102 300.00 0.116550
104 108 300.00 0.121333
698 101 300.00 0.553527
698 699 300.00 0.029303
698 696 300.00 0.215583
110 103 300.00 0.210133
110 113 300.00 0.234690
110 699 300.00 0.540993
111 103 300.00 0.364177
111 115 300.00 0.229930
111 113 300.00 0.173473
111 652 300.00 0.303363
697 103 300.00 0.578927
697 696 300.00 0.025550
697 699 300.00 0.214697
108 104 300.00 0.121333
108 105 300.00 0.303483
108 1051 300.00 0.122560
109 105 300.00 0.124100
109 956 300.00 0.186437
109 1051 300.00 0.298200
652 106 300.00 0.031327
652 111 300.00 0.303363
652 651 300.00 0.255103
944 107 300.00 0.177653
944 659 300.00 0.022483
944 943 300.00 0.264253
107 944 300.00 0.177653
1051 108 300.00 0.122560
1051 109 300.00 0.298200
1051 114 300.00 0.210230
956 109 300.00 0.186437
956 684 300.00 0.165333
956 984 300.00 0.021553
113 110 300.00 0.234690
113 111 300.00 0.173473
113 644 300.00 0.148907
699 110 300.00 0.540993
699 698 300.00 0.029303
699 700 300.00 0.223063
115 111 300.00 0.229930
115 651 300.00 0.319760
115 643 300.00 0.320247
115 120 300.00 0.262637
662 112 300.00 0.234953
662 646 300.00 0.519707
662 658 300.00 0.066090
112 662 300.00 0.234953
644 113 300.00 0.148907
644 116 300.00 0.135383
644 643 300.00 0.268367
114 1051 300.00 0.210230
114 776 300.00 0.233703
776 779 300.00 0.049333
776 777 300.00 0.046223
651 115 300.00 0.319760
651 649 300.00 0.294680
651 652 300.00 0.255103
643 115 300.00 0.320247
643 123 300.00 0.308187
643 644 300.00 0.268367
120 115 300.00 0.262637
120 127 300.00 0.618393
120 125 300.00 0.260807
120 648 300.00 0.609037
482 116 300.00 0.178710
482 118 300.00 0.108220
482 123 300.00 0.306523
482 470 300.00 0.243350
116 482 300.00 0.178710
116 644 300.00 0.135383
116 470 300.00 0.321553
470 116 300.00 0.321553
470 482 300.00 0.243350
470 700 300.00 0.233167
121 117 300.00 0.245273
121 119 300.00 0.244370
121 682 300.00 0.220710
117 121 300.00 0.245273
117 684 300.00 0.016857
117 641 300.00 0.191413
684 117 300.00 0.016857
684 956 300.00 0.165333
684 685 300.00 0.206797
641 117 300.00 0.191413
641 640 300.00 0.032390
641 701 300.00 0.215150
118 482 300.00 0.108220
118 119 300.00 0.210373
118 640 300.00 0.327850
119 118 300.00 0.210373
119 121 300.00 0.244370
119 126 300.00 0.359063
640 118 300.00 0.327850
640 641 300.00 0.032390
126 119 300.00 0.359063
126 123 300.00 0.305570
126 131 300.00 0.356723
127 120 300.00 0.618393
127 123 300.00 0.269903
127 137 300.00 0.782567
127 133 300.00 0.257243
125 120 300.00 0.260807
125 664 300.00 0.396867
125 133 300.00 0.626857
125 130 300.00 0.236990
648 120 300.00 0.609037
648 647 300.00 0.246547
648 655 300.00 0.222047
648 649 300.00 0.260383
682 121 300.00 0.220710
682 131 300.00 0.202983
682 683 300.00 0.589353
124 122 300.00 0.368820
124 645 300.00 0.026937
124 129 300.00 0.246250
122 124 300.00 0.368820
123 643 300.00 0.308187
123 126 300.00 0.305570
123 127 300.00 0.269903
123 482 300.00 0.306523
645 124 300.00 0.026937
645 663 300.00 0.224477
645 646 300.00 0.128997
129 124 300.00 0.246250
129 128 300.00 0.372590
129 488 300.00 0.231860
129 134 300.00 0.646030
664 125 300.00 0.396867
664 647 300.00 0.228917
664 663 300.00 0.299660
133 125 300.00 0.626857
133 127 300.00 0.257243
133 471 300.00 0.380023
133 139 300.00 0.227120
130 125 300.00 0.236990
130 134 300.00 0.180277
130 663 300.00 0.393200
131 126 300.00 0.356723
131 135 300.00 0.165330
131 682 300.00 0.202983
137 127 300.00 0.782567
137 135 300.00 0.142003
137 142 300.00 0.244523
128 129 300.00 0.372590
488 129 300.00 0.231860
488 132 300.00 0.385333
488 138 300.00 0.650630
488 144 300.00 1.438390
134 129 300.00 0.646030
134 130 300.00 0.180277
134 139 300.00 0.653483
134 138 300.00 0.236827
663 130 300.00 0.393200
663 645 300.00 0.224477
663 664 300.00 0.299660
135 131 300.00 0.165330
135 137 300.00 0.142003
135 680 300.00 0.355780
132 488 300.00 0.385333
471 133 300.00 0.380023
139 133 300.00 0.227120
139 134 300.00 0.653483
139 142 300.00 0.896847
139 140 300.00 0.249830
138 134 300.00 0.236827
138 140 300.00 0.647117
138 488 300.00 0.650630
138 141 300.00 0.267483
680 135 300.00 0.355780
680 678 300.00 0.014703
680 681 300.00 0.273073
678 136 300.00 0.182877
678 680 300.00 0.014703
678 679 300.00 0.267937
136 678 300.00 0.182877
136 780 300.00 0.227313
780 782 300.00 0.047640
142 137 300.00 0.244523
142 139 300.00 0.896847
142 143 300.00 0.239010
140 138 300.00 0.647117
140 139 300.00 0.249830
140 143 300.00 0.988940
140 472 300.00 0.367200
141 138 300.00 0.267483
141 863 300.00 0.205787
141 472 300.00 0.712227
143 140 300.00 0.988940
143 142 300.00 0.239010
143 986 300.00 0.389173
472 140 300.00 0.367200
472 141 300.00 0.712227
472 145 300.00 1.074380
863 141 300.00 0.205787
986 143 300.00 0.389173
986 145 300.00 0.035210
986 677 300.00 0.441160
666 144 300.00 0.204147
666 668 300.00 0.192943
666 667 300.00 0.151360
666 1016 300.00 0.130550
144 666 300.00 0.204147
144 1025 300.00 0.136020
144 488 300.00 1.438390
145 986 300.00 0.035210
145 480 300.00 0.814923
145 472 300.00 1.074380
480 145 300.00 0.814923
480 148 300.00 0.688643
480 1050 300.00 0.384357
985 146 300.00 0.037567
985 1010 300.00 0.272470
985 1024 300.00 0.529307
146 985 300.00 0.037567
146 1033 300.00 0.257870
1033 146 300.00 0.257870
147 1010 300.00 0.030827
147 146 300.00 0.273277
1010 676 300.00 0.290140
764 765 300.00 0.054093
764 767 300.00 0.049073
908 149 300.00 0.112890
908 150 300.00 0.516990
908 907 300.00 0.304573
1032 150 300.00 0.367260
1032 1032 300.00 0.167087
1031 151 300.00 0.702167
1001 152 300.00 0.214813
1001 153 300.00 0.205593
1001 1008 300.00 0.123903
152 1001 300.00 0.214813
152 155 300.00 0.623683
152 160 300.00 0.530637
155 152 300.00 0.623683
160 152 300.00 0.530637
160 165 300.00 0.212570
160 730 300.00 0.196617
153 1001 300.00 0.205593
153 165 300.00 0.776027
153 156 300.00 0.229493
165 153 300.00 0.776027
165 160 300.00 0.212570
165 167 300.00 0.143957
156 153 300.00 0.229493
156 158 300.00 0.219893
156 164 300.00 0.411197
157 154 300.00 0.118557
157 939 300.00 0.448927
157 164 300.00 0.452307
154 157 300.00 0.118557
154 735 300.00 0.106630
154 159 300.00 0.336963
735 154 300.00 0.106630
735 736 300.00 0.332900
735 922 300.00 1.951023
159 154 300.00 0.336963
158 156 300.00 0.219893
158 162 300.00 0.213790
158 732 300.00 0.440177
164 156 300.00 0.411197
164 157 300.00 0.452307
164 731 300.00 0.022180
939 157 300.00 0.448927
939 1000 300.00 0.030607
939 1004 300.00 0.661583
162 158 300.00 0.213790
162 734 300.00 0.113627
162 177 300.00 0.677840
732 158 300.00 0.440177
732 176 300.00 0.419870
732 731 300.00 0.219497
730 160 300.00 0.196617
730 161 300.00 0.173437
730 729 300.00 0.096153
161 730 300.00 0.173437
161 1003 300.00 0.030883
161 174 300.00 0.520803
1003 161 300.00 0.030883
1003 476 300.00 0.603023
174 161 300.00 0.520803
174 170 300.00 0.216990
174 723 300.00 0.075573
734 162 300.00 0.113627
734 166 300.00 0.118273
734 733 300.00 0.677420
177 162 300.00 0.677840
177 733 300.00 0.135570
177 181 300.00 0.179023
756 924 300.00 0.328783
731 164 300.00 0.022180
731 173 300.00 0.428267
731 732 300.00 0.219497
167 165 300.00 0.143957
167 169 300.00 0.065310
167 170 300.00 0.227350
169 166 300.00 0.105217
169 167 300.00 0.065310
169 185 300.00 0.696897
166 169 300.00 0.105217
166 734 300.00 0.118273
166 182 300.00 0.677303
182 166 300.00 0.677303
182 185 300.00 0.197133
182 733 300.00 0.122803
170 167 300.00 0.227350
170 174 300.00 0.216990
170 720 300.00 0.475570
170 728 300.00 0.338470
173 168 300.00 0.208743
173 176 300.00 0.210653
173 999 300.00 0.457370
173 731 300.00 0.428267
168 173 300.00 0.208743
168 1000 300.00 0.233277
168 175 300.00 0.348390
1000 168 300.00 0.233277
1000 171 300.00 0.312053
1000 939 300.00 0.030607
175 168 300.00 0.348390
185 169 300.00 0.696897
185 182 300.00 0.197133
185 190 300.00 0.172997
720 170 300.00 0.475570
720 196 300.00 0.427563
720 719 300.00 0.175960
728 170 300.00 0.338470
171 1000 300.00 0.312053
178 172 300.00 0.188377
178 724 300.00 0.665087
178 723 300.00 0.264533
176 173 300.00 0.210653
176 181 300.00 0.217643
176 187 300.00 0.431157
176 732 300.00 0.419870
999 173 300.00 0.457370
999 183 300.00 0.057583
999 187 300.00 0.216343
723 174 300.00 0.075573
723 178 300.00 0.264533
723 722 300.00 0.244117
181 176 300.00 0.217643
181 177 300.00 0.179023
181 184 300.00 0.175773
181 920 300.00 0.199097
187 176 300.00 0.431157
187 999 300.00 0.216343
187 193 300.00 0.210483
733 177 300.00 0.135570
733 182 300.00 0.122803
733 734 300.00 0.677420
724 178 300.00 0.665087
724 1002 300.00 0.410317
724 725 300.00 0.172290
179 180 300.00 0.033830
179 1006 300.00 0.710493
180 186 300.00 0.225027
180 1005 300.00 0.048007
1006 202 300.00 0.033680
1006 212 300.00 0.245323
186 789 300.00 0.034540
186 192 300.00 0.217830
186 207 300.00 0.618430
1005 1004 300.00 0.033663
184 181 300.00 0.175773
184 190 300.00 0.308173
184 188 300.00 0.135663
920 181 300.00 0.199097
920 188 300.00 0.225217
920 189 300.00 0.103200
183 999 300.00 0.057583
190 184 300.00 0.308173
190 185 300.00 0.172997
190 195 300.00 0.114177
190 196 300.00 0.203473
188 184 300.00 0.135663
188 195 300.00 0.309800
188 920 300.00 0.225217
789 186 300.00 0.034540
789 1005 300.00 0.223703
192 204 300.00 0.370137
192 790 300.00 0.038860
192 199 300.00 0.209513
207 186 300.00 0.618430
207 202 300.00 0.237187
207 213 300.00 0.209043
193 187 300.00 0.210483
193 189 300.00 0.114883
193 200 300.00 0.207530
195 188 300.00 0.309800
195 190 300.00 0.114177
195 201 300.00 0.111937
195 921 300.00 0.209420
189 193 300.00 0.114883
189 920 300.00 0.103200
189 191 300.00 0.121233
191 189 300.00 0.121233
191 194 300.00 0.122037
191 203 300.00 0.325230
196 190 300.00 0.203473
196 718 300.00 0.149393
196 921 300.00 0.151997
196 720 300.00 0.427563
194 191 300.00 0.122037
194 197 300.00 0.134563
194 206 300.00 0.344403
203 191 300.00 0.325230
203 200 300.00 0.165637
204 200 300.00 0.047113
204 209 300.00 0.311597
790 192 300.00 0.038860
790 789 300.00 0.217693
199 192 300.00 0.209513
199 205 300.00 0.220653
199 213 300.00 0.364960
200 193 300.00 0.207530
200 204 300.00 0.047113
200 790 300.00 0.365580
197 194 300.00 0.134563
197 201 300.00 0.131593
197 210 300.00 0.353263
206 194 300.00 0.344403
206 203 300.00 0.138913
206 209 300.00 0.042480
201 195 300.00 0.111937
201 197 300.00 0.131593
201 786 300.00 0.362227
201 996 300.00 0.205453
921 195 300.00 0.209420
921 196 300.00 0.151997
921 996 300.00 0.101347
718 196 300.00 0.149393
718 198 300.00 0.068023
718 719 300.00 0.401633
210 197 300.00 0.353263
210 206 300.00 0.107103
229 198 300.00 0.670763
229 788 300.00 0.163797
198 229 300.00 0.670763
198 218 300.00 0.226300
198 718 300.00 0.068023
218 198 300.00 0.226300
218 214 300.00 0.217733
218 941 300.00 0.204693
205 199 300.00 0.220653
205 219 300.00 0.331143
205 211 300.00 0.218867
213 199 300.00 0.364960
213 207 300.00 0.209043
213 219 300.00 0.234183
213 223 300.00 0.226263
786 201 300.00 0.362227
786 210 300.00 0.119863
786 215 300.00 0.050530
996 201 300.00 0.205453
996 220 300.00 0.378850
996 921 300.00 0.101347
202 1006 300.00 0.033680
202 207 300.00 0.237187
202 180 300.00 0.696247
209 206 300.00 0.042480
209 215 300.00 0.213407
209 217 300.00 0.202547
219 205 300.00 0.331143
219 213 300.00 0.234183
219 224 300.00 0.217953
211 205 300.00 0.218867
211 225 300.00 0.298240
211 217 300.00 0.245273
940 208 300.00 0.106383
940 917 300.00 0.352927
940 941 300.00 0.103177
208 940 300.00 0.106383
215 216 300.00 0.038360
215 933 300.00 0.205753
217 209 300.00 0.202547
217 211 300.00 0.245273
217 228 300.00 0.276703
225 211 300.00 0.298240
225 224 300.00 0.014757
225 228 300.00 0.233023
212 202 300.00 0.218150
212 230 300.00 0.213037
212 223 300.00 0.429913
230 212 300.00 0.213037
230 600 300.00 0.293243
230 599 300.00 0.141253
223 212 300.00 0.429913
223 213 300.00 0.226263
223 702 300.00 0.212073
223 234 300.00 0.481393
227 214 300.00 0.328850
227 222 300.00 0.204330
227 237 300.00 0.320500
214 227 300.00 0.328850
214 231 300.00 0.396783
214 218 300.00 0.217733
231 214 300.00 0.396783
231 229 300.00 0.213830
216 787 300.00 0.217653
216 785 300.00 0.043023
933 226 300.00 0.044243
933 235 300.00 0.234053
787 788 300.00 0.037087
787 239 300.00 0.572950
785 786 300.00 0.033410
228 217 300.00 0.276703
228 225 300.00 0.233023
228 235 300.00 0.219663
941 218 300.00 0.204693
941 222 300.00 0.186333
941 940 300.00 0.103177
224 219 300.00 0.217953
224 225 300.00 0.014757
224 234 300.00 0.208840
220 785 300.00 0.168813
220 996 300.00 0.378850
917 221 300.00 0.107030
917 233 300.00 0.282043
917 919 300.00 0.153487
917 940 300.00 0.352927
221 917 300.00 0.107030
221 918 300.00 0.086367
221 238 300.00 0.598820
918 221 300.00 0.086367
238 221 300.00 0.598820
238 243 300.00 0.369340
222 227 300.00 0.204330
222 919 300.00 0.161620
222 941 300.00 0.186333
919 222 300.00 0.161620
919 232 300.00 0.099193
919 917 300.00 0.153487
702 223 300.00 0.212073
702 598 300.00 0.274670
702 600 300.00 0.146297
702 601 300.00 0.507580
234 223 300.00 0.481393
234 224 300.00 0.208840
234 601 300.00 0.215267
234 241 300.00 0.513170
226 933 300.00 0.044243
226 997 300.00 0.641143
226 216 300.00 0.211750
997 226 300.00 0.641143
237 227 300.00 0.320500
237 239 300.00 0.041253
237 231 300.00 0.209237
235 228 300.00 0.219663
235 236 300.00 0.043087
235 241 300.00 0.223443
788 787 300.00 0.037087
788 220 300.00 0.049897
600 230 300.00 0.293243
600 599 300.00 0.425580
600 702 300.00 0.146297
599 230 300.00 0.141253
599 585 300.00 0.489207
599 600 300.00 0.425580
889 232 300.00 0.559140
889 741 300.00 0.139577
889 890 300.00 0.018073
232 889 300.00 0.559140
232 240 300.00 0.268883
232 919 300.00 0.099193
240 232 300.00 0.268883
240 243 300.00 0.233070
240 245 300.00 0.581643
233 917 300.00 0.282043
601 234 300.00 0.215267
601 596 300.00 0.451463
601 702 300.00 0.507580
241 234 300.00 0.513170
241 246 300.00 0.213683
241 242 300.00 0.042943
236 235 300.00 0.043087
236 226 300.00 0.230820
236 244 300.00 0.757027
244 236 300.00 0.757027
244 239 300.00 0.317763
244 248 300.00 0.222953
239 237 300.00 0.041253
239 741 300.00 0.135467
239 244 300.00 0.317763
243 240 300.00 0.233070
243 740 300.00 0.593857
741 239 300.00 0.135467
741 889 300.00 0.139577
741 742 300.00 0.218310
245 240 300.00 0.581643
245 740 300.00 0.258530
245 890 300.00 0.292500
246 596 300.00 0.118707
246 247 300.00 0.043440
246 263 300.00 0.458020
242 241 300.00 0.042943
242 236 300.00 0.222380
242 248 300.00 0.713227
248 242 300.00 0.713227
248 244 300.00 0.222953
248 249 300.00 0.051433
740 245 300.00 0.258530
740 261 300.00 0.125593
890 245 300.00 0.292500
890 252 300.00 0.440747
890 889 300.00 0.018073
596 246 300.00 0.118707
596 601 300.00 0.451463
596 1048 300.00 0.129353
247 246 300.00 0.043440
247 242 300.00 0.220163
247 256 300.00 0.666507
263 265 300.00 0.087450
263 251 300.00 0.222377
263 571 300.00 0.251737
256 247 300.00 0.666507
256 249 300.00 0.155623
256 267 300.00 0.215137
249 248 300.00 0.051433
249 256 300.00 0.155623
249 252 300.00 0.260453
252 249 300.00 0.260453
252 257 300.00 0.267170
252 272 300.00 0.577717
252 890 300.00 0.440747
258 250 300.00 0.250860
258 264 300.00 0.137673
258 594 300.00 0.146780
250 258 300.00 0.250860
250 254 300.00 0.136663
250 595 300.00 0.151193
254 250 300.00 0.136663
254 264 300.00 0.262900
254 255 300.00 0.147180
595 250 300.00 0.151193
595 593 300.00 0.178280
595 594 300.00 0.233040
267 251 300.00 0.647693
267 256 300.00 0.215137
267 272 300.00 0.460560
251 267 300.00 0.647693
251 247 300.00 0.215523
257 252 300.00 0.267170
257 261 300.00 0.259220
257 274 300.00 0.591693
272 252 300.00 0.577717
272 267 300.00 0.460560
272 274 300.00 0.263040
594 253 300.00 0.166157
594 258 300.00 0.146780
594 595 300.00 0.233040
253 594 300.00 0.166157
253 591 300.00 0.120780
253 593 300.00 0.208377
591 253 300.00 0.120780
591 588 300.00 0.176550
591 592 300.00 0.207207
593 253 300.00 0.208377
593 592 300.00 0.128797
593 595 300.00 0.178280
264 254 300.00 0.262900
264 258 300.00 0.137673
264 266 300.00 0.130917
255 254 300.00 0.147180
255 266 300.00 0.264800
255 259 300.00 0.146737
266 255 300.00 0.264800
266 264 300.00 0.130917
266 269 300.00 0.145550
259 255 300.00 0.146737
259 269 300.00 0.270993
259 262 300.00 0.122693
261 257 300.00 0.259220
261 275 300.00 0.598510
274 257 300.00 0.591693
274 272 300.00 0.263040
274 275 300.00 0.237487
269 259 300.00 0.270993
269 266 300.00 0.145550
269 270 300.00 0.132443
262 259 300.00 0.122693
262 270 300.00 0.276223
262 265 300.00 0.163650
582 260 300.00 0.099977
582 268 300.00 0.104370
582 578 300.00 0.637513
260 582 300.00 0.099977
260 273 300.00 1.077040
260 581 300.00 0.201700
273 260 300.00 1.077040
273 271 300.00 0.179607
273 1011 300.00 0.187880
581 260 300.00 0.201700
275 274 300.00 0.237487
275 278 300.00 0.346927
270 262 300.00 0.276223
270 269 300.00 0.132443
270 271 300.00 0.150573
265 262 300.00 0.163650
265 263 300.00 0.087450
265 562 300.00 0.201277
571 263 300.00 0.251737
571 569 300.00 0.394650
571 572 300.00 0.130573
562 265 300.00 0.201277
562 271 300.00 0.083987
562 563 300.00 0.401363
268 582 300.00 0.104370
268 1011 300.00 1.090753
268 580 300.00 0.213973
1011 268 300.00 1.090753
1011 273 300.00 0.187880
1011 281 300.00 0.890820
1011 561 300.00 0.242820
580 268 300.00 0.213973
580 573 300.00 0.294970
580 578 300.00 0.723437
271 270 300.00 0.150573
271 562 300.00 0.083987
271 273 300.00 0.179607
278 277 300.00 0.331123
278 283 300.00 0.610173
280 276 300.00 0.413800
280 279 300.00 0.266970
280 282 300.00 0.249067
276 280 300.00 0.413800
276 279 300.00 0.531247
276 277 300.00 0.233803
279 276 300.00 0.531247
279 564 300.00 0.248120
279 280 300.00 0.266970
279 553 300.00 0.455780
277 276 300.00 0.233803
277 282 300.00 0.511477
277 278 300.00 0.331123
282 277 300.00 0.511477
282 280 300.00 0.249067
282 283 300.00 0.329673
282 286 300.00 0.452630
283 282 300.00 0.329673
283 287 300.00 0.377833
564 279 300.00 0.248120
564 561 300.00 0.293543
564 565 300.00 0.367877
564 989 300.00 0.635683
553 279 300.00 0.455780
553 946 300.00 0.115063
553 555 300.00 0.159637
281 1011 300.00 0.890820
286 282 300.00 0.452630
286 285 300.00 0.210990
286 549 300.00 0.157973
286 545 300.00 0.449437
287 551 300.00 0.046150
287 486 300.00 0.406833
554 284 300.00 0.036687
554 546 300.00 0.306600
554 946 300.00 0.113573
284 554 300.00 0.036687
284 285 300.00 0.101800
284 544 300.00 0.456567
285 284 300.00 0.101800
285 945 300.00 0.120140
285 286 300.00 0.210990
544 284 300.00 0.456567
544 543 300.00 0.243567
544 545 300.00 0.329353
945 285 300.00 0.120140
945 946 300.00 0.140643
945 1047 300.00 0.242997
549 286 300.00 0.157973
549 551 300.00 0.151310
549 550 300.00 0.200107
545 286 300.00 0.449437
545 544 300.00 0.329353
551 287 300.00 0.046150
551 549 300.00 0.151310
551 552 300.00 0.240713
288 925 300.00 0.066067
288 484 300.00 0.377000
925 799 300.00 0.272773
925 926 300.00 0.054073
484 289 300.00 0.058953
484 290 300.00 0.414787
289 798 300.00 0.281670
289 925 300.00 0.372550
798 797 300.00 0.409983
798 799 300.00 0.381300
798 4 300.00 0.338223
290 294 300.00 0.372573
290 291 300.00 0.313050
294 295 300.00 0.328407
294 293 300.00 0.407980
294 844 300.00 0.365620
291 904 300.00 0.035977
291 295 300.00 0.376927
904 903 300.00 0.054990
904 905 300.00 0.048660
295 291 300.00 0.376927
295 294 300.00 0.328407
295 296 300.00 0.094483
292 305 300.00 1.204010
292 297 300.00 0.375213
305 838 300.00 0.048680
305 772 300.00 0.175270
297 292 300.00 0.375213
297 296 300.00 0.117070
297 302 300.00 0.838340
485 293 300.00 0.387310
485 288 300.00 0.367930
293 485 300.00 0.387310
293 484 300.00 0.373493
844 294 300.00 0.365620
844 299 300.00 0.387423
844 835 300.00 0.427603
844 993 300.00 0.404323
296 295 300.00 0.094483
296 994 300.00 0.187520
296 297 300.00 0.117070
994 296 300.00 0.187520
994 835 300.00 0.190010
994 1030 300.00 0.188083
302 297 300.00 0.838340
302 300 300.00 0.215437
302 887 300.00 0.126967
299 298 300.00 0.410547
299 888 300.00 0.347180
299 311 300.00 0.387627
299 844 300.00 0.387423
298 299 300.00 0.410547
298 727 300.00 0.365193
727 726 300.00 0.322483
727 993 300.00 0.010770
888 299 300.00 0.347180
888 300 300.00 0.084710
888 308 300.00 0.216230
311 299 300.00 0.387627
311 307 300.00 0.210120
311 315 300.00 0.380080
311 321 300.00 0.380883
300 888 300.00 0.084710
300 302 300.00 0.215437
300 835 300.00 0.377860
835 300 300.00 0.377860
835 994 300.00 0.190010
835 844 300.00 0.427603
301 314 300.00 0.510470
314 840 300.00 0.053220
314 319 300.00 0.300580
887 302 300.00 0.126967
887 309 300.00 0.103073
887 310 300.00 0.093407
303 327 300.00 0.232027
303 531 300.00 0.235593
531 532 300.00 0.218217
531 304 300.00 0.175533
304 852 300.00 0.036507
304 61 300.00 0.273443
852 771 300.00 0.052357
852 1019 300.00 0.275587
838 305 300.00 0.048680
838 306 300.00 0.354940
838 839 300.00 0.274683
772 773 300.00 0.052967
772 301 300.00 0.053883
306 838 300.00 0.354940
306 837 300.00 0.185540
306 317 300.00 0.240447
837 306 300.00 0.185540
837 839 300.00 0.248760
837 840 300.00 0.553497
317 306 300.00 0.240447
317 316 300.00 0.055843
317 335 300.00 0.894547
307 311 300.00 0.210120
307 716 300.00 0.376037
716 298 300.00 0.077923
716 726 300.00 0.545397
309 308 300.00 0.199537
309 887 300.00 0.103073
309 326 300.00 0.608260
308 309 300.00 0.199537
308 888 300.00 0.216230
308 315 300.00 0.175537
315 308 300.00 0.175537
315 311 300.00 0.380080
315 325 300.00 0.375083
326 309 300.00 0.608260
326 325 300.00 0.194007
326 329 300.00 0.191143
312 310 300.00 0.103533
312 320 300.00 0.185953
312 318 300.00 0.544860
310 312 300.00 0.103533
310 887 300.00 0.093407
310 313 300.00 0.555797
313 310 300.00 0.555797
313 318 300.00 0.124820
313 316 300.00 0.183497
321 311 300.00 0.380883
321 325 300.00 0.372603
321 334 300.00 0.375493
321 836 300.00 0.165707
320 312 300.00 0.185953
320 322 300.00 0.182927
320 323 300.00 0.548257
318 312 300.00 0.544860
318 313 300.00 0.124820
318 323 300.00 0.189583
316 313 300.00 0.183497
316 317 300.00 0.055843
316 335 300.00 0.591957
840 314 300.00 0.053220
840 837 300.00 0.553497
840 839 300.00 0.441507
319 324 300.00 0.255010
319 759 300.00 0.163987
325 315 300.00 0.375083
325 321 300.00 0.372603
325 326 300.00 0.194007
325 330 300.00 0.110177
335 316 300.00 0.591957
335 317 300.00 0.894547
335 333 300.00 0.186063
323 318 300.00 0.189583
323 320 300.00 0.548257
323 328 300.00 0.181847
759 760 300.00 0.053040
759 758 300.00 0.045560
322 320 300.00 0.182927
322 329 300.00 0.192037
322 328 300.00 0.546597
329 322 300.00 0.192037
329 326 300.00 0.191143
329 331 300.00 0.112533
328 322 300.00 0.546597
328 323 300.00 0.181847
328 333 300.00 0.100410
330 325 300.00 0.110177
330 336 300.00 0.490640
330 337 300.00 0.181050
333 328 300.00 0.100410
333 332 300.00 0.134310
333 335 300.00 0.186063
331 329 300.00 0.112533
331 336 300.00 0.110787
331 332 300.00 0.311793
336 330 300.00 0.490640
336 331 300.00 0.110787
336 339 300.00 0.119740
337 330 300.00 0.181050
337 342 300.00 0.485870
337 338 300.00 0.088040
332 331 300.00 0.311793
332 333 300.00 0.134310
332 339 300.00 0.577203
339 332 300.00 0.577203
339 336 300.00 0.119740
339 342 300.00 0.065747
338 334 300.00 0.379447
338 337 300.00 0.088040
338 344 300.00 0.096197
913 334 300.00 0.210520
913 347 300.00 0.162150
913 914 300.00 0.396927
342 337 300.00 0.485870
342 339 300.00 0.065747
342 348 300.00 0.185180
344 338 300.00 0.096197
344 348 300.00 0.488537
344 914 300.00 0.113960
343 340 300.00 0.092083
343 347 300.00 0.409453
343 352 300.00 0.377123
340 343 300.00 0.092083
340 18 300.00 0.414720
341 853 300.00 0.242050
341 345 300.00 0.243480
341 846 300.00 0.663007
345 341 300.00 0.243480
345 845 300.00 0.661457
345 842 300.00 0.670677
846 341 300.00 0.663007
846 845 300.00 0.246013
846 854 300.00 0.242723
846 962 300.00 0.853860
348 342 300.00 0.185180
348 344 300.00 0.488537
348 914 300.00 0.730683
347 343 300.00 0.409453
347 913 300.00 0.162150
347 355 300.00 0.374623
352 343 300.00 0.377123
352 350 300.00 0.289663
352 355 300.00 0.412050
352 357 300.00 0.195703
914 344 300.00 0.113960
914 348 300.00 0.730683
914 913 300.00 0.396927
845 345 300.00 0.661457
845 372 300.00 0.236677
845 385 300.00 0.517517
845 846 300.00 0.246013
842 345 300.00 0.670677
842 365 300.00 0.065733
842 372 300.00 0.187667
346 351 300.00 0.341993
346 361 300.00 0.674373
351 763 300.00 0.265867
351 361 300.00 0.351977
361 346 300.00 0.674373
361 351 300.00 0.351977
361 381 300.00 1.014437
355 347 300.00 0.374623
355 352 300.00 0.412050
355 360 300.00 0.232780
355 368 300.00 0.306337
855 349 300.00 0.031627
855 862 300.00 0.187433
350 352 300.00 0.289663
350 340 300.00 0.432243
763 487 300.00 0.055953
763 766 300.00 0.567317
357 352 300.00 0.195703
357 834 300.00 0.330160
357 362 300.00 0.099700
357 358 300.00 0.112923
353 834 300.00 0.106380
353 358 300.00 0.324063
834 357 300.00 0.330160
834 350 300.00 0.129537
358 353 300.00 0.324063
358 357 300.00 0.112923
358 367 300.00 0.102630
854 354 300.00 0.036990
854 846 300.00 0.242723
854 856 300.00 0.170097
356 369 300.00 0.210767
356 363 300.00 0.494113
360 355 300.00 0.232780
368 355 300.00 0.306337
368 378 300.00 0.102203
368 370 300.00 0.092523
368 481 300.00 0.089210
369 363 300.00 0.305223
369 967 300.00 0.582883
363 356 300.00 0.494113
363 359 300.00 0.164400
363 369 300.00 0.305223
363 374 300.00 0.179353
362 357 300.00 0.099700
362 367 300.00 0.110523
362 364 300.00 0.073477
367 358 300.00 0.102630
367 362 300.00 0.110523
367 371 300.00 0.071437
359 363 300.00 0.164400
381 361 300.00 1.014437
381 489 300.00 0.363103
381 958 300.00 0.565513
364 362 300.00 0.073477
364 371 300.00 0.112437
364 366 300.00 0.078700
374 363 300.00 0.179353
371 364 300.00 0.112437
371 367 300.00 0.071437
371 373 300.00 0.082760
366 364 300.00 0.078700
366 373 300.00 0.109100
366 370 300.00 0.084707
380 365 300.00 0.522637
380 500 300.00 0.498420
380 384 300.00 0.210457
365 380 300.00 0.522637
365 842 300.00 0.065733
373 366 300.00 0.109100
373 371 300.00 0.082760
373 377 300.00 0.081527
370 366 300.00 0.084707
370 368 300.00 0.092523
370 377 300.00 0.106343
378 368 300.00 0.102203
378 377 300.00 0.092837
378 481 300.00 0.186163
481 368 300.00 0.089210
481 378 300.00 0.186163
481 379 300.00 0.111100
967 389 300.00 0.043600
967 968 300.00 0.036997
377 370 300.00 0.106343
377 373 300.00 0.081527
377 378 300.00 0.092837
372 845 300.00 0.236677
372 841 300.00 0.061257
841 372 300.00 0.061257
841 375 300.00 0.031843
841 365 300.00 0.179163
498 375 300.00 0.281967
498 496 300.00 0.066720
498 497 300.00 0.185097
375 498 300.00 0.281967
375 491 300.00 0.086477
375 841 300.00 0.031843
491 375 300.00 0.086477
491 492 300.00 0.190613
491 494 300.00 0.100153
1014 376 300.00 0.030343
376 1014 300.00 0.030343
376 353 300.00 0.219387
379 481 300.00 0.111100
500 380 300.00 0.498420
500 502 300.00 0.190687
500 717 300.00 0.307307
384 380 300.00 0.210457
384 496 300.00 0.231947
384 490 300.00 0.605040
384 493 300.00 0.180703
489 381 300.00 0.363103
489 823 300.00 0.233473
958 381 300.00 0.565513
958 502 300.00 0.201913
958 821 300.00 0.103920
386 382 300.00 0.242823
386 961 300.00 0.170317
386 391 300.00 0.417990
382 386 300.00 0.242823
382 494 300.00 0.196970
382 849 300.00 0.171903
494 382 300.00 0.196970
494 491 300.00 0.100153
494 497 300.00 0.313423
849 382 300.00 0.171903
849 385 300.00 0.041783
849 963 300.00 0.057337
389 383 300.00 0.276097
389 857 300.00 0.040400
389 397 300.00 0.420860
383 389 300.00 0.276097
383 390 300.00 0.314540
383 388 300.00 0.577817
390 383 300.00 0.314540
390 388 300.00 0.255413
390 396 300.00 0.248300
388 383 300.00 0.577817
388 387 300.00 0.253680
388 390 300.00 0.255413
496 384 300.00 0.231947
496 495 300.00 0.182690
496 498 300.00 0.066720
490 384 300.00 0.605040
493 384 300.00 0.180703
493 391 300.00 0.196147
493 495 300.00 0.237737
493 850 300.00 0.614083
385 849 300.00 0.041783
385 962 300.00 0.105467
385 845 300.00 0.517517
962 385 300.00 0.105467
962 846 300.00 0.853860
962 964 300.00 0.067573
961 386 300.00 0.170317
961 395 300.00 0.424217
961 402 300.00 0.601710
391 386 300.00 0.417990
391 850 300.00 0.436013
391 395 300.00 0.215533
391 493 300.00 0.196147
387 388 300.00 0.253680
387 392 300.00 0.256317
387 393 300.00 0.673343
392 387 300.00 0.256317
392 394 300.00 0.262237
392 399 300.00 0.363990
393 387 300.00 0.673343
393 399 300.00 0.364327
393 405 300.00 0.699000
857 389 300.00 0.040400
857 968 300.00 0.058007
397 396 300.00 0.243430
397 858 300.00 0.035397
397 64 300.00 0.272050
396 390 300.00 0.248300
396 394 300.00 0.242837
396 397 300.00 0.243430
396 413 300.00 0.579207
850 391 300.00 0.436013
850 493 300.00 0.614083
850 506 300.00 0.032750
395 391 300.00 0.215533
395 507 300.00 0.408050
395 961 300.00 0.424217
395 402 300.00 0.185837
394 392 300.00 0.262237
394 396 300.00 0.242837
394 407 300.00 0.482650
399 392 300.00 0.363990
399 393 300.00 0.364327
399 407 300.00 0.246613
399 405 300.00 0.241037
405 393 300.00 0.699000
405 399 300.00 0.241037
405 705 300.00 0.257800
407 394 300.00 0.482650
407 399 300.00 0.246613
407 707 300.00 0.495433
407 413 300.00 0.247053
507 395 300.00 0.408050
507 402 300.00 0.569080
507 960 300.00 0.144097
402 395 300.00 0.185837
402 410 300.00 0.226603
402 961 300.00 0.601710
402 507 300.00 0.569080
413 396 300.00 0.579207
413 407 300.00 0.247053
413 419 300.00 0.248187
413 710 300.00 0.498300
858 397 300.00 0.035397
858 857 300.00 0.404743
882 400 300.00 0.098837
882 504 300.00 0.050360
882 821 300.00 0.113627
400 882 300.00 0.098837
400 499 300.00 0.075627
400 417 300.00 0.856617
499 400 300.00 0.075627
499 408 300.00 0.133557
499 959 300.00 0.356790
417 400 300.00 0.856617
417 884 300.00 0.206653
403 401 300.00 0.307990
403 412 300.00 0.144887
403 424 300.00 0.685207
401 403 300.00 0.307990
401 424 300.00 0.690227
401 509 300.00 0.334033
424 401 300.00 0.690227
424 403 300.00 0.685207
424 425 300.00 0.123900
509 401 300.00 0.334033
509 508 300.00 0.138810
509 510 300.00 0.177220
410 402 300.00 0.226603
410 415 300.00 0.155550
410 510 300.00 0.494497
410 843 300.00 0.816317
412 403 300.00 0.144887
412 870 300.00 0.039087
412 871 300.00 0.081037
960 404 300.00 0.117493
960 506 300.00 0.088057
960 507 300.00 0.144097
705 405 300.00 0.257800
705 706 300.00 0.033723
705 927 300.00 0.250907
821 406 300.00 0.732100
821 958 300.00 0.103920
821 882 300.00 0.113627
406 821 300.00 0.732100
406 417 300.00 0.220413
707 407 300.00 0.495433
707 708 300.00 0.033460
707 705 300.00 0.251900
408 499 300.00 0.133557
408 885 300.00 0.066067
408 411 300.00 0.197230
885 408 300.00 0.066067
885 416 300.00 0.215820
885 506 300.00 0.388353
411 408 300.00 0.197230
411 1043 300.00 0.575940
411 414 300.00 0.213663
927 409 300.00 0.030213
409 927 300.00 0.030213
409 706 300.00 0.253060
409 435 300.00 0.797363
706 429 300.00 0.726037
706 705 300.00 0.033723
706 708 300.00 0.247637
435 409 300.00 0.797363
435 429 300.00 0.262777
415 410 300.00 0.155550
415 426 300.00 0.807117
415 876 300.00 0.249407
415 508 300.00 0.437307
510 410 300.00 0.494497
510 505 300.00 0.283380
510 509 300.00 0.177220
1043 411 300.00 0.575940
414 411 300.00 0.213663
414 1044 300.00 0.437887
414 418 300.00 0.198793
870 412 300.00 0.039087
870 422 300.00 0.308310
870 869 300.00 0.121243
871 412 300.00 0.081037
871 420 300.00 0.304710
871 833 300.00 0.133103
419 413 300.00 0.248187
419 866 300.00 0.033433
419 427 300.00 0.495533
710 413 300.00 0.498300
710 711 300.00 0.032177
710 707 300.00 0.245827
1044 414 300.00 0.437887
418 414 300.00 0.198793
418 1045 300.00 0.314770
418 473 300.00 0.205100
426 415 300.00 0.807117
426 843 300.00 0.153683
426 824 300.00 0.248110
876 415 300.00 0.249407
876 425 300.00 0.151777
876 508 300.00 0.408007
876 824 300.00 0.788930
508 415 300.00 0.437307
508 509 300.00 0.138810
508 876 300.00 0.408007
884 473 300.00 0.160863
884 883 300.00 0.009043
1045 418 300.00 0.314770
473 418 300.00 0.205100
473 884 300.00 0.160863
473 957 300.00 0.258120
866 419 300.00 0.033433
866 832 300.00 0.121743
427 710 300.00 0.249030
427 431 300.00 0.033327
422 420 300.00 0.121557
422 880 300.00 0.121050
422 870 300.00 0.308310
420 422 300.00 0.121557
420 832 300.00 0.153463
420 871 300.00 0.304710
832 420 300.00 0.153463
832 826 300.00 0.032950
832 833 300.00 0.304297
825 421 300.00 0.170097
825 514 300.00 0.126263
825 869 300.00 0.127667
421 825 300.00 0.170097
421 423 300.00 0.157333
421 709 300.00 0.128453
423 421 300.00 0.157333
423 874 300.00 0.118257
423 515 300.00 0.127240
709 421 300.00 0.128453
709 514 300.00 0.171750
709 515 300.00 0.152583
709 712 300.00 0.065167
880 422 300.00 0.121050
880 869 300.00 0.314160
880 881 300.00 0.035583
874 423 300.00 0.118257
874 511 300.00 0.067803
874 831 300.00 0.333737
515 423 300.00 0.127240
515 513 300.00 0.069260
515 709 300.00 0.152583
425 424 300.00 0.123900
425 822 300.00 0.787033
425 511 300.00 0.116700
425 876 300.00 0.151777
822 425 300.00 0.787033
822 434 300.00 0.096400
822 875 300.00 0.139603
511 425 300.00 0.116700
511 874 300.00 0.067803
511 872 300.00 0.052063
824 426 300.00 0.248110
824 434 300.00 0.052797
824 876 300.00 0.788930
431 861 300.00 0.034323
431 851 300.00 0.631913
430 428 300.00 0.161947
430 513 300.00 0.135690
430 831 300.00 0.117713
428 430 300.00 0.161947
428 865 300.00 0.175100
428 712 300.00 0.136083
865 428 300.00 0.175100
865 512 300.00 0.135117
865 881 300.00 0.092750
712 428 300.00 0.136083
712 512 300.00 0.171653
712 513 300.00 0.157803
712 709 300.00 0.065167
429 435 300.00 0.262777
429 706 300.00 0.726037
513 430 300.00 0.135690
513 515 300.00 0.069260
513 712 300.00 0.157803
831 430 300.00 0.117713
831 516 300.00 0.120113
831 874 300.00 0.333737
861 867 300.00 0.034297
851 877 300.00 0.250407
851 860 300.00 0.543997
521 432 300.00 0.118087
521 438 300.00 0.064910
521 523 300.00 0.187453
432 521 300.00 0.118087
432 881 300.00 0.383200
432 859 300.00 0.464953
881 432 300.00 0.383200
881 865 300.00 0.092750
881 880 300.00 0.035583
859 432 300.00 0.464953
859 866 300.00 0.253840
873 433 300.00 0.237493
873 519 300.00 0.118983
873 872 300.00 0.127970
433 873 300.00 0.237493
433 437 300.00 0.121147
433 520 300.00 0.115267
437 433 300.00 0.121147
437 440 300.00 0.119450
437 449 300.00 0.334273
520 433 300.00 0.115267
520 518 300.00 0.086243
520 519 300.00 0.237053
436 434 300.00 0.103713
436 451 300.00 0.339490
436 441 300.00 0.202427
434 436 300.00 0.103713
434 824 300.00 0.052797
434 822 300.00 0.096400
451 436 300.00 0.339490
441 436 300.00 0.202427
441 455 300.00 0.340467
441 443 300.00 0.207820
440 437 300.00 0.119450
440 875 300.00 0.138267
440 450 300.00 0.258037
449 437 300.00 0.334273
449 447 300.00 0.120790
449 450 300.00 0.143257
449 878 300.00 0.250030
444 438 300.00 0.125343
444 445 300.00 0.062387
444 966 300.00 0.849570
438 444 300.00 0.125343
438 521 300.00 0.064910
438 868 300.00 0.479003
868 438 300.00 0.479003
868 859 300.00 0.178853
711 439 300.00 0.643990
711 710 300.00 0.032177
711 431 300.00 0.249127
439 711 300.00 0.643990
439 886 300.00 0.256563
439 877 300.00 0.020940
886 439 300.00 0.256563
886 708 300.00 0.672770
877 439 300.00 0.020940
877 851 300.00 0.250407
875 440 300.00 0.138267
875 452 300.00 0.171230
875 822 300.00 0.139603
450 440 300.00 0.258037
450 449 300.00 0.143257
450 452 300.00 0.165530
455 441 300.00 0.340467
443 441 300.00 0.207820
443 456 300.00 0.341040
443 446 300.00 0.204900
516 442 300.00 0.128837
516 831 300.00 0.120113
516 872 300.00 0.332407
442 516 300.00 0.128837
442 447 300.00 0.237223
442 517 300.00 0.129997
447 442 300.00 0.237223
447 518 300.00 0.131313
447 449 300.00 0.120790
517 442 300.00 0.129997
517 519 300.00 0.086570
517 518 300.00 0.236747
456 443 300.00 0.341040
446 443 300.00 0.204900
446 457 300.00 0.340780
446 448 300.00 0.206837
445 444 300.00 0.062387
445 860 300.00 0.499683
966 444 300.00 0.849570
966 969 300.00 0.164953
860 445 300.00 0.499683
860 861 300.00 0.083093
457 446 300.00 0.340780
448 446 300.00 0.206837
448 458 300.00 0.339267
448 453 300.00 0.207213
518 447 300.00 0.131313
518 517 300.00 0.236747
518 520 300.00 0.086243
458 448 300.00 0.339267
453 448 300.00 0.207213
453 879 300.00 0.347220
453 804 300.00 0.496337
878 449 300.00 0.250030
878 460 300.00 0.616747
878 830 300.00 0.133843
452 450 300.00 0.165530
452 875 300.00 0.171230
452 830 300.00 0.024120
830 452 300.00 0.024120
830 454 300.00 0.207073
830 878 300.00 0.133843
879 453 300.00 0.347220
804 453 300.00 0.496337
804 916 300.00 0.764360
462 454 300.00 0.709460
462 461 300.00 0.335237
462 976 300.00 0.088673
462 463 300.00 0.315180
916 459 300.00 0.305033
459 916 300.00 0.305033
459 474 300.00 0.315440
459 465 300.00 0.697990
465 459 300.00 0.697990
465 464 300.00 0.307183
465 538 300.00 0.204117
465 466 300.00 0.312600
461 460 300.00 0.123130
461 462 300.00 0.335237
461 535 300.00 0.525090
460 461 300.00 0.123130
460 878 300.00 0.616747
535 461 300.00 0.525090
535 536 300.00 0.197440
976 462 300.00 0.088673
976 975 300.00 0.273680
976 978 300.00 0.135500
467 463 300.00 0.722947
464 463 300.00 0.306327
464 537 300.00 0.205847
464 979 300.00 0.487907
464 465 300.00 0.307183
537 464 300.00 0.205847
537 538 300.00 0.310903
979 464 300.00 0.487907
979 474 300.00 0.216803
979 1042 300.00 0.019640
538 465 300.00 0.204117
538 537 300.00 0.310903
538 965 300.00 0.124660
466 465 300.00 0.312600
466 534 300.00 0.124587
534 468 300.00 0.599083
469 795 300.00 0.243443
469 805 300.00 0.280133
795 806 300.00 0.143823
795 906 300.00 0.410910
805 469 300.00 0.280133
805 812 300.00 0.107490
805 990 300.00 0.019433
700 470 300.00 0.233167
700 640 300.00 0.215500
700 701 300.00 0.035590
957 473 300.00 0.258120
475 478 300.00 0.357280
475 922 300.00 0.061463
478 476 300.00 0.274593
922 735 300.00 1.951023
922 478 300.00 0.352470
476 1007 300.00 0.066887
476 756 300.00 0.289303
476 1003 300.00 0.603023
1007 802 300.00 0.568953
1050 479 300.00 0.368117
1050 480 300.00 0.384357
1050 1049 300.00 0.282347
479 1050 300.00 0.368117
487 762 300.00 0.607783
762 346 300.00 0.051580
762 147 300.00 0.307397
492 491 300.00 0.190613
495 493 300.00 0.237737
495 496 300.00 0.182690
495 497 300.00 0.070710
497 494 300.00 0.313423
497 495 300.00 0.070710
497 498 300.00 0.185097
959 499 300.00 0.356790
502 500 300.00 0.190687
502 958 300.00 0.201913
502 717 300.00 0.117823
717 500 300.00 0.307307
717 501 300.00 0.102720
717 502 300.00 0.117823
717 503 300.00 0.091617
501 717 300.00 0.102720
503 717 300.00 0.091617
503 504 300.00 0.138057
504 503 300.00 0.138057
504 882 300.00 0.050360
848 505 300.00 0.210570
505 848 300.00 0.210570
505 510 300.00 0.283380
505 964 300.00 0.164917
964 505 300.00 0.164917
964 962 300.00 0.067573
964 963 300.00 0.030040
506 850 300.00 0.032750
506 885 300.00 0.388353
506 960 300.00 0.088057
872 511 300.00 0.052063
872 516 300.00 0.332407
872 873 300.00 0.127970
512 865 300.00 0.135117
512 514 300.00 0.057357
512 712 300.00 0.171653
514 512 300.00 0.057357
514 825 300.00 0.126263
514 709 300.00 0.171750
519 517 300.00 0.086570
519 873 300.00 0.118983
519 520 300.00 0.237053
523 521 300.00 0.187453
523 525 300.00 0.176377
523 524 300.00 0.149130
527 522 300.00 0.082313
527 525 300.00 0.260110
527 528 300.00 0.152070
522 527 300.00 0.082313
525 523 300.00 0.176377
525 527 300.00 0.260110
525 526 300.00 0.149863
524 523 300.00 0.149130
526 525 300.00 0.149863
528 527 300.00 0.152070
530 529 300.00 0.197737
532 531 300.00 0.218217
536 535 300.00 0.197440
965 538 300.00 0.124660
965 974 300.00 0.257223
965 973 300.00 0.217023
540 539 300.00 0.437777
540 704 300.00 0.316597
539 540 300.00 0.437777
704 540 300.00 0.316597
703 541 300.00 0.227077
541 703 300.00 0.227077
543 544 300.00 0.243567
546 554 300.00 0.306600
546 547 300.00 0.158197
547 546 300.00 0.158197
547 558 300.00 0.216587
547 548 300.00 0.353177
547 559 300.00 0.526313
558 547 300.00 0.216587
558 557 300.00 0.407073
548 547 300.00 0.353177
548 557 300.00 0.205090
548 559 300.00 0.150923
559 547 300.00 0.526313
559 548 300.00 0.150923
559 560 300.00 0.246540
557 548 300.00 0.205090
557 558 300.00 0.407073
550 549 300.00 0.200107
552 551 300.00 0.240713
946 553 300.00 0.115063
946 554 300.00 0.113573
946 945 300.00 0.140643
555 553 300.00 0.159637
864 556 300.00 0.206027
864 575 300.00 0.040590
864 579 300.00 0.395450
556 864 300.00 0.206027
560 559 300.00 0.246540
561 564 300.00 0.293543
561 1011 300.00 0.242820
561 891 300.00 0.351687
891 561 300.00 0.351687
563 562 300.00 0.401363
565 564 300.00 0.367877
989 564 300.00 0.635683
988 566 300.00 0.166317
988 568 300.00 0.140160
988 1046 300.00 0.111603
566 988 300.00 0.166317
572 567 300.00 0.160617
572 568 300.00 0.312417
572 571 300.00 0.130573
567 572 300.00 0.160617
569 568 300.00 0.023057
569 571 300.00 0.394650
569 570 300.00 0.126300
568 569 300.00 0.023057
568 988 300.00 0.140160
568 572 300.00 0.312417
570 569 300.00 0.126300
573 574 300.00 0.144590
573 580 300.00 0.294970
575 864 300.00 0.040590
575 576 300.00 0.438623
576 575 300.00 0.438623
576 579 300.00 0.127903
576 577 300.00 0.084030
579 576 300.00 0.127903
579 864 300.00 0.395450
577 576 300.00 0.084030
577 578 300.00 0.049540
577 583 300.00 0.268273
578 577 300.00 0.049540
578 580 300.00 0.723437
578 582 300.00 0.637513
583 577 300.00 0.268273
583 586 300.00 0.229623
583 585 300.00 0.145597
586 583 300.00 0.229623
586 588 300.00 0.210367
586 587 300.00 0.141073
585 583 300.00 0.145597
585 587 300.00 0.213143
585 599 300.00 0.489207
590 584 300.00 0.190887
590 589 300.00 0.080510
590 592 300.00 0.173860
584 590 300.00 0.190887
587 585 300.00 0.213143
587 586 300.00 0.141073
587 589 300.00 0.202090
588 586 300.00 0.210367
588 591 300.00 0.176550
588 589 300.00 0.132593
589 587 300.00 0.202090
589 588 300.00 0.132593
589 590 300.00 0.080510
592 590 300.00 0.173860
592 591 300.00 0.207207
592 593 300.00 0.128797
1048 596 300.00 0.129353
1048 597 300.00 0.142350
1048 998 300.00 0.098493
597 1048 300.00 0.142350
598 702 300.00 0.274670
602 603 300.00 0.205453
605 604 300.00 0.245083
609 606 300.00 0.433343
609 608 300.00 0.257693
609 610 300.00 0.170083
613 610 300.00 0.137957
613 611 300.00 0.225253
613 615 300.00 0.152317
612 611 300.00 0.095037
612 620 300.00 0.605317
612 618 300.00 0.226483
612 617 300.00 0.232383
611 612 300.00 0.095037
611 614 300.00 0.048947
611 613 300.00 0.225253
614 611 300.00 0.048947
614 615 300.00 0.184087
620 612 300.00 0.605317
620 618 300.00 0.399607
620 623 300.00 0.167713
618 612 300.00 0.226483
618 620 300.00 0.399607
618 622 300.00 0.154713
617 612 300.00 0.232383
617 616 300.00 0.272860
617 619 300.00 0.198410
615 613 300.00 0.152317
615 614 300.00 0.184087
616 617 300.00 0.272860
619 617 300.00 0.198410
622 618 300.00 0.154713
622 621 300.00 0.266860
622 623 300.00 0.329623
623 620 300.00 0.167713
623 622 300.00 0.329623
623 624 300.00 0.285223
624 621 300.00 0.214453
624 623 300.00 0.285223
628 625 300.00 0.060590
628 928 300.00 0.485897
625 628 300.00 0.060590
625 929 300.00 0.496160
929 625 300.00 0.496160
929 626 300.00 0.073797
929 928 300.00 0.037350
626 627 300.00 0.187597
626 929 300.00 0.073797
626 629 300.00 0.147597
627 898 300.00 0.682070
629 626 300.00 0.147597
629 896 300.00 0.042837
629 627 300.00 0.147547
898 897 300.00 0.039243
898 902 300.00 0.464573
928 628 300.00 0.485897
928 635 300.00 0.266333
928 929 300.00 0.037350
896 629 300.00 0.042837
896 83 300.00 0.125620
632 630 300.00 0.418337
632 634 300.00 0.220960
632 633 300.00 0.326833
631 630 300.00 0.238893
631 980 300.00 0.022500
980 631 300.00 0.022500
980 633 300.00 0.239940
635 634 300.00 0.229047
635 928 300.00 0.266333
636 897 300.00 0.115237
636 637 300.00 0.909423
897 898 300.00 0.039243
897 637 300.00 0.184880
637 636 300.00 0.909423
637 896 300.00 0.652227
638 936 300.00 0.046053
936 930 300.00 0.500927
936 828 300.00 0.041670
936 983 300.00 0.182837
701 700 300.00 0.035590
701 1015 300.00 0.009080
701 698 300.00 0.238637
646 645 300.00 0.128997
646 647 300.00 0.304427
646 662 300.00 0.519707
647 646 300.00 0.304427
647 664 300.00 0.228917
647 653 300.00 0.218963
647 648 300.00 0.246547
653 647 300.00 0.218963
653 658 300.00 0.069447
653 654 300.00 0.260583
655 648 300.00 0.222047
655 654 300.00 0.009413
655 656 300.00 0.264963
649 648 300.00 0.260383
649 656 300.00 0.212123
649 651 300.00 0.294680
649 650 300.00 0.251633
656 649 300.00 0.212123
656 655 300.00 0.264963
656 943 300.00 0.164510
650 649 300.00 0.251633
658 653 300.00 0.069447
658 662 300.00 0.066090
658 659 300.00 0.314690
654 653 300.00 0.260583
654 655 300.00 0.009413
654 659 300.00 0.131363
659 654 300.00 0.131363
659 658 300.00 0.314690
659 944 300.00 0.022483
943 656 300.00 0.164510
943 657 300.00 0.087557
943 944 300.00 0.264253
657 943 300.00 0.087557
661 660 300.00 0.499510
660 661 300.00 0.499510
660 487 300.00 0.420377
1016 665 300.00 0.043150
1016 666 300.00 0.130550
1016 1025 300.00 0.186753
1016 1017 300.00 0.194100
665 1016 300.00 0.043150
665 59 300.00 0.188153
668 666 300.00 0.192943
668 671 300.00 0.191960
668 669 300.00 0.156307
668 1017 300.00 0.134813
667 666 300.00 0.151360
671 668 300.00 0.191960
671 674 300.00 0.188330
671 672 300.00 0.173883
671 1021 300.00 0.138850
669 668 300.00 0.156307
1017 668 300.00 0.134813
1017 1016 300.00 0.194100
1017 1021 300.00 0.196740
1021 670 300.00 0.043980
1021 671 300.00 0.138850
1021 1017 300.00 0.196740
1021 1022 300.00 0.194593
670 1021 300.00 0.043980
670 771 300.00 0.149390
771 987 300.00 0.035643
674 671 300.00 0.188330
674 675 300.00 0.184113
674 1023 300.00 0.259587
674 1022 300.00 0.143020
672 671 300.00 0.173883
1022 673 300.00 0.046077
1022 674 300.00 0.143020
1022 1021 300.00 0.194593
1022 1023 300.00 0.130020
673 1022 300.00 0.046077
673 1020 300.00 0.050733
1020 670 300.00 0.138100
675 674 300.00 0.184113
1023 674 300.00 0.259587
1023 1022 300.00 0.130020
1023 1024 300.00 0.054563
1024 676 300.00 0.032843
1024 985 300.00 0.529307
1024 1023 300.00 0.054563
676 1024 300.00 0.032843
676 1018 300.00 0.156830
1018 673 300.00 0.019630
1018 761 300.00 0.057627
677 986 300.00 0.441160
677 783 300.00 0.306817
783 686 300.00 0.044893
783 0 300.00 1.215423
679 678 300.00 0.267937
681 680 300.00 0.273073
683 682 300.00 0.589353
683 136 300.00 0.349043
685 684 300.00 0.206797
686 783 300.00 0.044893
686 784 300.00 0.838303
784 781 300.00 0.263687
688 22 300.00 0.562367
688 754 300.00 0.144947
750 689 300.00 0.256343
750 691 300.00 0.220323
750 692 300.00 0.162217
690 689 300.00 0.225623
691 750 300.00 0.220323
693 692 300.00 0.202880
694 695 300.00 0.024633
694 642 300.00 0.218683
694 932 300.00 0.438203
1015 701 300.00 0.009080
708 707 300.00 0.033460
708 886 300.00 0.672770
708 711 300.00 0.247587
1036 714 300.00 0.309747
1036 715 300.00 0.246763
1036 1037 300.00 0.015707
726 727 300.00 0.322483
726 485 300.00 0.391227
719 718 300.00 0.401633
719 721 300.00 0.047167
719 720 300.00 0.175960
721 719 300.00 0.047167
722 723 300.00 0.244117
725 724 300.00 0.172290
993 844 300.00 0.404323
993 293 300.00 0.368963
729 730 300.00 0.096153
736 735 300.00 0.332900
738 737 300.00 0.246297
737 738 300.00 0.246297
737 753 300.00 0.199707
753 737 300.00 0.199707
753 1009 300.00 0.260793
742 741 300.00 0.218310
744 743 300.00 0.094877
744 746 300.00 0.110273
744 1028 300.00 0.033963
1029 743 300.00 0.036070
1028 744 300.00 0.033963
909 745 300.00 0.156507
909 746 300.00 0.298110
909 748 300.00 0.416843
752 751 300.00 0.184017
1052 754 300.00 0.023207
1053 754 300.00 0.025713
912 755 300.00 0.021483
924 45 300.00 0.372330
924 288 300.00 0.048977
758 303 300.00 0.102623
760 774 300.00 0.950443
774 773 300.00 0.053800
774 301 300.00 0.053330
761 346 300.00 0.781627
766 765 300.00 0.050257
766 767 300.00 0.053930
765 489 300.00 0.220243
767 660 300.00 0.149490
768 770 300.00 0.172867
770 769 300.00 0.052513
987 304 300.00 0.051193
987 665 300.00 0.209140
773 469 300.00 0.864253
775 794 300.00 0.030627
794 40 300.00 0.045790
779 683 300.00 0.455787
777 67 300.00 0.233900
782 677 300.00 0.792547
781 782 300.00 0.045823
792 793 300.00 0.064863
793 20 300.00 0.096190
806 795 300.00 0.143823
806 815 300.00 0.156933
806 1012 300.00 0.118910
806 812 300.00 0.178873
906 820 300.00 0.119413
906 905 300.00 0.053753
906 903 300.00 0.050203
796 797 300.00 0.281897
796 289 300.00 0.419520
953 797 300.00 0.243780
953 800 300.00 0.163420
953 952 300.00 0.163717
799 798 300.00 0.381300
799 3 300.00 0.347270
820 800 300.00 0.160603
820 906 300.00 0.119413
820 1013 300.00 0.254353
815 800 300.00 0.412927
815 801 300.00 0.070663
815 806 300.00 0.156933
816 801 300.00 0.187347
816 991 300.00 0.024920
816 818 300.00 0.050253
802 803 300.00 0.074190
802 477 300.00 0.090020
803 477 300.00 0.062407
803 942 300.00 0.504980
942 803 300.00 0.504980
942 942 300.00 0.137077
812 805 300.00 0.107490
812 806 300.00 0.178873
812 991 300.00 0.197963
990 805 300.00 0.019433
990 807 300.00 0.111730
990 813 300.00 0.188903
1012 806 300.00 0.118910
809 807 300.00 0.146677
817 810 300.00 0.218223
818 811 300.00 0.228497
818 816 300.00 0.050253
818 819 300.00 0.121750
991 812 300.00 0.197963
991 813 300.00 0.119357
991 816 300.00 0.024920
819 813 300.00 0.070560
819 814 300.00 0.225320
819 818 300.00 0.121750
813 819 300.00 0.070560
813 990 300.00 0.188903
813 991 300.00 0.119357
1013 820 300.00 0.254353
869 825 300.00 0.127667
869 870 300.00 0.121243
869 880 300.00 0.314160
827 686 300.00 0.819600
894 895 300.00 0.035670
894 931 300.00 0.260963
829 68 300.00 0.365207
839 837 300.00 0.248760
839 838 300.00 0.274683
839 840 300.00 0.441507
963 847 300.00 0.207703
963 849 300.00 0.057337
963 964 300.00 0.030040
847 963 300.00 0.207703
1019 761 300.00 0.080823
1019 1020 300.00 0.063527
968 967 300.00 0.036997
968 854 300.00 0.822103
867 427 300.00 0.034093
867 868 300.00 0.062517
883 1 300.00 0.256307
883 791 300.00 0.357437
892 114 300.00 0.343783
892 893 300.00 0.045773
931 930 300.00 0.039860
931 91 300.00 0.182213
902 901 300.00 0.038847
902 41 300.00 0.181993
900 688 300.00 0.190090
903 292 300.00 0.114617
905 796 300.00 0.347450
907 908 300.00 0.304573
911 910 300.00 0.308820
930 931 300.00 0.039860
930 932 300.00 0.095033
930 936 300.00 0.500927
930 935 300.00 0.181900
937 938 300.00 0.018233
1004 939 300.00 0.661583
1004 179 300.00 0.037833
1047 945 300.00 0.242997
1035 947 300.00 0.023360
948 949 300.00 0.161833
950 951 300.00 0.353683
952 953 300.00 0.163717
954 955 300.00 0.183497
984 956 300.00 0.021553
974 965 300.00 0.257223
973 965 300.00 0.217023
973 971 300.00 0.099980
973 972 300.00 0.265327
969 966 300.00 0.164953
971 970 300.00 0.265323
971 973 300.00 0.099980
970 971 300.00 0.265323
972 973 300.00 0.265327
975 976 300.00 0.273680
978 976 300.00 0.135500
978 977 300.00 0.275253
977 978 300.00 0.275253
1042 979 300.00 0.019640
1046 988 300.00 0.111603
1030 994 300.00 0.188083
998 1048 300.00 0.098493
1008 1001 300.00 0.123903
1037 1036 300.00 0.015707
1038 1039 300.00 0.223083
1041 1040 300.00 0.137157
1049 1050 300.00 0.282347
