0 14 300.00 0.368563
0 46 300.00 0.300117
14 212 300.00 0.308620
14 39 300.00 0.420010
46 12 300.00 0.338883
1 6 300.00 0.035830
1 206 300.00 0.333397
6 222 300.00 0.372090
206 2 300.00 0.232703
206 232 300.00 0.402773
2 3 300.00 0.035350
2 100 300.00 0.420367
3 4 300.00 0.029553
3 129 300.00 0.823903
3 175 300.00 0.031073
100 232 300.00 0.291750
100 171 300.00 0.680890
4 5 300.00 0.034447
4 157 300.00 0.409783
129 62 300.00 0.374563
129 28 300.00 0.707547
175 4 300.00 0.032300
175 178 300.00 0.374960
5 2 300.00 0.027183
5 6 300.00 0.557427
157 178 300.00 0.212120
157 89 300.00 0.420190
222 6 300.00 0.372090
222 223 300.00 0.060757
222 179 300.00 0.428917
7 199 300.00 0.196500
7 217 300.00 0.264643
199 8 300.00 0.169610
199 200 300.00 0.418013
217 149 300.00 0.363540
217 58 300.00 0.270083
8 97 300.00 0.342470
97 42 300.00 0.397510
97 200 300.00 0.184937
97 150 300.00 0.211647
149 9 300.00 0.270917
149 148 300.00 0.237297
149 151 300.00 0.264473
149 217 300.00 0.363540
9 149 300.00 0.270917
9 8 300.00 0.100907
148 10 300.00 0.162497
148 147 300.00 0.177863
148 149 300.00 0.237297
10 148 300.00 0.162497
10 98 300.00 0.395637
10 11 300.00 0.185377
98 10 300.00 0.395637
98 201 300.00 0.050377
98 150 300.00 0.185383
11 10 300.00 0.185377
11 202 300.00 0.392827
11 120 300.00 0.335797
202 11 300.00 0.392827
202 99 300.00 0.341850
202 203 300.00 0.383187
120 147 300.00 0.197210
120 123 300.00 0.262133
13 12 300.00 0.376903
13 45 300.00 0.337400
45 46 300.00 0.374520
45 14 300.00 0.296970
212 211 300.00 0.374147
212 213 300.00 0.416583
212 19 300.00 0.301690
39 40 300.00 0.294603
39 102 300.00 0.382720
15 151 300.00 0.099957
151 149 300.00 0.264473
151 58 300.00 0.265707
151 198 300.00 0.280343
16 26 300.00 0.026953
16 184 300.00 0.353573
26 71 300.00 0.369980
184 94 300.00 0.383933
184 25 300.00 0.342250
17 115 300.00 0.350943
17 136 300.00 0.359500
115 114 300.00 0.356067
115 35 300.00 0.376653
115 116 300.00 0.380330
18 211 300.00 0.299320
18 19 300.00 0.372613
211 0 300.00 0.301903
19 18 300.00 0.372613
19 38 300.00 0.418563
19 156 300.00 0.247690
38 19 300.00 0.418563
38 103 300.00 0.387837
38 213 300.00 0.302287
156 154 300.00 0.421007
156 104 300.00 0.294950
21 20 300.00 0.374770
21 54 300.00 0.301797
20 21 300.00 0.374770
20 53 300.00 0.350460
53 60 300.00 0.353837
53 105 300.00 0.394053
54 53 300.00 0.375870
54 131 300.00 0.413887
22 21 300.00 0.079743
22 228 300.00 0.127840
228 22 300.00 0.127840
228 226 300.00 0.033650
228 230 300.00 0.388990
23 185 300.00 0.265460
23 227 300.00 0.133887
185 91 300.00 0.379573
185 192 300.00 0.136327
227 23 300.00 0.133887
227 226 300.00 0.080507
227 229 300.00 0.395407
24 23 300.00 0.073470
25 95 300.00 0.377180
25 57 300.00 0.297707
95 90 300.00 0.377993
95 94 300.00 0.339950
57 96 300.00 0.371387
57 128 300.00 0.409127
71 107 300.00 0.380157
71 73 300.00 0.361867
27 77 300.00 0.044420
27 28 300.00 0.371273
77 72 300.00 0.373847
77 78 300.00 0.379177
28 25 300.00 0.026173
28 26 300.00 0.695673
29 44 300.00 0.349630
44 101 300.00 0.377367
44 30 300.00 0.278150
30 68 300.00 0.373147
30 191 300.00 0.207940
68 69 300.00 0.280590
68 133 300.00 0.373070
191 215 300.00 0.129470
191 230 300.00 0.122953
31 173 300.00 0.265107
31 231 300.00 0.165840
31 138 300.00 0.372293
231 31 300.00 0.165840
138 35 300.00 0.351587
138 114 300.00 0.377657
32 34 300.00 0.033743
32 17 300.00 0.381727
34 142 300.00 0.361670
34 80 300.00 0.371537
33 17 300.00 0.032277
33 34 300.00 0.381293
142 141 300.00 0.374300
142 143 300.00 0.373180
142 75 300.00 0.384780
80 172 300.00 0.390017
80 141 300.00 0.363757
35 76 300.00 0.386917
35 137 300.00 0.375503
76 116 300.00 0.370897
76 137 300.00 0.720353
137 76 300.00 0.720353
137 31 300.00 0.348173
36 82 300.00 0.260347
82 144 300.00 0.382517
82 106 300.00 0.374643
82 87 300.00 0.366793
37 42 300.00 0.450787
37 201 300.00 0.389957
42 97 300.00 0.397510
42 176 300.00 0.406143
201 98 300.00 0.050377
201 99 300.00 0.387293
201 11 300.00 0.355170
103 38 300.00 0.387837
103 20 300.00 0.053730
213 212 300.00 0.416583
213 39 300.00 0.306243
213 214 300.00 0.382810
40 41 300.00 0.340763
40 45 300.00 0.415213
102 101 300.00 0.285867
102 214 300.00 0.310237
102 30 300.00 0.380150
41 13 300.00 0.414327
176 118 300.00 0.398080
43 92 300.00 0.374780
43 16 300.00 0.265703
92 134 300.00 0.381770
101 40 300.00 0.388037
101 102 300.00 0.285867
101 224 300.00 0.193990
47 124 300.00 0.416057
47 112 300.00 0.260380
124 197 300.00 0.304827
124 121 300.00 0.268673
112 60 300.00 0.391137
112 105 300.00 0.285443
48 51 300.00 0.264540
48 47 300.00 0.389103
51 126 300.00 0.375823
51 52 300.00 0.263583
49 174 300.00 0.271577
49 158 300.00 0.369897
174 175 300.00 0.271600
158 84 300.00 0.389750
158 61 300.00 0.268317
50 181 300.00 0.267043
50 198 300.00 0.158910
181 196 300.00 0.183270
181 197 300.00 0.061547
198 151 300.00 0.280343
198 197 300.00 0.286647
198 121 300.00 0.205940
126 65 300.00 0.379463
126 119 300.00 0.262850
52 120 300.00 0.390100
52 202 300.00 0.344807
60 48 300.00 0.263507
60 131 300.00 0.377417
105 104 300.00 0.425100
105 154 300.00 0.273543
131 67 300.00 0.378130
131 130 300.00 0.260807
55 193 300.00 0.226887
55 24 300.00 0.297707
193 54 300.00 0.152427
193 226 300.00 0.376543
56 55 300.00 0.376030
56 83 300.00 0.407120
83 194 300.00 0.249553
83 84 300.00 0.271040
96 195 300.00 0.137223
96 95 300.00 0.298063
128 129 300.00 0.024347
128 49 300.00 0.261787
58 50 300.00 0.255020
106 59 300.00 0.376697
106 82 300.00 0.374643
59 106 300.00 0.376697
59 71 300.00 0.367917
61 128 300.00 0.373260
61 96 300.00 0.405887
62 109 300.00 0.377777
62 166 300.00 0.273357
109 186 300.00 0.287020
166 127 300.00 0.376563
63 204 300.00 0.216680
63 210 300.00 0.417230
204 203 300.00 0.376450
204 205 300.00 0.368433
204 64 300.00 0.339733
210 81 300.00 0.413640
64 119 300.00 0.381137
64 65 300.00 0.260247
119 52 300.00 0.376400
119 203 300.00 0.339483
65 85 300.00 0.372477
65 66 300.00 0.266600
85 159 300.00 0.386337
85 86 300.00 0.262743
66 130 300.00 0.375173
66 67 300.00 0.265763
130 48 300.00 0.381713
130 126 300.00 0.267840
67 83 300.00 0.371820
67 55 300.00 0.412617
69 70 300.00 0.350067
69 44 300.00 0.371767
133 91 300.00 0.337660
133 93 300.00 0.381300
70 29 300.00 0.375547
107 106 300.00 0.363967
107 87 300.00 0.372443
73 27 300.00 0.337370
186 72 300.00 0.376250
186 162 300.00 0.202037
186 78 300.00 0.375897
72 186 300.00 0.376250
72 62 300.00 0.285750
74 188 300.00 0.184057
74 73 300.00 0.381723
188 107 300.00 0.188147
75 74 300.00 0.373067
75 79 300.00 0.375290
75 187 300.00 0.187490
79 75 300.00 0.375290
79 141 300.00 0.381457
79 160 300.00 0.175470
79 152 300.00 0.138780
187 75 300.00 0.187490
187 87 300.00 0.186070
187 188 300.00 0.371573
116 32 300.00 0.356377
116 117 300.00 0.376377
78 77 300.00 0.379177
78 160 300.00 0.200087
78 74 300.00 0.373397
160 78 300.00 0.200087
160 79 300.00 0.175470
160 162 300.00 0.368907
141 79 300.00 0.381457
141 80 300.00 0.363757
141 140 300.00 0.406337
141 142 300.00 0.374300
152 79 300.00 0.138780
152 88 300.00 0.433847
152 146 300.00 0.483273
172 163 300.00 0.239817
81 37 300.00 0.431740
144 82 300.00 0.382517
144 135 300.00 0.367077
144 143 300.00 0.361683
144 145 300.00 0.261380
87 143 300.00 0.381537
87 187 300.00 0.186070
194 195 300.00 0.408490
194 61 300.00 0.135860
84 66 300.00 0.370293
84 85 300.00 0.265567
159 174 300.00 0.371133
159 158 300.00 0.268583
86 64 300.00 0.369433
86 205 300.00 0.340483
205 204 300.00 0.368433
205 89 300.00 0.046123
143 142 300.00 0.373180
143 144 300.00 0.361683
143 33 300.00 0.362133
165 88 300.00 0.195883
165 170 300.00 0.206017
88 165 300.00 0.195883
88 146 300.00 0.186860
88 152 300.00 0.433847
146 88 300.00 0.186860
146 140 300.00 0.232130
146 152 300.00 0.483273
89 125 300.00 0.030893
89 63 300.00 0.406923
125 179 300.00 0.424140
90 24 300.00 0.377173
90 56 300.00 0.297690
91 90 300.00 0.343360
91 94 300.00 0.373427
91 185 300.00 0.379573
94 91 300.00 0.373427
94 184 300.00 0.383933
94 93 300.00 0.345790
134 133 300.00 0.313427
134 69 300.00 0.375897
93 92 300.00 0.275467
93 16 300.00 0.380930
195 194 300.00 0.408490
195 56 300.00 0.245527
200 97 300.00 0.184937
200 118 300.00 0.222873
200 199 300.00 0.418013
150 97 300.00 0.211647
150 98 300.00 0.185383
150 9 300.00 0.305047
99 81 300.00 0.217417
99 209 300.00 0.377927
99 201 300.00 0.387293
209 99 300.00 0.377927
209 210 300.00 0.039200
232 207 300.00 0.246397
171 167 300.00 0.979427
171 218 300.00 0.257300
224 101 300.00 0.193990
224 225 300.00 0.200940
214 213 300.00 0.382810
214 103 300.00 0.310330
214 215 300.00 0.382043
104 122 300.00 0.374437
104 110 300.00 0.214737
122 155 300.00 0.356027
110 112 300.00 0.412740
110 124 300.00 0.265940
154 38 300.00 0.203260
108 127 300.00 0.419860
108 139 300.00 0.205800
127 100 300.00 0.032930
127 3 300.00 0.418513
139 109 300.00 0.269730
139 166 300.00 0.381230
139 170 300.00 0.224487
111 110 300.00 0.370710
111 122 300.00 0.144487
114 113 300.00 0.264563
114 136 300.00 0.354357
114 115 300.00 0.356067
113 114 300.00 0.264563
117 76 300.00 0.729907
118 200 300.00 0.222873
118 7 300.00 0.513377
203 202 300.00 0.383187
203 204 300.00 0.376450
203 209 300.00 0.349090
147 15 300.00 0.221243
147 148 300.00 0.177863
123 51 300.00 0.392207
123 47 300.00 0.273900
121 123 300.00 0.417687
121 15 300.00 0.260033
155 156 300.00 0.368537
155 18 300.00 0.253437
197 196 300.00 0.192800
197 198 300.00 0.286647
179 157 300.00 0.027683
179 5 300.00 0.407883
132 32 300.00 0.372240
132 117 300.00 0.356757
135 144 300.00 0.367077
135 33 300.00 0.356367
170 139 300.00 0.224487
170 182 300.00 0.201560
140 141 300.00 0.406337
140 146 300.00 0.232130
140 169 300.00 0.235097
169 140 300.00 0.235097
169 161 300.00 0.087663
169 164 300.00 0.118600
145 144 300.00 0.261380
145 189 300.00 0.098807
189 36 300.00 0.286647
153 31 300.00 0.320717
178 86 300.00 0.385400
178 159 300.00 0.262507
162 165 300.00 0.286020
162 186 300.00 0.202037
161 169 300.00 0.087663
161 172 300.00 0.112417
163 167 300.00 0.028653
163 183 300.00 0.728507
167 180 300.00 0.032050
167 219 300.00 0.175970
183 182 300.00 0.174567
183 108 300.00 0.496147
164 169 300.00 0.118600
180 221 300.00 0.038547
180 163 300.00 0.028947
168 132 300.00 0.382770
168 177 300.00 0.309320
177 168 300.00 0.309320
182 183 300.00 0.174567
182 161 300.00 0.772240
218 171 300.00 0.257300
221 220 300.00 0.338330
221 168 300.00 0.203943
196 111 300.00 0.089057
192 68 300.00 0.200433
190 145 300.00 0.080100
215 214 300.00 0.382043
215 22 300.00 0.254610
230 228 300.00 0.388990
230 229 300.00 0.115603
226 193 300.00 0.376543
226 227 300.00 0.080507
226 228 300.00 0.033650
208 207 300.00 0.215520
207 208 300.00 0.215520
207 1 300.00 0.544517
216 63 300.00 0.042583
216 125 300.00 0.422560
220 221 300.00 0.338330
223 222 300.00 0.060757
225 224 300.00 0.200940
229 227 300.00 0.395407
229 192 300.00 0.130767
