198.000000 0.000000 300.000000 0.162120
0.000000 198.000000 300.000000 0.162120
161.000000 1.000000 300.000000 0.100180
1.000000 161.000000 300.000000 0.100180
2.000000 1.000000 300.000000 0.179843
1.000000 2.000000 300.000000 0.179843
234.000000 1.000000 300.000000 0.287503
1.000000 234.000000 300.000000 0.287503
207.000000 2.000000 300.000000 0.104307
2.000000 207.000000 300.000000 0.104307
3.000000 2.000000 300.000000 0.148930
2.000000 3.000000 300.000000 0.148930
1.000000 2.000000 300.000000 0.179843
2.000000 1.000000 300.000000 0.179843
209.000000 3.000000 300.000000 0.106923
3.000000 209.000000 300.000000 0.106923
4.000000 3.000000 300.000000 0.045210
3.000000 4.000000 300.000000 0.045210
2.000000 3.000000 300.000000 0.148930
3.000000 2.000000 300.000000 0.148930
162.000000 4.000000 300.000000 0.112950
4.000000 162.000000 300.000000 0.112950
3.000000 4.000000 300.000000 0.045210
4.000000 3.000000 300.000000 0.045210
5.000000 4.000000 300.000000 0.107207
4.000000 5.000000 300.000000 0.107207
210.000000 5.000000 300.000000 0.103297
5.000000 210.000000 300.000000 0.103297
6.000000 5.000000 300.000000 0.067717
5.000000 6.000000 300.000000 0.067717
4.000000 5.000000 300.000000 0.107207
5.000000 4.000000 300.000000 0.107207
211.000000 6.000000 300.000000 0.114567
6.000000 211.000000 300.000000 0.114567
7.000000 6.000000 300.000000 0.149313
6.000000 7.000000 300.000000 0.149313
5.000000 6.000000 300.000000 0.067717
6.000000 5.000000 300.000000 0.067717
212.000000 7.000000 300.000000 0.114260
7.000000 212.000000 300.000000 0.114260
6.000000 7.000000 300.000000 0.149313
7.000000 6.000000 300.000000 0.149313
9.000000 8.000000 300.000000 0.140550
8.000000 9.000000 300.000000 0.140550
244.000000 9.000000 300.000000 0.235097
9.000000 244.000000 300.000000 0.235097
174.000000 9.000000 300.000000 0.217723
9.000000 174.000000 300.000000 0.217723
8.000000 9.000000 300.000000 0.140550
9.000000 8.000000 300.000000 0.140550
168.000000 10.000000 300.000000 0.038553
10.000000 168.000000 300.000000 0.038553
12.000000 10.000000 300.000000 0.163517
10.000000 12.000000 300.000000 0.163517
172.000000 10.000000 300.000000 0.158327
10.000000 172.000000 300.000000 0.158327
13.000000 11.000000 300.000000 0.210377
11.000000 13.000000 300.000000 0.210377
18.000000 11.000000 300.000000 0.147563
11.000000 18.000000 300.000000 0.147563
174.000000 11.000000 300.000000 0.369300
11.000000 174.000000 300.000000 0.369300
217.000000 12.000000 300.000000 0.128263
12.000000 217.000000 300.000000 0.128263
16.000000 12.000000 300.000000 0.163837
12.000000 16.000000 300.000000 0.163837
10.000000 12.000000 300.000000 0.163517
12.000000 10.000000 300.000000 0.163517
220.000000 13.000000 300.000000 0.326710
13.000000 220.000000 300.000000 0.326710
15.000000 13.000000 300.000000 0.216350
13.000000 15.000000 300.000000 0.216350
11.000000 13.000000 300.000000 0.210377
13.000000 11.000000 300.000000 0.210377
17.000000 14.000000 300.000000 0.190953
14.000000 17.000000 300.000000 0.190953
270.000000 14.000000 300.000000 0.020810
14.000000 270.000000 300.000000 0.020810
170.000000 14.000000 300.000000 0.069760
14.000000 170.000000 300.000000 0.069760
178.000000 15.000000 300.000000 0.328637
15.000000 178.000000 300.000000 0.328637
270.000000 15.000000 300.000000 0.209887
15.000000 270.000000 300.000000 0.209887
13.000000 15.000000 300.000000 0.216350
15.000000 13.000000 300.000000 0.216350
219.000000 16.000000 300.000000 0.135953
16.000000 219.000000 300.000000 0.135953
12.000000 16.000000 300.000000 0.163837
16.000000 12.000000 300.000000 0.163837
271.000000 16.000000 300.000000 0.217873
16.000000 271.000000 300.000000 0.217873
173.000000 17.000000 300.000000 0.074453
17.000000 173.000000 300.000000 0.074453
185.000000 17.000000 300.000000 0.023423
17.000000 185.000000 300.000000 0.023423
14.000000 17.000000 300.000000 0.190953
17.000000 14.000000 300.000000 0.190953
244.000000 18.000000 300.000000 0.580970
18.000000 244.000000 300.000000 0.580970
11.000000 18.000000 300.000000 0.147563
18.000000 11.000000 300.000000 0.147563
177.000000 18.000000 300.000000 0.172780
18.000000 177.000000 300.000000 0.172780
183.000000 19.000000 300.000000 0.104247
19.000000 183.000000 300.000000 0.104247
222.000000 19.000000 300.000000 0.098210
19.000000 222.000000 300.000000 0.098210
187.000000 19.000000 300.000000 0.200637
19.000000 187.000000 300.000000 0.200637
191.000000 20.000000 300.000000 0.310893
20.000000 191.000000 300.000000 0.310893
241.000000 21.000000 300.000000 0.339533
21.000000 241.000000 300.000000 0.339533
22.000000 21.000000 300.000000 0.697540
21.000000 22.000000 300.000000 0.697540
181.000000 22.000000 300.000000 0.099137
22.000000 181.000000 300.000000 0.099137
23.000000 22.000000 300.000000 0.208930
22.000000 23.000000 300.000000 0.208930
21.000000 22.000000 300.000000 0.697540
22.000000 21.000000 300.000000 0.697540
24.000000 23.000000 300.000000 0.215220
23.000000 24.000000 300.000000 0.215220
227.000000 23.000000 300.000000 0.103677
23.000000 227.000000 300.000000 0.103677
22.000000 23.000000 300.000000 0.208930
23.000000 22.000000 300.000000 0.208930
176.000000 24.000000 300.000000 0.211573
24.000000 176.000000 300.000000 0.211573
23.000000 24.000000 300.000000 0.215220
24.000000 23.000000 300.000000 0.215220
182.000000 24.000000 300.000000 0.107017
24.000000 182.000000 300.000000 0.107017
188.000000 25.000000 300.000000 0.242037
25.000000 188.000000 300.000000 0.242037
229.000000 25.000000 300.000000 0.103177
25.000000 229.000000 300.000000 0.103177
176.000000 25.000000 300.000000 0.202753
25.000000 176.000000 300.000000 0.202753
28.000000 26.000000 300.000000 0.578583
26.000000 28.000000 300.000000 0.578583
268.000000 27.000000 300.000000 0.498877
27.000000 268.000000 300.000000 0.498877
29.000000 27.000000 300.000000 0.094783
27.000000 29.000000 300.000000 0.094783
32.000000 27.000000 300.000000 0.223940
27.000000 32.000000 300.000000 0.223940
35.000000 28.000000 300.000000 0.296330
28.000000 35.000000 300.000000 0.296330
26.000000 28.000000 300.000000 0.578583
28.000000 26.000000 300.000000 0.578583
281.000000 28.000000 300.000000 0.189730
28.000000 281.000000 300.000000 0.189730
27.000000 29.000000 300.000000 0.094783
29.000000 27.000000 300.000000 0.094783
30.000000 29.000000 300.000000 0.462947
29.000000 30.000000 300.000000 0.462947
235.000000 29.000000 300.000000 0.394400
29.000000 235.000000 300.000000 0.394400
29.000000 30.000000 300.000000 0.462947
30.000000 29.000000 300.000000 0.462947
33.000000 31.000000 300.000000 0.519477
31.000000 33.000000 300.000000 0.519477
268.000000 31.000000 300.000000 0.228767
31.000000 268.000000 300.000000 0.228767
36.000000 31.000000 300.000000 0.235707
31.000000 36.000000 300.000000 0.235707
34.000000 32.000000 300.000000 0.621953
32.000000 34.000000 300.000000 0.621953
33.000000 32.000000 300.000000 0.063513
32.000000 33.000000 300.000000 0.063513
27.000000 32.000000 300.000000 0.223940
32.000000 27.000000 300.000000 0.223940
31.000000 33.000000 300.000000 0.519477
33.000000 31.000000 300.000000 0.519477
37.000000 33.000000 300.000000 0.229937
33.000000 37.000000 300.000000 0.229937
32.000000 33.000000 300.000000 0.063513
33.000000 32.000000 300.000000 0.063513
32.000000 34.000000 300.000000 0.621953
34.000000 32.000000 300.000000 0.621953
38.000000 35.000000 300.000000 0.265640
35.000000 38.000000 300.000000 0.265640
28.000000 35.000000 300.000000 0.296330
35.000000 28.000000 300.000000 0.296330
36.000000 35.000000 300.000000 0.270700
35.000000 36.000000 300.000000 0.270700
31.000000 36.000000 300.000000 0.235707
36.000000 31.000000 300.000000 0.235707
37.000000 36.000000 300.000000 0.564000
36.000000 37.000000 300.000000 0.564000
35.000000 36.000000 300.000000 0.270700
36.000000 35.000000 300.000000 0.270700
36.000000 37.000000 300.000000 0.564000
37.000000 36.000000 300.000000 0.564000
33.000000 37.000000 300.000000 0.229937
37.000000 33.000000 300.000000 0.229937
273.000000 37.000000 300.000000 0.190023
37.000000 273.000000 300.000000 0.190023
39.000000 38.000000 300.000000 0.825290
38.000000 39.000000 300.000000 0.825290
247.000000 38.000000 300.000000 0.695947
38.000000 247.000000 300.000000 0.695947
236.000000 38.000000 300.000000 0.110837
38.000000 236.000000 300.000000 0.110837
35.000000 38.000000 300.000000 0.265640
38.000000 35.000000 300.000000 0.265640
38.000000 39.000000 300.000000 0.825290
39.000000 38.000000 300.000000 0.825290
288.000000 39.000000 300.000000 0.070780
39.000000 288.000000 300.000000 0.070780
273.000000 39.000000 300.000000 0.087997
39.000000 273.000000 300.000000 0.087997
276.000000 40.000000 300.000000 0.051443
40.000000 276.000000 300.000000 0.051443
275.000000 40.000000 300.000000 0.140067
40.000000 275.000000 300.000000 0.140067
42.000000 41.000000 300.000000 0.047857
41.000000 42.000000 300.000000 0.047857
276.000000 41.000000 300.000000 0.357247
41.000000 276.000000 300.000000 0.357247
41.000000 42.000000 300.000000 0.047857
42.000000 41.000000 300.000000 0.047857
120.000000 42.000000 300.000000 0.390857
42.000000 120.000000 300.000000 0.390857
139.000000 42.000000 300.000000 0.539127
42.000000 139.000000 300.000000 0.539127
253.000000 43.000000 300.000000 0.142373
43.000000 253.000000 300.000000 0.142373
252.000000 43.000000 300.000000 0.055870
43.000000 252.000000 300.000000 0.055870
140.000000 43.000000 300.000000 0.693393
43.000000 140.000000 300.000000 0.693393
46.000000 44.000000 300.000000 0.530517
44.000000 46.000000 300.000000 0.530517
45.000000 44.000000 300.000000 0.311687
44.000000 45.000000 300.000000 0.311687
253.000000 44.000000 300.000000 0.474003
44.000000 253.000000 300.000000 0.474003
47.000000 45.000000 300.000000 0.078533
45.000000 47.000000 300.000000 0.078533
50.000000 45.000000 300.000000 0.584103
45.000000 50.000000 300.000000 0.584103
44.000000 45.000000 300.000000 0.311687
45.000000 44.000000 300.000000 0.311687
44.000000 46.000000 300.000000 0.530517
46.000000 44.000000 300.000000 0.530517
48.000000 46.000000 300.000000 0.568070
46.000000 48.000000 300.000000 0.568070
49.000000 46.000000 300.000000 0.215043
46.000000 49.000000 300.000000 0.215043
237.000000 46.000000 300.000000 0.214350
46.000000 237.000000 300.000000 0.214350
49.000000 47.000000 300.000000 0.803933
47.000000 49.000000 300.000000 0.803933
52.000000 47.000000 300.000000 0.218720
47.000000 52.000000 300.000000 0.218720
45.000000 47.000000 300.000000 0.078533
47.000000 45.000000 300.000000 0.078533
46.000000 48.000000 300.000000 0.568070
48.000000 46.000000 300.000000 0.568070
51.000000 48.000000 300.000000 0.268163
48.000000 51.000000 300.000000 0.268163
238.000000 48.000000 300.000000 0.249043
48.000000 238.000000 300.000000 0.249043
47.000000 49.000000 300.000000 0.803933
49.000000 47.000000 300.000000 0.803933
51.000000 49.000000 300.000000 0.409720
49.000000 51.000000 300.000000 0.409720
53.000000 49.000000 300.000000 0.214447
49.000000 53.000000 300.000000 0.214447
46.000000 49.000000 300.000000 0.215043
49.000000 46.000000 300.000000 0.215043
138.000000 50.000000 300.000000 0.031347
50.000000 138.000000 300.000000 0.031347
45.000000 50.000000 300.000000 0.584103
50.000000 45.000000 300.000000 0.584103
263.000000 50.000000 300.000000 0.725593
50.000000 263.000000 300.000000 0.725593
49.000000 51.000000 300.000000 0.409720
51.000000 49.000000 300.000000 0.409720
55.000000 51.000000 300.000000 0.226910
51.000000 55.000000 300.000000 0.226910
48.000000 51.000000 300.000000 0.268163
51.000000 48.000000 300.000000 0.268163
138.000000 52.000000 300.000000 0.520227
52.000000 138.000000 300.000000 0.520227
53.000000 52.000000 300.000000 0.806467
52.000000 53.000000 300.000000 0.806467
54.000000 52.000000 300.000000 0.209987
52.000000 54.000000 300.000000 0.209987
47.000000 52.000000 300.000000 0.218720
52.000000 47.000000 300.000000 0.218720
52.000000 53.000000 300.000000 0.806467
53.000000 52.000000 300.000000 0.806467
55.000000 53.000000 300.000000 0.321910
53.000000 55.000000 300.000000 0.321910
56.000000 53.000000 300.000000 0.216493
53.000000 56.000000 300.000000 0.216493
49.000000 53.000000 300.000000 0.214447
53.000000 49.000000 300.000000 0.214447
56.000000 54.000000 300.000000 0.809583
54.000000 56.000000 300.000000 0.809583
137.000000 54.000000 300.000000 0.502823
54.000000 137.000000 300.000000 0.502823
57.000000 54.000000 300.000000 0.210443
54.000000 57.000000 300.000000 0.210443
52.000000 54.000000 300.000000 0.209987
54.000000 52.000000 300.000000 0.209987
53.000000 55.000000 300.000000 0.321910
55.000000 53.000000 300.000000 0.321910
58.000000 55.000000 300.000000 0.318490
55.000000 58.000000 300.000000 0.318490
51.000000 55.000000 300.000000 0.226910
55.000000 51.000000 300.000000 0.226910
58.000000 56.000000 300.000000 0.209113
56.000000 58.000000 300.000000 0.209113
54.000000 56.000000 300.000000 0.809583
56.000000 54.000000 300.000000 0.809583
59.000000 56.000000 300.000000 0.213877
56.000000 59.000000 300.000000 0.213877
53.000000 56.000000 300.000000 0.216493
56.000000 53.000000 300.000000 0.216493
61.000000 57.000000 300.000000 0.221300
57.000000 61.000000 300.000000 0.221300
54.000000 57.000000 300.000000 0.210443
57.000000 54.000000 300.000000 0.210443
59.000000 57.000000 300.000000 0.808907
57.000000 59.000000 300.000000 0.808907
56.000000 58.000000 300.000000 0.209113
58.000000 56.000000 300.000000 0.209113
60.000000 58.000000 300.000000 0.202883
58.000000 60.000000 300.000000 0.202883
55.000000 58.000000 300.000000 0.318490
58.000000 55.000000 300.000000 0.318490
60.000000 59.000000 300.000000 0.212053
59.000000 60.000000 300.000000 0.212053
56.000000 59.000000 300.000000 0.213877
59.000000 56.000000 300.000000 0.213877
57.000000 59.000000 300.000000 0.808907
59.000000 57.000000 300.000000 0.808907
62.000000 59.000000 300.000000 0.221373
59.000000 62.000000 300.000000 0.221373
59.000000 60.000000 300.000000 0.212053
60.000000 59.000000 300.000000 0.212053
58.000000 60.000000 300.000000 0.202883
60.000000 58.000000 300.000000 0.202883
63.000000 60.000000 300.000000 0.214380
60.000000 63.000000 300.000000 0.214380
135.000000 61.000000 300.000000 0.402697
61.000000 135.000000 300.000000 0.402697
250.000000 61.000000 300.000000 0.206547
61.000000 250.000000 300.000000 0.206547
57.000000 61.000000 300.000000 0.221300
61.000000 57.000000 300.000000 0.221300
62.000000 61.000000 300.000000 0.808123
61.000000 62.000000 300.000000 0.808123
136.000000 62.000000 300.000000 0.213293
62.000000 136.000000 300.000000 0.213293
63.000000 62.000000 300.000000 0.231013
62.000000 63.000000 300.000000 0.231013
61.000000 62.000000 300.000000 0.808123
62.000000 61.000000 300.000000 0.808123
59.000000 62.000000 300.000000 0.221373
62.000000 59.000000 300.000000 0.221373
265.000000 63.000000 300.000000 0.021560
63.000000 265.000000 300.000000 0.021560
62.000000 63.000000 300.000000 0.231013
63.000000 62.000000 300.000000 0.231013
60.000000 63.000000 300.000000 0.214380
63.000000 60.000000 300.000000 0.214380
136.000000 64.000000 300.000000 0.193257
64.000000 136.000000 300.000000 0.193257
251.000000 64.000000 300.000000 0.975213
64.000000 251.000000 300.000000 0.975213
264.000000 64.000000 300.000000 0.243247
64.000000 264.000000 300.000000 0.243247
88.000000 66.000000 300.000000 0.259993
66.000000 88.000000 300.000000 0.259993
87.000000 66.000000 300.000000 0.151763
66.000000 87.000000 300.000000 0.151763
85.000000 66.000000 300.000000 0.355717
66.000000 85.000000 300.000000 0.355717
71.000000 67.000000 300.000000 0.026933
67.000000 71.000000 300.000000 0.026933
67.000000 98.000000 300.000000 0.158227
68.000000 257.000000 300.000000 0.172387
90.000000 68.000000 300.000000 0.031760
68.000000 90.000000 300.000000 0.031760
69.000000 262.000000 300.000000 0.175110
124.000000 69.000000 300.000000 0.108613
69.000000 124.000000 300.000000 0.108613
74.000000 69.000000 300.000000 0.031217
69.000000 74.000000 300.000000 0.031217
70.000000 74.000000 300.000000 0.167937
262.000000 70.000000 300.000000 0.028970
70.000000 262.000000 300.000000 0.028970
73.000000 70.000000 300.000000 0.434713
70.000000 73.000000 300.000000 0.434713
67.000000 71.000000 300.000000 0.026933
71.000000 67.000000 300.000000 0.026933
72.000000 70.000000 300.000000 0.050713
263.000000 72.000000 300.000000 0.284543
72.000000 263.000000 300.000000 0.284543
278.000000 73.000000 300.000000 0.049600
73.000000 278.000000 300.000000 0.049600
266.000000 73.000000 300.000000 0.134417
73.000000 266.000000 300.000000 0.134417
70.000000 73.000000 300.000000 0.434713
73.000000 70.000000 300.000000 0.434713
74.000000 84.000000 300.000000 0.167523
69.000000 74.000000 300.000000 0.031217
74.000000 69.000000 300.000000 0.031217
266.000000 74.000000 300.000000 0.448657
74.000000 266.000000 300.000000 0.448657
75.000000 77.000000 300.000000 0.168910
76.000000 75.000000 300.000000 0.441803
75.000000 76.000000 300.000000 0.441803
113.000000 75.000000 300.000000 0.032003
75.000000 113.000000 300.000000 0.032003
75.000000 76.000000 300.000000 0.441803
76.000000 75.000000 300.000000 0.441803
97.000000 76.000000 300.000000 0.173523
76.000000 97.000000 300.000000 0.173523
79.000000 76.000000 300.000000 0.170477
76.000000 79.000000 300.000000 0.170477
77.000000 95.000000 300.000000 0.558007
97.000000 77.000000 300.000000 0.446557
77.000000 97.000000 300.000000 0.446557
242.000000 77.000000 300.000000 0.031670
77.000000 242.000000 300.000000 0.031670
78.000000 75.000000 300.000000 0.166060
79.000000 78.000000 300.000000 0.437500
78.000000 79.000000 300.000000 0.437500
115.000000 78.000000 300.000000 0.031597
78.000000 115.000000 300.000000 0.031597
78.000000 79.000000 300.000000 0.437500
79.000000 78.000000 300.000000 0.437500
76.000000 79.000000 300.000000 0.170477
79.000000 76.000000 300.000000 0.170477
80.000000 78.000000 300.000000 0.173950
243.000000 80.000000 300.000000 0.031893
80.000000 243.000000 300.000000 0.031893
82.000000 80.000000 300.000000 0.592037
80.000000 82.000000 300.000000 0.592037
81.000000 80.000000 300.000000 0.171033
290.000000 81.000000 300.000000 0.320270
81.000000 290.000000 300.000000 0.320270
259.000000 81.000000 300.000000 0.030393
81.000000 259.000000 300.000000 0.030393
290.000000 82.000000 300.000000 0.104590
82.000000 290.000000 300.000000 0.104590
80.000000 82.000000 300.000000 0.592037
82.000000 80.000000 300.000000 0.592037
83.000000 81.000000 300.000000 0.166463
291.000000 83.000000 300.000000 0.320397
83.000000 291.000000 300.000000 0.320397
261.000000 83.000000 300.000000 0.029070
83.000000 261.000000 300.000000 0.029070
84.000000 83.000000 300.000000 0.168897
260.000000 84.000000 300.000000 0.029877
84.000000 260.000000 300.000000 0.029877
291.000000 84.000000 300.000000 0.665953
84.000000 291.000000 300.000000 0.665953
86.000000 85.000000 300.000000 0.261143
85.000000 86.000000 300.000000 0.261143
66.000000 85.000000 300.000000 0.355717
85.000000 66.000000 300.000000 0.355717
87.000000 86.000000 300.000000 0.338867
86.000000 87.000000 300.000000 0.338867
85.000000 86.000000 300.000000 0.261143
86.000000 85.000000 300.000000 0.261143
86.000000 87.000000 300.000000 0.338867
87.000000 86.000000 300.000000 0.338867
66.000000 87.000000 300.000000 0.151763
87.000000 66.000000 300.000000 0.151763
144.000000 88.000000 300.000000 0.404823
88.000000 144.000000 300.000000 0.404823
66.000000 88.000000 300.000000 0.259993
88.000000 66.000000 300.000000 0.259993
89.000000 258.000000 300.000000 0.016137
254.000000 89.000000 300.000000 0.030967
89.000000 254.000000 300.000000 0.030967
90.000000 89.000000 300.000000 0.169623
68.000000 90.000000 300.000000 0.031760
90.000000 68.000000 300.000000 0.031760
91.000000 90.000000 300.000000 1.042360
90.000000 91.000000 300.000000 1.042360
91.000000 90.000000 300.000000 0.173157
257.000000 91.000000 300.000000 0.031893
91.000000 257.000000 300.000000 0.031893
92.000000 91.000000 300.000000 0.166113
256.000000 92.000000 300.000000 0.033253
92.000000 256.000000 300.000000 0.033253
94.000000 92.000000 300.000000 0.611907
92.000000 94.000000 300.000000 0.611907
93.000000 92.000000 300.000000 0.174400
94.000000 93.000000 300.000000 0.444553
93.000000 94.000000 300.000000 0.444553
255.000000 93.000000 300.000000 0.033610
93.000000 255.000000 300.000000 0.033610
93.000000 94.000000 300.000000 0.444553
94.000000 93.000000 300.000000 0.444553
96.000000 94.000000 300.000000 0.170707
94.000000 96.000000 300.000000 0.170707
92.000000 94.000000 300.000000 0.611907
94.000000 92.000000 300.000000 0.611907
95.000000 93.000000 300.000000 0.168183
99.000000 95.000000 300.000000 0.036473
95.000000 99.000000 300.000000 0.036473
96.000000 95.000000 300.000000 0.444153
95.000000 96.000000 300.000000 0.444153
267.000000 96.000000 300.000000 0.255363
96.000000 267.000000 300.000000 0.255363
94.000000 96.000000 300.000000 0.170707
96.000000 94.000000 300.000000 0.170707
95.000000 96.000000 300.000000 0.444153
96.000000 95.000000 300.000000 0.444153
77.000000 97.000000 300.000000 0.446557
97.000000 77.000000 300.000000 0.446557
76.000000 97.000000 300.000000 0.173523
97.000000 76.000000 300.000000 0.173523
267.000000 97.000000 300.000000 0.294720
97.000000 267.000000 300.000000 0.294720
98.000000 254.000000 300.000000 0.015540
258.000000 98.000000 300.000000 0.031560
98.000000 258.000000 300.000000 0.031560
102.000000 98.000000 300.000000 0.238660
98.000000 102.000000 300.000000 0.238660
99.000000 104.000000 300.000000 0.212080
95.000000 99.000000 300.000000 0.036473
99.000000 95.000000 300.000000 0.036473
103.000000 99.000000 300.000000 0.218343
99.000000 103.000000 300.000000 0.218343
101.000000 100.000000 300.000000 0.491463
100.000000 101.000000 300.000000 0.491463
240.000000 100.000000 300.000000 0.291567
100.000000 240.000000 300.000000 0.291567
102.000000 100.000000 300.000000 0.245153
100.000000 102.000000 300.000000 0.245153
103.000000 101.000000 300.000000 0.242987
101.000000 103.000000 300.000000 0.242987
100.000000 101.000000 300.000000 0.491463
101.000000 100.000000 300.000000 0.491463
105.000000 101.000000 300.000000 0.460753
101.000000 105.000000 300.000000 0.460753
103.000000 102.000000 300.000000 0.724500
102.000000 103.000000 300.000000 0.724500
100.000000 102.000000 300.000000 0.245153
102.000000 100.000000 300.000000 0.245153
98.000000 102.000000 300.000000 0.238660
102.000000 98.000000 300.000000 0.238660
101.000000 103.000000 300.000000 0.242987
103.000000 101.000000 300.000000 0.242987
102.000000 103.000000 300.000000 0.724500
103.000000 102.000000 300.000000 0.724500
99.000000 103.000000 300.000000 0.218343
103.000000 99.000000 300.000000 0.218343
104.000000 107.000000 300.000000 0.282793
109.000000 104.000000 300.000000 0.228407
104.000000 109.000000 300.000000 0.228407
142.000000 105.000000 300.000000 0.363177
105.000000 142.000000 300.000000 0.363177
111.000000 105.000000 300.000000 0.297623
105.000000 111.000000 300.000000 0.297623
101.000000 105.000000 300.000000 0.460753
105.000000 101.000000 300.000000 0.460753
142.000000 106.000000 300.000000 0.196057
106.000000 142.000000 300.000000 0.196057
143.000000 106.000000 300.000000 0.623883
106.000000 143.000000 300.000000 0.623883
106.000000 292.000000 300.000000 0.306047
107.000000 108.000000 300.000000 0.036510
107.000000 110.000000 300.000000 0.214027
108.000000 242.000000 300.000000 0.020083
111.000000 109.000000 300.000000 0.243707
109.000000 111.000000 300.000000 0.243707
110.000000 109.000000 300.000000 0.353970
109.000000 110.000000 300.000000 0.353970
104.000000 109.000000 300.000000 0.228407
109.000000 104.000000 300.000000 0.228407
109.000000 110.000000 300.000000 0.353970
110.000000 109.000000 300.000000 0.353970
110.000000 112.000000 300.000000 0.213740
109.000000 111.000000 300.000000 0.243707
111.000000 109.000000 300.000000 0.243707
112.000000 111.000000 300.000000 0.444560
111.000000 112.000000 300.000000 0.444560
105.000000 111.000000 300.000000 0.297623
111.000000 105.000000 300.000000 0.297623
111.000000 112.000000 300.000000 0.444560
112.000000 111.000000 300.000000 0.444560
112.000000 106.000000 300.000000 0.263347
292.000000 112.000000 300.000000 0.053837
112.000000 292.000000 300.000000 0.053837
113.000000 115.000000 300.000000 0.163867
75.000000 113.000000 300.000000 0.032003
113.000000 75.000000 300.000000 0.032003
114.000000 113.000000 300.000000 0.692103
113.000000 114.000000 300.000000 0.692103
113.000000 114.000000 300.000000 0.692103
114.000000 113.000000 300.000000 0.692103
115.000000 243.000000 300.000000 0.174163
78.000000 115.000000 300.000000 0.031597
115.000000 78.000000 300.000000 0.031597
118.000000 115.000000 300.000000 0.208487
115.000000 118.000000 300.000000 0.208487
122.000000 116.000000 300.000000 0.403220
116.000000 122.000000 300.000000 0.403220
117.000000 116.000000 300.000000 0.474413
116.000000 117.000000 300.000000 0.474413
118.000000 117.000000 300.000000 0.219590
117.000000 118.000000 300.000000 0.219590
116.000000 117.000000 300.000000 0.474413
117.000000 116.000000 300.000000 0.474413
117.000000 118.000000 300.000000 0.219590
118.000000 117.000000 300.000000 0.219590
115.000000 118.000000 300.000000 0.208487
118.000000 115.000000 300.000000 0.208487
119.000000 118.000000 300.000000 0.860703
118.000000 119.000000 300.000000 0.860703
128.000000 119.000000 300.000000 0.256497
119.000000 128.000000 300.000000 0.256497
118.000000 119.000000 300.000000 0.860703
119.000000 118.000000 300.000000 0.860703
126.000000 119.000000 300.000000 0.105163
119.000000 126.000000 300.000000 0.105163
124.000000 119.000000 300.000000 0.102070
119.000000 124.000000 300.000000 0.102070
278.000000 120.000000 300.000000 0.117017
120.000000 278.000000 300.000000 0.117017
42.000000 120.000000 300.000000 0.390857
120.000000 42.000000 300.000000 0.390857
121.000000 120.000000 300.000000 0.305380
120.000000 121.000000 300.000000 0.305380
120.000000 121.000000 300.000000 0.305380
121.000000 120.000000 300.000000 0.305380
123.000000 122.000000 300.000000 0.292310
122.000000 123.000000 300.000000 0.292310
116.000000 122.000000 300.000000 0.403220
122.000000 116.000000 300.000000 0.403220
126.000000 122.000000 300.000000 0.106750
122.000000 126.000000 300.000000 0.106750
122.000000 123.000000 300.000000 0.292310
123.000000 122.000000 300.000000 0.292310
119.000000 124.000000 300.000000 0.102070
124.000000 119.000000 300.000000 0.102070
69.000000 124.000000 300.000000 0.108613
124.000000 69.000000 300.000000 0.108613
125.000000 124.000000 300.000000 0.251990
124.000000 125.000000 300.000000 0.251990
124.000000 125.000000 300.000000 0.251990
125.000000 124.000000 300.000000 0.251990
122.000000 126.000000 300.000000 0.106750
126.000000 122.000000 300.000000 0.106750
119.000000 126.000000 300.000000 0.105163
126.000000 119.000000 300.000000 0.105163
127.000000 126.000000 300.000000 0.269297
126.000000 127.000000 300.000000 0.269297
126.000000 127.000000 300.000000 0.269297
127.000000 126.000000 300.000000 0.269297
119.000000 128.000000 300.000000 0.256497
128.000000 119.000000 300.000000 0.256497
133.000000 129.000000 300.000000 0.065723
129.000000 133.000000 300.000000 0.065723
135.000000 129.000000 300.000000 0.067920
129.000000 135.000000 300.000000 0.067920
132.000000 129.000000 300.000000 0.214597
129.000000 132.000000 300.000000 0.214597
132.000000 130.000000 300.000000 0.156800
130.000000 132.000000 300.000000 0.156800
137.000000 130.000000 300.000000 0.059357
130.000000 137.000000 300.000000 0.059357
131.000000 130.000000 300.000000 0.238643
130.000000 131.000000 300.000000 0.238643
130.000000 131.000000 300.000000 0.238643
131.000000 130.000000 300.000000 0.238643
132.000000 131.000000 300.000000 0.199593
131.000000 132.000000 300.000000 0.199593
134.000000 131.000000 300.000000 0.275907
131.000000 134.000000 300.000000 0.275907
129.000000 132.000000 300.000000 0.214597
132.000000 129.000000 300.000000 0.214597
130.000000 132.000000 300.000000 0.156800
132.000000 130.000000 300.000000 0.156800
239.000000 132.000000 300.000000 0.371403
132.000000 239.000000 300.000000 0.371403
131.000000 132.000000 300.000000 0.199593
132.000000 131.000000 300.000000 0.199593
134.000000 133.000000 300.000000 0.270777
133.000000 134.000000 300.000000 0.270777
129.000000 133.000000 300.000000 0.065723
133.000000 129.000000 300.000000 0.065723
133.000000 134.000000 300.000000 0.270777
134.000000 133.000000 300.000000 0.270777
131.000000 134.000000 300.000000 0.275907
134.000000 131.000000 300.000000 0.275907
129.000000 135.000000 300.000000 0.067920
135.000000 129.000000 300.000000 0.067920
61.000000 135.000000 300.000000 0.402697
135.000000 61.000000 300.000000 0.402697
250.000000 135.000000 300.000000 0.601637
135.000000 250.000000 300.000000 0.601637
64.000000 136.000000 300.000000 0.193257
136.000000 64.000000 300.000000 0.193257
62.000000 136.000000 300.000000 0.213293
136.000000 62.000000 300.000000 0.213293
251.000000 136.000000 300.000000 0.751577
136.000000 251.000000 300.000000 0.751577
54.000000 137.000000 300.000000 0.502823
137.000000 54.000000 300.000000 0.502823
130.000000 137.000000 300.000000 0.059357
137.000000 130.000000 300.000000 0.059357
138.000000 137.000000 300.000000 0.207683
137.000000 138.000000 300.000000 0.207683
52.000000 138.000000 300.000000 0.520227
138.000000 52.000000 300.000000 0.520227
137.000000 138.000000 300.000000 0.207683
138.000000 137.000000 300.000000 0.207683
50.000000 138.000000 300.000000 0.031347
138.000000 50.000000 300.000000 0.031347
42.000000 139.000000 300.000000 0.539127
139.000000 42.000000 300.000000 0.539127
246.000000 140.000000 300.000000 0.098207
140.000000 246.000000 300.000000 0.098207
43.000000 140.000000 300.000000 0.693393
140.000000 43.000000 300.000000 0.693393
272.000000 140.000000 300.000000 1.844647
140.000000 272.000000 300.000000 1.844647
143.000000 141.000000 300.000000 0.206310
141.000000 143.000000 300.000000 0.206310
145.000000 141.000000 300.000000 0.192483
141.000000 145.000000 300.000000 0.192483
142.000000 141.000000 300.000000 0.628887
141.000000 142.000000 300.000000 0.628887
106.000000 142.000000 300.000000 0.196057
142.000000 106.000000 300.000000 0.196057
105.000000 142.000000 300.000000 0.363177
142.000000 105.000000 300.000000 0.363177
141.000000 142.000000 300.000000 0.628887
142.000000 141.000000 300.000000 0.628887
141.000000 143.000000 300.000000 0.206310
143.000000 141.000000 300.000000 0.206310
106.000000 143.000000 300.000000 0.623883
143.000000 106.000000 300.000000 0.623883
231.000000 143.000000 300.000000 0.578290
143.000000 231.000000 300.000000 0.578290
145.000000 144.000000 300.000000 0.276560
144.000000 145.000000 300.000000 0.276560
88.000000 144.000000 300.000000 0.404823
144.000000 88.000000 300.000000 0.404823
141.000000 145.000000 300.000000 0.192483
145.000000 141.000000 300.000000 0.192483
144.000000 145.000000 300.000000 0.276560
145.000000 144.000000 300.000000 0.276560
146.000000 145.000000 300.000000 0.213957
145.000000 146.000000 300.000000 0.213957
145.000000 146.000000 300.000000 0.213957
146.000000 145.000000 300.000000 0.213957
148.000000 146.000000 300.000000 0.260590
146.000000 148.000000 300.000000 0.260590
231.000000 147.000000 300.000000 0.261447
147.000000 231.000000 300.000000 0.261447
150.000000 147.000000 300.000000 0.456730
147.000000 150.000000 300.000000 0.456730
152.000000 147.000000 300.000000 0.357587
147.000000 152.000000 300.000000 0.357587
231.000000 148.000000 300.000000 0.266887
148.000000 231.000000 300.000000 0.266887
146.000000 148.000000 300.000000 0.260590
148.000000 146.000000 300.000000 0.260590
149.000000 148.000000 300.000000 0.281727
148.000000 149.000000 300.000000 0.281727
148.000000 149.000000 300.000000 0.281727
149.000000 148.000000 300.000000 0.281727
147.000000 150.000000 300.000000 0.456730
150.000000 147.000000 300.000000 0.456730
152.000000 151.000000 300.000000 0.226127
151.000000 152.000000 300.000000 0.226127
151.000000 152.000000 300.000000 0.226127
152.000000 151.000000 300.000000 0.226127
147.000000 152.000000 300.000000 0.357587
152.000000 147.000000 300.000000 0.357587
279.000000 153.000000 300.000000 0.240627
153.000000 279.000000 300.000000 0.240627
156.000000 153.000000 300.000000 0.087530
153.000000 156.000000 300.000000 0.087530
197.000000 153.000000 300.000000 0.179733
153.000000 197.000000 300.000000 0.179733
202.000000 154.000000 300.000000 0.084200
154.000000 202.000000 300.000000 0.084200
198.000000 154.000000 300.000000 0.153380
154.000000 198.000000 300.000000 0.153380
202.000000 155.000000 300.000000 0.206050
155.000000 202.000000 300.000000 0.206050
157.000000 155.000000 300.000000 0.096660
155.000000 157.000000 300.000000 0.096660
153.000000 156.000000 300.000000 0.087530
156.000000 153.000000 300.000000 0.087530
158.000000 156.000000 300.000000 0.084380
156.000000 158.000000 300.000000 0.084380
199.000000 156.000000 300.000000 0.180823
156.000000 199.000000 300.000000 0.180823
205.000000 157.000000 300.000000 0.226533
157.000000 205.000000 300.000000 0.226533
159.000000 157.000000 300.000000 0.095537
157.000000 159.000000 300.000000 0.095537
155.000000 157.000000 300.000000 0.096660
157.000000 155.000000 300.000000 0.096660
156.000000 158.000000 300.000000 0.084380
158.000000 156.000000 300.000000 0.084380
160.000000 158.000000 300.000000 0.087977
158.000000 160.000000 300.000000 0.087977
201.000000 158.000000 300.000000 0.182183
158.000000 201.000000 300.000000 0.182183
157.000000 159.000000 300.000000 0.095537
159.000000 157.000000 300.000000 0.095537
208.000000 159.000000 300.000000 0.248627
159.000000 208.000000 300.000000 0.248627
158.000000 160.000000 300.000000 0.087977
160.000000 158.000000 300.000000 0.087977
161.000000 160.000000 300.000000 0.088987
160.000000 161.000000 300.000000 0.088987
204.000000 160.000000 300.000000 0.180447
160.000000 204.000000 300.000000 0.180447
160.000000 161.000000 300.000000 0.088987
161.000000 160.000000 300.000000 0.088987
1.000000 161.000000 300.000000 0.100180
161.000000 1.000000 300.000000 0.100180
207.000000 161.000000 300.000000 0.179123
161.000000 207.000000 300.000000 0.179123
4.000000 162.000000 300.000000 0.112950
162.000000 4.000000 300.000000 0.112950
211.000000 162.000000 300.000000 0.170767
162.000000 211.000000 300.000000 0.170767
233.000000 162.000000 300.000000 0.088467
162.000000 233.000000 300.000000 0.088467
167.000000 163.000000 300.000000 0.066960
163.000000 167.000000 300.000000 0.066960
215.000000 163.000000 300.000000 0.167350
163.000000 215.000000 300.000000 0.167350
269.000000 163.000000 300.000000 0.061830
163.000000 269.000000 300.000000 0.061830
219.000000 164.000000 300.000000 0.170693
164.000000 219.000000 300.000000 0.170693
196.000000 164.000000 300.000000 0.033067
164.000000 196.000000 300.000000 0.033067
168.000000 165.000000 300.000000 0.093033
165.000000 168.000000 300.000000 0.093033
167.000000 165.000000 300.000000 0.013750
165.000000 167.000000 300.000000 0.013750
217.000000 165.000000 300.000000 0.166430
165.000000 217.000000 300.000000 0.166430
234.000000 166.000000 300.000000 0.161100
166.000000 234.000000 300.000000 0.161100
169.000000 166.000000 300.000000 0.088697
166.000000 169.000000 300.000000 0.088697
171.000000 166.000000 300.000000 0.208227
166.000000 171.000000 300.000000 0.208227
165.000000 167.000000 300.000000 0.013750
167.000000 165.000000 300.000000 0.013750
163.000000 167.000000 300.000000 0.066960
167.000000 163.000000 300.000000 0.066960
171.000000 167.000000 300.000000 0.141117
167.000000 171.000000 300.000000 0.141117
10.000000 168.000000 300.000000 0.038553
168.000000 10.000000 300.000000 0.038553
165.000000 168.000000 300.000000 0.093033
168.000000 165.000000 300.000000 0.093033
218.000000 168.000000 300.000000 0.139393
168.000000 218.000000 300.000000 0.139393
166.000000 169.000000 300.000000 0.088697
169.000000 166.000000 300.000000 0.088697
170.000000 169.000000 300.000000 0.091593
169.000000 170.000000 300.000000 0.091593
218.000000 169.000000 300.000000 0.209437
169.000000 218.000000 300.000000 0.209437
169.000000 170.000000 300.000000 0.091593
170.000000 169.000000 300.000000 0.091593
14.000000 170.000000 300.000000 0.069760
170.000000 14.000000 300.000000 0.069760
173.000000 170.000000 300.000000 0.196030
170.000000 173.000000 300.000000 0.196030
167.000000 171.000000 300.000000 0.141117
171.000000 167.000000 300.000000 0.141117
166.000000 171.000000 300.000000 0.208227
171.000000 166.000000 300.000000 0.208227
218.000000 171.000000 300.000000 0.095047
171.000000 218.000000 300.000000 0.095047
173.000000 172.000000 300.000000 0.015037
172.000000 173.000000 300.000000 0.015037
218.000000 172.000000 300.000000 0.081440
172.000000 218.000000 300.000000 0.081440
10.000000 172.000000 300.000000 0.158327
172.000000 10.000000 300.000000 0.158327
17.000000 173.000000 300.000000 0.074453
173.000000 17.000000 300.000000 0.074453
170.000000 173.000000 300.000000 0.196030
173.000000 170.000000 300.000000 0.196030
172.000000 173.000000 300.000000 0.015037
173.000000 172.000000 300.000000 0.015037
11.000000 174.000000 300.000000 0.369300
174.000000 11.000000 300.000000 0.369300
9.000000 174.000000 300.000000 0.217723
174.000000 9.000000 300.000000 0.217723
175.000000 174.000000 300.000000 0.577737
174.000000 175.000000 300.000000 0.577737
174.000000 175.000000 300.000000 0.577737
175.000000 174.000000 300.000000 0.577737
24.000000 176.000000 300.000000 0.211573
176.000000 24.000000 300.000000 0.211573
228.000000 176.000000 300.000000 0.102727
176.000000 228.000000 300.000000 0.102727
25.000000 176.000000 300.000000 0.202753
176.000000 25.000000 300.000000 0.202753
18.000000 177.000000 300.000000 0.172780
177.000000 18.000000 300.000000 0.172780
179.000000 177.000000 300.000000 0.098733
177.000000 179.000000 300.000000 0.098733
220.000000 177.000000 300.000000 0.209693
177.000000 220.000000 300.000000 0.209693
180.000000 178.000000 300.000000 0.092930
178.000000 180.000000 300.000000 0.092930
15.000000 178.000000 300.000000 0.328637
178.000000 15.000000 300.000000 0.328637
220.000000 178.000000 300.000000 0.216397
178.000000 220.000000 300.000000 0.216397
221.000000 178.000000 300.000000 0.218040
178.000000 221.000000 300.000000 0.218040
177.000000 179.000000 300.000000 0.098733
179.000000 177.000000 300.000000 0.098733
181.000000 179.000000 300.000000 0.100870
179.000000 181.000000 300.000000 0.100870
224.000000 179.000000 300.000000 0.211063
179.000000 224.000000 300.000000 0.211063
178.000000 180.000000 300.000000 0.092930
180.000000 178.000000 300.000000 0.092930
225.000000 180.000000 300.000000 0.213910
180.000000 225.000000 300.000000 0.213910
182.000000 180.000000 300.000000 0.094607
180.000000 182.000000 300.000000 0.094607
224.000000 180.000000 300.000000 0.217047
180.000000 224.000000 300.000000 0.217047
179.000000 181.000000 300.000000 0.100870
181.000000 179.000000 300.000000 0.100870
22.000000 181.000000 300.000000 0.099137
181.000000 22.000000 300.000000 0.099137
227.000000 181.000000 300.000000 0.212520
181.000000 227.000000 300.000000 0.212520
24.000000 182.000000 300.000000 0.107017
182.000000 24.000000 300.000000 0.107017
228.000000 182.000000 300.000000 0.212513
182.000000 228.000000 300.000000 0.212513
227.000000 182.000000 300.000000 0.218207
182.000000 227.000000 300.000000 0.218207
180.000000 182.000000 300.000000 0.094607
182.000000 180.000000 300.000000 0.094607
185.000000 183.000000 300.000000 0.099460
183.000000 185.000000 300.000000 0.099460
19.000000 183.000000 300.000000 0.104247
183.000000 19.000000 300.000000 0.104247
184.000000 183.000000 300.000000 0.463190
183.000000 184.000000 300.000000 0.463190
183.000000 184.000000 300.000000 0.463190
184.000000 183.000000 300.000000 0.463190
17.000000 185.000000 300.000000 0.023423
185.000000 17.000000 300.000000 0.023423
183.000000 185.000000 300.000000 0.099460
185.000000 183.000000 300.000000 0.099460
186.000000 185.000000 300.000000 0.341970
185.000000 186.000000 300.000000 0.341970
185.000000 186.000000 300.000000 0.341970
186.000000 185.000000 300.000000 0.341970
19.000000 187.000000 300.000000 0.200637
187.000000 19.000000 300.000000 0.200637
223.000000 187.000000 300.000000 0.097413
187.000000 223.000000 300.000000 0.097413
189.000000 187.000000 300.000000 0.229900
187.000000 189.000000 300.000000 0.229900
235.000000 188.000000 300.000000 0.109277
188.000000 235.000000 300.000000 0.109277
25.000000 188.000000 300.000000 0.242037
188.000000 25.000000 300.000000 0.242037
230.000000 188.000000 300.000000 0.108867
188.000000 230.000000 300.000000 0.108867
191.000000 189.000000 300.000000 0.100257
189.000000 191.000000 300.000000 0.100257
187.000000 189.000000 300.000000 0.229900
189.000000 187.000000 300.000000 0.229900
194.000000 190.000000 300.000000 0.110053
190.000000 194.000000 300.000000 0.110053
235.000000 190.000000 300.000000 0.084753
190.000000 235.000000 300.000000 0.084753
223.000000 191.000000 300.000000 0.226290
191.000000 223.000000 300.000000 0.226290
193.000000 191.000000 300.000000 0.103063
191.000000 193.000000 300.000000 0.103063
189.000000 191.000000 300.000000 0.100257
191.000000 189.000000 300.000000 0.100257
20.000000 191.000000 300.000000 0.310893
191.000000 20.000000 300.000000 0.310893
193.000000 192.000000 300.000000 0.215957
192.000000 193.000000 300.000000 0.215957
230.000000 192.000000 300.000000 0.100860
192.000000 230.000000 300.000000 0.100860
223.000000 192.000000 300.000000 0.099897
192.000000 223.000000 300.000000 0.099897
226.000000 192.000000 300.000000 0.225953
192.000000 226.000000 300.000000 0.225953
192.000000 193.000000 300.000000 0.215957
193.000000 192.000000 300.000000 0.215957
194.000000 193.000000 300.000000 0.106450
193.000000 194.000000 300.000000 0.106450
191.000000 193.000000 300.000000 0.103063
193.000000 191.000000 300.000000 0.103063
230.000000 194.000000 300.000000 0.205450
194.000000 230.000000 300.000000 0.205450
190.000000 194.000000 300.000000 0.110053
194.000000 190.000000 300.000000 0.110053
193.000000 194.000000 300.000000 0.106450
194.000000 193.000000 300.000000 0.106450
195.000000 194.000000 300.000000 0.295020
194.000000 195.000000 300.000000 0.295020
194.000000 195.000000 300.000000 0.295020
195.000000 194.000000 300.000000 0.295020
164.000000 196.000000 300.000000 0.033067
196.000000 164.000000 300.000000 0.033067
271.000000 196.000000 300.000000 0.070533
196.000000 271.000000 300.000000 0.070533
199.000000 197.000000 300.000000 0.087403
197.000000 199.000000 300.000000 0.087403
198.000000 197.000000 300.000000 0.151340
197.000000 198.000000 300.000000 0.151340
153.000000 197.000000 300.000000 0.179733
197.000000 153.000000 300.000000 0.179733
200.000000 198.000000 300.000000 0.088390
198.000000 200.000000 300.000000 0.088390
0.000000 198.000000 300.000000 0.162120
198.000000 0.000000 300.000000 0.162120
154.000000 198.000000 300.000000 0.153380
198.000000 154.000000 300.000000 0.153380
197.000000 198.000000 300.000000 0.151340
198.000000 197.000000 300.000000 0.151340
201.000000 199.000000 300.000000 0.086480
199.000000 201.000000 300.000000 0.086480
197.000000 199.000000 300.000000 0.087403
199.000000 197.000000 300.000000 0.087403
156.000000 199.000000 300.000000 0.180823
199.000000 156.000000 300.000000 0.180823
200.000000 199.000000 300.000000 0.150187
199.000000 200.000000 300.000000 0.150187
203.000000 200.000000 300.000000 0.087677
200.000000 203.000000 300.000000 0.087677
198.000000 200.000000 300.000000 0.088390
200.000000 198.000000 300.000000 0.088390
199.000000 200.000000 300.000000 0.150187
200.000000 199.000000 300.000000 0.150187
202.000000 200.000000 300.000000 0.151040
200.000000 202.000000 300.000000 0.151040
204.000000 201.000000 300.000000 0.084327
201.000000 204.000000 300.000000 0.084327
199.000000 201.000000 300.000000 0.086480
201.000000 199.000000 300.000000 0.086480
158.000000 201.000000 300.000000 0.182183
201.000000 158.000000 300.000000 0.182183
203.000000 201.000000 300.000000 0.149887
201.000000 203.000000 300.000000 0.149887
205.000000 202.000000 300.000000 0.087767
202.000000 205.000000 300.000000 0.087767
154.000000 202.000000 300.000000 0.084200
202.000000 154.000000 300.000000 0.084200
200.000000 202.000000 300.000000 0.151040
202.000000 200.000000 300.000000 0.151040
155.000000 202.000000 300.000000 0.206050
202.000000 155.000000 300.000000 0.206050
206.000000 203.000000 300.000000 0.083500
203.000000 206.000000 300.000000 0.083500
200.000000 203.000000 300.000000 0.087677
203.000000 200.000000 300.000000 0.087677
201.000000 203.000000 300.000000 0.149887
203.000000 201.000000 300.000000 0.149887
205.000000 203.000000 300.000000 0.149407
203.000000 205.000000 300.000000 0.149407
207.000000 204.000000 300.000000 0.087607
204.000000 207.000000 300.000000 0.087607
201.000000 204.000000 300.000000 0.084327
204.000000 201.000000 300.000000 0.084327
206.000000 204.000000 300.000000 0.150090
204.000000 206.000000 300.000000 0.150090
160.000000 204.000000 300.000000 0.180447
204.000000 160.000000 300.000000 0.180447
208.000000 205.000000 300.000000 0.086427
205.000000 208.000000 300.000000 0.086427
202.000000 205.000000 300.000000 0.087767
205.000000 202.000000 300.000000 0.087767
157.000000 205.000000 300.000000 0.226533
205.000000 157.000000 300.000000 0.226533
203.000000 205.000000 300.000000 0.149407
205.000000 203.000000 300.000000 0.149407
209.000000 206.000000 300.000000 0.086170
206.000000 209.000000 300.000000 0.086170
203.000000 206.000000 300.000000 0.083500
206.000000 203.000000 300.000000 0.083500
204.000000 206.000000 300.000000 0.150090
206.000000 204.000000 300.000000 0.150090
208.000000 206.000000 300.000000 0.150280
206.000000 208.000000 300.000000 0.150280
2.000000 207.000000 300.000000 0.104307
207.000000 2.000000 300.000000 0.104307
204.000000 207.000000 300.000000 0.087607
207.000000 204.000000 300.000000 0.087607
161.000000 207.000000 300.000000 0.179123
207.000000 161.000000 300.000000 0.179123
209.000000 207.000000 300.000000 0.150540
207.000000 209.000000 300.000000 0.150540
210.000000 208.000000 300.000000 0.087873
208.000000 210.000000 300.000000 0.087873
205.000000 208.000000 300.000000 0.086427
208.000000 205.000000 300.000000 0.086427
206.000000 208.000000 300.000000 0.150280
208.000000 206.000000 300.000000 0.150280
159.000000 208.000000 300.000000 0.248627
208.000000 159.000000 300.000000 0.248627
3.000000 209.000000 300.000000 0.106923
209.000000 3.000000 300.000000 0.106923
206.000000 209.000000 300.000000 0.086170
209.000000 206.000000 300.000000 0.086170
207.000000 209.000000 300.000000 0.150540
209.000000 207.000000 300.000000 0.150540
210.000000 209.000000 300.000000 0.150873
209.000000 210.000000 300.000000 0.150873
5.000000 210.000000 300.000000 0.103297
210.000000 5.000000 300.000000 0.103297
208.000000 210.000000 300.000000 0.087873
210.000000 208.000000 300.000000 0.087873
209.000000 210.000000 300.000000 0.150873
210.000000 209.000000 300.000000 0.150873
213.000000 211.000000 300.000000 0.080487
211.000000 213.000000 300.000000 0.080487
6.000000 211.000000 300.000000 0.114567
211.000000 6.000000 300.000000 0.114567
162.000000 211.000000 300.000000 0.170767
211.000000 162.000000 300.000000 0.170767
212.000000 211.000000 300.000000 0.151820
211.000000 212.000000 300.000000 0.151820
214.000000 212.000000 300.000000 0.081550
212.000000 214.000000 300.000000 0.081550
7.000000 212.000000 300.000000 0.114260
212.000000 7.000000 300.000000 0.114260
211.000000 212.000000 300.000000 0.151820
212.000000 211.000000 300.000000 0.151820
215.000000 213.000000 300.000000 0.086613
213.000000 215.000000 300.000000 0.086613
211.000000 213.000000 300.000000 0.080487
213.000000 211.000000 300.000000 0.080487
214.000000 213.000000 300.000000 0.153970
213.000000 214.000000 300.000000 0.153970
233.000000 213.000000 300.000000 0.169330
213.000000 233.000000 300.000000 0.169330
216.000000 214.000000 300.000000 0.086633
214.000000 216.000000 300.000000 0.086633
212.000000 214.000000 300.000000 0.081550
214.000000 212.000000 300.000000 0.081550
213.000000 214.000000 300.000000 0.153970
214.000000 213.000000 300.000000 0.153970
217.000000 215.000000 300.000000 0.083827
215.000000 217.000000 300.000000 0.083827
213.000000 215.000000 300.000000 0.086613
215.000000 213.000000 300.000000 0.086613
163.000000 215.000000 300.000000 0.167350
215.000000 163.000000 300.000000 0.167350
216.000000 215.000000 300.000000 0.155940
215.000000 216.000000 300.000000 0.155940
214.000000 216.000000 300.000000 0.086633
216.000000 214.000000 300.000000 0.086633
215.000000 216.000000 300.000000 0.155940
216.000000 215.000000 300.000000 0.155940
219.000000 216.000000 300.000000 0.086407
216.000000 219.000000 300.000000 0.086407
12.000000 217.000000 300.000000 0.128263
217.000000 12.000000 300.000000 0.128263
215.000000 217.000000 300.000000 0.083827
217.000000 215.000000 300.000000 0.083827
165.000000 217.000000 300.000000 0.166430
217.000000 165.000000 300.000000 0.166430
219.000000 217.000000 300.000000 0.158583
217.000000 219.000000 300.000000 0.158583
168.000000 218.000000 300.000000 0.139393
218.000000 168.000000 300.000000 0.139393
172.000000 218.000000 300.000000 0.081440
218.000000 172.000000 300.000000 0.081440
171.000000 218.000000 300.000000 0.095047
218.000000 171.000000 300.000000 0.095047
169.000000 218.000000 300.000000 0.209437
218.000000 169.000000 300.000000 0.209437
16.000000 219.000000 300.000000 0.135953
219.000000 16.000000 300.000000 0.135953
164.000000 219.000000 300.000000 0.170693
219.000000 164.000000 300.000000 0.170693
216.000000 219.000000 300.000000 0.086407
219.000000 216.000000 300.000000 0.086407
217.000000 219.000000 300.000000 0.158583
219.000000 217.000000 300.000000 0.158583
224.000000 220.000000 300.000000 0.096917
220.000000 224.000000 300.000000 0.096917
13.000000 220.000000 300.000000 0.326710
220.000000 13.000000 300.000000 0.326710
178.000000 220.000000 300.000000 0.216397
220.000000 178.000000 300.000000 0.216397
177.000000 220.000000 300.000000 0.209693
220.000000 177.000000 300.000000 0.209693
222.000000 221.000000 300.000000 0.196257
221.000000 222.000000 300.000000 0.196257
270.000000 221.000000 300.000000 0.327133
221.000000 270.000000 300.000000 0.327133
225.000000 221.000000 300.000000 0.094067
221.000000 225.000000 300.000000 0.094067
178.000000 221.000000 300.000000 0.218040
221.000000 178.000000 300.000000 0.218040
19.000000 222.000000 300.000000 0.098210
222.000000 19.000000 300.000000 0.098210
226.000000 222.000000 300.000000 0.096627
222.000000 226.000000 300.000000 0.096627
221.000000 222.000000 300.000000 0.196257
222.000000 221.000000 300.000000 0.196257
223.000000 222.000000 300.000000 0.216330
222.000000 223.000000 300.000000 0.216330
191.000000 223.000000 300.000000 0.226290
223.000000 191.000000 300.000000 0.226290
192.000000 223.000000 300.000000 0.099897
223.000000 192.000000 300.000000 0.099897
187.000000 223.000000 300.000000 0.097413
223.000000 187.000000 300.000000 0.097413
222.000000 223.000000 300.000000 0.216330
223.000000 222.000000 300.000000 0.216330
220.000000 224.000000 300.000000 0.096917
224.000000 220.000000 300.000000 0.096917
179.000000 224.000000 300.000000 0.211063
224.000000 179.000000 300.000000 0.211063
227.000000 224.000000 300.000000 0.095563
224.000000 227.000000 300.000000 0.095563
180.000000 224.000000 300.000000 0.217047
224.000000 180.000000 300.000000 0.217047
226.000000 225.000000 300.000000 0.198207
225.000000 226.000000 300.000000 0.198207
180.000000 225.000000 300.000000 0.213910
225.000000 180.000000 300.000000 0.213910
221.000000 225.000000 300.000000 0.094067
225.000000 221.000000 300.000000 0.094067
228.000000 225.000000 300.000000 0.099967
225.000000 228.000000 300.000000 0.099967
222.000000 226.000000 300.000000 0.096627
226.000000 222.000000 300.000000 0.096627
229.000000 226.000000 300.000000 0.098767
226.000000 229.000000 300.000000 0.098767
225.000000 226.000000 300.000000 0.198207
226.000000 225.000000 300.000000 0.198207
192.000000 226.000000 300.000000 0.225953
226.000000 192.000000 300.000000 0.225953
23.000000 227.000000 300.000000 0.103677
227.000000 23.000000 300.000000 0.103677
182.000000 227.000000 300.000000 0.218207
227.000000 182.000000 300.000000 0.218207
181.000000 227.000000 300.000000 0.212520
227.000000 181.000000 300.000000 0.212520
224.000000 227.000000 300.000000 0.095563
227.000000 224.000000 300.000000 0.095563
229.000000 228.000000 300.000000 0.199627
228.000000 229.000000 300.000000 0.199627
182.000000 228.000000 300.000000 0.212513
228.000000 182.000000 300.000000 0.212513
225.000000 228.000000 300.000000 0.099967
228.000000 225.000000 300.000000 0.099967
176.000000 228.000000 300.000000 0.102727
228.000000 176.000000 300.000000 0.102727
226.000000 229.000000 300.000000 0.098767
229.000000 226.000000 300.000000 0.098767
25.000000 229.000000 300.000000 0.103177
229.000000 25.000000 300.000000 0.103177
228.000000 229.000000 300.000000 0.199627
229.000000 228.000000 300.000000 0.199627
230.000000 229.000000 300.000000 0.232323
229.000000 230.000000 300.000000 0.232323
194.000000 230.000000 300.000000 0.205450
230.000000 194.000000 300.000000 0.205450
188.000000 230.000000 300.000000 0.108867
230.000000 188.000000 300.000000 0.108867
192.000000 230.000000 300.000000 0.100860
230.000000 192.000000 300.000000 0.100860
229.000000 230.000000 300.000000 0.232323
230.000000 229.000000 300.000000 0.232323
147.000000 231.000000 300.000000 0.261447
231.000000 147.000000 300.000000 0.261447
148.000000 231.000000 300.000000 0.266887
231.000000 148.000000 300.000000 0.266887
143.000000 231.000000 300.000000 0.578290
231.000000 143.000000 300.000000 0.578290
248.000000 232.000000 300.000000 0.219000
232.000000 248.000000 300.000000 0.219000
269.000000 233.000000 300.000000 0.024733
233.000000 269.000000 300.000000 0.024733
162.000000 233.000000 300.000000 0.088467
233.000000 162.000000 300.000000 0.088467
213.000000 233.000000 300.000000 0.169330
233.000000 213.000000 300.000000 0.169330
166.000000 234.000000 300.000000 0.161100
234.000000 166.000000 300.000000 0.161100
1.000000 234.000000 300.000000 0.287503
234.000000 1.000000 300.000000 0.287503
269.000000 234.000000 300.000000 0.356013
234.000000 269.000000 300.000000 0.356013
188.000000 235.000000 300.000000 0.109277
235.000000 188.000000 300.000000 0.109277
29.000000 235.000000 300.000000 0.394400
235.000000 29.000000 300.000000 0.394400
190.000000 235.000000 300.000000 0.084753
235.000000 190.000000 300.000000 0.084753
38.000000 236.000000 300.000000 0.110837
236.000000 38.000000 300.000000 0.110837
46.000000 237.000000 300.000000 0.214350
237.000000 46.000000 300.000000 0.214350
252.000000 237.000000 300.000000 0.059427
237.000000 252.000000 300.000000 0.059427
238.000000 237.000000 300.000000 0.662757
237.000000 238.000000 300.000000 0.662757
237.000000 238.000000 300.000000 0.662757
238.000000 237.000000 300.000000 0.662757
48.000000 238.000000 300.000000 0.249043
238.000000 48.000000 300.000000 0.249043
252.000000 238.000000 300.000000 0.885350
238.000000 252.000000 300.000000 0.885350
132.000000 239.000000 300.000000 0.371403
239.000000 132.000000 300.000000 0.371403
100.000000 240.000000 300.000000 0.291567
240.000000 100.000000 300.000000 0.291567
21.000000 241.000000 300.000000 0.339533
241.000000 21.000000 300.000000 0.339533
244.000000 241.000000 300.000000 0.142450
241.000000 244.000000 300.000000 0.142450
242.000000 113.000000 300.000000 0.172607
77.000000 242.000000 300.000000 0.031670
242.000000 77.000000 300.000000 0.031670
243.000000 259.000000 300.000000 0.171040
80.000000 243.000000 300.000000 0.031893
243.000000 80.000000 300.000000 0.031893
18.000000 244.000000 300.000000 0.580970
244.000000 18.000000 300.000000 0.580970
241.000000 244.000000 300.000000 0.142450
244.000000 241.000000 300.000000 0.142450
9.000000 244.000000 300.000000 0.235097
244.000000 9.000000 300.000000 0.235097
246.000000 245.000000 300.000000 0.449323
245.000000 246.000000 300.000000 0.449323
140.000000 246.000000 300.000000 0.098207
246.000000 140.000000 300.000000 0.098207
245.000000 246.000000 300.000000 0.449323
246.000000 245.000000 300.000000 0.449323
38.000000 247.000000 300.000000 0.695947
247.000000 38.000000 300.000000 0.695947
248.000000 247.000000 300.000000 0.466037
247.000000 248.000000 300.000000 0.466037
232.000000 248.000000 300.000000 0.219000
248.000000 232.000000 300.000000 0.219000
249.000000 248.000000 300.000000 1.024943
248.000000 249.000000 300.000000 1.024943
247.000000 248.000000 300.000000 0.466037
248.000000 247.000000 300.000000 0.466037
248.000000 249.000000 300.000000 1.024943
249.000000 248.000000 300.000000 1.024943
61.000000 250.000000 300.000000 0.206547
250.000000 61.000000 300.000000 0.206547
251.000000 250.000000 300.000000 0.053123
250.000000 251.000000 300.000000 0.053123
135.000000 250.000000 300.000000 0.601637
250.000000 135.000000 300.000000 0.601637
136.000000 251.000000 300.000000 0.751577
251.000000 136.000000 300.000000 0.751577
250.000000 251.000000 300.000000 0.053123
251.000000 250.000000 300.000000 0.053123
64.000000 251.000000 300.000000 0.975213
251.000000 64.000000 300.000000 0.975213
237.000000 252.000000 300.000000 0.059427
252.000000 237.000000 300.000000 0.059427
253.000000 252.000000 300.000000 0.113167
252.000000 253.000000 300.000000 0.113167
43.000000 252.000000 300.000000 0.055870
252.000000 43.000000 300.000000 0.055870
238.000000 252.000000 300.000000 0.885350
252.000000 238.000000 300.000000 0.885350
43.000000 253.000000 300.000000 0.142373
253.000000 43.000000 300.000000 0.142373
252.000000 253.000000 300.000000 0.113167
253.000000 252.000000 300.000000 0.113167
44.000000 253.000000 300.000000 0.474003
253.000000 44.000000 300.000000 0.474003
254.000000 68.000000 300.000000 0.168023
89.000000 254.000000 300.000000 0.030967
254.000000 89.000000 300.000000 0.030967
255.000000 99.000000 300.000000 0.170937
93.000000 255.000000 300.000000 0.033610
255.000000 93.000000 300.000000 0.033610
256.000000 255.000000 300.000000 0.175400
92.000000 256.000000 300.000000 0.033253
256.000000 92.000000 300.000000 0.033253
91.000000 257.000000 300.000000 0.031893
257.000000 91.000000 300.000000 0.031893
257.000000 256.000000 300.000000 0.167247
258.000000 71.000000 300.000000 0.155260
98.000000 258.000000 300.000000 0.031560
258.000000 98.000000 300.000000 0.031560
259.000000 261.000000 300.000000 0.166153
81.000000 259.000000 300.000000 0.030393
259.000000 81.000000 300.000000 0.030393
260.000000 69.000000 300.000000 0.160980
84.000000 260.000000 300.000000 0.029877
260.000000 84.000000 300.000000 0.029877
261.000000 260.000000 300.000000 0.169253
83.000000 261.000000 300.000000 0.029070
261.000000 83.000000 300.000000 0.029070
70.000000 262.000000 300.000000 0.028970
262.000000 70.000000 300.000000 0.028970
262.000000 72.000000 300.000000 0.050033
72.000000 263.000000 300.000000 0.284543
263.000000 72.000000 300.000000 0.284543
50.000000 263.000000 300.000000 0.725593
263.000000 50.000000 300.000000 0.725593
272.000000 263.000000 300.000000 0.249870
263.000000 272.000000 300.000000 0.249870
64.000000 264.000000 300.000000 0.243247
264.000000 64.000000 300.000000 0.243247
265.000000 264.000000 300.000000 0.360283
264.000000 265.000000 300.000000 0.360283
63.000000 265.000000 300.000000 0.021560
265.000000 63.000000 300.000000 0.021560
264.000000 265.000000 300.000000 0.360283
265.000000 264.000000 300.000000 0.360283
73.000000 266.000000 300.000000 0.134417
266.000000 73.000000 300.000000 0.134417
74.000000 266.000000 300.000000 0.448657
266.000000 74.000000 300.000000 0.448657
96.000000 267.000000 300.000000 0.255363
267.000000 96.000000 300.000000 0.255363
97.000000 267.000000 300.000000 0.294720
267.000000 97.000000 300.000000 0.294720
31.000000 268.000000 300.000000 0.228767
268.000000 31.000000 300.000000 0.228767
27.000000 268.000000 300.000000 0.498877
268.000000 27.000000 300.000000 0.498877
277.000000 268.000000 300.000000 0.282877
268.000000 277.000000 300.000000 0.282877
233.000000 269.000000 300.000000 0.024733
269.000000 233.000000 300.000000 0.024733
163.000000 269.000000 300.000000 0.061830
269.000000 163.000000 300.000000 0.061830
234.000000 269.000000 300.000000 0.356013
269.000000 234.000000 300.000000 0.356013
14.000000 270.000000 300.000000 0.020810
270.000000 14.000000 300.000000 0.020810
15.000000 270.000000 300.000000 0.209887
270.000000 15.000000 300.000000 0.209887
221.000000 270.000000 300.000000 0.327133
270.000000 221.000000 300.000000 0.327133
16.000000 271.000000 300.000000 0.217873
271.000000 16.000000 300.000000 0.217873
196.000000 271.000000 300.000000 0.070533
271.000000 196.000000 300.000000 0.070533
140.000000 272.000000 300.000000 1.844647
272.000000 140.000000 300.000000 1.844647
263.000000 272.000000 300.000000 0.249870
272.000000 263.000000 300.000000 0.249870
282.000000 272.000000 300.000000 0.342630
272.000000 282.000000 300.000000 0.342630
39.000000 273.000000 300.000000 0.087997
273.000000 39.000000 300.000000 0.087997
284.000000 273.000000 300.000000 0.099440
273.000000 284.000000 300.000000 0.099440
37.000000 273.000000 300.000000 0.190023
273.000000 37.000000 300.000000 0.190023
286.000000 274.000000 300.000000 0.105273
274.000000 286.000000 300.000000 0.105273
275.000000 274.000000 300.000000 0.088677
274.000000 275.000000 300.000000 0.088677
287.000000 274.000000 300.000000 0.246477
274.000000 287.000000 300.000000 0.246477
274.000000 275.000000 300.000000 0.088677
275.000000 274.000000 300.000000 0.088677
40.000000 275.000000 300.000000 0.140067
275.000000 40.000000 300.000000 0.140067
289.000000 275.000000 300.000000 0.245217
275.000000 289.000000 300.000000 0.245217
40.000000 276.000000 300.000000 0.051443
276.000000 40.000000 300.000000 0.051443
41.000000 276.000000 300.000000 0.357247
276.000000 41.000000 300.000000 0.357247
268.000000 277.000000 300.000000 0.282877
277.000000 268.000000 300.000000 0.282877
120.000000 278.000000 300.000000 0.117017
278.000000 120.000000 300.000000 0.117017
73.000000 278.000000 300.000000 0.049600
278.000000 73.000000 300.000000 0.049600
153.000000 279.000000 300.000000 0.240627
279.000000 153.000000 300.000000 0.240627
28.000000 281.000000 300.000000 0.189730
281.000000 28.000000 300.000000 0.189730
272.000000 282.000000 300.000000 0.342630
282.000000 272.000000 300.000000 0.342630
284.000000 283.000000 300.000000 0.200020
283.000000 284.000000 300.000000 0.200020
273.000000 284.000000 300.000000 0.099440
284.000000 273.000000 300.000000 0.099440
283.000000 284.000000 300.000000 0.200020
284.000000 283.000000 300.000000 0.200020
285.000000 284.000000 300.000000 0.099107
284.000000 285.000000 300.000000 0.099107
284.000000 285.000000 300.000000 0.099107
285.000000 284.000000 300.000000 0.099107
286.000000 285.000000 300.000000 0.110623
285.000000 286.000000 300.000000 0.110623
274.000000 286.000000 300.000000 0.105273
286.000000 274.000000 300.000000 0.105273
285.000000 286.000000 300.000000 0.110623
286.000000 285.000000 300.000000 0.110623
274.000000 287.000000 300.000000 0.246477
287.000000 274.000000 300.000000 0.246477
39.000000 288.000000 300.000000 0.070780
288.000000 39.000000 300.000000 0.070780
275.000000 289.000000 300.000000 0.245217
289.000000 275.000000 300.000000 0.245217
82.000000 290.000000 300.000000 0.104590
290.000000 82.000000 300.000000 0.104590
81.000000 290.000000 300.000000 0.320270
290.000000 81.000000 300.000000 0.320270
291.000000 290.000000 300.000000 0.172817
290.000000 291.000000 300.000000 0.172817
83.000000 291.000000 300.000000 0.320397
291.000000 83.000000 300.000000 0.320397
290.000000 291.000000 300.000000 0.172817
291.000000 290.000000 300.000000 0.172817
84.000000 291.000000 300.000000 0.665953
291.000000 84.000000 300.000000 0.665953
292.000000 108.000000 300.000000 0.431103
112.000000 292.000000 300.000000 0.053837
292.000000 112.000000 300.000000 0.053837
