0 24 300.00 0.250217
24 23 300.00 0.159500
1 127 300.00 0.380187
127 20 300.00 0.258973
127 128 300.00 0.441557
2 1 300.00 0.409617
2 18 300.00 0.257100
18 125 300.00 0.263517
18 141 300.00 0.203260
18 19 300.00 0.409123
17 3 300.00 0.258190
17 16 300.00 0.409080
17 95 300.00 0.266010
17 141 300.00 0.210450
3 17 300.00 0.258190
3 2 300.00 0.414213
4 3 300.00 0.407070
4 16 300.00 0.260420
16 4 300.00 0.260420
16 15 300.00 0.408943
16 130 300.00 0.263167
16 17 300.00 0.409080
5 15 300.00 0.262680
5 4 300.00 0.406460
15 14 300.00 0.404173
15 96 300.00 0.263253
15 16 300.00 0.408943
6 5 300.00 0.407417
7 13 300.00 0.265943
7 6 300.00 0.412097
13 12 300.00 0.411770
13 49 300.00 0.268617
13 14 300.00 0.410893
12 8 300.00 0.273700
12 11 300.00 0.410690
12 64 300.00 0.266857
12 13 300.00 0.411770
8 12 300.00 0.273700
8 7 300.00 0.410637
9 8 300.00 0.411440
9 11 300.00 0.273377
11 9 300.00 0.273377
11 10 300.00 0.329917
11 120 300.00 0.262323
11 12 300.00 0.410690
10 11 300.00 0.329917
10 157 300.00 0.299177
157 156 300.00 0.032207
157 9 300.00 0.501783
120 11 300.00 0.262323
120 36 300.00 0.174380
120 64 300.00 0.404200
64 12 300.00 0.266857
64 49 300.00 0.415957
64 63 300.00 0.264267
64 120 300.00 0.404200
49 50 300.00 0.257597
49 64 300.00 0.415957
49 76 300.00 0.411817
14 13 300.00 0.410893
14 6 300.00 0.263383
14 15 300.00 0.404173
96 76 300.00 0.404860
96 130 300.00 0.410137
96 86 300.00 0.263920
130 16 300.00 0.263167
130 85 300.00 0.265863
130 95 300.00 0.407850
130 96 300.00 0.410137
95 17 300.00 0.266010
95 84 300.00 0.265940
95 130 300.00 0.407850
95 142 300.00 0.209083
141 17 300.00 0.210450
141 18 300.00 0.203260
141 142 300.00 0.262817
125 18 300.00 0.263517
125 142 300.00 0.205013
125 135 300.00 0.199397
125 126 300.00 0.262170
19 18 300.00 0.409123
19 59 300.00 0.258453
19 1 300.00 0.261123
19 139 300.00 0.213513
59 19 300.00 0.258453
59 137 300.00 0.157010
59 135 300.00 0.206053
59 140 300.00 0.210087
139 19 300.00 0.213513
139 20 300.00 0.164117
139 140 300.00 0.254663
94 20 300.00 0.258543
94 93 300.00 0.443163
94 140 300.00 0.170140
94 138 300.00 0.161710
20 94 300.00 0.258543
20 127 300.00 0.258973
20 21 300.00 0.442023
20 139 300.00 0.164117
21 20 300.00 0.442023
21 128 300.00 0.266647
21 93 300.00 0.258520
21 22 300.00 0.395817
128 21 300.00 0.266647
128 129 300.00 0.397820
93 21 300.00 0.258520
93 92 300.00 0.133723
93 94 300.00 0.443163
93 97 300.00 0.165653
22 21 300.00 0.395817
22 131 300.00 0.213073
22 129 300.00 0.259493
131 22 300.00 0.213073
131 23 300.00 0.044933
131 154 300.00 0.106130
129 0 300.00 0.414780
23 24 300.00 0.159500
23 131 300.00 0.044933
25 26 300.00 0.401633
25 133 300.00 0.194347
26 27 300.00 0.404617
133 25 300.00 0.194347
27 121 300.00 0.228327
27 28 300.00 0.269273
121 98 300.00 0.275720
121 149 300.00 0.034827
28 98 300.00 0.261273
98 28 300.00 0.261273
98 91 300.00 0.160883
98 121 300.00 0.275720
29 117 300.00 0.348930
117 112 300.00 0.411157
117 155 300.00 0.016603
134 30 300.00 0.168117
134 48 300.00 0.161317
134 158 300.00 0.173993
30 134 300.00 0.168117
30 106 300.00 0.154987
106 31 300.00 0.034073
31 60 300.00 0.095263
31 32 300.00 0.085550
60 32 300.00 0.053510
60 53 300.00 0.405260
60 61 300.00 0.269433
32 33 300.00 0.320913
33 34 300.00 0.295440
33 61 300.00 0.188347
34 35 300.00 0.277660
34 62 300.00 0.323577
61 33 300.00 0.188347
61 52 300.00 0.412687
61 60 300.00 0.269433
61 62 300.00 0.259770
35 63 300.00 0.431377
35 38 300.00 0.059120
35 120 300.00 0.294133
35 36 300.00 0.319450
62 34 300.00 0.323577
62 51 300.00 0.410707
62 61 300.00 0.259770
62 63 300.00 0.269943
63 35 300.00 0.431377
63 50 300.00 0.413620
63 62 300.00 0.269943
63 64 300.00 0.264267
38 35 300.00 0.059120
36 10 300.00 0.307303
36 120 300.00 0.174380
37 106 300.00 0.042477
37 107 300.00 0.507057
39 38 300.00 0.333800
88 40 300.00 0.414947
88 68 300.00 0.262580
88 84 300.00 0.265900
88 89 300.00 0.409650
40 88 300.00 0.414947
40 57 300.00 0.400067
40 41 300.00 0.267010
40 126 300.00 0.262013
57 40 300.00 0.400067
57 56 300.00 0.266947
57 58 300.00 0.258527
57 87 300.00 0.384050
41 40 300.00 0.267010
41 56 300.00 0.394377
41 68 300.00 0.422730
41 42 300.00 0.270370
126 40 300.00 0.262013
126 84 300.00 0.415773
126 125 300.00 0.262170
126 136 300.00 0.201207
56 41 300.00 0.394377
56 55 300.00 0.264420
56 57 300.00 0.266947
56 69 300.00 0.252467
68 41 300.00 0.422730
68 67 300.00 0.406533
68 70 300.00 0.264763
68 88 300.00 0.262580
42 41 300.00 0.270370
42 43 300.00 0.256660
42 55 300.00 0.393610
42 70 300.00 0.421483
43 42 300.00 0.256660
43 44 300.00 0.415753
43 91 300.00 0.208327
55 42 300.00 0.393610
55 54 300.00 0.099867
55 56 300.00 0.264420
70 42 300.00 0.421483
70 44 300.00 0.261553
70 68 300.00 0.264763
44 43 300.00 0.415753
44 45 300.00 0.408747
44 71 300.00 0.265813
44 70 300.00 0.261553
91 43 300.00 0.208327
91 98 300.00 0.160883
91 99 300.00 0.217967
45 44 300.00 0.408747
45 46 300.00 0.410213
45 78 300.00 0.262110
45 80 300.00 0.263023
71 44 300.00 0.265813
71 78 300.00 0.408030
71 100 300.00 0.264080
46 45 300.00 0.410213
46 47 300.00 0.410537
46 77 300.00 0.264653
78 45 300.00 0.262110
78 77 300.00 0.409640
78 102 300.00 0.265700
80 45 300.00 0.263023
80 67 300.00 0.264867
80 70 300.00 0.406780
47 46 300.00 0.410537
47 48 300.00 0.403970
47 73 300.00 0.255407
77 72 300.00 0.413173
77 101 300.00 0.266903
48 47 300.00 0.403970
48 134 300.00 0.161317
48 72 300.00 0.656230
73 143 300.00 0.130570
73 79 300.00 0.411400
72 47 300.00 0.266377
50 51 300.00 0.273710
50 63 300.00 0.413620
50 75 300.00 0.406047
76 49 300.00 0.411817
76 96 300.00 0.404860
76 14 300.00 0.262767
51 52 300.00 0.261423
51 62 300.00 0.410707
51 74 300.00 0.410157
75 50 300.00 0.406047
75 86 300.00 0.407013
75 76 300.00 0.264277
52 53 300.00 0.273083
52 61 300.00 0.412687
52 65 300.00 0.409507
74 51 300.00 0.410157
74 90 300.00 0.405937
74 75 300.00 0.266073
53 48 300.00 0.250207
53 73 300.00 0.410963
65 52 300.00 0.409507
65 74 300.00 0.264603
65 66 300.00 0.407560
54 55 300.00 0.099867
54 145 300.00 0.332123
54 99 300.00 0.076730
145 54 300.00 0.332123
99 54 300.00 0.076730
99 91 300.00 0.217967
69 56 300.00 0.252467
58 57 300.00 0.258527
58 137 300.00 0.108183
58 136 300.00 0.200080
58 83 300.00 0.383670
87 57 300.00 0.384050
87 83 300.00 0.258867
87 122 300.00 0.177800
87 159 300.00 0.233850
137 58 300.00 0.108183
137 59 300.00 0.157010
137 138 300.00 0.382313
136 58 300.00 0.200080
136 126 300.00 0.201207
136 135 300.00 0.261417
83 58 300.00 0.383670
83 82 300.00 0.375813
83 87 300.00 0.258867
83 138 300.00 0.103623
135 59 300.00 0.206053
135 125 300.00 0.199397
135 136 300.00 0.261417
140 59 300.00 0.210087
140 94 300.00 0.170140
140 139 300.00 0.254663
66 65 300.00 0.407560
66 144 300.00 0.140250
66 67 300.00 0.410963
144 143 300.00 0.411343
144 79 300.00 0.128347
67 66 300.00 0.410963
67 80 300.00 0.264867
67 89 300.00 0.265293
67 68 300.00 0.406533
89 67 300.00 0.265293
89 85 300.00 0.263830
89 88 300.00 0.409650
89 123 300.00 0.135603
100 71 300.00 0.264080
100 148 300.00 0.043580
143 65 300.00 0.141510
143 144 300.00 0.411343
79 80 300.00 0.407417
79 46 300.00 0.256110
90 74 300.00 0.405937
90 66 300.00 0.264753
90 123 300.00 0.275847
86 75 300.00 0.407013
86 85 300.00 0.412973
86 124 300.00 0.133960
101 102 300.00 0.406153
101 115 300.00 0.263073
101 116 300.00 0.413697
102 78 300.00 0.265700
102 81 300.00 0.262493
102 100 300.00 0.406883
118 81 300.00 0.122957
81 118 300.00 0.122957
81 115 300.00 0.408650
81 102 300.00 0.262493
81 105 300.00 0.388993
115 81 300.00 0.408650
115 110 300.00 0.413860
115 113 300.00 0.266150
105 81 300.00 0.388993
105 113 300.00 0.211980
82 83 300.00 0.375813
138 83 300.00 0.103623
138 94 300.00 0.161710
138 137 300.00 0.382313
84 88 300.00 0.265900
84 95 300.00 0.265940
84 85 300.00 0.408400
84 126 300.00 0.415773
85 84 300.00 0.408400
85 89 300.00 0.263830
85 130 300.00 0.265863
85 86 300.00 0.412973
124 123 300.00 0.401717
124 90 300.00 0.133107
122 87 300.00 0.177800
159 87 300.00 0.233850
123 89 300.00 0.135603
123 90 300.00 0.275847
123 124 300.00 0.401717
92 93 300.00 0.133723
97 93 300.00 0.165653
142 95 300.00 0.209083
142 125 300.00 0.205013
142 141 300.00 0.262817
148 151 300.00 0.112907
148 26 300.00 0.219747
116 101 300.00 0.413697
116 109 300.00 0.405737
116 72 300.00 0.265307
113 105 300.00 0.211980
113 111 300.00 0.417103
113 112 300.00 0.263860
109 108 300.00 0.038717
109 147 300.00 0.147693
109 116 300.00 0.405737
108 109 300.00 0.038717
108 146 300.00 0.241047
146 30 300.00 0.348747
146 107 300.00 0.047127
147 109 300.00 0.147693
110 116 300.00 0.261680
110 119 300.00 0.302563
110 115 300.00 0.413860
119 110 300.00 0.302563
119 108 300.00 0.295290
111 110 300.00 0.265393
111 114 300.00 0.149050
111 113 300.00 0.417103
114 111 300.00 0.149050
114 119 300.00 0.305920
112 117 300.00 0.411157
155 111 300.00 0.250730
155 114 300.00 0.288163
149 71 300.00 0.294077
149 150 300.00 0.271623
154 153 300.00 0.312783
132 159 300.00 0.215753
158 134 300.00 0.173993
151 150 300.00 0.023010
151 121 300.00 0.269427
150 151 300.00 0.023010
150 100 300.00 0.089140
152 132 300.00 0.403617
153 152 300.00 0.414713
