0 360 300.00 4.986430
1 0 300.00 1.509160
417 2 300.00 0.037413
417 213 300.00 0.082877
2 417 300.00 0.037413
2 125 300.00 0.177310
125 2 300.00 0.177310
125 3 300.00 0.213897
4 3 300.00 0.206473
4 126 300.00 0.220393
3 4 300.00 0.206473
3 125 300.00 0.213897
3 129 300.00 0.364507
129 3 300.00 0.364507
129 5 300.00 0.495740
129 128 300.00 0.302427
126 4 300.00 0.220393
126 358 300.00 0.213167
127 5 300.00 0.143897
127 358 300.00 0.134670
127 147 300.00 0.268697
5 127 300.00 0.143897
5 144 300.00 0.121270
5 129 300.00 0.495740
144 5 300.00 0.121270
144 150 300.00 0.070493
144 357 300.00 0.147763
357 7 300.00 0.077180
357 144 300.00 0.147763
357 150 300.00 0.178040
357 398 300.00 0.396363
7 357 300.00 0.077180
7 135 300.00 0.071867
7 134 300.00 0.596083
135 7 300.00 0.071867
135 137 300.00 0.122807
135 136 300.00 0.225900
135 142 300.00 0.066803
134 7 300.00 0.596083
134 130 300.00 0.446450
134 132 300.00 0.118000
8 364 300.00 0.020137
8 399 300.00 0.028490
364 17 300.00 0.033817
364 365 300.00 0.198503
399 139 300.00 0.096660
399 364 300.00 0.038330
365 10 300.00 0.037337
365 11 300.00 0.202560
10 365 300.00 0.037337
10 41 300.00 0.766410
10 17 300.00 0.198220
41 10 300.00 0.766410
41 32 300.00 0.199697
41 39 300.00 0.746620
41 42 300.00 0.207507
17 32 300.00 0.798100
43 11 300.00 0.038963
43 42 300.00 0.737893
43 10 300.00 0.202183
11 43 300.00 0.038963
11 130 300.00 0.177443
130 366 300.00 0.042550
130 134 300.00 0.446450
397 12 300.00 0.174193
397 15 300.00 0.156020
397 16 300.00 0.143820
12 397 300.00 0.174193
12 9 300.00 0.472530
14 13 300.00 0.154187
14 15 300.00 0.258527
13 14 300.00 0.154187
13 18 300.00 0.259367
18 12 300.00 0.141090
18 372 300.00 0.030763
15 14 300.00 0.258527
15 397 300.00 0.156020
16 397 300.00 0.143820
32 41 300.00 0.199697
32 34 300.00 0.742307
372 18 300.00 0.030763
372 36 300.00 0.299870
396 19 300.00 0.222500
396 410 300.00 0.775253
19 396 300.00 0.222500
19 412 300.00 0.792633
412 19 300.00 0.792633
412 410 300.00 0.207450
412 414 300.00 0.620413
25 20 300.00 0.027490
25 38 300.00 0.205547
25 361 300.00 0.489397
20 25 300.00 0.027490
20 406 300.00 0.221683
406 20 300.00 0.221683
406 75 300.00 0.370053
406 405 300.00 0.630810
38 21 300.00 0.052963
38 25 300.00 0.205547
38 279 300.00 0.704923
21 38 300.00 0.052963
21 22 300.00 0.126043
22 21 300.00 0.126043
22 37 300.00 0.064130
37 22 300.00 0.064130
37 23 300.00 0.060823
37 280 300.00 0.802313
23 37 300.00 0.060823
24 233 300.00 0.330323
24 124 300.00 0.182233
233 353 300.00 0.174303
233 123 300.00 0.514520
124 44 300.00 0.034550
124 230 300.00 0.165803
361 26 300.00 0.026663
361 35 300.00 0.136883
26 361 300.00 0.026663
26 20 300.00 0.474627
27 378 300.00 0.139190
27 28 300.00 0.026533
378 33 300.00 0.026267
378 48 300.00 0.097297
28 27 300.00 0.026533
28 31 300.00 0.606103
31 42 300.00 0.193973
31 47 300.00 0.029497
31 29 300.00 0.721177
29 130 300.00 0.037340
29 43 300.00 0.193287
30 47 300.00 0.719243
30 29 300.00 0.027703
47 31 300.00 0.029497
47 27 300.00 0.604883
47 337 300.00 0.161547
42 31 300.00 0.193973
42 40 300.00 0.744967
42 41 300.00 0.207507
42 43 300.00 0.737893
34 39 300.00 0.206860
34 372 300.00 0.317263
40 33 300.00 0.196437
40 39 300.00 0.201460
40 42 300.00 0.744967
40 279 300.00 0.615703
33 40 300.00 0.196437
33 378 300.00 0.026267
33 28 300.00 0.138377
39 34 300.00 0.206860
39 40 300.00 0.201460
39 41 300.00 0.746620
39 280 300.00 0.618863
279 35 300.00 0.193087
279 38 300.00 0.704923
279 40 300.00 0.615703
279 280 300.00 0.205490
35 279 300.00 0.193087
35 71 300.00 0.026390
35 362 300.00 0.164430
71 35 300.00 0.026390
71 26 300.00 0.137913
71 340 300.00 0.851143
362 69 300.00 0.031987
362 363 300.00 0.179147
280 36 300.00 0.205787
280 37 300.00 0.802313
280 39 300.00 0.618863
280 279 300.00 0.205490
36 280 300.00 0.205787
44 56 300.00 0.085187
56 334 300.00 0.678927
56 53 300.00 0.170410
230 45 300.00 0.042007
230 232 300.00 0.433483
230 234 300.00 0.171220
45 230 300.00 0.042007
45 60 300.00 0.208823
45 57 300.00 0.088190
60 45 300.00 0.208823
60 46 300.00 0.562517
60 332 300.00 0.532997
57 333 300.00 0.706187
57 44 300.00 0.083747
62 46 300.00 0.042807
62 58 300.00 0.258927
62 61 300.00 0.286483
62 63 300.00 0.159303
46 62 300.00 0.042807
46 332 300.00 0.227130
46 60 300.00 0.562517
332 46 300.00 0.227130
332 60 300.00 0.532997
332 61 300.00 0.178403
332 333 300.00 0.166783
337 47 300.00 0.161547
337 50 300.00 0.755423
337 51 300.00 0.699993
337 335 300.00 0.163093
48 67 300.00 0.165280
48 50 300.00 0.192767
67 69 300.00 0.179410
67 338 300.00 0.694983
67 363 300.00 0.031150
50 48 300.00 0.192767
50 52 300.00 0.180770
50 337 300.00 0.755423
58 49 300.00 0.159220
58 62 300.00 0.258927
58 59 300.00 0.325023
49 58 300.00 0.159220
49 84 300.00 0.182800
49 68 300.00 0.181490
49 327 300.00 0.711087
84 49 300.00 0.182800
84 63 300.00 0.043910
84 325 300.00 0.718280
68 49 300.00 0.181490
68 329 300.00 0.720770
68 338 300.00 0.837903
68 70 300.00 0.173603
327 49 300.00 0.711087
327 319 300.00 0.644083
327 325 300.00 0.183017
327 329 300.00 0.166057
52 50 300.00 0.180770
52 54 300.00 0.254290
52 335 300.00 0.677753
367 51 300.00 0.033133
367 24 300.00 0.244487
51 367 300.00 0.033133
51 337 300.00 0.699993
51 30 300.00 0.157337
54 52 300.00 0.254290
54 59 300.00 0.361437
54 65 300.00 0.194287
54 338 300.00 0.143670
335 52 300.00 0.677753
335 53 300.00 0.686100
335 334 300.00 0.168317
335 337 300.00 0.163093
53 335 300.00 0.686100
53 51 300.00 0.181333
59 54 300.00 0.361437
59 58 300.00 0.325023
59 61 300.00 0.240310
65 54 300.00 0.194287
65 55 300.00 0.079263
65 400 300.00 0.074320
338 54 300.00 0.143670
338 67 300.00 0.694983
338 68 300.00 0.837903
338 339 300.00 0.170110
334 55 300.00 0.309220
334 56 300.00 0.678927
334 333 300.00 0.166217
334 335 300.00 0.168317
55 334 300.00 0.309220
55 65 300.00 0.079263
55 401 300.00 0.072743
401 55 300.00 0.072743
401 395 300.00 0.127087
401 400 300.00 0.088647
333 57 300.00 0.706187
333 332 300.00 0.166783
333 334 300.00 0.166217
333 395 300.00 0.220990
61 59 300.00 0.240310
61 62 300.00 0.286483
61 395 300.00 0.169107
61 332 300.00 0.178403
395 61 300.00 0.169107
395 333 300.00 0.220990
395 401 300.00 0.127087
63 62 300.00 0.159303
63 83 300.00 0.126083
63 84 300.00 0.043910
83 63 300.00 0.126083
83 82 300.00 0.168910
83 323 300.00 0.703060
400 64 300.00 0.140710
400 65 300.00 0.074320
400 401 300.00 0.088647
64 400 300.00 0.140710
73 66 300.00 0.219460
73 340 300.00 0.399503
73 74 300.00 0.226743
66 73 300.00 0.219460
69 71 300.00 0.175447
69 339 300.00 0.771080
69 362 300.00 0.031987
363 67 300.00 0.031150
363 33 300.00 0.274103
329 68 300.00 0.720770
329 322 300.00 0.641100
329 327 300.00 0.166057
329 394 300.00 0.177057
70 68 300.00 0.173603
70 330 300.00 0.695877
70 339 300.00 0.841670
70 72 300.00 0.162130
339 69 300.00 0.771080
339 70 300.00 0.841670
339 338 300.00 0.170110
339 340 300.00 0.176207
330 70 300.00 0.695877
330 394 300.00 0.021933
330 331 300.00 0.164267
72 70 300.00 0.162130
72 331 300.00 0.702937
72 340 300.00 0.836503
72 85 300.00 0.169283
340 71 300.00 0.851143
340 72 300.00 0.836503
340 73 300.00 0.399503
340 339 300.00 0.176207
331 72 300.00 0.702937
331 326 300.00 0.656490
331 330 300.00 0.164267
331 336 300.00 0.156847
85 72 300.00 0.169283
85 86 300.00 0.168090
85 336 300.00 0.699267
74 73 300.00 0.226743
74 75 300.00 0.296530
74 76 300.00 0.196213
75 74 300.00 0.296530
75 406 300.00 0.370053
75 413 300.00 0.375777
76 74 300.00 0.196213
413 75 300.00 0.375777
413 404 300.00 0.468290
413 405 300.00 0.220367
80 77 300.00 0.190670
80 81 300.00 0.158103
80 314 300.00 0.653943
77 80 300.00 0.190670
77 234 300.00 0.046097
77 45 300.00 0.178903
234 77 300.00 0.046097
234 245 300.00 0.167197
234 235 300.00 0.652770
314 78 300.00 0.176220
314 80 300.00 0.653943
314 305 300.00 0.657857
314 317 300.00 0.157347
78 314 300.00 0.176220
78 235 300.00 0.041963
78 77 300.00 0.649107
235 78 300.00 0.041963
235 246 300.00 0.174360
235 237 300.00 0.656143
336 79 300.00 0.151560
336 85 300.00 0.699267
336 90 300.00 0.385453
336 331 300.00 0.156847
79 336 300.00 0.151560
79 91 300.00 0.459333
79 87 300.00 0.179977
91 79 300.00 0.459333
91 90 300.00 0.186447
91 393 300.00 0.012957
87 79 300.00 0.179977
87 86 300.00 0.516673
87 88 300.00 0.195370
81 80 300.00 0.158103
81 82 300.00 0.162397
81 317 300.00 0.669970
82 81 300.00 0.162397
82 83 300.00 0.168910
82 320 300.00 0.682267
317 81 300.00 0.669970
317 308 300.00 0.647267
317 314 300.00 0.157347
317 320 300.00 0.168580
320 82 300.00 0.682267
320 311 300.00 0.641107
320 317 300.00 0.168580
320 323 300.00 0.171730
323 83 300.00 0.703060
323 313 300.00 0.635553
323 320 300.00 0.171730
323 325 300.00 0.169710
325 84 300.00 0.718280
325 316 300.00 0.635273
325 323 300.00 0.169710
325 327 300.00 0.183017
86 85 300.00 0.168090
86 87 300.00 0.516673
86 89 300.00 0.833383
89 86 300.00 0.833383
88 87 300.00 0.195370
328 90 300.00 0.273690
328 94 300.00 0.167757
328 321 300.00 0.641643
328 326 300.00 0.169317
90 328 300.00 0.273690
90 336 300.00 0.385453
90 91 300.00 0.186447
393 91 300.00 0.012957
393 92 300.00 0.205220
393 94 300.00 0.197780
92 393 300.00 0.205220
101 93 300.00 1.022107
101 94 300.00 0.645673
101 321 300.00 0.175893
93 101 300.00 1.022107
94 101 300.00 0.645673
94 328 300.00 0.167757
94 393 300.00 0.197780
237 95 300.00 0.040533
237 354 300.00 0.649980
237 352 300.00 0.169557
95 237 300.00 0.040533
95 305 300.00 0.166263
95 78 300.00 0.657917
305 95 300.00 0.166263
305 349 300.00 0.644273
305 314 300.00 0.657857
305 308 300.00 0.167650
349 96 300.00 0.163710
349 97 300.00 0.172673
349 105 300.00 0.608223
349 305 300.00 0.644273
96 349 300.00 0.163710
96 95 300.00 0.645367
96 354 300.00 0.036403
354 96 300.00 0.036403
354 388 300.00 0.125997
354 249 300.00 0.526277
98 97 300.00 0.024633
98 99 300.00 0.170207
98 106 300.00 0.588890
97 98 300.00 0.024633
97 308 300.00 0.639787
97 349 300.00 0.172673
308 97 300.00 0.639787
308 305 300.00 0.167650
308 317 300.00 0.647267
308 311 300.00 0.172950
99 98 300.00 0.170207
99 299 300.00 0.591207
99 100 300.00 0.027937
106 98 300.00 0.588890
106 105 300.00 0.167037
106 297 300.00 0.356153
106 299 300.00 0.187173
299 99 300.00 0.591207
299 102 300.00 0.164163
299 106 300.00 0.187173
299 298 300.00 0.363213
100 99 300.00 0.027937
100 311 300.00 0.634417
100 304 300.00 0.170233
311 100 300.00 0.634417
311 308 300.00 0.172950
311 320 300.00 0.641107
311 313 300.00 0.169457
304 100 300.00 0.170233
304 102 300.00 0.619157
304 313 300.00 0.640780
304 306 300.00 0.177310
321 101 300.00 0.175893
321 110 300.00 0.895547
321 318 300.00 0.167300
321 328 300.00 0.641643
102 304 300.00 0.619157
102 301 300.00 0.173980
102 299 300.00 0.164163
301 102 300.00 0.173980
301 300 300.00 0.363197
301 306 300.00 0.618783
301 302 300.00 0.162453
296 103 300.00 0.293050
296 105 300.00 0.353457
296 111 300.00 0.157137
296 297 300.00 0.152953
103 296 300.00 0.293050
103 104 300.00 0.147737
103 120 300.00 0.029360
104 103 300.00 0.147737
104 297 300.00 0.264320
104 107 300.00 0.204697
120 103 300.00 0.029360
120 114 300.00 0.129783
120 119 300.00 0.589083
297 104 300.00 0.264320
297 106 300.00 0.356153
297 296 300.00 0.152953
297 298 300.00 0.192987
107 104 300.00 0.204697
107 298 300.00 0.228393
107 117 300.00 0.172473
105 296 300.00 0.353457
105 349 300.00 0.608223
105 106 300.00 0.167037
298 107 300.00 0.228393
298 116 300.00 0.164613
298 297 300.00 0.192987
298 299 300.00 0.363213
117 107 300.00 0.172473
117 115 300.00 0.177413
117 116 300.00 0.201123
303 108 300.00 0.474463
303 302 300.00 0.176027
303 312 300.00 0.604367
303 307 300.00 0.173540
108 303 300.00 0.474463
307 109 300.00 0.388390
307 303 300.00 0.173540
307 315 300.00 0.609760
307 309 300.00 0.163867
109 307 300.00 0.388390
110 321 300.00 0.895547
111 296 300.00 0.157137
111 96 300.00 0.962487
300 112 300.00 0.162647
300 115 300.00 0.170177
300 116 300.00 0.172577
300 301 300.00 0.363197
112 300 300.00 0.162647
112 115 300.00 0.279020
112 302 300.00 0.376920
115 112 300.00 0.279020
115 300 300.00 0.170177
115 117 300.00 0.177413
302 112 300.00 0.376920
302 301 300.00 0.162453
302 310 300.00 0.612450
302 303 300.00 0.176027
259 113 300.00 0.069870
259 258 300.00 0.204190
259 294 300.00 0.171127
259 260 300.00 0.473933
113 259 300.00 0.069870
113 273 300.00 0.453350
273 260 300.00 0.151950
273 370 300.00 0.031283
114 120 300.00 0.129783
114 369 300.00 0.252653
369 368 300.00 0.037607
369 111 300.00 0.065627
116 300 300.00 0.172577
116 298 300.00 0.164613
116 117 300.00 0.201123
119 118 300.00 0.204033
119 120 300.00 0.589083
119 379 300.00 0.655253
118 119 300.00 0.204033
118 114 300.00 0.583523
379 119 300.00 0.655253
379 370 300.00 0.238673
121 225 300.00 0.394030
225 377 300.00 0.074640
225 231 300.00 0.172387
225 353 300.00 0.637617
226 122 300.00 0.039567
226 121 300.00 0.067007
226 227 300.00 0.466803
122 226 300.00 0.039567
122 2 300.00 0.231677
131 123 300.00 0.035830
131 132 300.00 0.126327
131 398 300.00 0.309647
123 131 300.00 0.035830
123 377 300.00 0.151783
377 128 300.00 0.332890
377 225 300.00 0.074640
377 402 300.00 0.447157
358 126 300.00 0.213167
358 127 300.00 0.134670
147 127 300.00 0.268697
147 148 300.00 0.275197
398 128 300.00 0.020793
398 131 300.00 0.309647
398 357 300.00 0.396363
128 398 300.00 0.020793
128 377 300.00 0.332890
128 129 300.00 0.302427
366 30 300.00 0.032040
366 367 300.00 0.157010
132 131 300.00 0.126327
132 134 300.00 0.118000
132 133 300.00 0.418827
133 132 300.00 0.418827
137 135 300.00 0.122807
137 141 300.00 0.052233
137 138 300.00 0.237147
136 135 300.00 0.225900
142 135 300.00 0.066803
142 141 300.00 0.374910
142 143 300.00 0.059667
141 137 300.00 0.052233
141 139 300.00 0.062157
141 142 300.00 0.374910
138 137 300.00 0.237147
139 141 300.00 0.062157
139 399 300.00 0.096660
139 140 300.00 0.234177
140 139 300.00 0.234177
143 142 300.00 0.059667
150 144 300.00 0.070493
150 145 300.00 0.054567
150 357 300.00 0.178040
145 150 300.00 0.054567
145 149 300.00 0.093277
149 145 300.00 0.093277
146 8 300.00 0.258670
148 147 300.00 0.275197
152 151 300.00 0.065280
152 193 300.00 0.043737
151 152 300.00 0.065280
151 153 300.00 0.162810
153 151 300.00 0.162810
153 355 300.00 0.125773
193 152 300.00 0.043737
193 154 300.00 0.124467
193 192 300.00 0.148253
355 153 300.00 0.125773
355 383 300.00 0.244677
154 193 300.00 0.124467
210 155 300.00 0.084957
210 209 300.00 0.113733
210 212 300.00 0.213657
155 210 300.00 0.084957
359 156 300.00 0.041847
156 359 300.00 0.041847
156 229 300.00 0.768520
229 228 300.00 0.218937
229 417 300.00 0.360593
159 157 300.00 0.126967
159 197 300.00 0.109510
159 415 300.00 0.136080
157 159 300.00 0.126967
157 162 300.00 0.174327
157 416 300.00 0.141080
162 157 300.00 0.174327
162 199 300.00 0.161980
162 163 300.00 0.160660
162 178 300.00 0.166730
416 157 300.00 0.141080
416 292 300.00 0.132380
416 415 300.00 0.125057
195 158 300.00 0.198730
195 381 300.00 0.106647
195 196 300.00 0.283667
158 195 300.00 0.198730
158 161 300.00 0.163363
158 292 300.00 0.240523
161 158 300.00 0.163363
161 198 300.00 0.157213
161 181 300.00 0.214337
161 341 300.00 0.176377
292 158 300.00 0.240523
292 160 300.00 0.118203
292 181 300.00 0.167577
292 416 300.00 0.132380
197 159 300.00 0.109510
197 164 300.00 0.166980
197 376 300.00 0.166003
415 159 300.00 0.136080
415 160 300.00 0.121707
415 416 300.00 0.125057
160 415 300.00 0.121707
160 292 300.00 0.118203
160 196 300.00 0.113717
196 160 300.00 0.113717
196 195 300.00 0.283667
196 376 300.00 0.071177
198 161 300.00 0.157213
198 194 300.00 0.165143
198 287 300.00 0.190533
181 161 300.00 0.214337
181 178 300.00 0.141650
181 292 300.00 0.167577
181 287 300.00 0.154163
341 161 300.00 0.176377
341 167 300.00 0.361307
341 192 300.00 0.310717
199 162 300.00 0.161980
199 163 300.00 0.301707
199 191 300.00 0.171260
199 289 300.00 0.179280
163 162 300.00 0.160660
163 164 300.00 0.440630
163 199 300.00 0.301707
163 252 300.00 0.154750
178 162 300.00 0.166730
178 289 300.00 0.151970
178 181 300.00 0.141650
164 163 300.00 0.440630
164 197 300.00 0.166980
164 202 300.00 0.533327
252 163 300.00 0.154750
252 254 300.00 0.119900
252 390 300.00 1.042370
252 253 300.00 0.165907
202 164 300.00 0.533327
202 343 300.00 0.169823
202 342 300.00 0.182303
202 238 300.00 0.642117
166 165 300.00 0.252567
166 342 300.00 0.050777
166 201 300.00 0.249973
165 166 300.00 0.252567
165 381 300.00 0.520483
165 376 300.00 0.246537
381 165 300.00 0.520483
381 167 300.00 0.071847
381 195 300.00 0.106647
376 165 300.00 0.246537
376 196 300.00 0.071177
376 197 300.00 0.166003
342 166 300.00 0.050777
342 202 300.00 0.182303
342 207 300.00 0.177680
342 236 300.00 1.292273
201 166 300.00 0.249973
167 341 300.00 0.361307
167 385 300.00 0.121673
167 381 300.00 0.071847
385 167 300.00 0.121673
170 168 300.00 0.160677
170 382 300.00 0.009790
170 174 300.00 0.142303
168 170 300.00 0.160677
168 384 300.00 0.085923
168 173 300.00 0.149730
384 168 300.00 0.085923
173 168 300.00 0.149730
173 171 300.00 0.148997
173 174 300.00 0.168197
171 169 300.00 0.282043
171 173 300.00 0.148997
171 172 300.00 0.166353
169 171 300.00 0.282043
382 170 300.00 0.009790
382 183 300.00 0.160800
382 383 300.00 0.163357
174 170 300.00 0.142303
174 173 300.00 0.168197
174 179 300.00 0.129933
174 281 300.00 0.167437
172 171 300.00 0.166353
172 176 300.00 0.165417
172 179 300.00 0.033807
176 172 300.00 0.165417
176 283 300.00 0.157580
176 182 300.00 0.340880
179 172 300.00 0.033807
179 174 300.00 0.129933
179 282 300.00 0.158670
281 174 300.00 0.167437
281 183 300.00 0.136303
281 186 300.00 0.159440
281 282 300.00 0.159440
284 175 300.00 0.161803
284 186 300.00 0.157817
284 189 300.00 0.173047
284 190 300.00 0.157643
175 284 300.00 0.161803
175 194 300.00 0.016427
175 285 300.00 0.170407
194 175 300.00 0.016427
194 192 300.00 0.156230
194 198 300.00 0.165143
285 175 300.00 0.170407
285 189 300.00 0.156570
285 286 300.00 0.156280
285 287 300.00 0.169210
283 176 300.00 0.157580
283 182 300.00 0.184737
283 185 300.00 0.169387
283 282 300.00 0.186447
182 176 300.00 0.340880
182 184 300.00 0.170610
182 283 300.00 0.184737
386 177 300.00 0.016510
386 189 300.00 0.151467
386 286 300.00 0.154877
177 386 300.00 0.016510
177 188 300.00 0.173920
177 185 300.00 0.155843
188 177 300.00 0.173920
188 184 300.00 0.149343
188 191 300.00 0.157443
188 268 300.00 0.096657
185 177 300.00 0.155843
185 180 300.00 0.175937
185 184 300.00 0.183210
185 283 300.00 0.169387
289 178 300.00 0.151970
289 199 300.00 0.179280
289 286 300.00 0.175880
289 287 300.00 0.150043
282 179 300.00 0.158670
282 180 300.00 0.161887
282 281 300.00 0.159440
282 283 300.00 0.186447
189 180 300.00 0.160533
189 284 300.00 0.173047
189 386 300.00 0.151467
189 285 300.00 0.156570
180 189 300.00 0.160533
180 186 300.00 0.160803
180 185 300.00 0.175937
180 282 300.00 0.161887
186 180 300.00 0.160803
186 284 300.00 0.157817
186 187 300.00 0.151743
186 281 300.00 0.159440
287 181 300.00 0.154163
287 198 300.00 0.190533
287 285 300.00 0.169210
287 289 300.00 0.150043
184 182 300.00 0.170610
184 188 300.00 0.149343
184 185 300.00 0.183210
183 382 300.00 0.160800
183 281 300.00 0.136303
183 187 300.00 0.163793
187 183 300.00 0.163793
187 186 300.00 0.151743
187 190 300.00 0.150907
190 187 300.00 0.150907
190 192 300.00 0.166110
190 284 300.00 0.157643
191 188 300.00 0.157443
191 199 300.00 0.171260
191 286 300.00 0.181410
191 291 300.00 0.195010
268 188 300.00 0.096657
192 190 300.00 0.166110
192 194 300.00 0.156230
192 341 300.00 0.310717
192 193 300.00 0.148253
286 191 300.00 0.181410
286 285 300.00 0.156280
286 289 300.00 0.175880
286 386 300.00 0.154877
291 191 300.00 0.195010
291 253 300.00 0.212200
291 270 300.00 0.146423
291 293 300.00 0.172343
239 200 300.00 0.171987
239 241 300.00 0.172960
239 240 300.00 0.649727
200 239 300.00 0.171987
200 351 300.00 0.648017
200 403 300.00 0.162943
351 200 300.00 0.648017
351 236 300.00 0.159733
351 238 300.00 0.651820
351 240 300.00 0.174673
403 200 300.00 0.162943
403 227 300.00 0.111063
403 236 300.00 0.645090
343 202 300.00 0.169823
343 392 300.00 0.029043
343 347 300.00 0.644687
238 202 300.00 0.642117
238 347 300.00 0.172080
238 351 300.00 0.651820
205 203 300.00 0.163423
205 207 300.00 0.244810
205 375 300.00 0.129807
203 205 300.00 0.163423
203 204 300.00 0.284483
203 209 300.00 0.268997
204 203 300.00 0.284483
209 203 300.00 0.268997
209 208 300.00 0.468263
209 210 300.00 0.113733
207 205 300.00 0.244810
207 208 300.00 0.204287
207 342 300.00 0.177680
375 205 300.00 0.129807
375 206 300.00 0.086077
375 374 300.00 0.194833
206 375 300.00 0.086077
208 207 300.00 0.204287
208 211 300.00 0.208773
208 209 300.00 0.468263
211 208 300.00 0.208773
211 214 300.00 0.216327
211 212 300.00 0.578057
212 210 300.00 0.213657
212 211 300.00 0.578057
214 211 300.00 0.216327
214 215 300.00 0.217007
221 213 300.00 0.512200
221 219 300.00 0.228557
221 228 300.00 0.573107
213 221 300.00 0.512200
213 226 300.00 0.148347
215 214 300.00 0.217007
215 217 300.00 0.208967
215 216 300.00 0.373887
217 215 300.00 0.208967
217 219 300.00 0.216293
217 218 300.00 0.375430
216 215 300.00 0.373887
216 218 300.00 0.215483
216 356 300.00 0.309530
218 216 300.00 0.215483
218 217 300.00 0.375430
218 220 300.00 0.193213
356 216 300.00 0.309530
219 217 300.00 0.216293
219 221 300.00 0.228557
219 220 300.00 0.382570
220 218 300.00 0.193213
220 219 300.00 0.382570
220 223 300.00 0.335833
223 220 300.00 0.335833
223 224 300.00 0.213237
228 221 300.00 0.573107
228 224 300.00 0.266993
228 229 300.00 0.218937
224 222 300.00 0.153223
224 223 300.00 0.213237
224 228 300.00 0.266993
222 224 300.00 0.153223
231 225 300.00 0.172387
231 227 300.00 0.101840
231 232 300.00 0.626780
353 232 300.00 0.162200
353 233 300.00 0.174303
353 124 300.00 0.393457
227 226 300.00 0.466803
227 231 300.00 0.101840
227 403 300.00 0.111063
232 230 300.00 0.433483
232 231 300.00 0.626780
232 353 300.00 0.162200
245 234 300.00 0.167197
245 243 300.00 0.158343
245 246 300.00 0.654733
246 235 300.00 0.174360
246 244 300.00 0.167447
246 245 300.00 0.654733
246 352 300.00 0.654670
236 351 300.00 0.159733
236 403 300.00 0.645090
236 342 300.00 1.292273
352 237 300.00 0.169557
352 246 300.00 0.654670
352 346 300.00 0.634213
352 350 300.00 0.174797
347 238 300.00 0.172080
347 240 300.00 0.650020
347 343 300.00 0.644687
347 348 300.00 0.173923
241 239 300.00 0.172960
241 243 300.00 0.172960
241 242 300.00 0.651397
240 239 300.00 0.649727
240 242 300.00 0.173677
240 351 300.00 0.174673
240 347 300.00 0.650020
242 240 300.00 0.173677
242 241 300.00 0.651397
242 244 300.00 0.167737
242 348 300.00 0.650237
243 241 300.00 0.172960
243 245 300.00 0.158343
243 244 300.00 0.653063
244 242 300.00 0.167737
244 243 300.00 0.653063
244 246 300.00 0.167447
244 350 300.00 0.652163
348 242 300.00 0.650237
348 344 300.00 0.635687
348 347 300.00 0.173923
348 350 300.00 0.172257
350 244 300.00 0.652163
350 345 300.00 0.634153
350 348 300.00 0.172257
350 352 300.00 0.174797
392 247 300.00 0.449213
392 343 300.00 0.029043
392 390 300.00 0.177347
247 392 300.00 0.449213
295 248 300.00 0.140790
295 250 300.00 0.125413
295 267 300.00 0.166483
295 389 300.00 1.051130
248 295 300.00 0.140790
248 257 300.00 0.339413
248 391 300.00 1.096233
257 248 300.00 0.339413
257 294 300.00 0.156953
257 262 300.00 0.524453
391 248 300.00 1.096233
391 346 300.00 0.032803
391 388 300.00 0.037213
249 368 300.00 0.504610
249 294 300.00 0.959163
368 369 300.00 0.037607
368 258 300.00 0.272730
294 249 300.00 0.959163
294 257 300.00 0.156953
294 259 300.00 0.171127
294 261 300.00 0.508620
250 295 300.00 0.125413
250 254 300.00 0.045197
250 251 300.00 0.145460
254 250 300.00 0.045197
254 252 300.00 0.119900
254 255 300.00 0.171487
251 250 300.00 0.145460
390 252 300.00 1.042370
390 344 300.00 0.034153
390 389 300.00 0.174920
253 252 300.00 0.165907
253 256 300.00 0.107490
253 291 300.00 0.212200
256 253 300.00 0.107490
256 255 300.00 0.031673
256 293 300.00 0.161440
255 254 300.00 0.171487
255 267 300.00 0.154300
255 256 300.00 0.031673
267 255 300.00 0.154300
267 266 300.00 0.170177
267 295 300.00 0.166483
293 256 300.00 0.161440
293 266 300.00 0.191613
293 290 300.00 0.130587
293 291 300.00 0.172343
262 257 300.00 0.524453
262 261 300.00 0.132900
262 278 300.00 0.213047
262 263 300.00 0.178920
258 113 300.00 0.205733
258 259 300.00 0.204190
260 259 300.00 0.473933
260 273 300.00 0.151950
260 261 300.00 0.203490
261 260 300.00 0.203490
261 294 300.00 0.508620
261 262 300.00 0.132900
278 262 300.00 0.213047
263 262 300.00 0.178920
263 271 300.00 0.228147
263 264 300.00 0.235120
263 276 300.00 0.146993
271 263 300.00 0.228147
271 269 300.00 0.208453
271 288 300.00 0.202050
264 263 300.00 0.235120
264 288 300.00 0.275627
264 272 300.00 0.113663
276 263 300.00 0.146993
276 275 300.00 0.097720
276 277 300.00 0.366607
288 264 300.00 0.275627
288 265 300.00 0.159333
288 271 300.00 0.202050
288 290 300.00 0.193233
272 264 300.00 0.113663
272 265 300.00 0.290953
272 277 300.00 0.169450
270 265 300.00 0.177183
270 291 300.00 0.146423
270 290 300.00 0.178350
265 270 300.00 0.177183
265 272 300.00 0.290953
265 288 300.00 0.159333
266 293 300.00 0.191613
266 267 300.00 0.170177
266 269 300.00 0.119180
269 266 300.00 0.119180
269 290 300.00 0.195197
269 271 300.00 0.208453
290 269 300.00 0.195197
290 270 300.00 0.178350
290 288 300.00 0.193233
290 293 300.00 0.130587
277 272 300.00 0.169450
277 274 300.00 0.163473
277 276 300.00 0.366607
370 273 300.00 0.031283
370 118 300.00 0.097100
274 277 300.00 0.163473
275 276 300.00 0.097720
389 295 300.00 1.051130
389 345 300.00 0.033950
389 391 300.00 0.176210
306 301 300.00 0.618783
306 304 300.00 0.177310
306 316 300.00 0.643980
306 310 300.00 0.168907
310 302 300.00 0.612450
310 306 300.00 0.168907
310 319 300.00 0.643373
310 312 300.00 0.170763
312 303 300.00 0.604367
312 310 300.00 0.170763
312 322 300.00 0.646317
312 315 300.00 0.164697
313 304 300.00 0.640780
313 311 300.00 0.169457
313 323 300.00 0.635553
313 316 300.00 0.172447
316 306 300.00 0.643980
316 313 300.00 0.172447
316 325 300.00 0.635273
316 319 300.00 0.170433
315 307 300.00 0.609760
315 312 300.00 0.164697
315 318 300.00 0.177400
315 324 300.00 0.641403
309 307 300.00 0.163867
309 318 300.00 0.597887
309 380 300.00 0.474793
318 309 300.00 0.597887
318 315 300.00 0.177400
318 326 300.00 0.644027
318 321 300.00 0.167300
380 309 300.00 0.474793
319 310 300.00 0.643373
319 316 300.00 0.170433
319 327 300.00 0.644083
319 322 300.00 0.171000
322 312 300.00 0.646317
322 319 300.00 0.171000
322 329 300.00 0.641100
322 324 300.00 0.168383
324 315 300.00 0.641403
324 322 300.00 0.168383
324 394 300.00 0.639033
324 326 300.00 0.172450
326 318 300.00 0.644027
326 324 300.00 0.172450
326 331 300.00 0.656490
326 328 300.00 0.169317
394 324 300.00 0.639033
394 329 300.00 0.177057
394 330 300.00 0.021933
344 390 300.00 0.034153
344 343 300.00 0.177387
344 348 300.00 0.635687
345 389 300.00 0.033950
345 344 300.00 0.174560
345 350 300.00 0.634153
346 391 300.00 0.032803
346 345 300.00 0.172927
346 352 300.00 0.634213
388 354 300.00 0.125997
388 346 300.00 0.040720
383 355 300.00 0.244677
383 382 300.00 0.163357
371 387 300.00 1.099970
387 373 300.00 0.519570
373 1 300.00 0.169557
374 375 300.00 0.194833
402 122 300.00 0.067327
402 121 300.00 0.043613
410 396 300.00 0.775253
410 408 300.00 0.216137
410 411 300.00 0.657883
410 412 300.00 0.207450
404 413 300.00 0.468290
405 406 300.00 0.630810
405 407 300.00 0.693093
405 408 300.00 0.215730
405 413 300.00 0.220367
407 405 300.00 0.693093
408 405 300.00 0.215730
408 409 300.00 0.720400
408 410 300.00 0.216137
409 408 300.00 0.720400
411 410 300.00 0.657883
414 412 300.00 0.620413
