0.000000 337.000000 300.000000 0.117197
0.000000 235.000000 300.000000 0.512250
1.000000 2.000000 300.000000 0.076010
2.000000 60.000000 300.000000 0.122753
2.000000 346.000000 300.000000 0.229513
3.000000 4.000000 300.000000 0.130607
3.000000 261.000000 300.000000 0.099397
4.000000 42.000000 300.000000 0.323487
5.000000 41.000000 300.000000 0.040017
5.000000 382.000000 300.000000 0.494363
6.000000 1.000000 300.000000 0.416397
6.000000 331.000000 300.000000 0.213060
7.000000 62.000000 300.000000 1.071020
7.000000 345.000000 300.000000 0.599007
226.000000 8.000000 300.000000 0.308430
8.000000 226.000000 300.000000 0.308430
8.000000 296.000000 300.000000 0.381647
9.000000 79.000000 300.000000 0.224023
237.000000 10.000000 300.000000 0.316447
10.000000 237.000000 300.000000 0.316447
12.000000 11.000000 300.000000 0.582230
11.000000 12.000000 300.000000 0.582230
245.000000 11.000000 300.000000 0.217763
11.000000 245.000000 300.000000 0.217763
25.000000 11.000000 300.000000 0.217947
11.000000 25.000000 300.000000 0.217947
11.000000 12.000000 300.000000 0.582230
12.000000 11.000000 300.000000 0.582230
241.000000 12.000000 300.000000 0.258793
12.000000 241.000000 300.000000 0.258793
12.000000 24.000000 300.000000 0.206873
14.000000 13.000000 300.000000 0.735683
13.000000 14.000000 300.000000 0.735683
13.000000 14.000000 300.000000 0.735683
14.000000 13.000000 300.000000 0.735683
14.000000 250.000000 300.000000 0.246617
16.000000 15.000000 300.000000 0.605923
15.000000 16.000000 300.000000 0.605923
15.000000 16.000000 300.000000 0.605923
16.000000 15.000000 300.000000 0.605923
16.000000 377.000000 300.000000 0.215343
404.000000 18.000000 300.000000 0.066493
18.000000 404.000000 300.000000 0.066493
404.000000 19.000000 300.000000 0.093900
19.000000 404.000000 300.000000 0.093900
245.000000 19.000000 300.000000 0.331717
19.000000 245.000000 300.000000 0.331717
329.000000 19.000000 300.000000 0.295180
19.000000 329.000000 300.000000 0.295180
20.000000 19.000000 300.000000 0.277027
19.000000 20.000000 300.000000 0.277027
21.000000 20.000000 300.000000 0.165097
20.000000 21.000000 300.000000 0.165097
19.000000 20.000000 300.000000 0.277027
20.000000 19.000000 300.000000 0.277027
29.000000 20.000000 300.000000 0.477130
20.000000 29.000000 300.000000 0.477130
22.000000 21.000000 300.000000 0.094690
21.000000 22.000000 300.000000 0.094690
20.000000 21.000000 300.000000 0.165097
21.000000 20.000000 300.000000 0.165097
256.000000 21.000000 300.000000 0.206793
21.000000 256.000000 300.000000 0.206793
21.000000 22.000000 300.000000 0.094690
22.000000 21.000000 300.000000 0.094690
254.000000 22.000000 300.000000 0.177933
22.000000 254.000000 300.000000 0.177933
328.000000 22.000000 300.000000 0.481817
22.000000 328.000000 300.000000 0.481817
30.000000 23.000000 300.000000 0.463417
23.000000 30.000000 300.000000 0.463417
348.000000 24.000000 300.000000 0.340947
24.000000 348.000000 300.000000 0.340947
24.000000 295.000000 300.000000 0.211990
401.000000 25.000000 300.000000 0.008453
25.000000 401.000000 300.000000 0.008453
11.000000 25.000000 300.000000 0.217947
25.000000 11.000000 300.000000 0.217947
256.000000 25.000000 300.000000 0.180233
25.000000 256.000000 300.000000 0.180233
252.000000 26.000000 300.000000 0.315397
26.000000 252.000000 300.000000 0.315397
27.000000 26.000000 300.000000 0.218907
26.000000 27.000000 300.000000 0.218907
249.000000 26.000000 300.000000 0.100293
26.000000 249.000000 300.000000 0.100293
253.000000 27.000000 300.000000 0.217743
27.000000 253.000000 300.000000 0.217743
26.000000 27.000000 300.000000 0.218907
27.000000 26.000000 300.000000 0.218907
31.000000 27.000000 300.000000 0.760440
27.000000 31.000000 300.000000 0.760440
295.000000 27.000000 300.000000 0.720733
27.000000 295.000000 300.000000 0.720733
330.000000 28.000000 300.000000 0.199980
28.000000 330.000000 300.000000 0.199980
29.000000 240.000000 300.000000 0.092473
20.000000 29.000000 300.000000 0.477130
29.000000 20.000000 300.000000 0.477130
23.000000 30.000000 300.000000 0.463417
30.000000 23.000000 300.000000 0.463417
30.000000 328.000000 300.000000 0.242280
31.000000 324.000000 300.000000 0.253187
27.000000 31.000000 300.000000 0.760440
31.000000 27.000000 300.000000 0.760440
34.000000 31.000000 300.000000 0.328900
31.000000 34.000000 300.000000 0.328900
32.000000 31.000000 300.000000 0.070720
246.000000 32.000000 300.000000 0.607363
32.000000 246.000000 300.000000 0.607363
33.000000 334.000000 300.000000 0.284800
33.000000 326.000000 300.000000 0.342683
31.000000 34.000000 300.000000 0.328900
34.000000 31.000000 300.000000 0.328900
330.000000 35.000000 300.000000 0.359403
35.000000 330.000000 300.000000 0.359403
36.000000 40.000000 300.000000 0.216807
278.000000 36.000000 300.000000 0.274730
36.000000 278.000000 300.000000 0.274730
219.000000 37.000000 300.000000 0.499953
37.000000 219.000000 300.000000 0.499953
37.000000 39.000000 300.000000 0.361483
38.000000 41.000000 300.000000 0.476340
356.000000 39.000000 300.000000 0.818447
39.000000 356.000000 300.000000 0.818447
39.000000 36.000000 300.000000 0.263130
40.000000 215.000000 300.000000 0.313423
41.000000 6.000000 300.000000 0.354357
41.000000 346.000000 300.000000 0.423463
41.000000 267.000000 300.000000 0.963253
42.000000 44.000000 300.000000 0.072073
42.000000 258.000000 300.000000 0.824040
43.000000 45.000000 300.000000 0.267620
43.000000 44.000000 300.000000 0.664677
44.000000 5.000000 300.000000 0.249213
57.000000 45.000000 300.000000 0.299627
45.000000 57.000000 300.000000 0.299627
45.000000 382.000000 300.000000 0.389567
48.000000 46.000000 300.000000 0.425893
46.000000 48.000000 300.000000 0.425893
373.000000 46.000000 300.000000 0.394040
46.000000 373.000000 300.000000 0.394040
148.000000 46.000000 300.000000 0.356397
46.000000 148.000000 300.000000 0.356397
47.000000 376.000000 300.000000 0.594267
47.000000 58.000000 300.000000 0.308810
51.000000 48.000000 300.000000 0.576860
48.000000 51.000000 300.000000 0.576860
58.000000 48.000000 300.000000 0.359077
48.000000 58.000000 300.000000 0.359077
46.000000 48.000000 300.000000 0.425893
48.000000 46.000000 300.000000 0.425893
57.000000 49.000000 300.000000 0.357623
49.000000 57.000000 300.000000 0.357623
164.000000 49.000000 300.000000 0.325020
49.000000 164.000000 300.000000 0.325020
57.000000 50.000000 300.000000 0.372213
50.000000 57.000000 300.000000 0.372213
381.000000 50.000000 300.000000 0.105217
50.000000 381.000000 300.000000 0.105217
55.000000 50.000000 300.000000 0.369797
50.000000 55.000000 300.000000 0.369797
48.000000 51.000000 300.000000 0.576860
51.000000 48.000000 300.000000 0.576860
53.000000 51.000000 300.000000 0.164490
51.000000 53.000000 300.000000 0.164490
54.000000 51.000000 300.000000 0.350660
51.000000 54.000000 300.000000 0.350660
279.000000 52.000000 300.000000 0.238583
52.000000 279.000000 300.000000 0.238583
258.000000 52.000000 300.000000 0.571767
52.000000 258.000000 300.000000 0.571767
259.000000 52.000000 300.000000 0.900857
52.000000 259.000000 300.000000 0.900857
51.000000 53.000000 300.000000 0.164490
53.000000 51.000000 300.000000 0.164490
395.000000 53.000000 300.000000 0.027570
53.000000 395.000000 300.000000 0.027570
154.000000 53.000000 300.000000 0.342563
53.000000 154.000000 300.000000 0.342563
51.000000 54.000000 300.000000 0.350660
54.000000 51.000000 300.000000 0.350660
54.000000 376.000000 300.000000 0.308387
56.000000 54.000000 300.000000 0.532997
54.000000 56.000000 300.000000 0.532997
55.000000 273.000000 300.000000 0.119033
264.000000 55.000000 300.000000 0.033500
55.000000 264.000000 300.000000 0.033500
50.000000 55.000000 300.000000 0.369797
55.000000 50.000000 300.000000 0.369797
57.000000 56.000000 300.000000 0.322913
56.000000 57.000000 300.000000 0.322913
164.000000 56.000000 300.000000 0.357640
56.000000 164.000000 300.000000 0.357640
257.000000 56.000000 300.000000 0.307170
56.000000 257.000000 300.000000 0.307170
54.000000 56.000000 300.000000 0.532997
56.000000 54.000000 300.000000 0.532997
45.000000 57.000000 300.000000 0.299627
57.000000 45.000000 300.000000 0.299627
49.000000 57.000000 300.000000 0.357623
57.000000 49.000000 300.000000 0.357623
50.000000 57.000000 300.000000 0.372213
57.000000 50.000000 300.000000 0.372213
56.000000 57.000000 300.000000 0.322913
57.000000 56.000000 300.000000 0.322913
58.000000 54.000000 300.000000 0.590787
48.000000 58.000000 300.000000 0.359077
58.000000 48.000000 300.000000 0.359077
151.000000 59.000000 300.000000 0.169270
59.000000 151.000000 300.000000 0.169270
152.000000 59.000000 300.000000 0.374090
59.000000 152.000000 300.000000 0.374090
60.000000 230.000000 300.000000 0.392097
60.000000 282.000000 300.000000 0.360223
95.000000 61.000000 300.000000 0.342997
61.000000 95.000000 300.000000 0.342997
61.000000 101.000000 300.000000 0.204690
344.000000 62.000000 300.000000 0.812880
62.000000 344.000000 300.000000 0.812880
62.000000 339.000000 300.000000 0.611160
63.000000 116.000000 300.000000 0.430897
221.000000 64.000000 300.000000 0.404307
64.000000 221.000000 300.000000 0.404307
210.000000 64.000000 300.000000 1.320147
64.000000 210.000000 300.000000 1.320147
274.000000 64.000000 300.000000 2.108027
64.000000 274.000000 300.000000 2.108027
67.000000 66.000000 300.000000 0.233483
66.000000 67.000000 300.000000 0.233483
66.000000 383.000000 300.000000 1.067323
74.000000 67.000000 300.000000 0.352200
67.000000 74.000000 300.000000 0.352200
69.000000 67.000000 300.000000 0.202577
67.000000 69.000000 300.000000 0.202577
66.000000 67.000000 300.000000 0.233483
67.000000 66.000000 300.000000 0.233483
75.000000 69.000000 300.000000 0.352287
69.000000 75.000000 300.000000 0.352287
67.000000 69.000000 300.000000 0.202577
69.000000 67.000000 300.000000 0.202577
70.000000 69.000000 300.000000 0.222257
69.000000 70.000000 300.000000 0.222257
69.000000 70.000000 300.000000 0.222257
70.000000 69.000000 300.000000 0.222257
71.000000 70.000000 300.000000 0.192297
70.000000 71.000000 300.000000 0.192297
73.000000 70.000000 300.000000 0.185467
70.000000 73.000000 300.000000 0.185467
70.000000 71.000000 300.000000 0.192297
71.000000 70.000000 300.000000 0.192297
74.000000 72.000000 300.000000 0.233173
72.000000 74.000000 300.000000 0.233173
72.000000 66.000000 300.000000 0.356653
76.000000 73.000000 300.000000 0.171833
73.000000 76.000000 300.000000 0.171833
70.000000 73.000000 300.000000 0.185467
73.000000 70.000000 300.000000 0.185467
67.000000 74.000000 300.000000 0.352200
74.000000 67.000000 300.000000 0.352200
72.000000 74.000000 300.000000 0.233173
74.000000 72.000000 300.000000 0.233173
75.000000 74.000000 300.000000 0.208103
74.000000 75.000000 300.000000 0.208103
69.000000 75.000000 300.000000 0.352287
75.000000 69.000000 300.000000 0.352287
74.000000 75.000000 300.000000 0.208103
75.000000 74.000000 300.000000 0.208103
76.000000 75.000000 300.000000 0.203910
75.000000 76.000000 300.000000 0.203910
75.000000 76.000000 300.000000 0.203910
76.000000 75.000000 300.000000 0.203910
77.000000 76.000000 300.000000 0.322930
76.000000 77.000000 300.000000 0.322930
73.000000 76.000000 300.000000 0.171833
76.000000 73.000000 300.000000 0.171833
76.000000 77.000000 300.000000 0.322930
77.000000 76.000000 300.000000 0.322930
289.000000 77.000000 300.000000 0.643713
77.000000 289.000000 300.000000 0.643713
77.000000 313.000000 300.000000 0.335740
79.000000 360.000000 300.000000 0.050777
80.000000 17.000000 300.000000 0.212883
81.000000 80.000000 300.000000 0.408197
80.000000 81.000000 300.000000 0.408197
237.000000 81.000000 300.000000 0.429413
81.000000 237.000000 300.000000 0.429413
80.000000 81.000000 300.000000 0.408197
81.000000 80.000000 300.000000 0.408197
378.000000 83.000000 300.000000 0.104780
83.000000 378.000000 300.000000 0.104780
237.000000 83.000000 300.000000 0.433750
83.000000 237.000000 300.000000 0.433750
359.000000 84.000000 300.000000 0.267977
84.000000 359.000000 300.000000 0.267977
238.000000 84.000000 300.000000 0.265497
84.000000 238.000000 300.000000 0.265497
85.000000 84.000000 300.000000 0.246280
84.000000 85.000000 300.000000 0.246280
314.000000 84.000000 300.000000 0.248440
84.000000 314.000000 300.000000 0.248440
358.000000 85.000000 300.000000 0.263810
85.000000 358.000000 300.000000 0.263810
86.000000 85.000000 300.000000 0.280330
85.000000 86.000000 300.000000 0.280330
265.000000 85.000000 300.000000 0.341190
85.000000 265.000000 300.000000 0.341190
84.000000 85.000000 300.000000 0.246280
85.000000 84.000000 300.000000 0.246280
85.000000 86.000000 300.000000 0.280330
86.000000 85.000000 300.000000 0.280330
361.000000 86.000000 300.000000 0.047867
86.000000 361.000000 300.000000 0.047867
90.000000 87.000000 300.000000 0.268440
87.000000 90.000000 300.000000 0.268440
298.000000 87.000000 300.000000 0.472630
87.000000 298.000000 300.000000 0.472630
89.000000 87.000000 300.000000 0.304353
87.000000 89.000000 300.000000 0.304353
90.000000 88.000000 300.000000 0.355480
88.000000 90.000000 300.000000 0.355480
92.000000 89.000000 300.000000 0.264460
89.000000 92.000000 300.000000 0.264460
297.000000 89.000000 300.000000 0.115120
89.000000 297.000000 300.000000 0.115120
91.000000 89.000000 300.000000 0.303347
89.000000 91.000000 300.000000 0.303347
87.000000 89.000000 300.000000 0.304353
89.000000 87.000000 300.000000 0.304353
94.000000 90.000000 300.000000 0.239763
90.000000 94.000000 300.000000 0.239763
87.000000 90.000000 300.000000 0.268440
90.000000 87.000000 300.000000 0.268440
92.000000 90.000000 300.000000 0.289830
90.000000 92.000000 300.000000 0.289830
88.000000 90.000000 300.000000 0.355480
90.000000 88.000000 300.000000 0.355480
95.000000 91.000000 300.000000 0.267107
91.000000 95.000000 300.000000 0.267107
89.000000 91.000000 300.000000 0.303347
91.000000 89.000000 300.000000 0.303347
93.000000 91.000000 300.000000 0.306503
91.000000 93.000000 300.000000 0.306503
89.000000 92.000000 300.000000 0.264460
92.000000 89.000000 300.000000 0.264460
90.000000 92.000000 300.000000 0.289830
92.000000 90.000000 300.000000 0.289830
95.000000 92.000000 300.000000 0.325527
92.000000 95.000000 300.000000 0.325527
91.000000 93.000000 300.000000 0.306503
93.000000 91.000000 300.000000 0.306503
93.000000 61.000000 300.000000 0.262013
98.000000 94.000000 300.000000 0.616787
94.000000 98.000000 300.000000 0.616787
90.000000 94.000000 300.000000 0.239763
94.000000 90.000000 300.000000 0.239763
96.000000 94.000000 300.000000 0.149017
94.000000 96.000000 300.000000 0.149017
300.000000 94.000000 300.000000 0.923730
94.000000 300.000000 300.000000 0.923730
98.000000 95.000000 300.000000 0.217283
95.000000 98.000000 300.000000 0.217283
91.000000 95.000000 300.000000 0.267107
95.000000 91.000000 300.000000 0.267107
92.000000 95.000000 300.000000 0.325527
95.000000 92.000000 300.000000 0.325527
61.000000 95.000000 300.000000 0.342997
95.000000 61.000000 300.000000 0.342997
100.000000 96.000000 300.000000 0.619480
96.000000 100.000000 300.000000 0.619480
300.000000 96.000000 300.000000 0.137653
96.000000 300.000000 300.000000 0.137653
102.000000 96.000000 300.000000 0.295497
96.000000 102.000000 300.000000 0.295497
94.000000 96.000000 300.000000 0.149017
96.000000 94.000000 300.000000 0.149017
108.000000 97.000000 300.000000 0.347527
97.000000 108.000000 300.000000 0.347527
100.000000 98.000000 300.000000 0.149237
98.000000 100.000000 300.000000 0.149237
95.000000 98.000000 300.000000 0.217283
98.000000 95.000000 300.000000 0.217283
94.000000 98.000000 300.000000 0.616787
98.000000 94.000000 300.000000 0.616787
101.000000 98.000000 300.000000 0.368510
98.000000 101.000000 300.000000 0.368510
103.000000 99.000000 300.000000 0.165237
99.000000 103.000000 300.000000 0.165237
98.000000 100.000000 300.000000 0.149237
100.000000 98.000000 300.000000 0.149237
284.000000 100.000000 300.000000 0.380073
100.000000 284.000000 300.000000 0.380073
96.000000 100.000000 300.000000 0.619480
100.000000 96.000000 300.000000 0.619480
98.000000 101.000000 300.000000 0.368510
101.000000 98.000000 300.000000 0.368510
101.000000 284.000000 300.000000 0.151697
104.000000 102.000000 300.000000 0.291100
102.000000 104.000000 300.000000 0.291100
96.000000 102.000000 300.000000 0.295497
102.000000 96.000000 300.000000 0.295497
299.000000 102.000000 300.000000 0.147543
102.000000 299.000000 300.000000 0.147543
106.000000 103.000000 300.000000 0.124323
103.000000 106.000000 300.000000 0.124323
99.000000 103.000000 300.000000 0.165237
103.000000 99.000000 300.000000 0.165237
299.000000 103.000000 300.000000 0.189583
103.000000 299.000000 300.000000 0.189583
111.000000 104.000000 300.000000 0.253650
104.000000 111.000000 300.000000 0.253650
102.000000 104.000000 300.000000 0.291100
104.000000 102.000000 300.000000 0.291100
107.000000 104.000000 300.000000 0.231607
104.000000 107.000000 300.000000 0.231607
108.000000 105.000000 300.000000 0.239773
105.000000 108.000000 300.000000 0.239773
111.000000 106.000000 300.000000 0.494187
106.000000 111.000000 300.000000 0.494187
103.000000 106.000000 300.000000 0.124323
106.000000 103.000000 300.000000 0.124323
109.000000 106.000000 300.000000 0.207220
106.000000 109.000000 300.000000 0.207220
104.000000 107.000000 300.000000 0.231607
107.000000 104.000000 300.000000 0.231607
109.000000 108.000000 300.000000 0.342910
108.000000 109.000000 300.000000 0.342910
105.000000 108.000000 300.000000 0.239773
108.000000 105.000000 300.000000 0.239773
110.000000 108.000000 300.000000 0.143987
108.000000 110.000000 300.000000 0.143987
97.000000 108.000000 300.000000 0.347527
108.000000 97.000000 300.000000 0.347527
108.000000 109.000000 300.000000 0.342910
109.000000 108.000000 300.000000 0.342910
106.000000 109.000000 300.000000 0.207220
109.000000 106.000000 300.000000 0.207220
112.000000 109.000000 300.000000 0.148677
109.000000 112.000000 300.000000 0.148677
114.000000 109.000000 300.000000 0.467020
109.000000 114.000000 300.000000 0.467020
108.000000 110.000000 300.000000 0.143987
110.000000 108.000000 300.000000 0.143987
110.000000 115.000000 300.000000 0.274503
113.000000 110.000000 300.000000 0.583797
110.000000 113.000000 300.000000 0.583797
104.000000 111.000000 300.000000 0.253650
111.000000 104.000000 300.000000 0.253650
106.000000 111.000000 300.000000 0.494187
111.000000 106.000000 300.000000 0.494187
349.000000 111.000000 300.000000 0.439277
111.000000 349.000000 300.000000 0.439277
112.000000 110.000000 300.000000 0.332463
109.000000 112.000000 300.000000 0.148677
112.000000 109.000000 300.000000 0.148677
117.000000 112.000000 300.000000 0.267980
112.000000 117.000000 300.000000 0.267980
115.000000 113.000000 300.000000 0.327723
113.000000 115.000000 300.000000 0.327723
110.000000 113.000000 300.000000 0.583797
113.000000 110.000000 300.000000 0.583797
118.000000 113.000000 300.000000 0.254033
113.000000 118.000000 300.000000 0.254033
109.000000 114.000000 300.000000 0.467020
114.000000 109.000000 300.000000 0.467020
119.000000 114.000000 300.000000 0.265447
114.000000 119.000000 300.000000 0.265447
114.000000 112.000000 300.000000 0.341090
113.000000 115.000000 300.000000 0.327723
115.000000 113.000000 300.000000 0.327723
117.000000 115.000000 300.000000 0.337387
115.000000 117.000000 300.000000 0.337387
115.000000 120.000000 300.000000 0.256840
349.000000 116.000000 300.000000 0.326197
116.000000 349.000000 300.000000 0.326197
116.000000 360.000000 300.000000 0.141637
115.000000 117.000000 300.000000 0.337387
117.000000 115.000000 300.000000 0.337387
119.000000 117.000000 300.000000 0.337503
117.000000 119.000000 300.000000 0.337503
122.000000 117.000000 300.000000 0.255817
117.000000 122.000000 300.000000 0.255817
112.000000 117.000000 300.000000 0.267980
117.000000 112.000000 300.000000 0.267980
320.000000 118.000000 300.000000 0.187847
118.000000 320.000000 300.000000 0.187847
120.000000 118.000000 300.000000 0.338977
118.000000 120.000000 300.000000 0.338977
113.000000 118.000000 300.000000 0.254033
118.000000 113.000000 300.000000 0.254033
123.000000 119.000000 300.000000 0.258433
119.000000 123.000000 300.000000 0.258433
117.000000 119.000000 300.000000 0.337503
119.000000 117.000000 300.000000 0.337503
114.000000 119.000000 300.000000 0.265447
119.000000 114.000000 300.000000 0.265447
118.000000 120.000000 300.000000 0.338977
120.000000 118.000000 300.000000 0.338977
122.000000 120.000000 300.000000 0.334313
120.000000 122.000000 300.000000 0.334313
120.000000 350.000000 300.000000 0.213643
121.000000 307.000000 300.000000 0.323937
121.000000 311.000000 300.000000 0.258270
120.000000 122.000000 300.000000 0.334313
122.000000 120.000000 300.000000 0.334313
123.000000 122.000000 300.000000 0.333753
122.000000 123.000000 300.000000 0.333753
117.000000 122.000000 300.000000 0.255817
122.000000 117.000000 300.000000 0.255817
126.000000 122.000000 300.000000 0.277920
122.000000 126.000000 300.000000 0.277920
122.000000 123.000000 300.000000 0.333753
123.000000 122.000000 300.000000 0.333753
119.000000 123.000000 300.000000 0.258433
123.000000 119.000000 300.000000 0.258433
128.000000 123.000000 300.000000 0.278127
123.000000 128.000000 300.000000 0.278127
125.000000 124.000000 300.000000 0.095423
124.000000 125.000000 300.000000 0.095423
131.000000 125.000000 300.000000 0.354243
125.000000 131.000000 300.000000 0.354243
124.000000 125.000000 300.000000 0.095423
125.000000 124.000000 300.000000 0.095423
127.000000 125.000000 300.000000 0.348527
125.000000 127.000000 300.000000 0.348527
130.000000 126.000000 300.000000 0.281723
126.000000 130.000000 300.000000 0.281723
122.000000 126.000000 300.000000 0.277920
126.000000 122.000000 300.000000 0.277920
126.000000 128.000000 300.000000 0.322913
125.000000 127.000000 300.000000 0.348527
127.000000 125.000000 300.000000 0.348527
129.000000 127.000000 300.000000 0.332170
127.000000 129.000000 300.000000 0.332170
301.000000 127.000000 300.000000 0.304770
127.000000 301.000000 300.000000 0.304770
134.000000 127.000000 300.000000 0.353607
127.000000 134.000000 300.000000 0.353607
133.000000 128.000000 300.000000 0.256083
128.000000 133.000000 300.000000 0.256083
123.000000 128.000000 300.000000 0.278127
128.000000 123.000000 300.000000 0.278127
128.000000 305.000000 300.000000 0.354463
137.000000 129.000000 300.000000 0.346477
129.000000 137.000000 300.000000 0.346477
127.000000 129.000000 300.000000 0.332170
129.000000 127.000000 300.000000 0.332170
130.000000 129.000000 300.000000 0.332423
129.000000 130.000000 300.000000 0.332423
301.000000 129.000000 300.000000 0.601120
129.000000 301.000000 300.000000 0.601120
138.000000 130.000000 300.000000 0.354197
130.000000 138.000000 300.000000 0.354197
126.000000 130.000000 300.000000 0.281723
130.000000 126.000000 300.000000 0.281723
129.000000 130.000000 300.000000 0.332423
130.000000 129.000000 300.000000 0.332423
133.000000 130.000000 300.000000 0.327170
130.000000 133.000000 300.000000 0.327170
134.000000 131.000000 300.000000 0.340777
131.000000 134.000000 300.000000 0.340777
139.000000 131.000000 300.000000 0.353087
131.000000 139.000000 300.000000 0.353087
125.000000 131.000000 300.000000 0.354243
131.000000 125.000000 300.000000 0.354243
303.000000 131.000000 300.000000 0.181100
131.000000 303.000000 300.000000 0.181100
308.000000 132.000000 300.000000 0.270213
132.000000 308.000000 300.000000 0.270213
132.000000 136.000000 300.000000 0.393280
128.000000 133.000000 300.000000 0.256083
133.000000 128.000000 300.000000 0.256083
135.000000 133.000000 300.000000 0.339050
133.000000 135.000000 300.000000 0.339050
405.000000 133.000000 300.000000 0.362873
133.000000 405.000000 300.000000 0.362873
130.000000 133.000000 300.000000 0.327170
133.000000 130.000000 300.000000 0.327170
131.000000 134.000000 300.000000 0.340777
134.000000 131.000000 300.000000 0.340777
137.000000 134.000000 300.000000 0.337733
134.000000 137.000000 300.000000 0.337733
127.000000 134.000000 300.000000 0.353607
134.000000 127.000000 300.000000 0.353607
140.000000 134.000000 300.000000 0.350010
134.000000 140.000000 300.000000 0.350010
133.000000 135.000000 300.000000 0.339050
135.000000 133.000000 300.000000 0.339050
305.000000 135.000000 300.000000 0.240050
135.000000 305.000000 300.000000 0.240050
304.000000 135.000000 300.000000 0.450327
135.000000 304.000000 300.000000 0.450327
136.000000 332.000000 300.000000 0.050033
134.000000 137.000000 300.000000 0.337733
137.000000 134.000000 300.000000 0.337733
138.000000 137.000000 300.000000 0.328783
137.000000 138.000000 300.000000 0.328783
129.000000 137.000000 300.000000 0.346477
137.000000 129.000000 300.000000 0.346477
141.000000 137.000000 300.000000 0.361707
137.000000 141.000000 300.000000 0.361707
137.000000 138.000000 300.000000 0.328783
138.000000 137.000000 300.000000 0.328783
405.000000 138.000000 300.000000 0.332897
138.000000 405.000000 300.000000 0.332897
143.000000 138.000000 300.000000 0.354247
138.000000 143.000000 300.000000 0.354247
130.000000 138.000000 300.000000 0.354197
138.000000 130.000000 300.000000 0.354197
140.000000 139.000000 300.000000 0.342360
139.000000 140.000000 300.000000 0.342360
144.000000 139.000000 300.000000 0.356550
139.000000 144.000000 300.000000 0.356550
131.000000 139.000000 300.000000 0.353087
139.000000 131.000000 300.000000 0.353087
141.000000 140.000000 300.000000 0.339817
140.000000 141.000000 300.000000 0.339817
139.000000 140.000000 300.000000 0.342360
140.000000 139.000000 300.000000 0.342360
134.000000 140.000000 300.000000 0.350010
140.000000 134.000000 300.000000 0.350010
384.000000 140.000000 300.000000 0.176523
140.000000 384.000000 300.000000 0.176523
143.000000 141.000000 300.000000 0.331403
141.000000 143.000000 300.000000 0.331403
140.000000 141.000000 300.000000 0.339817
141.000000 140.000000 300.000000 0.339817
137.000000 141.000000 300.000000 0.361707
141.000000 137.000000 300.000000 0.361707
352.000000 141.000000 300.000000 0.346353
141.000000 352.000000 300.000000 0.346353
145.000000 142.000000 300.000000 0.455303
142.000000 145.000000 300.000000 0.455303
315.000000 142.000000 300.000000 0.116107
142.000000 315.000000 300.000000 0.116107
304.000000 142.000000 300.000000 0.171417
142.000000 304.000000 300.000000 0.171417
141.000000 143.000000 300.000000 0.331403
143.000000 141.000000 300.000000 0.331403
145.000000 143.000000 300.000000 0.067883
143.000000 145.000000 300.000000 0.067883
138.000000 143.000000 300.000000 0.354247
143.000000 138.000000 300.000000 0.354247
139.000000 144.000000 300.000000 0.356550
144.000000 139.000000 300.000000 0.356550
146.000000 144.000000 300.000000 0.343083
144.000000 146.000000 300.000000 0.343083
147.000000 144.000000 300.000000 0.549657
144.000000 147.000000 300.000000 0.549657
143.000000 145.000000 300.000000 0.067883
145.000000 143.000000 300.000000 0.067883
353.000000 145.000000 300.000000 0.396517
145.000000 353.000000 300.000000 0.396517
142.000000 145.000000 300.000000 0.455303
145.000000 142.000000 300.000000 0.455303
384.000000 146.000000 300.000000 0.173993
146.000000 384.000000 300.000000 0.173993
352.000000 146.000000 300.000000 0.337847
146.000000 352.000000 300.000000 0.337847
144.000000 146.000000 300.000000 0.343083
146.000000 144.000000 300.000000 0.343083
147.000000 146.000000 300.000000 0.683143
146.000000 147.000000 300.000000 0.683143
146.000000 147.000000 300.000000 0.683143
147.000000 146.000000 300.000000 0.683143
144.000000 147.000000 300.000000 0.549657
147.000000 144.000000 300.000000 0.549657
149.000000 148.000000 300.000000 0.367550
148.000000 149.000000 300.000000 0.367550
46.000000 148.000000 300.000000 0.356397
148.000000 46.000000 300.000000 0.356397
148.000000 149.000000 300.000000 0.367550
149.000000 148.000000 300.000000 0.367550
150.000000 149.000000 300.000000 0.229220
149.000000 150.000000 300.000000 0.229220
154.000000 149.000000 300.000000 0.576463
149.000000 154.000000 300.000000 0.576463
152.000000 150.000000 300.000000 0.270797
150.000000 152.000000 300.000000 0.270797
149.000000 150.000000 300.000000 0.229220
150.000000 149.000000 300.000000 0.229220
156.000000 150.000000 300.000000 0.384977
150.000000 156.000000 300.000000 0.384977
59.000000 151.000000 300.000000 0.169270
151.000000 59.000000 300.000000 0.169270
153.000000 151.000000 300.000000 0.291237
151.000000 153.000000 300.000000 0.291237
160.000000 151.000000 300.000000 0.468960
151.000000 160.000000 300.000000 0.468960
150.000000 152.000000 300.000000 0.270797
152.000000 150.000000 300.000000 0.270797
158.000000 152.000000 300.000000 0.180357
152.000000 158.000000 300.000000 0.180357
59.000000 152.000000 300.000000 0.374090
152.000000 59.000000 300.000000 0.374090
151.000000 153.000000 300.000000 0.291237
153.000000 151.000000 300.000000 0.291237
162.000000 153.000000 300.000000 0.368713
153.000000 162.000000 300.000000 0.368713
161.000000 153.000000 300.000000 0.330663
153.000000 161.000000 300.000000 0.330663
155.000000 154.000000 300.000000 0.223130
154.000000 155.000000 300.000000 0.223130
53.000000 154.000000 300.000000 0.342563
154.000000 53.000000 300.000000 0.342563
149.000000 154.000000 300.000000 0.576463
154.000000 149.000000 300.000000 0.576463
156.000000 155.000000 300.000000 0.070053
155.000000 156.000000 300.000000 0.070053
154.000000 155.000000 300.000000 0.223130
155.000000 154.000000 300.000000 0.223130
159.000000 155.000000 300.000000 0.183607
155.000000 159.000000 300.000000 0.183607
155.000000 156.000000 300.000000 0.070053
156.000000 155.000000 300.000000 0.070053
157.000000 156.000000 300.000000 0.330997
156.000000 157.000000 300.000000 0.330997
150.000000 156.000000 300.000000 0.384977
156.000000 150.000000 300.000000 0.384977
158.000000 157.000000 300.000000 0.042663
157.000000 158.000000 300.000000 0.042663
156.000000 157.000000 300.000000 0.330997
157.000000 156.000000 300.000000 0.330997
165.000000 157.000000 300.000000 0.491977
157.000000 165.000000 300.000000 0.491977
160.000000 158.000000 300.000000 0.157250
158.000000 160.000000 300.000000 0.157250
157.000000 158.000000 300.000000 0.042663
158.000000 157.000000 300.000000 0.042663
152.000000 158.000000 300.000000 0.180357
158.000000 152.000000 300.000000 0.180357
165.000000 159.000000 300.000000 0.245013
159.000000 165.000000 300.000000 0.245013
155.000000 159.000000 300.000000 0.183607
159.000000 155.000000 300.000000 0.183607
167.000000 159.000000 300.000000 0.507470
159.000000 167.000000 300.000000 0.507470
161.000000 160.000000 300.000000 0.255363
160.000000 161.000000 300.000000 0.255363
158.000000 160.000000 300.000000 0.157250
160.000000 158.000000 300.000000 0.157250
151.000000 160.000000 300.000000 0.468960
160.000000 151.000000 300.000000 0.468960
163.000000 161.000000 300.000000 0.103283
161.000000 163.000000 300.000000 0.103283
160.000000 161.000000 300.000000 0.255363
161.000000 160.000000 300.000000 0.255363
168.000000 161.000000 300.000000 0.350473
161.000000 168.000000 300.000000 0.350473
153.000000 161.000000 300.000000 0.330663
161.000000 153.000000 300.000000 0.330663
170.000000 162.000000 300.000000 0.274050
162.000000 170.000000 300.000000 0.274050
153.000000 162.000000 300.000000 0.368713
162.000000 153.000000 300.000000 0.368713
166.000000 162.000000 300.000000 0.153617
162.000000 166.000000 300.000000 0.153617
166.000000 163.000000 300.000000 0.267177
163.000000 166.000000 300.000000 0.267177
161.000000 163.000000 300.000000 0.103283
163.000000 161.000000 300.000000 0.103283
169.000000 163.000000 300.000000 0.210723
163.000000 169.000000 300.000000 0.210723
395.000000 164.000000 300.000000 0.335090
164.000000 395.000000 300.000000 0.335090
167.000000 164.000000 300.000000 0.260833
164.000000 167.000000 300.000000 0.260833
49.000000 164.000000 300.000000 0.325020
164.000000 49.000000 300.000000 0.325020
56.000000 164.000000 300.000000 0.357640
164.000000 56.000000 300.000000 0.357640
159.000000 165.000000 300.000000 0.245013
165.000000 159.000000 300.000000 0.245013
157.000000 165.000000 300.000000 0.491977
165.000000 157.000000 300.000000 0.491977
171.000000 165.000000 300.000000 0.441023
165.000000 171.000000 300.000000 0.441023
172.000000 165.000000 300.000000 0.356647
165.000000 172.000000 300.000000 0.356647
163.000000 166.000000 300.000000 0.267177
166.000000 163.000000 300.000000 0.267177
162.000000 166.000000 300.000000 0.153617
166.000000 162.000000 300.000000 0.153617
272.000000 167.000000 300.000000 0.034060
167.000000 272.000000 300.000000 0.034060
164.000000 167.000000 300.000000 0.260833
167.000000 164.000000 300.000000 0.260833
159.000000 167.000000 300.000000 0.507470
167.000000 159.000000 300.000000 0.507470
174.000000 168.000000 300.000000 0.285660
168.000000 174.000000 300.000000 0.285660
172.000000 168.000000 300.000000 0.441633
168.000000 172.000000 300.000000 0.441633
161.000000 168.000000 300.000000 0.350473
168.000000 161.000000 300.000000 0.350473
163.000000 169.000000 300.000000 0.210723
169.000000 163.000000 300.000000 0.210723
169.000000 166.000000 300.000000 0.175103
276.000000 169.000000 300.000000 0.379960
169.000000 276.000000 300.000000 0.379960
162.000000 170.000000 300.000000 0.274050
170.000000 162.000000 300.000000 0.274050
365.000000 170.000000 300.000000 0.014447
170.000000 365.000000 300.000000 0.014447
173.000000 171.000000 300.000000 0.099770
171.000000 173.000000 300.000000 0.099770
272.000000 171.000000 300.000000 0.158340
171.000000 272.000000 300.000000 0.158340
165.000000 171.000000 300.000000 0.441023
171.000000 165.000000 300.000000 0.441023
177.000000 171.000000 300.000000 0.665737
171.000000 177.000000 300.000000 0.665737
176.000000 172.000000 300.000000 0.293890
172.000000 176.000000 300.000000 0.293890
168.000000 172.000000 300.000000 0.441633
172.000000 168.000000 300.000000 0.441633
165.000000 172.000000 300.000000 0.356647
172.000000 165.000000 300.000000 0.356647
180.000000 172.000000 300.000000 0.680773
172.000000 180.000000 300.000000 0.680773
171.000000 173.000000 300.000000 0.099770
173.000000 171.000000 300.000000 0.099770
168.000000 174.000000 300.000000 0.285660
174.000000 168.000000 300.000000 0.285660
174.000000 169.000000 300.000000 0.419553
184.000000 174.000000 300.000000 0.657637
174.000000 184.000000 300.000000 0.657637
175.000000 277.000000 300.000000 0.229673
275.000000 175.000000 300.000000 0.378873
175.000000 275.000000 300.000000 0.378873
181.000000 175.000000 300.000000 0.312647
175.000000 181.000000 300.000000 0.312647
178.000000 176.000000 300.000000 0.141963
176.000000 178.000000 300.000000 0.141963
172.000000 176.000000 300.000000 0.293890
176.000000 172.000000 300.000000 0.293890
176.000000 174.000000 300.000000 0.433613
264.000000 177.000000 300.000000 0.236387
177.000000 264.000000 300.000000 0.236387
186.000000 177.000000 300.000000 0.632270
177.000000 186.000000 300.000000 0.632270
171.000000 177.000000 300.000000 0.665737
177.000000 171.000000 300.000000 0.665737
176.000000 178.000000 300.000000 0.141963
178.000000 176.000000 300.000000 0.141963
179.000000 184.000000 300.000000 0.421947
188.000000 179.000000 300.000000 0.298597
179.000000 188.000000 300.000000 0.298597
276.000000 179.000000 300.000000 0.331137
179.000000 276.000000 300.000000 0.331137
172.000000 180.000000 300.000000 0.680773
180.000000 172.000000 300.000000 0.680773
180.000000 176.000000 300.000000 0.411810
182.000000 181.000000 300.000000 0.039570
181.000000 182.000000 300.000000 0.039570
183.000000 181.000000 300.000000 0.297800
181.000000 183.000000 300.000000 0.297800
175.000000 181.000000 300.000000 0.312647
181.000000 175.000000 300.000000 0.312647
181.000000 182.000000 300.000000 0.039570
182.000000 181.000000 300.000000 0.039570
185.000000 182.000000 300.000000 0.169707
182.000000 185.000000 300.000000 0.169707
181.000000 183.000000 300.000000 0.297800
183.000000 181.000000 300.000000 0.297800
370.000000 183.000000 300.000000 0.027650
183.000000 370.000000 300.000000 0.027650
189.000000 183.000000 300.000000 0.190350
183.000000 189.000000 300.000000 0.190350
184.000000 195.000000 300.000000 0.935193
192.000000 184.000000 300.000000 0.310940
184.000000 192.000000 300.000000 0.310940
174.000000 184.000000 300.000000 0.657637
184.000000 174.000000 300.000000 0.657637
182.000000 185.000000 300.000000 0.169707
185.000000 182.000000 300.000000 0.169707
189.000000 185.000000 300.000000 0.371687
185.000000 189.000000 300.000000 0.371687
177.000000 186.000000 300.000000 0.632270
186.000000 177.000000 300.000000 0.632270
186.000000 180.000000 300.000000 0.394650
187.000000 186.000000 300.000000 0.119033
186.000000 187.000000 300.000000 0.119033
194.000000 187.000000 300.000000 0.264507
187.000000 194.000000 300.000000 0.264507
186.000000 187.000000 300.000000 0.119033
187.000000 186.000000 300.000000 0.119033
195.000000 187.000000 300.000000 0.512720
187.000000 195.000000 300.000000 0.512720
370.000000 188.000000 300.000000 0.285177
188.000000 370.000000 300.000000 0.285177
192.000000 188.000000 300.000000 0.409567
188.000000 192.000000 300.000000 0.409567
193.000000 188.000000 300.000000 0.181883
188.000000 193.000000 300.000000 0.181883
179.000000 188.000000 300.000000 0.298597
188.000000 179.000000 300.000000 0.298597
193.000000 189.000000 300.000000 0.306803
189.000000 193.000000 300.000000 0.306803
183.000000 189.000000 300.000000 0.190350
189.000000 183.000000 300.000000 0.190350
185.000000 189.000000 300.000000 0.371687
189.000000 185.000000 300.000000 0.371687
194.000000 190.000000 300.000000 0.143757
190.000000 194.000000 300.000000 0.143757
285.000000 191.000000 300.000000 0.080567
191.000000 285.000000 300.000000 0.080567
188.000000 192.000000 300.000000 0.409567
192.000000 188.000000 300.000000 0.409567
199.000000 192.000000 300.000000 0.245343
192.000000 199.000000 300.000000 0.245343
184.000000 192.000000 300.000000 0.310940
192.000000 184.000000 300.000000 0.310940
189.000000 193.000000 300.000000 0.306803
193.000000 189.000000 300.000000 0.306803
188.000000 193.000000 300.000000 0.181883
193.000000 188.000000 300.000000 0.181883
202.000000 193.000000 300.000000 0.322527
193.000000 202.000000 300.000000 0.322527
197.000000 194.000000 300.000000 0.176447
194.000000 197.000000 300.000000 0.176447
190.000000 194.000000 300.000000 0.143757
194.000000 190.000000 300.000000 0.143757
200.000000 194.000000 300.000000 0.234987
194.000000 200.000000 300.000000 0.234987
187.000000 194.000000 300.000000 0.264507
194.000000 187.000000 300.000000 0.264507
187.000000 195.000000 300.000000 0.512720
195.000000 187.000000 300.000000 0.512720
205.000000 195.000000 300.000000 0.627613
195.000000 205.000000 300.000000 0.627613
200.000000 196.000000 300.000000 0.133420
196.000000 200.000000 300.000000 0.133420
194.000000 197.000000 300.000000 0.176447
197.000000 194.000000 300.000000 0.176447
199.000000 198.000000 300.000000 0.154473
198.000000 199.000000 300.000000 0.154473
198.000000 199.000000 300.000000 0.154473
199.000000 198.000000 300.000000 0.154473
192.000000 199.000000 300.000000 0.245343
199.000000 192.000000 300.000000 0.245343
204.000000 199.000000 300.000000 0.130933
199.000000 204.000000 300.000000 0.130933
205.000000 199.000000 300.000000 0.590670
199.000000 205.000000 300.000000 0.590670
201.000000 200.000000 300.000000 0.059063
200.000000 201.000000 300.000000 0.059063
196.000000 200.000000 300.000000 0.133420
200.000000 196.000000 300.000000 0.133420
194.000000 200.000000 300.000000 0.234987
200.000000 194.000000 300.000000 0.234987
207.000000 201.000000 300.000000 0.293180
201.000000 207.000000 300.000000 0.293180
206.000000 201.000000 300.000000 0.218800
201.000000 206.000000 300.000000 0.218800
200.000000 201.000000 300.000000 0.059063
201.000000 200.000000 300.000000 0.059063
375.000000 202.000000 300.000000 0.128517
202.000000 375.000000 300.000000 0.128517
193.000000 202.000000 300.000000 0.322527
202.000000 193.000000 300.000000 0.322527
374.000000 202.000000 300.000000 0.208740
202.000000 374.000000 300.000000 0.208740
208.000000 203.000000 300.000000 0.144273
203.000000 208.000000 300.000000 0.144273
199.000000 204.000000 300.000000 0.130933
204.000000 199.000000 300.000000 0.130933
209.000000 204.000000 300.000000 0.134130
204.000000 209.000000 300.000000 0.134130
278.000000 204.000000 300.000000 0.392460
204.000000 278.000000 300.000000 0.392460
210.000000 205.000000 300.000000 0.276753
205.000000 210.000000 300.000000 0.276753
199.000000 205.000000 300.000000 0.590670
205.000000 199.000000 300.000000 0.590670
195.000000 205.000000 300.000000 0.627613
205.000000 195.000000 300.000000 0.627613
201.000000 206.000000 300.000000 0.218800
206.000000 201.000000 300.000000 0.218800
201.000000 207.000000 300.000000 0.293180
207.000000 201.000000 300.000000 0.293180
372.000000 208.000000 300.000000 0.223570
208.000000 372.000000 300.000000 0.223570
203.000000 208.000000 300.000000 0.144273
208.000000 203.000000 300.000000 0.144273
213.000000 208.000000 300.000000 0.314260
208.000000 213.000000 300.000000 0.314260
204.000000 209.000000 300.000000 0.134130
209.000000 204.000000 300.000000 0.134130
205.000000 210.000000 300.000000 0.276753
210.000000 205.000000 300.000000 0.276753
278.000000 210.000000 300.000000 0.058447
210.000000 278.000000 300.000000 0.058447
64.000000 210.000000 300.000000 1.320147
210.000000 64.000000 300.000000 1.320147
212.000000 211.000000 300.000000 0.147053
211.000000 212.000000 300.000000 0.147053
372.000000 212.000000 300.000000 0.217290
212.000000 372.000000 300.000000 0.217290
386.000000 212.000000 300.000000 0.223140
212.000000 386.000000 300.000000 0.223140
214.000000 212.000000 300.000000 0.306243
212.000000 214.000000 300.000000 0.306243
211.000000 212.000000 300.000000 0.147053
212.000000 211.000000 300.000000 0.147053
208.000000 213.000000 300.000000 0.314260
213.000000 208.000000 300.000000 0.314260
214.000000 213.000000 300.000000 0.443903
213.000000 214.000000 300.000000 0.443903
217.000000 214.000000 300.000000 0.466553
214.000000 217.000000 300.000000 0.466553
212.000000 214.000000 300.000000 0.306243
214.000000 212.000000 300.000000 0.306243
213.000000 214.000000 300.000000 0.443903
214.000000 213.000000 300.000000 0.443903
371.000000 215.000000 300.000000 0.157167
215.000000 371.000000 300.000000 0.157167
215.000000 217.000000 300.000000 0.319470
280.000000 216.000000 300.000000 0.147897
216.000000 280.000000 300.000000 0.147897
216.000000 37.000000 300.000000 0.178223
214.000000 217.000000 300.000000 0.466553
217.000000 214.000000 300.000000 0.466553
218.000000 216.000000 300.000000 0.279053
367.000000 219.000000 300.000000 0.285150
219.000000 367.000000 300.000000 0.285150
220.000000 219.000000 300.000000 0.142803
219.000000 220.000000 300.000000 0.142803
37.000000 219.000000 300.000000 0.499953
219.000000 37.000000 300.000000 0.499953
280.000000 220.000000 300.000000 0.404613
220.000000 280.000000 300.000000 0.404613
223.000000 220.000000 300.000000 0.423740
220.000000 223.000000 300.000000 0.423740
219.000000 220.000000 300.000000 0.142803
220.000000 219.000000 300.000000 0.142803
357.000000 221.000000 300.000000 0.635070
221.000000 357.000000 300.000000 0.635070
64.000000 221.000000 300.000000 0.404307
221.000000 64.000000 300.000000 0.404307
222.000000 221.000000 300.000000 0.245007
221.000000 222.000000 300.000000 0.245007
221.000000 222.000000 300.000000 0.245007
222.000000 221.000000 300.000000 0.245007
316.000000 222.000000 300.000000 0.685990
222.000000 316.000000 300.000000 0.685990
356.000000 222.000000 300.000000 0.610360
222.000000 356.000000 300.000000 0.610360
319.000000 223.000000 300.000000 0.115147
223.000000 319.000000 300.000000 0.115147
220.000000 223.000000 300.000000 0.423740
223.000000 220.000000 300.000000 0.423740
317.000000 223.000000 300.000000 0.526837
223.000000 317.000000 300.000000 0.526837
379.000000 224.000000 300.000000 0.129280
224.000000 379.000000 300.000000 0.129280
262.000000 225.000000 300.000000 0.268400
225.000000 262.000000 300.000000 0.268400
283.000000 225.000000 300.000000 0.563460
225.000000 283.000000 300.000000 0.563460
355.000000 226.000000 300.000000 1.007047
226.000000 355.000000 300.000000 1.007047
8.000000 226.000000 300.000000 0.308430
226.000000 8.000000 300.000000 0.308430
380.000000 227.000000 300.000000 0.302067
227.000000 380.000000 300.000000 0.302067
227.000000 354.000000 300.000000 0.103760
260.000000 228.000000 300.000000 0.213213
228.000000 260.000000 300.000000 0.213213
261.000000 228.000000 300.000000 0.612070
228.000000 261.000000 300.000000 0.612070
262.000000 228.000000 300.000000 0.592117
228.000000 262.000000 300.000000 0.592117
229.000000 341.000000 300.000000 0.500227
230.000000 292.000000 300.000000 0.307757
230.000000 231.000000 300.000000 0.359567
231.000000 293.000000 300.000000 0.301883
232.000000 282.000000 300.000000 0.124200
232.000000 1.000000 300.000000 0.282890
232.000000 331.000000 300.000000 0.402843
234.000000 233.000000 300.000000 0.682397
233.000000 234.000000 300.000000 0.682397
233.000000 33.000000 300.000000 0.464443
233.000000 234.000000 300.000000 0.682397
234.000000 233.000000 300.000000 0.682397
251.000000 234.000000 300.000000 0.244750
234.000000 251.000000 300.000000 0.244750
235.000000 234.000000 300.000000 0.869520
234.000000 235.000000 300.000000 0.869520
235.000000 233.000000 300.000000 0.213007
234.000000 235.000000 300.000000 0.869520
235.000000 234.000000 300.000000 0.869520
268.000000 236.000000 300.000000 0.418777
236.000000 268.000000 300.000000 0.418777
361.000000 236.000000 300.000000 0.083490
236.000000 361.000000 300.000000 0.083490
378.000000 236.000000 300.000000 0.290583
236.000000 378.000000 300.000000 0.290583
10.000000 237.000000 300.000000 0.316447
237.000000 10.000000 300.000000 0.316447
81.000000 237.000000 300.000000 0.429413
237.000000 81.000000 300.000000 0.429413
83.000000 237.000000 300.000000 0.433750
237.000000 83.000000 300.000000 0.433750
84.000000 238.000000 300.000000 0.265497
238.000000 84.000000 300.000000 0.265497
361.000000 238.000000 300.000000 0.192843
238.000000 361.000000 300.000000 0.192843
378.000000 238.000000 300.000000 0.117480
238.000000 378.000000 300.000000 0.117480
243.000000 239.000000 300.000000 0.342050
239.000000 243.000000 300.000000 0.342050
239.000000 242.000000 300.000000 0.270077
329.000000 240.000000 300.000000 0.207153
240.000000 329.000000 300.000000 0.207153
240.000000 28.000000 300.000000 0.314047
243.000000 241.000000 300.000000 0.148557
241.000000 243.000000 300.000000 0.148557
244.000000 241.000000 300.000000 0.104887
241.000000 244.000000 300.000000 0.104887
12.000000 241.000000 300.000000 0.258793
241.000000 12.000000 300.000000 0.258793
242.000000 12.000000 300.000000 0.484313
242.000000 362.000000 300.000000 0.378600
239.000000 243.000000 300.000000 0.342050
243.000000 239.000000 300.000000 0.342050
241.000000 243.000000 300.000000 0.148557
243.000000 241.000000 300.000000 0.148557
358.000000 243.000000 300.000000 0.095180
243.000000 358.000000 300.000000 0.095180
241.000000 244.000000 300.000000 0.104887
244.000000 241.000000 300.000000 0.104887
359.000000 244.000000 300.000000 0.111120
244.000000 359.000000 300.000000 0.111120
245.000000 244.000000 300.000000 0.517247
244.000000 245.000000 300.000000 0.517247
19.000000 245.000000 300.000000 0.331717
245.000000 19.000000 300.000000 0.331717
11.000000 245.000000 300.000000 0.217763
245.000000 11.000000 300.000000 0.217763
244.000000 245.000000 300.000000 0.517247
245.000000 244.000000 300.000000 0.517247
294.000000 246.000000 300.000000 0.376050
246.000000 294.000000 300.000000 0.376050
32.000000 246.000000 300.000000 0.607363
246.000000 32.000000 300.000000 0.607363
270.000000 247.000000 300.000000 0.201170
247.000000 270.000000 300.000000 0.201170
321.000000 247.000000 300.000000 0.330617
247.000000 321.000000 300.000000 0.330617
248.000000 340.000000 300.000000 0.091033
251.000000 249.000000 300.000000 0.278147
249.000000 251.000000 300.000000 0.278147
26.000000 249.000000 300.000000 0.100293
249.000000 26.000000 300.000000 0.100293
250.000000 249.000000 300.000000 0.829317
249.000000 250.000000 300.000000 0.829317
250.000000 32.000000 300.000000 0.173317
249.000000 250.000000 300.000000 0.829317
250.000000 249.000000 300.000000 0.829317
402.000000 251.000000 300.000000 0.339123
251.000000 402.000000 300.000000 0.339123
249.000000 251.000000 300.000000 0.278147
251.000000 249.000000 300.000000 0.278147
234.000000 251.000000 300.000000 0.244750
251.000000 234.000000 300.000000 0.244750
26.000000 252.000000 300.000000 0.315397
252.000000 26.000000 300.000000 0.315397
401.000000 253.000000 300.000000 0.261047
253.000000 401.000000 300.000000 0.261047
27.000000 253.000000 300.000000 0.217743
253.000000 27.000000 300.000000 0.217743
347.000000 253.000000 300.000000 0.226800
253.000000 347.000000 300.000000 0.226800
22.000000 254.000000 300.000000 0.177933
254.000000 22.000000 300.000000 0.177933
254.000000 255.000000 300.000000 0.184587
255.000000 253.000000 300.000000 0.189387
256.000000 255.000000 300.000000 0.265600
255.000000 256.000000 300.000000 0.265600
255.000000 256.000000 300.000000 0.265600
256.000000 255.000000 300.000000 0.265600
21.000000 256.000000 300.000000 0.206793
256.000000 21.000000 300.000000 0.206793
25.000000 256.000000 300.000000 0.180233
256.000000 25.000000 300.000000 0.180233
257.000000 43.000000 300.000000 0.039757
56.000000 257.000000 300.000000 0.307170
257.000000 56.000000 300.000000 0.307170
52.000000 258.000000 300.000000 0.571767
258.000000 52.000000 300.000000 0.571767
258.000000 279.000000 300.000000 0.367850
52.000000 259.000000 300.000000 0.900857
259.000000 52.000000 300.000000 0.900857
228.000000 260.000000 300.000000 0.213213
260.000000 228.000000 300.000000 0.213213
260.000000 5.000000 300.000000 0.953240
228.000000 261.000000 300.000000 0.612070
261.000000 228.000000 300.000000 0.612070
261.000000 4.000000 300.000000 0.124093
263.000000 262.000000 300.000000 0.322823
262.000000 263.000000 300.000000 0.322823
228.000000 262.000000 300.000000 0.592117
262.000000 228.000000 300.000000 0.592117
225.000000 262.000000 300.000000 0.268400
262.000000 225.000000 300.000000 0.268400
263.000000 290.000000 300.000000 0.644110
262.000000 263.000000 300.000000 0.322823
263.000000 262.000000 300.000000 0.322823
341.000000 263.000000 300.000000 0.187380
263.000000 341.000000 300.000000 0.187380
55.000000 264.000000 300.000000 0.033500
264.000000 55.000000 300.000000 0.033500
177.000000 264.000000 300.000000 0.236387
264.000000 177.000000 300.000000 0.236387
264.000000 274.000000 300.000000 0.627487
85.000000 265.000000 300.000000 0.341190
265.000000 85.000000 300.000000 0.341190
265.000000 239.000000 300.000000 0.338480
266.000000 0.000000 300.000000 0.942383
267.000000 230.000000 300.000000 0.247760
267.000000 60.000000 300.000000 0.623597
236.000000 268.000000 300.000000 0.418777
268.000000 236.000000 300.000000 0.418777
269.000000 268.000000 300.000000 0.314737
268.000000 269.000000 300.000000 0.314737
268.000000 269.000000 300.000000 0.314737
269.000000 268.000000 300.000000 0.314737
247.000000 270.000000 300.000000 0.201170
270.000000 247.000000 300.000000 0.201170
271.000000 389.000000 300.000000 0.095560
271.000000 342.000000 300.000000 0.093417
171.000000 272.000000 300.000000 0.158340
272.000000 171.000000 300.000000 0.158340
167.000000 272.000000 300.000000 0.034060
272.000000 167.000000 300.000000 0.034060
273.000000 272.000000 300.000000 0.769140
272.000000 273.000000 300.000000 0.769140
273.000000 49.000000 300.000000 0.236910
272.000000 273.000000 300.000000 0.769140
273.000000 272.000000 300.000000 0.769140
64.000000 274.000000 300.000000 2.108027
274.000000 64.000000 300.000000 2.108027
274.000000 6.000000 300.000000 1.085053
365.000000 275.000000 300.000000 0.153543
275.000000 365.000000 300.000000 0.153543
175.000000 275.000000 300.000000 0.378873
275.000000 175.000000 300.000000 0.378873
276.000000 275.000000 300.000000 0.421277
275.000000 276.000000 300.000000 0.421277
179.000000 276.000000 300.000000 0.331137
276.000000 179.000000 300.000000 0.331137
169.000000 276.000000 300.000000 0.379960
276.000000 169.000000 300.000000 0.379960
275.000000 276.000000 300.000000 0.421277
276.000000 275.000000 300.000000 0.421277
277.000000 179.000000 300.000000 0.281647
370.000000 277.000000 300.000000 0.302227
277.000000 370.000000 300.000000 0.302227
210.000000 278.000000 300.000000 0.058447
278.000000 210.000000 300.000000 0.058447
204.000000 278.000000 300.000000 0.392460
278.000000 204.000000 300.000000 0.392460
36.000000 278.000000 300.000000 0.274730
278.000000 36.000000 300.000000 0.274730
52.000000 279.000000 300.000000 0.238583
279.000000 52.000000 300.000000 0.238583
279.000000 388.000000 300.000000 0.666257
216.000000 280.000000 300.000000 0.147897
280.000000 216.000000 300.000000 0.147897
220.000000 280.000000 300.000000 0.404613
280.000000 220.000000 300.000000 0.404613
357.000000 281.000000 300.000000 0.206850
281.000000 357.000000 300.000000 0.206850
282.000000 231.000000 300.000000 0.388320
283.000000 263.000000 300.000000 0.310880
225.000000 283.000000 300.000000 0.563460
283.000000 225.000000 300.000000 0.563460
100.000000 284.000000 300.000000 0.380073
284.000000 100.000000 300.000000 0.380073
284.000000 63.000000 300.000000 0.126510
191.000000 285.000000 300.000000 0.080567
285.000000 191.000000 300.000000 0.080567
398.000000 285.000000 300.000000 0.238960
285.000000 398.000000 300.000000 0.238960
375.000000 286.000000 300.000000 0.214323
286.000000 375.000000 300.000000 0.214323
287.000000 286.000000 300.000000 0.017957
286.000000 287.000000 300.000000 0.017957
398.000000 286.000000 300.000000 0.239673
286.000000 398.000000 300.000000 0.239673
374.000000 287.000000 300.000000 0.211603
287.000000 374.000000 300.000000 0.211603
288.000000 287.000000 300.000000 0.087130
287.000000 288.000000 300.000000 0.087130
286.000000 287.000000 300.000000 0.017957
287.000000 286.000000 300.000000 0.017957
287.000000 288.000000 300.000000 0.087130
288.000000 287.000000 300.000000 0.087130
77.000000 289.000000 300.000000 0.643713
289.000000 77.000000 300.000000 0.643713
289.000000 338.000000 300.000000 0.194633
290.000000 267.000000 300.000000 0.085387
290.000000 260.000000 300.000000 0.096463
291.000000 47.000000 300.000000 0.230190
292.000000 229.000000 300.000000 0.053020
292.000000 293.000000 300.000000 0.346583
293.000000 355.000000 300.000000 0.038080
294.000000 327.000000 300.000000 0.257023
246.000000 294.000000 300.000000 0.376050
294.000000 246.000000 300.000000 0.376050
377.000000 294.000000 300.000000 0.462477
294.000000 377.000000 300.000000 0.462477
295.000000 362.000000 300.000000 0.455900
347.000000 295.000000 300.000000 0.330250
295.000000 347.000000 300.000000 0.330250
27.000000 295.000000 300.000000 0.720733
295.000000 27.000000 300.000000 0.720733
390.000000 296.000000 300.000000 0.021680
296.000000 390.000000 300.000000 0.021680
296.000000 271.000000 300.000000 1.109670
89.000000 297.000000 300.000000 0.115120
297.000000 89.000000 300.000000 0.115120
87.000000 298.000000 300.000000 0.472630
298.000000 87.000000 300.000000 0.472630
300.000000 299.000000 300.000000 0.278987
299.000000 300.000000 300.000000 0.278987
103.000000 299.000000 300.000000 0.189583
299.000000 103.000000 300.000000 0.189583
102.000000 299.000000 300.000000 0.147543
299.000000 102.000000 300.000000 0.147543
299.000000 300.000000 300.000000 0.278987
300.000000 299.000000 300.000000 0.278987
96.000000 300.000000 300.000000 0.137653
300.000000 96.000000 300.000000 0.137653
94.000000 300.000000 300.000000 0.923730
300.000000 94.000000 300.000000 0.923730
127.000000 301.000000 300.000000 0.304770
301.000000 127.000000 300.000000 0.304770
302.000000 301.000000 300.000000 0.295410
301.000000 302.000000 300.000000 0.295410
129.000000 301.000000 300.000000 0.601120
301.000000 129.000000 300.000000 0.601120
301.000000 302.000000 300.000000 0.295410
302.000000 301.000000 300.000000 0.295410
131.000000 303.000000 300.000000 0.181100
303.000000 131.000000 300.000000 0.181100
315.000000 304.000000 300.000000 0.126647
304.000000 315.000000 300.000000 0.126647
142.000000 304.000000 300.000000 0.171417
304.000000 142.000000 300.000000 0.171417
135.000000 304.000000 300.000000 0.450327
304.000000 135.000000 300.000000 0.450327
135.000000 305.000000 300.000000 0.240050
305.000000 135.000000 300.000000 0.240050
305.000000 132.000000 300.000000 0.337740
353.000000 306.000000 300.000000 0.126707
306.000000 353.000000 300.000000 0.126707
307.000000 392.000000 300.000000 0.159663
349.000000 307.000000 300.000000 0.306763
307.000000 349.000000 300.000000 0.306763
310.000000 307.000000 300.000000 0.266067
307.000000 310.000000 300.000000 0.266067
132.000000 308.000000 300.000000 0.270213
308.000000 132.000000 300.000000 0.270213
310.000000 308.000000 300.000000 0.258630
308.000000 310.000000 300.000000 0.258630
309.000000 308.000000 300.000000 0.328763
308.000000 309.000000 300.000000 0.328763
308.000000 309.000000 300.000000 0.328763
309.000000 308.000000 300.000000 0.328763
309.000000 136.000000 300.000000 0.276987
310.000000 311.000000 300.000000 0.317393
307.000000 310.000000 300.000000 0.266067
310.000000 307.000000 300.000000 0.266067
308.000000 310.000000 300.000000 0.258630
310.000000 308.000000 300.000000 0.258630
311.000000 309.000000 300.000000 0.272657
369.000000 312.000000 300.000000 0.518597
312.000000 369.000000 300.000000 0.518597
312.000000 289.000000 300.000000 0.334960
313.000000 364.000000 300.000000 0.175747
369.000000 313.000000 300.000000 0.131813
313.000000 369.000000 300.000000 0.131813
84.000000 314.000000 300.000000 0.248440
314.000000 84.000000 300.000000 0.248440
405.000000 315.000000 300.000000 0.008217
315.000000 405.000000 300.000000 0.008217
304.000000 315.000000 300.000000 0.126647
315.000000 304.000000 300.000000 0.126647
142.000000 315.000000 300.000000 0.116107
315.000000 142.000000 300.000000 0.116107
222.000000 316.000000 300.000000 0.685990
316.000000 222.000000 300.000000 0.685990
317.000000 316.000000 300.000000 0.310753
316.000000 317.000000 300.000000 0.310753
318.000000 317.000000 300.000000 0.352887
317.000000 318.000000 300.000000 0.352887
316.000000 317.000000 300.000000 0.310753
317.000000 316.000000 300.000000 0.310753
223.000000 317.000000 300.000000 0.526837
317.000000 223.000000 300.000000 0.526837
317.000000 318.000000 300.000000 0.352887
318.000000 317.000000 300.000000 0.352887
223.000000 319.000000 300.000000 0.115147
319.000000 223.000000 300.000000 0.115147
118.000000 320.000000 300.000000 0.187847
320.000000 118.000000 300.000000 0.187847
322.000000 321.000000 300.000000 0.257603
321.000000 322.000000 300.000000 0.257603
247.000000 321.000000 300.000000 0.330617
321.000000 247.000000 300.000000 0.330617
321.000000 322.000000 300.000000 0.257603
322.000000 321.000000 300.000000 0.257603
351.000000 324.000000 300.000000 0.288203
324.000000 351.000000 300.000000 0.288203
324.000000 30.000000 300.000000 0.121557
351.000000 325.000000 300.000000 0.108737
325.000000 351.000000 300.000000 0.108737
326.000000 16.000000 300.000000 0.046327
327.000000 248.000000 300.000000 0.056250
327.000000 326.000000 300.000000 0.378677
22.000000 328.000000 300.000000 0.481817
328.000000 22.000000 300.000000 0.481817
328.000000 29.000000 300.000000 0.249100
19.000000 329.000000 300.000000 0.295180
329.000000 19.000000 300.000000 0.295180
240.000000 329.000000 300.000000 0.207153
329.000000 240.000000 300.000000 0.207153
330.000000 329.000000 300.000000 0.323947
329.000000 330.000000 300.000000 0.323947
28.000000 330.000000 300.000000 0.199980
330.000000 28.000000 300.000000 0.199980
35.000000 330.000000 300.000000 0.359403
330.000000 35.000000 300.000000 0.359403
329.000000 330.000000 300.000000 0.323947
330.000000 329.000000 300.000000 0.323947
331.000000 343.000000 300.000000 0.040573
332.000000 9.000000 300.000000 0.714980
333.000000 266.000000 300.000000 0.748947
334.000000 248.000000 300.000000 0.077963
334.000000 340.000000 300.000000 0.069130
335.000000 336.000000 300.000000 0.054550
336.000000 33.000000 300.000000 0.186093
336.000000 337.000000 300.000000 1.374960
337.000000 232.000000 300.000000 0.787583
338.000000 72.000000 300.000000 0.167140
338.000000 339.000000 300.000000 0.051933
339.000000 93.000000 300.000000 0.133260
340.000000 335.000000 300.000000 0.126270
341.000000 227.000000 300.000000 0.037653
263.000000 341.000000 300.000000 0.187380
341.000000 263.000000 300.000000 0.187380
343.000000 274.000000 300.000000 1.168653
343.000000 7.000000 300.000000 0.279433
62.000000 344.000000 300.000000 0.812880
344.000000 62.000000 300.000000 0.812880
345.000000 62.000000 300.000000 1.009567
345.000000 383.000000 300.000000 0.021217
346.000000 3.000000 300.000000 0.155157
295.000000 347.000000 300.000000 0.330250
347.000000 295.000000 300.000000 0.330250
253.000000 347.000000 300.000000 0.226800
347.000000 253.000000 300.000000 0.226800
348.000000 347.000000 300.000000 0.235660
347.000000 348.000000 300.000000 0.235660
401.000000 348.000000 300.000000 0.217357
348.000000 401.000000 300.000000 0.217357
24.000000 348.000000 300.000000 0.340947
348.000000 24.000000 300.000000 0.340947
347.000000 348.000000 300.000000 0.235660
348.000000 347.000000 300.000000 0.235660
111.000000 349.000000 300.000000 0.439277
349.000000 111.000000 300.000000 0.439277
116.000000 349.000000 300.000000 0.326197
349.000000 116.000000 300.000000 0.326197
307.000000 349.000000 300.000000 0.306763
349.000000 307.000000 300.000000 0.306763
350.000000 320.000000 300.000000 0.338157
350.000000 363.000000 300.000000 0.064727
325.000000 351.000000 300.000000 0.108737
351.000000 325.000000 300.000000 0.108737
324.000000 351.000000 300.000000 0.288203
351.000000 324.000000 300.000000 0.288203
141.000000 352.000000 300.000000 0.346353
352.000000 141.000000 300.000000 0.346353
353.000000 352.000000 300.000000 0.051007
352.000000 353.000000 300.000000 0.051007
146.000000 352.000000 300.000000 0.337847
352.000000 146.000000 300.000000 0.337847
306.000000 353.000000 300.000000 0.126707
353.000000 306.000000 300.000000 0.126707
145.000000 353.000000 300.000000 0.396517
353.000000 145.000000 300.000000 0.396517
352.000000 353.000000 300.000000 0.051007
353.000000 352.000000 300.000000 0.051007
354.000000 283.000000 300.000000 0.155667
354.000000 8.000000 300.000000 0.132310
355.000000 229.000000 300.000000 0.363667
226.000000 355.000000 300.000000 1.007047
355.000000 226.000000 300.000000 1.007047
357.000000 356.000000 300.000000 0.250057
356.000000 357.000000 300.000000 0.250057
39.000000 356.000000 300.000000 0.818447
356.000000 39.000000 300.000000 0.818447
222.000000 356.000000 300.000000 0.610360
356.000000 222.000000 300.000000 0.610360
281.000000 357.000000 300.000000 0.206850
357.000000 281.000000 300.000000 0.206850
221.000000 357.000000 300.000000 0.635070
357.000000 221.000000 300.000000 0.635070
356.000000 357.000000 300.000000 0.250057
357.000000 356.000000 300.000000 0.250057
243.000000 358.000000 300.000000 0.095180
358.000000 243.000000 300.000000 0.095180
85.000000 358.000000 300.000000 0.263810
358.000000 85.000000 300.000000 0.263810
359.000000 358.000000 300.000000 0.251517
358.000000 359.000000 300.000000 0.251517
244.000000 359.000000 300.000000 0.111120
359.000000 244.000000 300.000000 0.111120
84.000000 359.000000 300.000000 0.267977
359.000000 84.000000 300.000000 0.267977
358.000000 359.000000 300.000000 0.251517
359.000000 358.000000 300.000000 0.251517
360.000000 121.000000 300.000000 0.141690
236.000000 361.000000 300.000000 0.083490
361.000000 236.000000 300.000000 0.083490
86.000000 361.000000 300.000000 0.047867
361.000000 86.000000 300.000000 0.047867
238.000000 361.000000 300.000000 0.192843
361.000000 238.000000 300.000000 0.192843
362.000000 333.000000 300.000000 0.487653
363.000000 126.000000 300.000000 0.325353
364.000000 78.000000 300.000000 0.076330
170.000000 365.000000 300.000000 0.014447
365.000000 170.000000 300.000000 0.014447
275.000000 365.000000 300.000000 0.153543
365.000000 275.000000 300.000000 0.153543
373.000000 366.000000 300.000000 0.067387
366.000000 373.000000 300.000000 0.067387
219.000000 367.000000 300.000000 0.285150
367.000000 219.000000 300.000000 0.285150
369.000000 368.000000 300.000000 0.171360
368.000000 369.000000 300.000000 0.171360
313.000000 369.000000 300.000000 0.131813
369.000000 313.000000 300.000000 0.131813
312.000000 369.000000 300.000000 0.518597
369.000000 312.000000 300.000000 0.518597
368.000000 369.000000 300.000000 0.171360
369.000000 368.000000 300.000000 0.171360
183.000000 370.000000 300.000000 0.027650
370.000000 183.000000 300.000000 0.027650
188.000000 370.000000 300.000000 0.285177
370.000000 188.000000 300.000000 0.285177
277.000000 370.000000 300.000000 0.302227
370.000000 277.000000 300.000000 0.302227
386.000000 371.000000 300.000000 0.212053
371.000000 386.000000 300.000000 0.212053
215.000000 371.000000 300.000000 0.157167
371.000000 215.000000 300.000000 0.157167
397.000000 371.000000 300.000000 0.159920
371.000000 397.000000 300.000000 0.159920
208.000000 372.000000 300.000000 0.223570
372.000000 208.000000 300.000000 0.223570
212.000000 372.000000 300.000000 0.217290
372.000000 212.000000 300.000000 0.217290
396.000000 372.000000 300.000000 0.154497
372.000000 396.000000 300.000000 0.154497
366.000000 373.000000 300.000000 0.067387
373.000000 366.000000 300.000000 0.067387
46.000000 373.000000 300.000000 0.394040
373.000000 46.000000 300.000000 0.394040
287.000000 374.000000 300.000000 0.211603
374.000000 287.000000 300.000000 0.211603
375.000000 374.000000 300.000000 0.059523
374.000000 375.000000 300.000000 0.059523
202.000000 374.000000 300.000000 0.208740
374.000000 202.000000 300.000000 0.208740
286.000000 375.000000 300.000000 0.214323
375.000000 286.000000 300.000000 0.214323
202.000000 375.000000 300.000000 0.128517
375.000000 202.000000 300.000000 0.128517
374.000000 375.000000 300.000000 0.059523
375.000000 374.000000 300.000000 0.059523
376.000000 257.000000 300.000000 0.542757
376.000000 279.000000 300.000000 0.059130
377.000000 14.000000 300.000000 0.033093
294.000000 377.000000 300.000000 0.462477
377.000000 294.000000 300.000000 0.462477
83.000000 378.000000 300.000000 0.104780
378.000000 83.000000 300.000000 0.104780
236.000000 378.000000 300.000000 0.290583
378.000000 236.000000 300.000000 0.290583
238.000000 378.000000 300.000000 0.117480
378.000000 238.000000 300.000000 0.117480
224.000000 379.000000 300.000000 0.129280
379.000000 224.000000 300.000000 0.129280
227.000000 380.000000 300.000000 0.302067
380.000000 227.000000 300.000000 0.302067
50.000000 381.000000 300.000000 0.105217
381.000000 50.000000 300.000000 0.105217
381.000000 38.000000 300.000000 0.223950
382.000000 38.000000 300.000000 0.035873
382.000000 381.000000 300.000000 0.201160
383.000000 0.000000 300.000000 0.274410
140.000000 384.000000 300.000000 0.176523
384.000000 140.000000 300.000000 0.176523
146.000000 384.000000 300.000000 0.173993
384.000000 146.000000 300.000000 0.173993
385.000000 384.000000 300.000000 0.154817
384.000000 385.000000 300.000000 0.154817
384.000000 385.000000 300.000000 0.154817
385.000000 384.000000 300.000000 0.154817
212.000000 386.000000 300.000000 0.223140
386.000000 212.000000 300.000000 0.223140
371.000000 386.000000 300.000000 0.212053
386.000000 371.000000 300.000000 0.212053
387.000000 386.000000 300.000000 0.154223
386.000000 387.000000 300.000000 0.154223
386.000000 387.000000 300.000000 0.154223
387.000000 386.000000 300.000000 0.154223
388.000000 259.000000 300.000000 0.165527
388.000000 291.000000 300.000000 0.184493
400.000000 389.000000 300.000000 0.020883
389.000000 400.000000 300.000000 0.020883
296.000000 390.000000 300.000000 0.021680
390.000000 296.000000 300.000000 0.021680
390.000000 283.000000 300.000000 0.393267
392.000000 391.000000 300.000000 0.147437
391.000000 392.000000 300.000000 0.147437
392.000000 114.000000 300.000000 0.469327
391.000000 392.000000 300.000000 0.147437
392.000000 391.000000 300.000000 0.147437
393.000000 271.000000 300.000000 0.022077
393.000000 390.000000 300.000000 1.109707
395.000000 394.000000 300.000000 0.212550
394.000000 395.000000 300.000000 0.212550
53.000000 395.000000 300.000000 0.027570
395.000000 53.000000 300.000000 0.027570
164.000000 395.000000 300.000000 0.335090
395.000000 164.000000 300.000000 0.335090
394.000000 395.000000 300.000000 0.212550
395.000000 394.000000 300.000000 0.212550
372.000000 396.000000 300.000000 0.154497
396.000000 372.000000 300.000000 0.154497
371.000000 397.000000 300.000000 0.159920
397.000000 371.000000 300.000000 0.159920
285.000000 398.000000 300.000000 0.238960
398.000000 285.000000 300.000000 0.238960
399.000000 398.000000 300.000000 0.150067
398.000000 399.000000 300.000000 0.150067
286.000000 398.000000 300.000000 0.239673
398.000000 286.000000 300.000000 0.239673
398.000000 399.000000 300.000000 0.150067
399.000000 398.000000 300.000000 0.150067
400.000000 393.000000 300.000000 0.096560
389.000000 400.000000 300.000000 0.020883
400.000000 389.000000 300.000000 0.020883
25.000000 401.000000 300.000000 0.008453
401.000000 25.000000 300.000000 0.008453
348.000000 401.000000 300.000000 0.217357
401.000000 348.000000 300.000000 0.217357
253.000000 401.000000 300.000000 0.261047
401.000000 253.000000 300.000000 0.261047
251.000000 402.000000 300.000000 0.339123
402.000000 251.000000 300.000000 0.339123
404.000000 403.000000 300.000000 0.044953
403.000000 404.000000 300.000000 0.044953
19.000000 404.000000 300.000000 0.093900
404.000000 19.000000 300.000000 0.093900
18.000000 404.000000 300.000000 0.066493
404.000000 18.000000 300.000000 0.066493
403.000000 404.000000 300.000000 0.044953
404.000000 403.000000 300.000000 0.044953
138.000000 405.000000 300.000000 0.332897
405.000000 138.000000 300.000000 0.332897
315.000000 405.000000 300.000000 0.008217
405.000000 315.000000 300.000000 0.008217
133.000000 405.000000 300.000000 0.362873
405.000000 133.000000 300.000000 0.362873
