0 17 300.00 0.193293
0 1 300.00 0.516040
17 10 300.00 0.510227
17 18 300.00 0.298250
1 10 300.00 0.223030
1 2 300.00 0.549580
10 1 300.00 0.223030
10 17 300.00 0.510227
10 36 300.00 0.126547
2 5 300.00 0.188973
2 55 300.00 0.812003
5 2 300.00 0.188973
5 6 300.00 0.118487
5 8 300.00 0.172767
55 3 300.00 0.197863
55 56 300.00 0.202380
3 4 300.00 0.059137
4 56 300.00 0.143403
56 4 300.00 0.143403
56 25 300.00 0.388447
56 55 300.00 0.202380
6 5 300.00 0.118487
6 7 300.00 0.045053
6 41 300.00 0.079663
8 5 300.00 0.172767
8 7 300.00 0.168250
8 37 300.00 0.224263
7 6 300.00 0.045053
7 8 300.00 0.168250
7 45 300.00 0.124207
41 6 300.00 0.079663
41 40 300.00 0.138817
41 57 300.00 0.033973
45 7 300.00 0.124207
45 45 300.00 0.239383
37 8 300.00 0.224263
37 36 300.00 0.161037
37 38 300.00 0.028753
43 9 300.00 0.114093
43 12 300.00 0.265690
43 44 300.00 0.111520
9 43 300.00 0.114093
9 24 300.00 0.044117
9 25 300.00 0.159003
24 9 300.00 0.044117
24 12 300.00 0.300403
24 42 300.00 0.195693
25 9 300.00 0.159003
25 42 300.00 0.152663
25 56 300.00 0.388447
36 10 300.00 0.126547
36 35 300.00 0.088897
36 37 300.00 0.161037
15 11 300.00 0.451280
15 14 300.00 0.500433
15 32 300.00 0.319503
11 15 300.00 0.451280
47 12 300.00 0.039963
47 28 300.00 0.257147
47 48 300.00 0.072037
12 47 300.00 0.039963
12 24 300.00 0.300403
12 43 300.00 0.265690
31 13 300.00 0.111977
13 31 300.00 0.111977
13 26 300.00 0.433910
26 13 300.00 0.433910
26 27 300.00 0.500417
28 14 300.00 0.021310
28 16 300.00 0.229520
28 60 300.00 0.085913
28 47 300.00 0.257147
14 28 300.00 0.021310
14 15 300.00 0.500433
14 52 300.00 0.082417
52 14 300.00 0.082417
52 49 300.00 0.196997
52 53 300.00 0.115613
32 15 300.00 0.319503
32 49 300.00 0.155323
32 51 300.00 0.096520
18 16 300.00 0.288117
18 33 300.00 0.229913
16 18 300.00 0.288117
16 28 300.00 0.229520
16 23 300.00 0.356353
23 16 300.00 0.356353
33 34 300.00 0.153457
33 19 300.00 0.105317
42 24 300.00 0.195693
42 25 300.00 0.152663
42 57 300.00 0.129050
27 65 300.00 0.249303
65 27 300.00 0.249303
65 63 300.00 0.094997
65 64 300.00 0.018273
60 28 300.00 0.085913
49 32 300.00 0.155323
49 52 300.00 0.196997
49 50 300.00 0.229420
51 32 300.00 0.096520
51 54 300.00 0.332713
34 33 300.00 0.153457
35 36 300.00 0.088897
35 46 300.00 0.157193
35 38 300.00 0.087740
46 35 300.00 0.157193
38 35 300.00 0.087740
38 37 300.00 0.028753
38 39 300.00 0.127427
39 38 300.00 0.127427
40 41 300.00 0.138817
57 41 300.00 0.033973
57 42 300.00 0.129050
57 58 300.00 0.096573
44 43 300.00 0.111520
48 47 300.00 0.072037
50 49 300.00 0.229420
54 51 300.00 0.332713
53 52 300.00 0.115613
58 57 300.00 0.096573
63 62 300.00 0.016943
63 65 300.00 0.094997
63 66 300.00 0.777357
62 63 300.00 0.016943
66 63 300.00 0.777357
64 65 300.00 0.018273
