58.000000 0.000000 300.000000 0.968100
0.000000 58.000000 300.000000 0.968100
176.000000 0.000000 300.000000 0.019433
0.000000 176.000000 300.000000 0.019433
55.000000 0.000000 300.000000 0.463443
0.000000 55.000000 300.000000 0.463443
177.000000 1.000000 300.000000 0.250347
1.000000 177.000000 300.000000 0.250347
6.000000 1.000000 300.000000 0.995213
1.000000 6.000000 300.000000 0.995213
3.000000 1.000000 300.000000 0.718767
1.000000 3.000000 300.000000 0.718767
63.000000 2.000000 300.000000 0.057910
2.000000 63.000000 300.000000 0.057910
62.000000 2.000000 300.000000 0.489620
2.000000 62.000000 300.000000 0.489620
61.000000 2.000000 300.000000 0.360210
2.000000 61.000000 300.000000 0.360210
67.000000 3.000000 300.000000 0.321803
3.000000 67.000000 300.000000 0.321803
4.000000 3.000000 300.000000 0.604883
3.000000 4.000000 300.000000 0.604883
1.000000 3.000000 300.000000 0.718767
3.000000 1.000000 300.000000 0.718767
68.000000 4.000000 300.000000 0.278577
4.000000 68.000000 300.000000 0.278577
5.000000 4.000000 300.000000 0.616873
4.000000 5.000000 300.000000 0.616873
3.000000 4.000000 300.000000 0.604883
4.000000 3.000000 300.000000 0.604883
69.000000 5.000000 300.000000 0.295653
5.000000 69.000000 300.000000 0.295653
4.000000 5.000000 300.000000 0.616873
5.000000 4.000000 300.000000 0.616873
170.000000 6.000000 300.000000 1.055507
6.000000 170.000000 300.000000 1.055507
47.000000 6.000000 300.000000 0.382943
6.000000 47.000000 300.000000 0.382943
1.000000 6.000000 300.000000 0.995213
6.000000 1.000000 300.000000 0.995213
30.000000 7.000000 300.000000 0.267933
7.000000 30.000000 300.000000 0.267933
8.000000 7.000000 300.000000 0.506387
7.000000 8.000000 300.000000 0.506387
203.000000 7.000000 300.000000 0.728437
7.000000 203.000000 300.000000 0.728437
201.000000 7.000000 300.000000 0.864537
7.000000 201.000000 300.000000 0.864537
29.000000 8.000000 300.000000 0.251730
8.000000 29.000000 300.000000 0.251730
7.000000 8.000000 300.000000 0.506387
8.000000 7.000000 300.000000 0.506387
48.000000 8.000000 300.000000 0.658890
8.000000 48.000000 300.000000 0.658890
12.000000 9.000000 300.000000 0.060380
9.000000 12.000000 300.000000 0.060380
18.000000 9.000000 300.000000 0.473930
9.000000 18.000000 300.000000 0.473930
29.000000 9.000000 300.000000 0.682800
9.000000 29.000000 300.000000 0.682800
17.000000 10.000000 300.000000 0.125317
10.000000 17.000000 300.000000 0.125317
19.000000 10.000000 300.000000 0.927817
10.000000 19.000000 300.000000 0.927817
12.000000 10.000000 300.000000 0.651293
10.000000 12.000000 300.000000 0.651293
11.000000 96.000000 300.000000 0.091937
9.000000 12.000000 300.000000 0.060380
12.000000 9.000000 300.000000 0.060380
25.000000 12.000000 300.000000 0.278507
12.000000 25.000000 300.000000 0.278507
10.000000 12.000000 300.000000 0.651293
12.000000 10.000000 300.000000 0.651293
217.000000 13.000000 300.000000 0.115787
13.000000 217.000000 300.000000 0.115787
16.000000 13.000000 300.000000 0.162563
13.000000 16.000000 300.000000 0.162563
169.000000 13.000000 300.000000 0.371750
13.000000 169.000000 300.000000 0.371750
51.000000 14.000000 300.000000 0.323303
14.000000 51.000000 300.000000 0.323303
53.000000 14.000000 300.000000 0.122540
14.000000 53.000000 300.000000 0.122540
48.000000 14.000000 300.000000 0.475403
14.000000 48.000000 300.000000 0.475403
18.000000 15.000000 300.000000 0.370783
15.000000 18.000000 300.000000 0.370783
49.000000 15.000000 300.000000 0.270787
15.000000 49.000000 300.000000 0.270787
16.000000 15.000000 300.000000 0.683460
15.000000 16.000000 300.000000 0.683460
13.000000 16.000000 300.000000 0.162563
16.000000 13.000000 300.000000 0.162563
17.000000 16.000000 300.000000 0.311887
16.000000 17.000000 300.000000 0.311887
15.000000 16.000000 300.000000 0.683460
16.000000 15.000000 300.000000 0.683460
16.000000 17.000000 300.000000 0.311887
17.000000 16.000000 300.000000 0.311887
10.000000 17.000000 300.000000 0.125317
17.000000 10.000000 300.000000 0.125317
18.000000 17.000000 300.000000 0.642017
17.000000 18.000000 300.000000 0.642017
9.000000 18.000000 300.000000 0.473930
18.000000 9.000000 300.000000 0.473930
15.000000 18.000000 300.000000 0.370783
18.000000 15.000000 300.000000 0.370783
48.000000 18.000000 300.000000 0.943633
18.000000 48.000000 300.000000 0.943633
17.000000 18.000000 300.000000 0.642017
18.000000 17.000000 300.000000 0.642017
20.000000 19.000000 300.000000 0.088793
19.000000 20.000000 300.000000 0.088793
10.000000 19.000000 300.000000 0.927817
19.000000 10.000000 300.000000 0.927817
199.000000 19.000000 300.000000 0.375793
19.000000 199.000000 300.000000 0.375793
19.000000 20.000000 300.000000 0.088793
20.000000 19.000000 300.000000 0.088793
25.000000 20.000000 300.000000 0.048827
20.000000 25.000000 300.000000 0.048827
24.000000 20.000000 300.000000 0.411967
20.000000 24.000000 300.000000 0.411967
172.000000 21.000000 300.000000 0.086087
21.000000 172.000000 300.000000 0.086087
191.000000 21.000000 300.000000 0.034087
21.000000 191.000000 300.000000 0.034087
192.000000 21.000000 300.000000 0.097860
21.000000 192.000000 300.000000 0.097860
193.000000 22.000000 300.000000 0.093757
22.000000 193.000000 300.000000 0.093757
191.000000 22.000000 300.000000 0.102987
22.000000 191.000000 300.000000 0.102987
192.000000 22.000000 300.000000 0.047400
22.000000 192.000000 300.000000 0.047400
24.000000 23.000000 300.000000 0.569227
23.000000 24.000000 300.000000 0.569227
26.000000 23.000000 300.000000 0.251980
23.000000 26.000000 300.000000 0.251980
28.000000 23.000000 300.000000 0.231180
23.000000 28.000000 300.000000 0.231180
200.000000 24.000000 300.000000 0.037710
24.000000 200.000000 300.000000 0.037710
20.000000 24.000000 300.000000 0.411967
24.000000 20.000000 300.000000 0.411967
23.000000 24.000000 300.000000 0.569227
24.000000 23.000000 300.000000 0.569227
20.000000 25.000000 300.000000 0.048827
25.000000 20.000000 300.000000 0.048827
26.000000 25.000000 300.000000 0.836120
25.000000 26.000000 300.000000 0.836120
12.000000 25.000000 300.000000 0.278507
25.000000 12.000000 300.000000 0.278507
32.000000 26.000000 300.000000 0.250317
26.000000 32.000000 300.000000 0.250317
25.000000 26.000000 300.000000 0.836120
26.000000 25.000000 300.000000 0.836120
29.000000 26.000000 300.000000 0.267237
26.000000 29.000000 300.000000 0.267237
23.000000 26.000000 300.000000 0.251980
26.000000 23.000000 300.000000 0.251980
31.000000 27.000000 300.000000 0.551753
27.000000 31.000000 300.000000 0.551753
28.000000 27.000000 300.000000 0.237070
27.000000 28.000000 300.000000 0.237070
32.000000 27.000000 300.000000 0.373933
27.000000 32.000000 300.000000 0.373933
27.000000 28.000000 300.000000 0.237070
28.000000 27.000000 300.000000 0.237070
23.000000 28.000000 300.000000 0.231180
28.000000 23.000000 300.000000 0.231180
172.000000 28.000000 300.000000 0.140980
28.000000 172.000000 300.000000 0.140980
26.000000 29.000000 300.000000 0.267237
29.000000 26.000000 300.000000 0.267237
8.000000 29.000000 300.000000 0.251730
29.000000 8.000000 300.000000 0.251730
9.000000 29.000000 300.000000 0.682800
29.000000 9.000000 300.000000 0.682800
32.000000 30.000000 300.000000 0.583817
30.000000 32.000000 300.000000 0.583817
45.000000 30.000000 300.000000 0.072050
30.000000 45.000000 300.000000 0.072050
7.000000 30.000000 300.000000 0.267933
30.000000 7.000000 300.000000 0.267933
27.000000 31.000000 300.000000 0.551753
31.000000 27.000000 300.000000 0.551753
33.000000 31.000000 300.000000 0.322843
31.000000 33.000000 300.000000 0.322843
45.000000 31.000000 300.000000 0.033203
31.000000 45.000000 300.000000 0.033203
30.000000 32.000000 300.000000 0.583817
32.000000 30.000000 300.000000 0.583817
26.000000 32.000000 300.000000 0.250317
32.000000 26.000000 300.000000 0.250317
27.000000 32.000000 300.000000 0.373933
32.000000 27.000000 300.000000 0.373933
34.000000 33.000000 300.000000 0.560927
33.000000 34.000000 300.000000 0.560927
35.000000 33.000000 300.000000 0.187150
33.000000 35.000000 300.000000 0.187150
31.000000 33.000000 300.000000 0.322843
33.000000 31.000000 300.000000 0.322843
33.000000 34.000000 300.000000 0.560927
34.000000 33.000000 300.000000 0.560927
40.000000 35.000000 300.000000 0.023993
35.000000 40.000000 300.000000 0.023993
33.000000 35.000000 300.000000 0.187150
35.000000 33.000000 300.000000 0.187150
39.000000 35.000000 300.000000 0.277940
35.000000 39.000000 300.000000 0.277940
38.000000 36.000000 300.000000 0.654837
36.000000 38.000000 300.000000 0.654837
39.000000 36.000000 300.000000 0.529397
36.000000 39.000000 300.000000 0.529397
42.000000 37.000000 300.000000 0.166727
37.000000 42.000000 300.000000 0.166727
41.000000 37.000000 300.000000 0.282380
37.000000 41.000000 300.000000 0.282380
40.000000 37.000000 300.000000 0.409280
37.000000 40.000000 300.000000 0.409280
43.000000 38.000000 300.000000 0.298820
38.000000 43.000000 300.000000 0.298820
42.000000 38.000000 300.000000 0.407207
38.000000 42.000000 300.000000 0.407207
36.000000 38.000000 300.000000 0.654837
38.000000 36.000000 300.000000 0.654837
35.000000 39.000000 300.000000 0.277940
39.000000 35.000000 300.000000 0.277940
36.000000 39.000000 300.000000 0.428247
39.000000 36.000000 300.000000 0.428247
43.000000 40.000000 300.000000 0.168067
40.000000 43.000000 300.000000 0.168067
35.000000 40.000000 300.000000 0.023993
40.000000 35.000000 300.000000 0.023993
37.000000 40.000000 300.000000 0.409280
40.000000 37.000000 300.000000 0.409280
37.000000 41.000000 300.000000 0.282380
41.000000 37.000000 300.000000 0.282380
170.000000 41.000000 300.000000 0.426950
41.000000 170.000000 300.000000 0.426950
42.000000 41.000000 300.000000 0.429237
41.000000 42.000000 300.000000 0.429237
37.000000 42.000000 300.000000 0.166727
42.000000 37.000000 300.000000 0.166727
43.000000 42.000000 300.000000 0.351230
42.000000 43.000000 300.000000 0.351230
38.000000 42.000000 300.000000 0.407207
42.000000 38.000000 300.000000 0.407207
41.000000 42.000000 300.000000 0.429237
42.000000 41.000000 300.000000 0.429237
38.000000 43.000000 300.000000 0.298820
43.000000 38.000000 300.000000 0.298820
40.000000 43.000000 300.000000 0.168067
43.000000 40.000000 300.000000 0.168067
42.000000 43.000000 300.000000 0.351230
43.000000 42.000000 300.000000 0.351230
46.000000 44.000000 300.000000 0.173660
44.000000 46.000000 300.000000 0.173660
31.000000 45.000000 300.000000 0.033203
45.000000 31.000000 300.000000 0.033203
30.000000 45.000000 300.000000 0.072050
45.000000 30.000000 300.000000 0.072050
46.000000 45.000000 300.000000 0.584007
45.000000 46.000000 300.000000 0.584007
45.000000 46.000000 300.000000 0.584007
46.000000 45.000000 300.000000 0.584007
44.000000 46.000000 300.000000 0.173660
46.000000 44.000000 300.000000 0.173660
202.000000 46.000000 300.000000 0.360330
46.000000 202.000000 300.000000 0.360330
201.000000 47.000000 300.000000 0.091893
47.000000 201.000000 300.000000 0.091893
202.000000 47.000000 300.000000 0.261557
47.000000 202.000000 300.000000 0.261557
6.000000 47.000000 300.000000 0.382943
47.000000 6.000000 300.000000 0.382943
8.000000 48.000000 300.000000 0.658890
48.000000 8.000000 300.000000 0.658890
18.000000 48.000000 300.000000 0.943633
48.000000 18.000000 300.000000 0.943633
14.000000 48.000000 300.000000 0.475403
48.000000 14.000000 300.000000 0.475403
51.000000 49.000000 300.000000 0.359800
49.000000 51.000000 300.000000 0.359800
15.000000 49.000000 300.000000 0.270787
49.000000 15.000000 300.000000 0.270787
50.000000 49.000000 300.000000 0.530640
49.000000 50.000000 300.000000 0.530640
51.000000 50.000000 300.000000 0.227323
50.000000 51.000000 300.000000 0.227323
100.000000 50.000000 300.000000 0.339587
50.000000 100.000000 300.000000 0.339587
49.000000 50.000000 300.000000 0.530640
50.000000 49.000000 300.000000 0.530640
49.000000 51.000000 300.000000 0.359800
51.000000 49.000000 300.000000 0.359800
14.000000 51.000000 300.000000 0.323303
51.000000 14.000000 300.000000 0.323303
50.000000 51.000000 300.000000 0.227323
51.000000 50.000000 300.000000 0.227323
100.000000 52.000000 300.000000 0.278830
52.000000 100.000000 300.000000 0.278830
14.000000 53.000000 300.000000 0.122540
53.000000 14.000000 300.000000 0.122540
100.000000 53.000000 300.000000 0.213613
53.000000 100.000000 300.000000 0.213613
213.000000 53.000000 300.000000 0.627490
53.000000 213.000000 300.000000 0.627490
213.000000 54.000000 300.000000 0.363560
54.000000 213.000000 300.000000 0.363560
62.000000 55.000000 300.000000 0.456647
55.000000 62.000000 300.000000 0.456647
0.000000 55.000000 300.000000 0.463443
55.000000 0.000000 300.000000 0.463443
57.000000 55.000000 300.000000 0.019477
55.000000 57.000000 300.000000 0.019477
57.000000 56.000000 300.000000 0.431983
56.000000 57.000000 300.000000 0.431983
60.000000 56.000000 300.000000 0.972017
56.000000 60.000000 300.000000 0.972017
55.000000 57.000000 300.000000 0.019477
57.000000 55.000000 300.000000 0.019477
56.000000 57.000000 300.000000 0.431983
57.000000 56.000000 300.000000 0.431983
66.000000 58.000000 300.000000 0.361973
58.000000 66.000000 300.000000 0.361973
0.000000 58.000000 300.000000 0.968100
58.000000 0.000000 300.000000 0.968100
63.000000 58.000000 300.000000 0.346470
58.000000 63.000000 300.000000 0.346470
60.000000 59.000000 300.000000 0.290003
59.000000 60.000000 300.000000 0.290003
59.000000 60.000000 300.000000 0.290003
60.000000 59.000000 300.000000 0.290003
61.000000 60.000000 300.000000 0.102167
60.000000 61.000000 300.000000 0.102167
56.000000 60.000000 300.000000 0.972017
60.000000 56.000000 300.000000 0.972017
60.000000 61.000000 300.000000 0.102167
61.000000 60.000000 300.000000 0.102167
2.000000 61.000000 300.000000 0.360210
61.000000 2.000000 300.000000 0.360210
62.000000 61.000000 300.000000 0.752160
61.000000 62.000000 300.000000 0.752160
55.000000 62.000000 300.000000 0.456647
62.000000 55.000000 300.000000 0.456647
2.000000 62.000000 300.000000 0.489620
62.000000 2.000000 300.000000 0.489620
61.000000 62.000000 300.000000 0.752160
62.000000 61.000000 300.000000 0.752160
58.000000 63.000000 300.000000 0.346470
63.000000 58.000000 300.000000 0.346470
2.000000 63.000000 300.000000 0.057910
63.000000 2.000000 300.000000 0.057910
64.000000 63.000000 300.000000 0.412427
63.000000 64.000000 300.000000 0.412427
63.000000 64.000000 300.000000 0.412427
64.000000 63.000000 300.000000 0.412427
66.000000 64.000000 300.000000 0.180487
64.000000 66.000000 300.000000 0.180487
65.000000 64.000000 300.000000 0.195413
64.000000 65.000000 300.000000 0.195413
66.000000 65.000000 300.000000 0.059197
65.000000 66.000000 300.000000 0.059197
138.000000 65.000000 300.000000 0.958037
65.000000 138.000000 300.000000 0.958037
64.000000 65.000000 300.000000 0.195413
65.000000 64.000000 300.000000 0.195413
65.000000 66.000000 300.000000 0.059197
66.000000 65.000000 300.000000 0.059197
58.000000 66.000000 300.000000 0.361973
66.000000 58.000000 300.000000 0.361973
64.000000 66.000000 300.000000 0.180487
66.000000 64.000000 300.000000 0.180487
3.000000 67.000000 300.000000 0.321803
67.000000 3.000000 300.000000 0.321803
68.000000 67.000000 300.000000 0.432280
67.000000 68.000000 300.000000 0.432280
4.000000 68.000000 300.000000 0.278577
68.000000 4.000000 300.000000 0.278577
67.000000 68.000000 300.000000 0.432280
68.000000 67.000000 300.000000 0.432280
5.000000 69.000000 300.000000 0.295653
69.000000 5.000000 300.000000 0.295653
71.000000 70.000000 300.000000 0.128707
70.000000 71.000000 300.000000 0.128707
126.000000 71.000000 300.000000 0.519313
71.000000 126.000000 300.000000 0.519313
107.000000 71.000000 300.000000 0.510727
71.000000 107.000000 300.000000 0.510727
70.000000 71.000000 300.000000 0.128707
71.000000 70.000000 300.000000 0.128707
188.000000 71.000000 300.000000 0.689693
71.000000 188.000000 300.000000 0.689693
182.000000 72.000000 300.000000 0.178170
72.000000 182.000000 300.000000 0.178170
72.000000 185.000000 300.000000 0.279180
74.000000 73.000000 300.000000 0.088943
73.000000 74.000000 300.000000 0.088943
76.000000 74.000000 300.000000 0.185400
74.000000 76.000000 300.000000 0.185400
73.000000 74.000000 300.000000 0.088943
74.000000 73.000000 300.000000 0.088943
75.000000 74.000000 300.000000 0.752463
74.000000 75.000000 300.000000 0.752463
74.000000 75.000000 300.000000 0.752463
75.000000 74.000000 300.000000 0.752463
211.000000 76.000000 300.000000 0.221093
76.000000 211.000000 300.000000 0.221093
74.000000 76.000000 300.000000 0.185400
76.000000 74.000000 300.000000 0.185400
77.000000 76.000000 300.000000 0.690150
76.000000 77.000000 300.000000 0.690150
76.000000 77.000000 300.000000 0.690150
77.000000 76.000000 300.000000 0.690150
78.000000 120.000000 300.000000 0.109710
214.000000 78.000000 300.000000 0.481193
78.000000 214.000000 300.000000 0.481193
87.000000 79.000000 300.000000 0.657683
79.000000 87.000000 300.000000 0.657683
81.000000 80.000000 300.000000 0.212367
80.000000 81.000000 300.000000 0.212367
82.000000 80.000000 300.000000 1.375027
80.000000 82.000000 300.000000 1.375027
87.000000 80.000000 300.000000 1.407770
80.000000 87.000000 300.000000 1.407770
80.000000 81.000000 300.000000 0.212367
81.000000 80.000000 300.000000 0.212367
80.000000 82.000000 300.000000 1.375027
82.000000 80.000000 300.000000 1.375027
85.000000 83.000000 300.000000 0.069943
83.000000 85.000000 300.000000 0.069943
84.000000 83.000000 300.000000 0.164617
83.000000 84.000000 300.000000 0.164617
83.000000 84.000000 300.000000 0.164617
84.000000 83.000000 300.000000 0.164617
83.000000 85.000000 300.000000 0.069943
85.000000 83.000000 300.000000 0.069943
92.000000 85.000000 300.000000 1.185333
85.000000 92.000000 300.000000 1.185333
92.000000 86.000000 300.000000 0.723227
86.000000 92.000000 300.000000 0.723227
88.000000 87.000000 300.000000 0.978813
87.000000 88.000000 300.000000 0.978813
80.000000 87.000000 300.000000 1.407770
87.000000 80.000000 300.000000 1.407770
79.000000 87.000000 300.000000 0.657683
87.000000 79.000000 300.000000 0.657683
87.000000 88.000000 300.000000 0.978813
88.000000 87.000000 300.000000 0.978813
90.000000 89.000000 300.000000 0.872013
89.000000 90.000000 300.000000 0.872013
89.000000 90.000000 300.000000 0.872013
90.000000 89.000000 300.000000 0.872013
91.000000 90.000000 300.000000 0.177883
90.000000 91.000000 300.000000 0.177883
90.000000 91.000000 300.000000 0.177883
91.000000 90.000000 300.000000 0.177883
86.000000 92.000000 300.000000 0.723227
92.000000 86.000000 300.000000 0.723227
85.000000 92.000000 300.000000 1.185333
92.000000 85.000000 300.000000 1.185333
136.000000 93.000000 300.000000 0.483887
93.000000 136.000000 300.000000 0.483887
94.000000 110.000000 300.000000 0.130747
95.000000 131.000000 300.000000 0.254017
118.000000 96.000000 300.000000 0.504087
96.000000 118.000000 300.000000 0.504087
99.000000 98.000000 300.000000 0.227043
98.000000 99.000000 300.000000 0.227043
115.000000 98.000000 300.000000 1.900303
98.000000 115.000000 300.000000 1.900303
135.000000 98.000000 300.000000 0.834337
98.000000 135.000000 300.000000 0.834337
98.000000 99.000000 300.000000 0.227043
99.000000 98.000000 300.000000 0.227043
53.000000 100.000000 300.000000 0.213613
100.000000 53.000000 300.000000 0.213613
52.000000 100.000000 300.000000 0.278830
100.000000 52.000000 300.000000 0.278830
50.000000 100.000000 300.000000 0.339587
100.000000 50.000000 300.000000 0.339587
101.000000 189.000000 300.000000 0.221473
102.000000 122.000000 300.000000 0.153560
103.000000 102.000000 300.000000 0.232357
103.000000 118.000000 300.000000 0.275667
104.000000 123.000000 300.000000 0.632043
130.000000 104.000000 300.000000 1.864573
104.000000 130.000000 300.000000 1.864573
105.000000 104.000000 300.000000 0.322813
106.000000 117.000000 300.000000 0.143183
106.000000 101.000000 300.000000 0.137540
71.000000 107.000000 300.000000 0.510727
107.000000 71.000000 300.000000 0.510727
107.000000 108.000000 300.000000 0.372153
109.000000 72.000000 300.000000 0.361770
178.000000 109.000000 300.000000 0.545627
109.000000 178.000000 300.000000 0.545627
110.000000 113.000000 300.000000 0.014157
111.000000 112.000000 300.000000 0.016373
112.000000 131.000000 300.000000 0.150903
112.000000 95.000000 300.000000 0.253037
113.000000 111.000000 300.000000 0.155807
113.000000 115.000000 300.000000 0.300830
114.000000 132.000000 300.000000 0.135963
98.000000 115.000000 300.000000 1.900303
115.000000 98.000000 300.000000 1.900303
115.000000 111.000000 300.000000 0.279050
116.000000 101.000000 300.000000 0.146730
116.000000 117.000000 300.000000 0.150317
117.000000 105.000000 300.000000 6.793830
118.000000 102.000000 300.000000 0.283240
96.000000 118.000000 300.000000 0.504087
118.000000 96.000000 300.000000 0.504087
175.000000 118.000000 300.000000 0.397903
118.000000 175.000000 300.000000 0.397903
119.000000 120.000000 300.000000 0.117103
120.000000 97.000000 300.000000 1.316443
121.000000 103.000000 300.000000 0.407037
134.000000 122.000000 300.000000 0.910897
122.000000 134.000000 300.000000 0.910897
122.000000 124.000000 300.000000 0.264650
123.000000 209.000000 300.000000 4.312517
123.000000 121.000000 300.000000 0.243690
124.000000 167.000000 300.000000 0.248010
124.000000 105.000000 300.000000 0.224073
127.000000 125.000000 300.000000 0.733080
125.000000 127.000000 300.000000 0.733080
129.000000 125.000000 300.000000 0.140773
125.000000 129.000000 300.000000 0.140773
71.000000 126.000000 300.000000 0.519313
126.000000 71.000000 300.000000 0.519313
128.000000 126.000000 300.000000 0.453227
126.000000 128.000000 300.000000 0.453227
186.000000 127.000000 300.000000 0.294113
127.000000 186.000000 300.000000 0.294113
125.000000 127.000000 300.000000 0.733080
127.000000 125.000000 300.000000 0.733080
128.000000 127.000000 300.000000 0.156193
127.000000 128.000000 300.000000 0.156193
190.000000 128.000000 300.000000 0.415303
128.000000 190.000000 300.000000 0.415303
129.000000 128.000000 300.000000 0.753080
128.000000 129.000000 300.000000 0.753080
126.000000 128.000000 300.000000 0.453227
128.000000 126.000000 300.000000 0.453227
127.000000 128.000000 300.000000 0.156193
128.000000 127.000000 300.000000 0.156193
128.000000 129.000000 300.000000 0.753080
129.000000 128.000000 300.000000 0.753080
125.000000 129.000000 300.000000 0.140773
129.000000 125.000000 300.000000 0.140773
104.000000 130.000000 300.000000 1.864573
130.000000 104.000000 300.000000 1.864573
131.000000 114.000000 300.000000 0.015397
132.000000 94.000000 300.000000 0.036213
141.000000 133.000000 300.000000 0.668373
133.000000 141.000000 300.000000 0.668373
122.000000 134.000000 300.000000 0.910897
134.000000 122.000000 300.000000 0.910897
136.000000 135.000000 300.000000 0.412153
135.000000 136.000000 300.000000 0.412153
98.000000 135.000000 300.000000 0.834337
135.000000 98.000000 300.000000 0.834337
135.000000 136.000000 300.000000 0.412153
136.000000 135.000000 300.000000 0.412153
93.000000 136.000000 300.000000 0.483887
136.000000 93.000000 300.000000 0.483887
138.000000 137.000000 300.000000 0.347547
137.000000 138.000000 300.000000 0.347547
182.000000 137.000000 300.000000 0.133627
137.000000 182.000000 300.000000 0.133627
183.000000 137.000000 300.000000 0.411600
137.000000 183.000000 300.000000 0.411600
137.000000 138.000000 300.000000 0.347547
138.000000 137.000000 300.000000 0.347547
65.000000 138.000000 300.000000 0.958037
138.000000 65.000000 300.000000 0.958037
139.000000 138.000000 300.000000 0.337800
138.000000 139.000000 300.000000 0.337800
138.000000 139.000000 300.000000 0.337800
139.000000 138.000000 300.000000 0.337800
155.000000 140.000000 300.000000 0.156343
140.000000 155.000000 300.000000 0.156343
216.000000 140.000000 300.000000 0.281240
140.000000 216.000000 300.000000 0.281240
173.000000 140.000000 300.000000 0.324403
140.000000 173.000000 300.000000 0.324403
133.000000 141.000000 300.000000 0.668373
141.000000 133.000000 300.000000 0.668373
215.000000 141.000000 300.000000 0.095687
141.000000 215.000000 300.000000 0.095687
161.000000 141.000000 300.000000 0.425543
141.000000 161.000000 300.000000 0.425543
142.000000 147.000000 300.000000 0.640837
143.000000 142.000000 300.000000 1.223427
142.000000 143.000000 300.000000 1.223427
142.000000 143.000000 300.000000 1.223427
143.000000 142.000000 300.000000 1.223427
145.000000 144.000000 300.000000 0.424400
144.000000 145.000000 300.000000 0.424400
152.000000 144.000000 300.000000 0.274930
144.000000 152.000000 300.000000 0.274930
153.000000 144.000000 300.000000 0.130917
144.000000 153.000000 300.000000 0.130917
163.000000 145.000000 300.000000 0.075617
145.000000 163.000000 300.000000 0.075617
144.000000 145.000000 300.000000 0.424400
145.000000 144.000000 300.000000 0.424400
149.000000 145.000000 300.000000 0.223717
145.000000 149.000000 300.000000 0.223717
158.000000 146.000000 300.000000 0.181307
146.000000 158.000000 300.000000 0.181307
159.000000 146.000000 300.000000 1.019433
146.000000 159.000000 300.000000 1.019433
147.000000 146.000000 300.000000 0.211583
146.000000 147.000000 300.000000 0.211583
147.000000 116.000000 300.000000 1.256087
146.000000 147.000000 300.000000 0.211583
147.000000 146.000000 300.000000 0.211583
150.000000 148.000000 300.000000 0.099450
148.000000 150.000000 300.000000 0.099450
162.000000 148.000000 300.000000 0.418750
148.000000 162.000000 300.000000 0.418750
158.000000 148.000000 300.000000 0.131720
148.000000 158.000000 300.000000 0.131720
150.000000 149.000000 300.000000 0.380347
149.000000 150.000000 300.000000 0.380347
145.000000 149.000000 300.000000 0.223717
149.000000 145.000000 300.000000 0.223717
151.000000 149.000000 300.000000 0.224500
149.000000 151.000000 300.000000 0.224500
148.000000 150.000000 300.000000 0.099450
150.000000 148.000000 300.000000 0.099450
149.000000 150.000000 300.000000 0.380347
150.000000 149.000000 300.000000 0.380347
151.000000 150.000000 300.000000 0.175330
150.000000 151.000000 300.000000 0.175330
149.000000 151.000000 300.000000 0.224500
151.000000 149.000000 300.000000 0.224500
150.000000 151.000000 300.000000 0.175330
151.000000 150.000000 300.000000 0.175330
153.000000 151.000000 300.000000 0.309710
151.000000 153.000000 300.000000 0.309710
144.000000 152.000000 300.000000 0.274930
152.000000 144.000000 300.000000 0.274930
144.000000 153.000000 300.000000 0.130917
153.000000 144.000000 300.000000 0.130917
151.000000 153.000000 300.000000 0.309710
153.000000 151.000000 300.000000 0.309710
157.000000 153.000000 300.000000 0.180663
153.000000 157.000000 300.000000 0.180663
157.000000 154.000000 300.000000 0.411290
154.000000 157.000000 300.000000 0.411290
159.000000 155.000000 300.000000 0.591293
155.000000 159.000000 300.000000 0.591293
140.000000 155.000000 300.000000 0.156343
155.000000 140.000000 300.000000 0.156343
156.000000 155.000000 300.000000 1.012420
155.000000 156.000000 300.000000 1.012420
155.000000 156.000000 300.000000 1.012420
156.000000 155.000000 300.000000 1.012420
157.000000 156.000000 300.000000 0.109340
156.000000 157.000000 300.000000 0.109340
159.000000 156.000000 300.000000 0.041907
156.000000 159.000000 300.000000 0.041907
154.000000 157.000000 300.000000 0.411290
157.000000 154.000000 300.000000 0.411290
153.000000 157.000000 300.000000 0.180663
157.000000 153.000000 300.000000 0.180663
156.000000 157.000000 300.000000 0.109340
157.000000 156.000000 300.000000 0.109340
146.000000 158.000000 300.000000 0.181307
158.000000 146.000000 300.000000 0.181307
148.000000 158.000000 300.000000 0.131720
158.000000 148.000000 300.000000 0.131720
164.000000 158.000000 300.000000 0.409397
158.000000 164.000000 300.000000 0.409397
155.000000 159.000000 300.000000 0.591293
159.000000 155.000000 300.000000 0.591293
146.000000 159.000000 300.000000 1.019433
159.000000 146.000000 300.000000 1.019433
156.000000 159.000000 300.000000 0.041907
159.000000 156.000000 300.000000 0.041907
161.000000 160.000000 300.000000 0.655390
160.000000 161.000000 300.000000 0.655390
160.000000 161.000000 300.000000 0.655390
161.000000 160.000000 300.000000 0.655390
141.000000 161.000000 300.000000 0.425543
161.000000 141.000000 300.000000 0.425543
167.000000 161.000000 300.000000 0.142653
161.000000 167.000000 300.000000 0.142653
148.000000 162.000000 300.000000 0.418750
162.000000 148.000000 300.000000 0.418750
145.000000 163.000000 300.000000 0.075617
163.000000 145.000000 300.000000 0.075617
158.000000 164.000000 300.000000 0.409397
164.000000 158.000000 300.000000 0.409397
166.000000 165.000000 300.000000 0.072527
165.000000 166.000000 300.000000 0.072527
205.000000 165.000000 300.000000 0.681970
165.000000 205.000000 300.000000 0.681970
165.000000 166.000000 300.000000 0.072527
166.000000 165.000000 300.000000 0.072527
181.000000 166.000000 300.000000 0.873527
166.000000 181.000000 300.000000 0.873527
167.000000 174.000000 300.000000 0.101730
161.000000 167.000000 300.000000 0.142653
167.000000 161.000000 300.000000 0.142653
168.000000 142.000000 300.000000 2.362710
174.000000 168.000000 300.000000 2.590207
168.000000 174.000000 300.000000 2.590207
13.000000 169.000000 300.000000 0.371750
169.000000 13.000000 300.000000 0.371750
41.000000 170.000000 300.000000 0.426950
170.000000 41.000000 300.000000 0.426950
6.000000 170.000000 300.000000 1.055507
170.000000 6.000000 300.000000 1.055507
171.000000 170.000000 300.000000 0.527177
170.000000 171.000000 300.000000 0.527177
170.000000 171.000000 300.000000 0.527177
171.000000 170.000000 300.000000 0.527177
21.000000 172.000000 300.000000 0.086087
172.000000 21.000000 300.000000 0.086087
28.000000 172.000000 300.000000 0.140980
172.000000 28.000000 300.000000 0.140980
192.000000 172.000000 300.000000 0.144417
172.000000 192.000000 300.000000 0.144417
140.000000 173.000000 300.000000 0.324403
173.000000 140.000000 300.000000 0.324403
180.000000 173.000000 300.000000 0.358710
173.000000 180.000000 300.000000 0.358710
179.000000 173.000000 300.000000 0.449423
173.000000 179.000000 300.000000 0.449423
174.000000 168.000000 300.000000 2.149423
118.000000 175.000000 300.000000 0.397903
175.000000 118.000000 300.000000 0.397903
0.000000 176.000000 300.000000 0.019433
176.000000 0.000000 300.000000 0.019433
176.000000 177.000000 300.000000 0.163973
1.000000 177.000000 300.000000 0.250347
177.000000 1.000000 300.000000 0.250347
177.000000 176.000000 300.000000 0.165353
109.000000 178.000000 300.000000 0.545627
178.000000 109.000000 300.000000 0.545627
182.000000 178.000000 300.000000 0.716213
178.000000 182.000000 300.000000 0.716213
173.000000 179.000000 300.000000 0.449423
179.000000 173.000000 300.000000 0.449423
181.000000 179.000000 300.000000 0.519867
179.000000 181.000000 300.000000 0.519867
216.000000 179.000000 300.000000 0.258020
179.000000 216.000000 300.000000 0.258020
173.000000 180.000000 300.000000 0.358710
180.000000 173.000000 300.000000 0.358710
216.000000 181.000000 300.000000 0.591940
181.000000 216.000000 300.000000 0.591940
166.000000 181.000000 300.000000 0.873527
181.000000 166.000000 300.000000 0.873527
179.000000 181.000000 300.000000 0.519867
181.000000 179.000000 300.000000 0.519867
137.000000 182.000000 300.000000 0.133627
182.000000 137.000000 300.000000 0.133627
72.000000 182.000000 300.000000 0.178170
182.000000 72.000000 300.000000 0.178170
178.000000 182.000000 300.000000 0.716213
182.000000 178.000000 300.000000 0.716213
185.000000 183.000000 300.000000 0.195703
183.000000 185.000000 300.000000 0.195703
137.000000 183.000000 300.000000 0.411600
183.000000 137.000000 300.000000 0.411600
184.000000 183.000000 300.000000 0.184610
183.000000 184.000000 300.000000 0.184610
183.000000 184.000000 300.000000 0.184610
184.000000 183.000000 300.000000 0.184610
185.000000 106.000000 300.000000 0.565730
183.000000 185.000000 300.000000 0.195703
185.000000 183.000000 300.000000 0.195703
127.000000 186.000000 300.000000 0.294113
186.000000 127.000000 300.000000 0.294113
188.000000 187.000000 300.000000 0.203713
187.000000 188.000000 300.000000 0.203713
187.000000 188.000000 300.000000 0.203713
188.000000 187.000000 300.000000 0.203713
189.000000 188.000000 300.000000 0.231253
188.000000 189.000000 300.000000 0.231253
71.000000 188.000000 300.000000 0.689693
188.000000 71.000000 300.000000 0.689693
188.000000 189.000000 300.000000 0.231253
189.000000 188.000000 300.000000 0.231253
189.000000 107.000000 300.000000 0.581560
128.000000 190.000000 300.000000 0.415303
190.000000 128.000000 300.000000 0.415303
21.000000 191.000000 300.000000 0.034087
191.000000 21.000000 300.000000 0.034087
194.000000 191.000000 300.000000 0.084640
191.000000 194.000000 300.000000 0.084640
22.000000 191.000000 300.000000 0.102987
191.000000 22.000000 300.000000 0.102987
21.000000 192.000000 300.000000 0.097860
192.000000 21.000000 300.000000 0.097860
22.000000 192.000000 300.000000 0.047400
192.000000 22.000000 300.000000 0.047400
172.000000 192.000000 300.000000 0.144417
192.000000 172.000000 300.000000 0.144417
195.000000 193.000000 300.000000 0.108347
193.000000 195.000000 300.000000 0.108347
22.000000 193.000000 300.000000 0.093757
193.000000 22.000000 300.000000 0.093757
194.000000 193.000000 300.000000 0.100903
193.000000 194.000000 300.000000 0.100903
191.000000 194.000000 300.000000 0.084640
194.000000 191.000000 300.000000 0.084640
196.000000 194.000000 300.000000 0.138100
194.000000 196.000000 300.000000 0.138100
193.000000 194.000000 300.000000 0.100903
194.000000 193.000000 300.000000 0.100903
197.000000 195.000000 300.000000 0.127913
195.000000 197.000000 300.000000 0.127913
193.000000 195.000000 300.000000 0.108347
195.000000 193.000000 300.000000 0.108347
196.000000 195.000000 300.000000 0.095883
195.000000 196.000000 300.000000 0.095883
194.000000 196.000000 300.000000 0.138100
196.000000 194.000000 300.000000 0.138100
198.000000 196.000000 300.000000 0.118640
196.000000 198.000000 300.000000 0.118640
195.000000 196.000000 300.000000 0.095883
196.000000 195.000000 300.000000 0.095883
195.000000 197.000000 300.000000 0.127913
197.000000 195.000000 300.000000 0.127913
198.000000 197.000000 300.000000 0.090797
197.000000 198.000000 300.000000 0.090797
199.000000 197.000000 300.000000 0.143797
197.000000 199.000000 300.000000 0.143797
196.000000 198.000000 300.000000 0.118640
198.000000 196.000000 300.000000 0.118640
200.000000 198.000000 300.000000 0.092560
198.000000 200.000000 300.000000 0.092560
197.000000 198.000000 300.000000 0.090797
198.000000 197.000000 300.000000 0.090797
200.000000 199.000000 300.000000 0.089537
199.000000 200.000000 300.000000 0.089537
19.000000 199.000000 300.000000 0.375793
199.000000 19.000000 300.000000 0.375793
197.000000 199.000000 300.000000 0.143797
199.000000 197.000000 300.000000 0.143797
198.000000 200.000000 300.000000 0.092560
200.000000 198.000000 300.000000 0.092560
24.000000 200.000000 300.000000 0.037710
200.000000 24.000000 300.000000 0.037710
199.000000 200.000000 300.000000 0.089537
200.000000 199.000000 300.000000 0.089537
47.000000 201.000000 300.000000 0.091893
201.000000 47.000000 300.000000 0.091893
202.000000 201.000000 300.000000 0.169497
201.000000 202.000000 300.000000 0.169497
7.000000 201.000000 300.000000 0.864537
201.000000 7.000000 300.000000 0.864537
201.000000 202.000000 300.000000 0.169497
202.000000 201.000000 300.000000 0.169497
47.000000 202.000000 300.000000 0.261557
202.000000 47.000000 300.000000 0.261557
46.000000 202.000000 300.000000 0.360330
202.000000 46.000000 300.000000 0.360330
7.000000 203.000000 300.000000 0.728437
203.000000 7.000000 300.000000 0.728437
205.000000 204.000000 300.000000 0.136557
204.000000 205.000000 300.000000 0.136557
206.000000 205.000000 300.000000 0.122870
205.000000 206.000000 300.000000 0.122870
207.000000 205.000000 300.000000 0.295767
205.000000 207.000000 300.000000 0.295767
165.000000 205.000000 300.000000 0.681970
205.000000 165.000000 300.000000 0.681970
204.000000 205.000000 300.000000 0.136557
205.000000 204.000000 300.000000 0.136557
205.000000 206.000000 300.000000 0.122870
206.000000 205.000000 300.000000 0.122870
205.000000 207.000000 300.000000 0.295767
207.000000 205.000000 300.000000 0.295767
209.000000 208.000000 300.000000 0.357190
208.000000 209.000000 300.000000 0.357190
208.000000 209.000000 300.000000 0.357190
209.000000 208.000000 300.000000 0.357190
209.000000 110.000000 300.000000 0.943537
76.000000 211.000000 300.000000 0.221093
211.000000 76.000000 300.000000 0.221093
213.000000 212.000000 300.000000 0.198983
212.000000 213.000000 300.000000 0.198983
54.000000 213.000000 300.000000 0.363560
213.000000 54.000000 300.000000 0.363560
212.000000 213.000000 300.000000 0.198983
213.000000 212.000000 300.000000 0.198983
53.000000 213.000000 300.000000 0.627490
213.000000 53.000000 300.000000 0.627490
78.000000 214.000000 300.000000 0.481193
214.000000 78.000000 300.000000 0.481193
141.000000 215.000000 300.000000 0.095687
215.000000 141.000000 300.000000 0.095687
140.000000 216.000000 300.000000 0.281240
216.000000 140.000000 300.000000 0.281240
181.000000 216.000000 300.000000 0.591940
216.000000 181.000000 300.000000 0.591940
179.000000 216.000000 300.000000 0.258020
216.000000 179.000000 300.000000 0.258020
13.000000 217.000000 300.000000 0.115787
217.000000 13.000000 300.000000 0.115787
