0 121 300.00 0.039553
0 21 300.00 0.300347
21 70 300.00 0.140050
21 39 300.00 0.346763
73 1 300.00 0.390100
73 42 300.00 0.258663
73 76 300.00 0.456520
73 75 300.00 0.516167
1 73 300.00 0.390100
58 2 300.00 0.274737
58 3 300.00 0.264337
58 25 300.00 0.262687
58 37 300.00 0.546707
2 58 300.00 0.274737
2 60 300.00 0.305987
2 50 300.00 0.503047
60 2 300.00 0.305987
60 62 300.00 0.280723
60 8 300.00 0.327053
50 63 300.00 0.263070
3 58 300.00 0.264337
8 4 300.00 0.309793
8 34 300.00 0.203257
4 8 300.00 0.309793
4 56 300.00 0.615590
4 2 300.00 0.376067
56 4 300.00 0.615590
56 25 300.00 0.350683
56 123 300.00 0.138737
5 43 300.00 0.446317
5 39 300.00 0.263833
5 26 300.00 0.404873
43 45 300.00 0.326273
43 99 300.00 0.197013
43 17 300.00 0.500073
39 5 300.00 0.263833
39 21 300.00 0.346763
39 36 300.00 0.418080
39 38 300.00 0.310040
26 5 300.00 0.404873
26 15 300.00 0.444310
26 36 300.00 0.271690
26 33 300.00 0.439100
13 6 300.00 0.474510
6 13 300.00 0.474510
80 7 300.00 0.303070
80 82 300.00 0.306547
80 83 300.00 0.281967
7 80 300.00 0.303070
7 24 300.00 0.194397
24 19 300.00 0.086503
24 34 300.00 0.302337
34 24 300.00 0.302337
34 131 300.00 0.284293
34 80 300.00 0.218243
55 9 300.00 0.432670
55 57 300.00 0.285970
55 123 300.00 0.155067
9 55 300.00 0.432670
11 10 300.00 0.522623
11 116 300.00 0.343270
11 33 300.00 0.274113
11 36 300.00 0.434893
10 11 300.00 0.522623
10 22 300.00 0.291760
10 81 300.00 0.469003
22 10 300.00 0.291760
22 83 300.00 0.482367
22 125 300.00 0.119633
22 59 300.00 0.694743
81 10 300.00 0.469003
81 79 300.00 0.410557
81 83 300.00 0.300603
81 82 300.00 0.292470
116 11 300.00 0.343270
33 11 300.00 0.274113
33 26 300.00 0.439100
33 35 300.00 0.272290
33 101 300.00 0.245903
36 11 300.00 0.434893
36 26 300.00 0.271690
36 39 300.00 0.418080
76 12 300.00 0.274977
76 73 300.00 0.456520
12 76 300.00 0.274977
12 42 300.00 0.426277
42 12 300.00 0.426277
42 28 300.00 0.522033
42 40 300.00 0.258460
42 73 300.00 0.258663
40 14 300.00 0.298157
40 42 300.00 0.258460
40 48 300.00 0.523297
14 40 300.00 0.298157
14 20 300.00 0.537210
20 14 300.00 0.537210
20 47 300.00 0.527867
20 48 300.00 0.279247
99 15 300.00 0.205547
99 43 300.00 0.197013
99 100 300.00 0.338327
15 99 300.00 0.205547
15 103 300.00 0.218513
15 26 300.00 0.444310
103 15 300.00 0.218513
103 23 300.00 0.212150
103 130 300.00 0.187797
103 104 300.00 0.193150
78 16 300.00 0.263757
78 77 300.00 0.496163
16 78 300.00 0.263757
16 49 300.00 0.271237
16 28 300.00 0.519310
16 95 300.00 0.413560
49 16 300.00 0.271237
49 47 300.00 0.263690
49 48 300.00 0.527590
49 52 300.00 0.507270
28 16 300.00 0.519310
28 75 300.00 0.261167
28 42 300.00 0.522033
28 48 300.00 0.265130
95 16 300.00 0.413560
95 84 300.00 0.107087
95 96 300.00 0.143257
46 18 300.00 0.122717
46 32 300.00 0.400053
18 46 300.00 0.122717
27 19 300.00 0.493517
27 52 300.00 0.271217
27 47 300.00 0.534360
19 27 300.00 0.493517
19 4 300.00 0.097040
47 20 300.00 0.527867
47 27 300.00 0.534360
47 49 300.00 0.263690
48 20 300.00 0.279247
48 28 300.00 0.265130
48 40 300.00 0.523297
48 49 300.00 0.527590
70 45 300.00 0.563363
83 22 300.00 0.482367
83 59 300.00 0.233690
83 80 300.00 0.281967
83 81 300.00 0.300603
125 22 300.00 0.119633
125 35 300.00 0.123177
125 124 300.00 0.199590
59 22 300.00 0.694743
59 131 300.00 0.012937
59 83 300.00 0.233690
101 23 300.00 0.190230
101 33 300.00 0.245903
101 130 300.00 0.219673
23 101 300.00 0.190230
23 105 300.00 0.307417
23 66 300.00 0.274480
23 103 300.00 0.212150
105 23 300.00 0.307417
105 106 300.00 0.211940
66 23 300.00 0.274480
66 44 300.00 0.213530
66 110 300.00 0.176710
66 108 300.00 0.463983
25 58 300.00 0.262687
25 56 300.00 0.350683
25 29 300.00 0.588157
25 122 300.00 0.101270
29 25 300.00 0.588157
29 37 300.00 0.263590
122 25 300.00 0.101270
122 57 300.00 0.151950
122 123 300.00 0.332663
52 27 300.00 0.271217
52 41 300.00 0.411063
52 49 300.00 0.507270
52 84 300.00 0.263367
75 73 300.00 0.516167
75 78 300.00 0.517100
37 58 300.00 0.546707
37 50 300.00 0.267520
41 31 300.00 0.242113
41 84 300.00 0.276180
41 52 300.00 0.411063
31 41 300.00 0.242113
31 82 300.00 0.291523
31 7 300.00 0.314680
82 31 300.00 0.291523
82 80 300.00 0.306547
82 81 300.00 0.292470
32 46 300.00 0.400053
35 33 300.00 0.272290
35 125 300.00 0.123177
35 110 300.00 0.262797
131 34 300.00 0.284293
131 59 300.00 0.012937
131 61 300.00 0.270660
110 35 300.00 0.262797
110 66 300.00 0.176710
110 120 300.00 0.029767
38 39 300.00 0.310040
38 0 300.00 0.358017
84 41 300.00 0.276180
84 52 300.00 0.263367
84 119 300.00 0.261173
84 95 300.00 0.107087
45 43 300.00 0.326273
45 17 300.00 0.605897
44 66 300.00 0.213530
63 64 300.00 0.273897
63 60 300.00 0.445593
77 51 300.00 0.266433
77 119 300.00 0.025427
51 77 300.00 0.266433
68 53 300.00 0.276300
68 67 300.00 0.319913
68 91 300.00 0.291270
68 72 300.00 0.378613
53 68 300.00 0.276300
69 54 300.00 0.284907
69 90 300.00 0.241783
54 69 300.00 0.284907
54 67 300.00 0.361320
54 72 300.00 0.323890
67 54 300.00 0.361320
67 68 300.00 0.319913
67 88 300.00 0.294600
67 85 300.00 0.666377
72 54 300.00 0.323890
72 68 300.00 0.378613
72 117 300.00 0.408603
57 55 300.00 0.285970
57 122 300.00 0.151950
123 55 300.00 0.155067
123 56 300.00 0.138737
123 122 300.00 0.332663
62 60 300.00 0.280723
62 61 300.00 0.247357
62 118 300.00 0.025383
61 62 300.00 0.247357
61 131 300.00 0.270660
118 62 300.00 0.025383
118 64 300.00 0.372290
118 98 300.00 0.160567
64 118 300.00 0.372290
93 65 300.00 0.201660
93 94 300.00 0.061003
65 93 300.00 0.201660
65 115 300.00 0.302557
115 65 300.00 0.302557
115 129 300.00 0.289937
108 66 300.00 0.463983
88 67 300.00 0.294600
88 86 300.00 0.636413
88 89 300.00 0.231940
85 67 300.00 0.666377
85 86 300.00 0.293600
91 68 300.00 0.291270
91 92 300.00 0.270623
91 128 300.00 0.295257
90 69 300.00 0.241783
71 70 300.00 0.049680
71 121 300.00 0.441490
117 72 300.00 0.408603
117 94 300.00 0.131023
119 74 300.00 0.271850
119 77 300.00 0.025427
119 84 300.00 0.261173
74 119 300.00 0.271850
74 41 300.00 0.252727
74 113 300.00 0.249480
113 74 300.00 0.249480
113 31 300.00 0.259977
79 81 300.00 0.410557
86 85 300.00 0.293600
86 87 300.00 0.133517
86 88 300.00 0.636413
87 86 300.00 0.133517
89 88 300.00 0.231940
92 91 300.00 0.270623
128 129 300.00 0.432737
94 93 300.00 0.061003
94 117 300.00 0.131023
96 95 300.00 0.143257
98 118 300.00 0.160567
100 99 300.00 0.338327
130 101 300.00 0.219673
130 102 300.00 0.053167
130 103 300.00 0.187797
102 130 300.00 0.053167
104 103 300.00 0.193150
106 105 300.00 0.211940
120 110 300.00 0.029767
111 112 300.00 0.146087
112 71 300.00 1.257310
124 125 300.00 0.199590
126 127 300.00 0.874240
127 128 300.00 0.310870
127 88 300.00 0.291433
