57.000000 0.000000 300.000000 0.088373
0.000000 57.000000 300.000000 0.088373
1.000000 0.000000 300.000000 0.549240
0.000000 1.000000 300.000000 0.549240
93.000000 1.000000 300.000000 0.257250
1.000000 93.000000 300.000000 0.257250
0.000000 1.000000 300.000000 0.549240
1.000000 0.000000 300.000000 0.549240
22.000000 2.000000 300.000000 0.327560
2.000000 22.000000 300.000000 0.327560
89.000000 2.000000 300.000000 0.016287
2.000000 89.000000 300.000000 0.016287
95.000000 2.000000 300.000000 0.790540
2.000000 95.000000 300.000000 0.790540
23.000000 3.000000 300.000000 0.025623
3.000000 23.000000 300.000000 0.025623
92.000000 3.000000 300.000000 0.308233
3.000000 92.000000 300.000000 0.308233
86.000000 3.000000 300.000000 0.419103
3.000000 86.000000 300.000000 0.419103
5.000000 4.000000 300.000000 0.109480
4.000000 5.000000 300.000000 0.109480
89.000000 4.000000 300.000000 0.142677
4.000000 89.000000 300.000000 0.142677
4.000000 5.000000 300.000000 0.109480
5.000000 4.000000 300.000000 0.109480
94.000000 5.000000 300.000000 0.326957
5.000000 94.000000 300.000000 0.326957
88.000000 5.000000 300.000000 0.067870
5.000000 88.000000 300.000000 0.067870
94.000000 6.000000 300.000000 0.023210
6.000000 94.000000 300.000000 0.023210
9.000000 7.000000 300.000000 0.276607
7.000000 9.000000 300.000000 0.276607
21.000000 7.000000 300.000000 0.509020
7.000000 21.000000 300.000000 0.509020
91.000000 8.000000 300.000000 0.373083
8.000000 91.000000 300.000000 0.373083
30.000000 8.000000 300.000000 0.025097
8.000000 30.000000 300.000000 0.025097
9.000000 8.000000 300.000000 0.366130
8.000000 9.000000 300.000000 0.366130
8.000000 9.000000 300.000000 0.366130
9.000000 8.000000 300.000000 0.366130
7.000000 9.000000 300.000000 0.276607
9.000000 7.000000 300.000000 0.276607
34.000000 9.000000 300.000000 0.300310
9.000000 34.000000 300.000000 0.300310
12.000000 10.000000 300.000000 0.482880
10.000000 12.000000 300.000000 0.482880
62.000000 10.000000 300.000000 0.161787
10.000000 62.000000 300.000000 0.161787
123.000000 10.000000 300.000000 0.072783
10.000000 123.000000 300.000000 0.072783
62.000000 11.000000 300.000000 0.049350
11.000000 62.000000 300.000000 0.049350
15.000000 11.000000 300.000000 0.579247
11.000000 15.000000 300.000000 0.579247
53.000000 11.000000 300.000000 0.323453
11.000000 53.000000 300.000000 0.323453
10.000000 12.000000 300.000000 0.482880
12.000000 10.000000 300.000000 0.482880
15.000000 13.000000 300.000000 0.357803
13.000000 15.000000 300.000000 0.357803
28.000000 13.000000 300.000000 0.313487
13.000000 28.000000 300.000000 0.313487
103.000000 13.000000 300.000000 0.206300
13.000000 103.000000 300.000000 0.206300
37.000000 14.000000 300.000000 0.304553
14.000000 37.000000 300.000000 0.304553
40.000000 15.000000 300.000000 0.277773
15.000000 40.000000 300.000000 0.277773
11.000000 15.000000 300.000000 0.579247
15.000000 11.000000 300.000000 0.579247
13.000000 15.000000 300.000000 0.357803
15.000000 13.000000 300.000000 0.357803
53.000000 16.000000 300.000000 0.334807
16.000000 53.000000 300.000000 0.334807
16.000000 83.000000 300.000000 0.102683
52.000000 16.000000 300.000000 0.338700
16.000000 52.000000 300.000000 0.338700
17.000000 41.000000 300.000000 0.080983
105.000000 17.000000 300.000000 0.334947
17.000000 105.000000 300.000000 0.334947
49.000000 19.000000 300.000000 0.034870
19.000000 49.000000 300.000000 0.034870
68.000000 20.000000 300.000000 0.319047
20.000000 68.000000 300.000000 0.319047
23.000000 20.000000 300.000000 0.334010
20.000000 23.000000 300.000000 0.334010
121.000000 20.000000 300.000000 0.364010
20.000000 121.000000 300.000000 0.364010
44.000000 20.000000 300.000000 0.280867
20.000000 44.000000 300.000000 0.280867
7.000000 21.000000 300.000000 0.509020
21.000000 7.000000 300.000000 0.509020
94.000000 21.000000 300.000000 0.590040
21.000000 94.000000 300.000000 0.590040
2.000000 22.000000 300.000000 0.327560
22.000000 2.000000 300.000000 0.327560
110.000000 22.000000 300.000000 0.032800
22.000000 110.000000 300.000000 0.032800
26.000000 22.000000 300.000000 0.315873
22.000000 26.000000 300.000000 0.315873
20.000000 23.000000 300.000000 0.334010
23.000000 20.000000 300.000000 0.334010
3.000000 23.000000 300.000000 0.025623
23.000000 3.000000 300.000000 0.025623
24.000000 23.000000 300.000000 0.225313
23.000000 24.000000 300.000000 0.225313
23.000000 24.000000 300.000000 0.225313
24.000000 23.000000 300.000000 0.225313
29.000000 25.000000 300.000000 0.210923
25.000000 29.000000 300.000000 0.210923
92.000000 26.000000 300.000000 0.024680
26.000000 92.000000 300.000000 0.024680
22.000000 26.000000 300.000000 0.315873
26.000000 22.000000 300.000000 0.315873
27.000000 26.000000 300.000000 0.548053
26.000000 27.000000 300.000000 0.548053
30.000000 27.000000 300.000000 0.371670
27.000000 30.000000 300.000000 0.371670
88.000000 27.000000 300.000000 0.893900
27.000000 88.000000 300.000000 0.893900
26.000000 27.000000 300.000000 0.548053
27.000000 26.000000 300.000000 0.548053
13.000000 28.000000 300.000000 0.313487
28.000000 13.000000 300.000000 0.313487
44.000000 28.000000 300.000000 0.307067
28.000000 44.000000 300.000000 0.307067
91.000000 28.000000 300.000000 0.233613
28.000000 91.000000 300.000000 0.233613
29.000000 28.000000 300.000000 0.337050
28.000000 29.000000 300.000000 0.337050
30.000000 29.000000 300.000000 0.109323
29.000000 30.000000 300.000000 0.109323
25.000000 29.000000 300.000000 0.210923
29.000000 25.000000 300.000000 0.210923
28.000000 29.000000 300.000000 0.337050
29.000000 28.000000 300.000000 0.337050
8.000000 30.000000 300.000000 0.025097
30.000000 8.000000 300.000000 0.025097
29.000000 30.000000 300.000000 0.109323
30.000000 29.000000 300.000000 0.109323
27.000000 30.000000 300.000000 0.371670
30.000000 27.000000 300.000000 0.371670
34.000000 31.000000 300.000000 0.190617
31.000000 34.000000 300.000000 0.190617
32.000000 31.000000 300.000000 0.072517
31.000000 32.000000 300.000000 0.072517
115.000000 31.000000 300.000000 0.183433
31.000000 115.000000 300.000000 0.183433
31.000000 32.000000 300.000000 0.072517
32.000000 31.000000 300.000000 0.072517
31.000000 34.000000 300.000000 0.190617
34.000000 31.000000 300.000000 0.190617
9.000000 34.000000 300.000000 0.300310
34.000000 9.000000 300.000000 0.300310
104.000000 35.000000 300.000000 0.473293
35.000000 104.000000 300.000000 0.473293
36.000000 17.000000 300.000000 0.118837
118.000000 36.000000 300.000000 0.025010
36.000000 118.000000 300.000000 0.025010
14.000000 37.000000 300.000000 0.304553
37.000000 14.000000 300.000000 0.304553
39.000000 37.000000 300.000000 0.091550
37.000000 39.000000 300.000000 0.091550
39.000000 38.000000 300.000000 0.034157
38.000000 39.000000 300.000000 0.034157
38.000000 39.000000 300.000000 0.034157
39.000000 38.000000 300.000000 0.034157
37.000000 39.000000 300.000000 0.091550
39.000000 37.000000 300.000000 0.091550
97.000000 39.000000 300.000000 0.303283
39.000000 97.000000 300.000000 0.303283
15.000000 40.000000 300.000000 0.277773
40.000000 15.000000 300.000000 0.277773
105.000000 40.000000 300.000000 0.090437
40.000000 105.000000 300.000000 0.090437
122.000000 40.000000 300.000000 0.119277
40.000000 122.000000 300.000000 0.119277
41.000000 42.000000 300.000000 0.087353
117.000000 41.000000 300.000000 0.028197
41.000000 117.000000 300.000000 0.028197
42.000000 43.000000 300.000000 0.147263
116.000000 42.000000 300.000000 0.030527
42.000000 116.000000 300.000000 0.030527
106.000000 43.000000 300.000000 0.019910
43.000000 106.000000 300.000000 0.019910
43.000000 16.000000 300.000000 0.230403
45.000000 44.000000 300.000000 0.282937
44.000000 45.000000 300.000000 0.282937
20.000000 44.000000 300.000000 0.280867
44.000000 20.000000 300.000000 0.280867
28.000000 44.000000 300.000000 0.307067
44.000000 28.000000 300.000000 0.307067
44.000000 45.000000 300.000000 0.282937
45.000000 44.000000 300.000000 0.282937
47.000000 46.000000 300.000000 0.075937
46.000000 47.000000 300.000000 0.075937
60.000000 46.000000 300.000000 0.345387
46.000000 60.000000 300.000000 0.345387
46.000000 47.000000 300.000000 0.075937
47.000000 46.000000 300.000000 0.075937
48.000000 77.000000 300.000000 0.349897
51.000000 48.000000 300.000000 0.350533
48.000000 51.000000 300.000000 0.350533
19.000000 49.000000 300.000000 0.034870
49.000000 19.000000 300.000000 0.034870
73.000000 49.000000 300.000000 0.311920
49.000000 73.000000 300.000000 0.311920
50.000000 120.000000 300.000000 0.011660
63.000000 50.000000 300.000000 0.332797
50.000000 63.000000 300.000000 0.332797
99.000000 51.000000 300.000000 0.012680
51.000000 99.000000 300.000000 0.012680
48.000000 51.000000 300.000000 0.350533
51.000000 48.000000 300.000000 0.350533
79.000000 51.000000 300.000000 0.264410
51.000000 79.000000 300.000000 0.264410
75.000000 52.000000 300.000000 0.156517
52.000000 75.000000 300.000000 0.156517
81.000000 52.000000 300.000000 0.201440
52.000000 81.000000 300.000000 0.201440
52.000000 18.000000 300.000000 0.158443
16.000000 52.000000 300.000000 0.338700
52.000000 16.000000 300.000000 0.338700
16.000000 53.000000 300.000000 0.334807
53.000000 16.000000 300.000000 0.334807
11.000000 53.000000 300.000000 0.323453
53.000000 11.000000 300.000000 0.323453
98.000000 53.000000 300.000000 0.557363
53.000000 98.000000 300.000000 0.557363
55.000000 54.000000 300.000000 0.013847
54.000000 55.000000 300.000000 0.013847
63.000000 54.000000 300.000000 0.529063
54.000000 63.000000 300.000000 0.529063
56.000000 54.000000 300.000000 0.340017
54.000000 56.000000 300.000000 0.340017
54.000000 55.000000 300.000000 0.013847
55.000000 54.000000 300.000000 0.013847
58.000000 55.000000 300.000000 0.226453
55.000000 58.000000 300.000000 0.226453
54.000000 56.000000 300.000000 0.340017
56.000000 54.000000 300.000000 0.340017
61.000000 57.000000 300.000000 0.306867
57.000000 61.000000 300.000000 0.306867
0.000000 57.000000 300.000000 0.088373
57.000000 0.000000 300.000000 0.088373
66.000000 57.000000 300.000000 0.530310
57.000000 66.000000 300.000000 0.530310
59.000000 58.000000 300.000000 0.347247
58.000000 59.000000 300.000000 0.347247
61.000000 58.000000 300.000000 0.136340
58.000000 61.000000 300.000000 0.136340
55.000000 58.000000 300.000000 0.226453
58.000000 55.000000 300.000000 0.226453
58.000000 59.000000 300.000000 0.347247
59.000000 58.000000 300.000000 0.347247
46.000000 60.000000 300.000000 0.345387
60.000000 46.000000 300.000000 0.345387
57.000000 61.000000 300.000000 0.306867
61.000000 57.000000 300.000000 0.306867
58.000000 61.000000 300.000000 0.136340
61.000000 58.000000 300.000000 0.136340
64.000000 61.000000 300.000000 0.530943
61.000000 64.000000 300.000000 0.530943
11.000000 62.000000 300.000000 0.049350
62.000000 11.000000 300.000000 0.049350
10.000000 62.000000 300.000000 0.161787
62.000000 10.000000 300.000000 0.161787
64.000000 62.000000 300.000000 0.560887
62.000000 64.000000 300.000000 0.560887
98.000000 63.000000 300.000000 0.024800
63.000000 98.000000 300.000000 0.024800
50.000000 63.000000 300.000000 0.332797
63.000000 50.000000 300.000000 0.332797
54.000000 63.000000 300.000000 0.529063
63.000000 54.000000 300.000000 0.529063
62.000000 64.000000 300.000000 0.560887
64.000000 62.000000 300.000000 0.560887
66.000000 64.000000 300.000000 0.311200
64.000000 66.000000 300.000000 0.311200
98.000000 64.000000 300.000000 0.367617
64.000000 98.000000 300.000000 0.367617
61.000000 64.000000 300.000000 0.530943
64.000000 61.000000 300.000000 0.530943
67.000000 65.000000 300.000000 0.311643
65.000000 67.000000 300.000000 0.311643
67.000000 66.000000 300.000000 0.023153
66.000000 67.000000 300.000000 0.023153
64.000000 66.000000 300.000000 0.311200
66.000000 64.000000 300.000000 0.311200
57.000000 66.000000 300.000000 0.530310
66.000000 57.000000 300.000000 0.530310
66.000000 67.000000 300.000000 0.023153
67.000000 66.000000 300.000000 0.023153
69.000000 67.000000 300.000000 0.114643
67.000000 69.000000 300.000000 0.114643
65.000000 67.000000 300.000000 0.311643
67.000000 65.000000 300.000000 0.311643
20.000000 68.000000 300.000000 0.319047
68.000000 20.000000 300.000000 0.319047
123.000000 68.000000 300.000000 0.112530
68.000000 123.000000 300.000000 0.112530
69.000000 68.000000 300.000000 0.450327
68.000000 69.000000 300.000000 0.450327
71.000000 69.000000 300.000000 0.098127
69.000000 71.000000 300.000000 0.098127
67.000000 69.000000 300.000000 0.114643
69.000000 67.000000 300.000000 0.114643
68.000000 69.000000 300.000000 0.450327
69.000000 68.000000 300.000000 0.450327
71.000000 70.000000 300.000000 0.068943
70.000000 71.000000 300.000000 0.068943
70.000000 71.000000 300.000000 0.068943
71.000000 70.000000 300.000000 0.068943
69.000000 71.000000 300.000000 0.098127
71.000000 69.000000 300.000000 0.098127
72.000000 71.000000 300.000000 0.272773
71.000000 72.000000 300.000000 0.272773
71.000000 72.000000 300.000000 0.272773
72.000000 71.000000 300.000000 0.272773
49.000000 73.000000 300.000000 0.311920
73.000000 49.000000 300.000000 0.311920
76.000000 75.000000 300.000000 0.158847
75.000000 76.000000 300.000000 0.158847
52.000000 75.000000 300.000000 0.156517
75.000000 52.000000 300.000000 0.156517
75.000000 76.000000 300.000000 0.158847
76.000000 75.000000 300.000000 0.158847
101.000000 77.000000 300.000000 0.136800
77.000000 101.000000 300.000000 0.136800
77.000000 49.000000 300.000000 0.236653
101.000000 78.000000 300.000000 0.210270
78.000000 101.000000 300.000000 0.210270
51.000000 79.000000 300.000000 0.264410
79.000000 51.000000 300.000000 0.264410
81.000000 79.000000 300.000000 0.119550
79.000000 81.000000 300.000000 0.119550
80.000000 79.000000 300.000000 0.139420
79.000000 80.000000 300.000000 0.139420
79.000000 80.000000 300.000000 0.139420
80.000000 79.000000 300.000000 0.139420
82.000000 81.000000 300.000000 0.108573
81.000000 82.000000 300.000000 0.108573
79.000000 81.000000 300.000000 0.119550
81.000000 79.000000 300.000000 0.119550
52.000000 81.000000 300.000000 0.201440
81.000000 52.000000 300.000000 0.201440
81.000000 82.000000 300.000000 0.108573
82.000000 81.000000 300.000000 0.108573
83.000000 85.000000 300.000000 0.168317
112.000000 83.000000 300.000000 0.039913
83.000000 112.000000 300.000000 0.039913
84.000000 50.000000 300.000000 0.099380
113.000000 84.000000 300.000000 0.024253
84.000000 113.000000 300.000000 0.024253
85.000000 84.000000 300.000000 0.202213
111.000000 85.000000 300.000000 0.026423
85.000000 111.000000 300.000000 0.026423
87.000000 86.000000 300.000000 0.159163
86.000000 87.000000 300.000000 0.159163
93.000000 86.000000 300.000000 0.282153
86.000000 93.000000 300.000000 0.282153
3.000000 86.000000 300.000000 0.419103
86.000000 3.000000 300.000000 0.419103
86.000000 87.000000 300.000000 0.159163
87.000000 86.000000 300.000000 0.159163
89.000000 88.000000 300.000000 0.152153
88.000000 89.000000 300.000000 0.152153
27.000000 88.000000 300.000000 0.893900
88.000000 27.000000 300.000000 0.893900
5.000000 88.000000 300.000000 0.067870
88.000000 5.000000 300.000000 0.067870
2.000000 89.000000 300.000000 0.016287
89.000000 2.000000 300.000000 0.016287
4.000000 89.000000 300.000000 0.142677
89.000000 4.000000 300.000000 0.142677
88.000000 89.000000 300.000000 0.152153
89.000000 88.000000 300.000000 0.152153
103.000000 90.000000 300.000000 0.122060
90.000000 103.000000 300.000000 0.122060
8.000000 91.000000 300.000000 0.373083
91.000000 8.000000 300.000000 0.373083
28.000000 91.000000 300.000000 0.233613
91.000000 28.000000 300.000000 0.233613
115.000000 91.000000 300.000000 0.030623
91.000000 115.000000 300.000000 0.030623
26.000000 92.000000 300.000000 0.024680
92.000000 26.000000 300.000000 0.024680
3.000000 92.000000 300.000000 0.308233
92.000000 3.000000 300.000000 0.308233
95.000000 92.000000 300.000000 0.469843
92.000000 95.000000 300.000000 0.469843
1.000000 93.000000 300.000000 0.257250
93.000000 1.000000 300.000000 0.257250
86.000000 93.000000 300.000000 0.282153
93.000000 86.000000 300.000000 0.282153
6.000000 94.000000 300.000000 0.023210
94.000000 6.000000 300.000000 0.023210
21.000000 94.000000 300.000000 0.590040
94.000000 21.000000 300.000000 0.590040
5.000000 94.000000 300.000000 0.326957
94.000000 5.000000 300.000000 0.326957
2.000000 95.000000 300.000000 0.790540
95.000000 2.000000 300.000000 0.790540
92.000000 95.000000 300.000000 0.469843
95.000000 92.000000 300.000000 0.469843
105.000000 96.000000 300.000000 0.301767
96.000000 105.000000 300.000000 0.301767
39.000000 97.000000 300.000000 0.303283
97.000000 39.000000 300.000000 0.303283
63.000000 98.000000 300.000000 0.024800
98.000000 63.000000 300.000000 0.024800
53.000000 98.000000 300.000000 0.557363
98.000000 53.000000 300.000000 0.557363
64.000000 98.000000 300.000000 0.367617
98.000000 64.000000 300.000000 0.367617
120.000000 99.000000 300.000000 0.344100
99.000000 120.000000 300.000000 0.344100
51.000000 99.000000 300.000000 0.012680
99.000000 51.000000 300.000000 0.012680
101.000000 100.000000 300.000000 0.057273
100.000000 101.000000 300.000000 0.057273
78.000000 101.000000 300.000000 0.210270
101.000000 78.000000 300.000000 0.210270
100.000000 101.000000 300.000000 0.057273
101.000000 100.000000 300.000000 0.057273
77.000000 101.000000 300.000000 0.136800
101.000000 77.000000 300.000000 0.136800
102.000000 36.000000 300.000000 0.023290
90.000000 103.000000 300.000000 0.122060
103.000000 90.000000 300.000000 0.122060
13.000000 103.000000 300.000000 0.206300
103.000000 13.000000 300.000000 0.206300
104.000000 103.000000 300.000000 0.200040
103.000000 104.000000 300.000000 0.200040
103.000000 104.000000 300.000000 0.200040
104.000000 103.000000 300.000000 0.200040
115.000000 104.000000 300.000000 0.290847
104.000000 115.000000 300.000000 0.290847
35.000000 104.000000 300.000000 0.473293
104.000000 35.000000 300.000000 0.473293
17.000000 105.000000 300.000000 0.334947
105.000000 17.000000 300.000000 0.334947
40.000000 105.000000 300.000000 0.090437
105.000000 40.000000 300.000000 0.090437
96.000000 105.000000 300.000000 0.301767
105.000000 96.000000 300.000000 0.301767
43.000000 106.000000 300.000000 0.019910
106.000000 43.000000 300.000000 0.019910
108.000000 107.000000 300.000000 0.043063
107.000000 108.000000 300.000000 0.043063
109.000000 107.000000 300.000000 0.118833
107.000000 109.000000 300.000000 0.118833
107.000000 108.000000 300.000000 0.043063
108.000000 107.000000 300.000000 0.043063
109.000000 56.000000 300.000000 0.359003
107.000000 109.000000 300.000000 0.118833
109.000000 107.000000 300.000000 0.118833
22.000000 110.000000 300.000000 0.032800
110.000000 22.000000 300.000000 0.032800
85.000000 111.000000 300.000000 0.026423
111.000000 85.000000 300.000000 0.026423
83.000000 112.000000 300.000000 0.039913
112.000000 83.000000 300.000000 0.039913
84.000000 113.000000 300.000000 0.024253
113.000000 84.000000 300.000000 0.024253
114.000000 84.000000 300.000000 0.015540
91.000000 115.000000 300.000000 0.030623
115.000000 91.000000 300.000000 0.030623
31.000000 115.000000 300.000000 0.183433
115.000000 31.000000 300.000000 0.183433
104.000000 115.000000 300.000000 0.290847
115.000000 104.000000 300.000000 0.290847
42.000000 116.000000 300.000000 0.030527
116.000000 42.000000 300.000000 0.030527
41.000000 117.000000 300.000000 0.028197
117.000000 41.000000 300.000000 0.028197
36.000000 118.000000 300.000000 0.025010
118.000000 36.000000 300.000000 0.025010
120.000000 109.000000 300.000000 0.174807
99.000000 120.000000 300.000000 0.344100
120.000000 99.000000 300.000000 0.344100
20.000000 121.000000 300.000000 0.364010
121.000000 20.000000 300.000000 0.364010
40.000000 122.000000 300.000000 0.119277
122.000000 40.000000 300.000000 0.119277
10.000000 123.000000 300.000000 0.072783
123.000000 10.000000 300.000000 0.072783
124.000000 123.000000 300.000000 0.229577
123.000000 124.000000 300.000000 0.229577
68.000000 123.000000 300.000000 0.112530
123.000000 68.000000 300.000000 0.112530
123.000000 124.000000 300.000000 0.229577
124.000000 123.000000 300.000000 0.229577
124.000000 124.000000 300.000000 0.135697
124.000000 124.000000 300.000000 0.135697
