244 0 300.00 0.075667
244 203 300.00 0.432863
244 351 300.00 0.058077
0 244 300.00 0.075667
0 247 300.00 0.096587
0 347 300.00 0.437633
0 102 300.00 0.273587
247 0 300.00 0.096587
247 217 300.00 0.586463
247 246 300.00 0.632317
347 0 300.00 0.437633
347 100 300.00 0.128423
347 346 300.00 0.071370
102 0 300.00 0.273587
102 106 300.00 0.275277
102 204 300.00 0.688453
32 1 300.00 0.283897
32 41 300.00 0.271257
32 37 300.00 0.560027
1 32 300.00 0.283897
1 108 300.00 0.268610
1 22 300.00 0.580727
108 1 300.00 0.268610
108 104 300.00 0.263713
108 105 300.00 0.575953
108 110 300.00 0.557960
22 26 300.00 0.281127
22 105 300.00 0.271037
22 20 300.00 0.559257
33 2 300.00 0.268287
33 356 300.00 0.247857
33 354 300.00 0.176487
2 33 300.00 0.268287
2 50 300.00 0.287490
2 34 300.00 0.640357
50 2 300.00 0.287490
50 6 300.00 0.275170
50 249 300.00 0.171503
34 112 300.00 0.274643
34 28 300.00 0.634660
277 3 300.00 0.181580
277 273 300.00 0.085907
277 276 300.00 0.279327
277 278 300.00 0.231380
3 277 300.00 0.181580
3 48 300.00 0.280840
3 58 300.00 0.146360
48 3 300.00 0.280840
48 40 300.00 0.256610
48 276 300.00 0.165897
48 334 300.00 0.290483
58 3 300.00 0.146360
58 359 300.00 0.139697
58 372 300.00 0.177923
4 46 300.00 0.833417
4 341 300.00 0.282873
46 38 300.00 0.267343
46 55 300.00 0.298890
46 2 300.00 0.628033
341 4 300.00 0.282873
341 47 300.00 0.154883
341 361 300.00 0.748310
47 5 300.00 0.312840
47 39 300.00 0.297017
47 341 300.00 0.154883
5 47 300.00 0.312840
5 4 300.00 0.118343
52 6 300.00 0.639163
52 45 300.00 0.633280
52 43 300.00 0.273200
6 52 300.00 0.639163
6 248 300.00 0.171177
6 50 300.00 0.275170
6 8 300.00 0.272437
248 6 300.00 0.171177
248 250 300.00 0.153733
248 249 300.00 0.274650
8 6 300.00 0.272437
8 59 300.00 0.639370
8 9 300.00 0.270383
8 72 300.00 0.637277
7 64 300.00 0.059040
7 219 300.00 0.191377
64 240 300.00 0.301790
219 5 300.00 0.079487
59 8 300.00 0.639370
59 53 300.00 0.634317
59 52 300.00 0.267897
9 8 300.00 0.270383
9 11 300.00 0.265353
9 66 300.00 0.639837
9 80 300.00 0.638383
72 8 300.00 0.637277
72 239 300.00 0.467430
72 80 300.00 0.270353
72 241 300.00 0.270700
11 9 300.00 0.265353
11 13 300.00 0.369523
11 74 300.00 0.643417
11 326 300.00 0.636403
66 9 300.00 0.639837
66 60 300.00 0.637630
66 59 300.00 0.271190
80 9 300.00 0.638383
80 72 300.00 0.270353
80 326 300.00 0.265910
80 238 300.00 0.465733
120 10 300.00 0.183557
120 118 300.00 0.273740
120 335 300.00 0.135167
10 120 300.00 0.183557
10 126 300.00 0.121677
10 121 300.00 0.374680
126 10 300.00 0.121677
126 128 300.00 0.051580
126 136 300.00 0.266170
121 10 300.00 0.374680
121 296 300.00 0.055217
121 294 300.00 0.060520
13 11 300.00 0.369523
13 16 300.00 0.045633
13 84 300.00 0.597717
74 11 300.00 0.643417
74 69 300.00 0.638113
74 66 300.00 0.264567
74 325 300.00 0.383853
326 11 300.00 0.636403
326 15 300.00 0.497723
326 80 300.00 0.265910
238 12 300.00 0.168450
238 80 300.00 0.465733
238 239 300.00 0.271577
12 238 300.00 0.168450
12 15 300.00 0.296920
15 326 300.00 0.497723
15 90 300.00 0.398930
16 13 300.00 0.045633
16 89 300.00 0.256733
16 234 300.00 0.625280
84 13 300.00 0.597717
84 87 300.00 0.253067
84 325 300.00 0.019773
141 14 300.00 0.034657
141 156 300.00 0.341943
14 141 300.00 0.034657
14 143 300.00 0.231123
14 86 300.00 0.150847
143 14 300.00 0.231123
143 83 300.00 0.277430
143 88 300.00 0.300433
143 157 300.00 0.408137
86 14 300.00 0.150847
86 81 300.00 0.247730
86 129 300.00 0.447417
90 236 300.00 0.249427
90 316 300.00 0.061023
89 16 300.00 0.256733
89 17 300.00 0.270977
89 87 300.00 0.637970
89 235 300.00 0.618100
234 16 300.00 0.625280
234 236 300.00 0.024030
234 235 300.00 0.272467
17 89 300.00 0.270977
17 158 300.00 0.162967
17 18 300.00 0.641157
158 17 300.00 0.162967
158 91 300.00 0.468180
158 232 300.00 0.149273
18 17 300.00 0.641157
18 233 300.00 0.320773
233 232 300.00 0.687730
233 171 300.00 0.298527
19 331 300.00 0.242730
19 21 300.00 0.270850
19 100 300.00 0.268827
331 330 300.00 0.133943
331 328 300.00 0.233587
21 19 300.00 0.270850
21 24 300.00 0.268907
21 23 300.00 0.571480
100 19 300.00 0.268827
100 96 300.00 0.276460
100 347 300.00 0.128423
100 103 300.00 0.567323
23 20 300.00 0.271773
23 26 300.00 0.559550
23 29 300.00 0.269737
20 23 300.00 0.271773
20 103 300.00 0.265980
20 19 300.00 0.568930
103 20 300.00 0.265980
103 98 300.00 0.270520
103 100 300.00 0.567323
103 105 300.00 0.561220
24 21 300.00 0.268907
24 31 300.00 0.272323
24 274 300.00 0.233030
24 339 300.00 0.205840
26 22 300.00 0.281127
26 35 300.00 0.268297
26 32 300.00 0.578850
105 22 300.00 0.271037
105 101 300.00 0.265277
105 103 300.00 0.561220
105 108 300.00 0.575953
29 23 300.00 0.269737
29 36 300.00 0.270610
29 339 300.00 0.352273
29 35 300.00 0.562880
31 24 300.00 0.272323
31 275 300.00 0.133143
31 340 300.00 0.408650
31 40 300.00 0.267060
274 24 300.00 0.233030
274 270 300.00 0.089103
274 275 300.00 0.290650
339 24 300.00 0.205840
339 29 300.00 0.352273
339 340 300.00 0.359257
30 25 300.00 0.609533
30 387 300.00 0.282550
30 361 300.00 0.263743
30 366 300.00 0.280530
25 30 300.00 0.609533
25 365 300.00 0.276503
25 357 300.00 0.292250
365 25 300.00 0.276503
365 364 300.00 0.665527
365 366 300.00 0.601477
357 25 300.00 0.292250
357 109 300.00 0.373860
357 356 300.00 0.272350
35 26 300.00 0.268297
35 29 300.00 0.562880
35 42 300.00 0.265683
35 41 300.00 0.577433
39 27 300.00 0.318957
39 387 300.00 0.537777
39 47 300.00 0.297017
27 39 300.00 0.318957
28 1 300.00 0.555897
28 37 300.00 0.283710
37 43 300.00 0.633783
37 45 300.00 0.271170
36 29 300.00 0.270610
36 340 300.00 0.169180
36 44 300.00 0.268537
36 42 300.00 0.548670
387 30 300.00 0.282550
387 39 300.00 0.537777
361 30 300.00 0.263743
361 38 300.00 0.019770
361 341 300.00 0.748310
366 30 300.00 0.280530
366 365 300.00 0.601477
275 31 300.00 0.133143
275 271 300.00 0.113447
275 274 300.00 0.290650
275 310 300.00 0.272470
340 31 300.00 0.408650
340 36 300.00 0.169180
340 339 300.00 0.359257
40 31 300.00 0.267060
40 310 300.00 0.128867
40 44 300.00 0.588640
40 48 300.00 0.256610
41 32 300.00 0.271257
41 35 300.00 0.577433
41 49 300.00 0.268000
41 45 300.00 0.562870
356 33 300.00 0.247857
356 112 300.00 0.393193
356 357 300.00 0.272350
354 33 300.00 0.176487
354 38 300.00 0.441823
354 355 300.00 0.126773
112 109 300.00 0.267437
112 342 300.00 0.284733
112 356 300.00 0.393193
42 35 300.00 0.265683
42 36 300.00 0.548670
42 49 300.00 0.572790
42 51 300.00 0.277533
44 36 300.00 0.268537
44 40 300.00 0.588640
44 54 300.00 0.260557
44 51 300.00 0.533517
43 50 300.00 0.638993
43 34 300.00 0.285073
45 41 300.00 0.562870
45 52 300.00 0.633280
45 53 300.00 0.265683
38 354 300.00 0.441823
38 46 300.00 0.267343
38 361 300.00 0.019770
310 40 300.00 0.128867
310 272 300.00 0.111637
310 275 300.00 0.272470
310 276 300.00 0.261467
49 41 300.00 0.268000
49 42 300.00 0.572790
49 53 300.00 0.567513
49 56 300.00 0.271273
51 42 300.00 0.277533
51 44 300.00 0.533517
51 56 300.00 0.576897
51 57 300.00 0.268137
54 44 300.00 0.260557
54 373 300.00 0.240457
54 57 300.00 0.518407
54 61 300.00 0.505590
53 49 300.00 0.567513
53 59 300.00 0.634317
53 60 300.00 0.271850
55 46 300.00 0.298890
55 241 300.00 0.273857
55 242 300.00 0.669347
276 48 300.00 0.165897
276 311 300.00 0.095107
276 277 300.00 0.279327
276 310 300.00 0.261467
334 48 300.00 0.290483
334 373 300.00 0.060793
334 371 300.00 0.174353
56 49 300.00 0.271273
56 51 300.00 0.576897
56 60 300.00 0.564713
56 62 300.00 0.270130
249 248 300.00 0.274650
249 251 300.00 0.154447
57 51 300.00 0.268137
57 54 300.00 0.518407
57 62 300.00 0.580850
57 68 300.00 0.398353
60 56 300.00 0.564713
60 69 300.00 0.268777
60 66 300.00 0.637630
373 54 300.00 0.240457
373 334 300.00 0.060793
373 374 300.00 0.420000
61 54 300.00 0.505590
61 71 300.00 0.272287
61 374 300.00 0.142647
61 68 300.00 0.638643
241 55 300.00 0.273857
241 72 300.00 0.270700
241 243 300.00 0.667760
241 252 300.00 0.165850
242 243 300.00 0.269773
242 64 300.00 0.393143
62 56 300.00 0.270130
62 57 300.00 0.580850
62 65 300.00 0.322547
62 73 300.00 0.386233
68 57 300.00 0.398353
68 61 300.00 0.638643
68 75 300.00 0.256973
68 73 300.00 0.610147
359 58 300.00 0.139697
359 63 300.00 0.133253
359 278 300.00 0.118927
372 58 300.00 0.177923
372 333 300.00 0.077650
372 371 300.00 0.364620
69 65 300.00 0.245687
69 74 300.00 0.638113
69 79 300.00 0.378883
71 61 300.00 0.272287
71 70 300.00 0.179017
71 75 300.00 0.638083
71 77 300.00 0.239663
374 61 300.00 0.142647
374 333 300.00 0.076007
374 373 300.00 0.420000
65 62 300.00 0.322547
65 69 300.00 0.245687
65 76 300.00 0.376350
73 62 300.00 0.386233
73 68 300.00 0.610147
73 81 300.00 0.264523
73 76 300.00 0.336267
376 63 300.00 0.143357
376 299 300.00 0.087260
376 377 300.00 0.255907
63 376 300.00 0.143357
63 67 300.00 0.223693
63 359 300.00 0.133253
67 63 300.00 0.223693
67 336 300.00 0.139047
67 278 300.00 0.311923
240 243 300.00 0.249267
240 318 300.00 0.161123
76 65 300.00 0.376350
76 73 300.00 0.336267
76 83 300.00 0.265887
76 79 300.00 0.301870
336 67 300.00 0.139047
336 279 300.00 0.278757
336 335 300.00 0.084957
278 67 300.00 0.311923
278 277 300.00 0.231380
278 359 300.00 0.118927
75 68 300.00 0.256973
75 71 300.00 0.638083
75 81 300.00 0.589007
75 82 300.00 0.258247
79 69 300.00 0.378883
79 76 300.00 0.301870
79 325 300.00 0.622480
79 85 300.00 0.260130
70 71 300.00 0.179017
77 71 300.00 0.239663
77 124 300.00 0.121150
77 119 300.00 0.248617
77 123 300.00 0.323710
239 72 300.00 0.467430
239 78 300.00 0.305970
239 238 300.00 0.271577
81 73 300.00 0.264523
81 75 300.00 0.589007
81 83 300.00 0.345290
81 86 300.00 0.247730
325 74 300.00 0.383853
325 79 300.00 0.622480
325 84 300.00 0.019773
82 75 300.00 0.258247
82 127 300.00 0.014407
82 129 300.00 0.127277
83 76 300.00 0.265887
83 81 300.00 0.345290
83 85 300.00 0.310120
83 143 300.00 0.277430
124 77 300.00 0.121150
124 122 300.00 0.073520
124 130 300.00 0.147587
124 220 300.00 0.331867
119 77 300.00 0.248617
123 77 300.00 0.323710
123 220 300.00 0.118603
123 127 300.00 0.304810
78 12 300.00 0.303630
78 239 300.00 0.305970
85 79 300.00 0.260130
85 83 300.00 0.310120
85 88 300.00 0.279750
85 87 300.00 0.641237
127 82 300.00 0.014407
127 123 300.00 0.304810
127 132 300.00 0.095980
129 82 300.00 0.127277
129 86 300.00 0.447417
129 138 300.00 0.165310
87 84 300.00 0.253067
87 85 300.00 0.641237
87 89 300.00 0.637970
87 91 300.00 0.286553
88 85 300.00 0.279750
88 143 300.00 0.300433
88 227 300.00 0.085453
88 160 300.00 0.435593
91 87 300.00 0.286553
91 368 300.00 0.027987
91 158 300.00 0.468180
227 88 300.00 0.085453
227 368 300.00 0.533333
227 306 300.00 0.147337
160 88 300.00 0.435593
160 93 300.00 0.162683
160 157 300.00 0.297493
235 89 300.00 0.618100
235 92 300.00 0.151663
235 234 300.00 0.272467
236 90 300.00 0.249427
236 234 300.00 0.024030
236 237 300.00 0.170257
316 315 300.00 0.169210
368 91 300.00 0.027987
368 227 300.00 0.533333
368 369 300.00 0.049293
92 235 300.00 0.151663
92 18 300.00 0.287083
93 159 300.00 0.560460
93 168 300.00 0.261613
93 160 300.00 0.162683
159 156 300.00 0.147620
159 165 300.00 0.267960
168 93 300.00 0.261613
168 172 300.00 0.560493
168 173 300.00 0.268630
202 94 300.00 0.676250
94 202 300.00 0.676250
94 95 300.00 0.271933
95 94 300.00 0.271933
95 351 300.00 0.127547
95 96 300.00 0.559160
95 203 300.00 0.392193
351 95 300.00 0.127547
351 244 300.00 0.058077
351 350 300.00 0.254307
96 95 300.00 0.559160
96 100 300.00 0.276460
96 98 300.00 0.578130
203 95 300.00 0.392193
203 245 300.00 0.291903
203 244 300.00 0.432863
98 96 300.00 0.578130
98 103 300.00 0.270520
98 345 300.00 0.325920
101 97 300.00 0.266290
101 105 300.00 0.265277
101 345 300.00 0.228967
101 104 300.00 0.564867
97 101 300.00 0.266290
97 99 300.00 0.562840
99 97 300.00 0.562840
99 104 300.00 0.268123
345 98 300.00 0.325920
345 101 300.00 0.228967
345 344 300.00 0.150597
104 99 300.00 0.268123
104 101 300.00 0.564867
104 108 300.00 0.263713
104 107 300.00 0.566990
106 102 300.00 0.275277
106 269 300.00 0.097323
106 309 300.00 0.264453
204 217 300.00 0.272407
107 104 300.00 0.566990
107 110 300.00 0.271127
107 109 300.00 0.638307
269 327 300.00 0.122100
269 270 300.00 0.321587
309 106 300.00 0.264453
309 111 300.00 0.265400
309 270 300.00 0.243590
309 308 300.00 0.698653
110 108 300.00 0.557960
110 342 300.00 0.353160
110 28 300.00 0.272870
109 107 300.00 0.638307
109 364 300.00 0.270367
109 357 300.00 0.373860
364 365 300.00 0.665527
342 110 300.00 0.353160
342 112 300.00 0.284733
342 343 300.00 0.137797
349 111 300.00 0.518633
349 205 300.00 0.172720
349 348 300.00 0.124557
111 349 300.00 0.518633
111 271 300.00 0.314860
111 113 300.00 0.276083
111 309 300.00 0.265400
271 111 300.00 0.314860
271 270 300.00 0.289973
271 275 300.00 0.113447
271 272 300.00 0.266010
113 111 300.00 0.276083
113 206 300.00 0.691577
113 272 300.00 0.322520
113 114 300.00 0.264153
206 113 300.00 0.691577
206 205 300.00 0.262850
272 113 300.00 0.322520
272 271 300.00 0.266010
272 310 300.00 0.111637
272 311 300.00 0.261570
114 113 300.00 0.264153
114 311 300.00 0.307827
114 353 300.00 0.131540
114 207 300.00 0.692183
311 114 300.00 0.307827
311 272 300.00 0.261570
311 273 300.00 0.277353
311 276 300.00 0.095107
353 114 300.00 0.131540
353 115 300.00 0.141480
353 352 300.00 0.158063
207 114 300.00 0.692183
207 206 300.00 0.272823
273 115 300.00 0.288180
273 255 300.00 0.291633
273 277 300.00 0.085907
273 311 300.00 0.277353
115 273 300.00 0.288180
115 261 300.00 0.172597
115 254 300.00 0.273803
115 353 300.00 0.141480
261 115 300.00 0.172597
261 259 300.00 0.161233
261 260 300.00 0.263620
254 115 300.00 0.273803
254 263 300.00 0.257777
254 260 300.00 0.161073
254 255 300.00 0.274150
118 116 300.00 0.053393
118 294 300.00 0.057340
118 120 300.00 0.273740
116 118 300.00 0.053393
116 377 300.00 0.073180
116 335 300.00 0.214160
377 116 300.00 0.073180
377 375 300.00 0.076967
377 376 300.00 0.255907
335 116 300.00 0.214160
335 120 300.00 0.135167
335 336 300.00 0.084957
210 117 300.00 0.060563
210 267 300.00 0.186810
210 265 300.00 0.248860
117 210 300.00 0.060563
117 264 300.00 0.383677
117 281 300.00 0.217167
264 117 300.00 0.383677
264 255 300.00 0.257407
264 263 300.00 0.182137
281 117 300.00 0.217167
281 280 300.00 0.637540
281 282 300.00 0.019387
294 118 300.00 0.057340
294 121 300.00 0.060520
294 295 300.00 0.149733
296 121 300.00 0.055217
296 125 300.00 0.069623
296 297 300.00 0.101903
122 124 300.00 0.073520
122 153 300.00 0.521700
122 302 300.00 0.568597
153 122 300.00 0.521700
153 151 300.00 0.117030
302 122 300.00 0.568597
302 151 300.00 0.305600
302 301 300.00 0.286530
220 123 300.00 0.118603
220 124 300.00 0.331867
220 132 300.00 0.326777
220 134 300.00 0.138767
130 124 300.00 0.147587
130 135 300.00 0.122263
130 134 300.00 0.337570
131 125 300.00 0.134817
131 145 300.00 0.219717
131 292 300.00 0.142157
125 131 300.00 0.134817
125 296 300.00 0.069623
125 128 300.00 0.431647
128 125 300.00 0.431647
128 126 300.00 0.051580
128 133 300.00 0.131033
136 126 300.00 0.266170
136 144 300.00 0.060863
136 288 300.00 0.087477
132 127 300.00 0.095980
132 137 300.00 0.094823
132 220 300.00 0.326777
133 128 300.00 0.131033
133 288 300.00 0.121967
133 290 300.00 0.116693
133 147 300.00 0.175337
138 129 300.00 0.165310
138 137 300.00 0.119620
138 139 300.00 0.207243
135 130 300.00 0.122263
135 142 300.00 0.104510
135 370 300.00 0.294490
134 130 300.00 0.337570
134 140 300.00 0.115070
134 220 300.00 0.138767
134 137 300.00 0.349867
145 131 300.00 0.219717
145 293 300.00 0.032980
292 131 300.00 0.142157
292 290 300.00 0.122077
292 293 300.00 0.181693
137 132 300.00 0.094823
137 134 300.00 0.349867
137 154 300.00 0.180623
137 138 300.00 0.119620
288 133 300.00 0.121967
288 136 300.00 0.087477
288 289 300.00 0.176560
290 133 300.00 0.116693
290 292 300.00 0.122077
290 291 300.00 0.179043
147 133 300.00 0.175337
147 146 300.00 0.043237
147 289 300.00 0.123237
140 134 300.00 0.115070
140 370 300.00 0.021577
140 304 300.00 0.049267
142 135 300.00 0.104510
142 324 300.00 0.228390
142 303 300.00 0.087240
370 135 300.00 0.294490
370 140 300.00 0.021577
370 149 300.00 0.200050
144 136 300.00 0.060863
144 385 300.00 0.050173
144 150 300.00 0.135307
144 283 300.00 0.347147
154 137 300.00 0.180623
154 226 300.00 0.058287
139 138 300.00 0.207243
304 140 300.00 0.049267
156 141 300.00 0.341943
156 157 300.00 0.260090
156 159 300.00 0.147620
324 142 300.00 0.228390
303 142 300.00 0.087240
303 149 300.00 0.119223
157 143 300.00 0.408137
157 156 300.00 0.260090
157 160 300.00 0.297493
385 144 300.00 0.050173
385 148 300.00 0.128870
385 382 300.00 0.100173
150 144 300.00 0.135307
150 286 300.00 0.115300
150 382 300.00 0.032817
150 289 300.00 0.124357
283 144 300.00 0.347147
283 279 300.00 0.229897
283 282 300.00 0.050153
293 145 300.00 0.032980
293 291 300.00 0.111143
293 292 300.00 0.181693
146 147 300.00 0.043237
146 291 300.00 0.079683
146 287 300.00 0.116333
291 146 300.00 0.079683
291 290 300.00 0.179043
291 293 300.00 0.111143
287 146 300.00 0.116333
287 286 300.00 0.288803
289 147 300.00 0.123237
289 150 300.00 0.124357
289 288 300.00 0.176560
152 148 300.00 0.120010
152 155 300.00 0.123910
152 321 300.00 0.273520
148 152 300.00 0.120010
148 322 300.00 0.295743
148 385 300.00 0.128870
322 148 300.00 0.295743
322 321 300.00 0.129707
149 303 300.00 0.119223
149 370 300.00 0.200050
286 150 300.00 0.115300
286 386 300.00 0.132257
286 287 300.00 0.288803
286 383 300.00 0.031997
382 150 300.00 0.032817
382 383 300.00 0.115710
382 385 300.00 0.100173
151 153 300.00 0.117030
151 301 300.00 0.060460
151 302 300.00 0.305600
301 151 300.00 0.060460
301 323 300.00 0.164230
301 302 300.00 0.286530
155 152 300.00 0.123910
155 285 300.00 0.128273
155 284 300.00 0.173770
321 152 300.00 0.273520
321 320 300.00 0.119060
226 154 300.00 0.058287
285 155 300.00 0.128273
285 284 300.00 0.093057
285 320 300.00 0.124283
284 155 300.00 0.173770
284 285 300.00 0.093057
284 319 300.00 0.126493
232 158 300.00 0.149273
232 166 300.00 0.285940
232 229 300.00 0.359783
232 233 300.00 0.687730
165 159 300.00 0.267960
165 169 300.00 0.254033
165 168 300.00 0.558117
164 161 300.00 0.163730
161 164 300.00 0.163730
161 307 300.00 0.277443
161 163 300.00 0.190540
307 161 300.00 0.277443
307 228 300.00 0.185213
307 306 300.00 0.199300
163 161 300.00 0.190540
163 230 300.00 0.174170
163 167 300.00 0.308713
163 228 300.00 0.291083
306 162 300.00 0.431257
306 227 300.00 0.147337
306 307 300.00 0.199300
162 306 300.00 0.431257
230 163 300.00 0.174170
230 166 300.00 0.325003
230 229 300.00 0.309183
230 231 300.00 0.143587
167 163 300.00 0.308713
167 172 300.00 0.264620
167 93 300.00 0.559000
228 163 300.00 0.291083
228 369 300.00 0.037117
228 307 300.00 0.185213
169 165 300.00 0.254033
169 173 300.00 0.545883
169 174 300.00 0.261153
166 232 300.00 0.285940
166 171 300.00 0.580637
166 170 300.00 0.282480
166 230 300.00 0.325003
171 166 300.00 0.580637
171 175 300.00 0.262060
170 166 300.00 0.282480
170 176 300.00 0.263050
170 167 300.00 0.480980
172 167 300.00 0.264620
172 176 300.00 0.478143
172 338 300.00 0.207980
173 168 300.00 0.268630
173 169 300.00 0.545883
173 362 300.00 0.019380
174 169 300.00 0.261153
174 177 300.00 0.539870
174 179 300.00 0.203107
176 170 300.00 0.263050
176 337 300.00 0.263010
176 180 300.00 0.394820
175 170 300.00 0.486623
175 180 300.00 0.270297
338 172 300.00 0.207980
338 337 300.00 0.495023
338 358 300.00 0.097040
362 173 300.00 0.019380
362 177 300.00 0.197940
362 358 300.00 0.547277
177 174 300.00 0.539870
177 362 300.00 0.197940
177 181 300.00 0.207500
179 174 300.00 0.203107
179 178 300.00 0.021763
179 181 300.00 0.528027
180 188 300.00 0.827493
337 176 300.00 0.263010
337 225 300.00 0.564190
337 338 300.00 0.495023
181 177 300.00 0.207500
181 179 300.00 0.528027
181 183 300.00 0.215100
181 363 300.00 0.505270
182 178 300.00 0.225023
182 183 300.00 0.566143
178 182 300.00 0.225023
178 179 300.00 0.021763
188 192 300.00 0.208030
188 225 300.00 0.242113
183 181 300.00 0.215100
183 182 300.00 0.566143
183 187 300.00 0.275930
183 186 300.00 0.504463
363 181 300.00 0.505270
363 184 300.00 0.024307
363 358 300.00 0.396907
187 183 300.00 0.275930
187 190 300.00 0.517797
187 189 300.00 0.246057
186 183 300.00 0.504463
186 184 300.00 0.223543
186 190 300.00 0.288687
186 192 300.00 0.583777
184 186 300.00 0.223543
184 363 300.00 0.024307
184 225 300.00 0.410260
225 184 300.00 0.410260
225 188 300.00 0.242113
225 337 300.00 0.564190
189 185 300.00 0.539763
189 187 300.00 0.246057
189 194 300.00 0.277303
189 221 300.00 0.166410
185 189 300.00 0.539763
190 186 300.00 0.288687
190 187 300.00 0.517797
190 191 300.00 0.029343
192 186 300.00 0.583777
192 196 300.00 0.308117
194 189 300.00 0.277303
194 199 300.00 0.553067
194 198 300.00 0.287127
221 189 300.00 0.166410
221 222 300.00 0.163353
221 223 300.00 0.154237
191 190 300.00 0.029343
191 196 300.00 0.461697
191 195 300.00 0.253890
196 191 300.00 0.461697
196 197 300.00 0.251383
195 191 300.00 0.253890
195 199 300.00 0.278583
195 223 300.00 0.235457
195 197 300.00 0.395863
198 193 300.00 0.564743
198 194 300.00 0.287127
193 198 300.00 0.564743
199 194 300.00 0.553067
199 195 300.00 0.278583
199 200 300.00 0.313300
223 195 300.00 0.235457
223 221 300.00 0.154237
223 224 300.00 0.161047
197 195 300.00 0.395863
197 313 300.00 0.196733
313 200 300.00 0.096997
313 314 300.00 0.077460
200 199 300.00 0.313300
200 201 300.00 0.302633
245 203 300.00 0.291903
245 202 300.00 0.242583
217 246 300.00 0.242853
217 247 300.00 0.586463
205 349 300.00 0.172720
205 308 300.00 0.268597
308 218 300.00 0.261977
308 309 300.00 0.698653
257 208 300.00 0.174250
257 256 300.00 0.263937
257 381 300.00 0.156017
208 257 300.00 0.174250
208 207 300.00 0.263910
209 262 300.00 0.269867
209 265 300.00 0.429563
262 312 300.00 0.266550
262 263 300.00 0.688383
265 209 300.00 0.429563
265 210 300.00 0.248860
265 266 300.00 0.178450
267 210 300.00 0.186810
267 263 300.00 0.081460
267 268 300.00 0.103050
211 280 300.00 0.265177
211 282 300.00 0.909330
280 209 300.00 0.271020
280 281 300.00 0.637540
282 211 300.00 0.909330
282 281 300.00 0.019387
282 283 300.00 0.050153
212 211 300.00 0.035143
212 213 300.00 0.218810
213 212 300.00 0.218810
213 214 300.00 0.163297
214 213 300.00 0.163297
214 215 300.00 0.185680
215 214 300.00 0.185680
246 245 300.00 0.050660
246 247 300.00 0.632317
218 106 300.00 0.686307
218 204 300.00 0.276163
222 221 300.00 0.163353
224 223 300.00 0.161047
369 228 300.00 0.037117
369 229 300.00 0.131353
369 368 300.00 0.049293
229 230 300.00 0.309183
229 232 300.00 0.359783
229 369 300.00 0.131353
231 230 300.00 0.143587
237 236 300.00 0.170257
243 240 300.00 0.249267
243 241 300.00 0.667760
243 242 300.00 0.269773
318 78 300.00 0.135047
252 241 300.00 0.165850
252 250 300.00 0.145043
252 253 300.00 0.274407
250 248 300.00 0.153733
250 252 300.00 0.145043
250 251 300.00 0.274487
251 250 300.00 0.274487
251 253 300.00 0.144177
253 252 300.00 0.274407
253 55 300.00 0.162693
263 254 300.00 0.257777
263 262 300.00 0.688383
263 267 300.00 0.081460
263 264 300.00 0.182137
260 254 300.00 0.161073
260 258 300.00 0.154427
260 261 300.00 0.263620
255 254 300.00 0.274150
255 273 300.00 0.291633
255 264 300.00 0.257407
312 256 300.00 0.172673
312 208 300.00 0.271037
256 312 300.00 0.172673
256 380 300.00 0.159220
256 257 300.00 0.263937
380 256 300.00 0.159220
380 258 300.00 0.030157
381 257 300.00 0.156017
381 259 300.00 0.024920
381 379 300.00 0.129517
258 380 300.00 0.030157
258 260 300.00 0.154427
258 378 300.00 0.136117
378 259 300.00 0.130207
378 379 300.00 0.027503
259 261 300.00 0.161233
259 381 300.00 0.024920
266 265 300.00 0.178450
268 267 300.00 0.103050
327 332 300.00 0.101540
327 329 300.00 0.159610
270 269 300.00 0.321587
270 309 300.00 0.243590
270 274 300.00 0.089103
270 271 300.00 0.289973
279 336 300.00 0.278757
279 283 300.00 0.229897
319 284 300.00 0.126493
320 285 300.00 0.124283
320 319 300.00 0.123530
386 286 300.00 0.132257
386 384 300.00 0.030123
383 286 300.00 0.031997
383 382 300.00 0.115710
383 384 300.00 0.130520
295 294 300.00 0.149733
297 296 300.00 0.101903
375 298 300.00 0.038523
375 299 300.00 0.238823
375 377 300.00 0.076967
298 375 300.00 0.038523
299 375 300.00 0.238823
299 376 300.00 0.087260
299 300 300.00 0.079407
300 299 300.00 0.079407
323 301 300.00 0.164230
305 317 300.00 0.429360
317 318 300.00 0.060337
315 92 300.00 0.058637
332 330 300.00 0.137107
332 21 300.00 0.242510
329 327 300.00 0.159610
329 328 300.00 0.146893
329 330 300.00 0.186827
328 102 300.00 0.089820
328 329 300.00 0.146893
330 329 300.00 0.186827
330 360 300.00 0.138067
330 332 300.00 0.137107
330 331 300.00 0.133943
360 330 300.00 0.138067
333 372 300.00 0.077650
333 374 300.00 0.076007
333 371 300.00 0.250027
371 333 300.00 0.250027
371 334 300.00 0.174353
371 372 300.00 0.364620
358 338 300.00 0.097040
358 363 300.00 0.396907
358 362 300.00 0.547277
343 342 300.00 0.137797
344 345 300.00 0.150597
346 347 300.00 0.071370
348 349 300.00 0.124557
350 351 300.00 0.254307
352 353 300.00 0.158063
355 354 300.00 0.126773
367 7 300.00 0.104777
367 219 300.00 0.162637
379 378 300.00 0.027503
379 380 300.00 0.136387
384 383 300.00 0.130520
384 322 300.00 0.117180
