0.000000 185.000000 300.000000 0.346867
1.000000 8.000000 300.000000 0.670270
2.000000 127.000000 300.000000 0.538247
3.000000 1.000000 300.000000 0.247627
3.000000 113.000000 300.000000 0.357687
4.000000 5.000000 300.000000 0.511657
5.000000 6.000000 300.000000 0.393603
11.000000 5.000000 300.000000 0.411803
5.000000 11.000000 300.000000 0.411803
6.000000 7.000000 300.000000 0.297507
8.000000 4.000000 300.000000 0.203253
9.000000 2.000000 300.000000 0.334360
9.000000 1.000000 300.000000 1.379560
11.000000 10.000000 300.000000 0.033043
10.000000 11.000000 300.000000 0.033043
13.000000 10.000000 300.000000 0.998740
10.000000 13.000000 300.000000 0.998740
15.000000 10.000000 300.000000 0.242887
10.000000 15.000000 300.000000 0.242887
10.000000 11.000000 300.000000 0.033043
11.000000 10.000000 300.000000 0.033043
12.000000 11.000000 300.000000 0.575237
11.000000 12.000000 300.000000 0.575237
5.000000 11.000000 300.000000 0.411803
11.000000 5.000000 300.000000 0.411803
11.000000 12.000000 300.000000 0.575237
12.000000 11.000000 300.000000 0.575237
24.000000 13.000000 300.000000 0.486433
13.000000 24.000000 300.000000 0.486433
34.000000 13.000000 300.000000 0.704817
13.000000 34.000000 300.000000 0.704817
10.000000 13.000000 300.000000 0.998740
13.000000 10.000000 300.000000 0.998740
55.000000 14.000000 300.000000 0.045800
14.000000 55.000000 300.000000 0.045800
58.000000 14.000000 300.000000 0.280767
14.000000 58.000000 300.000000 0.280767
20.000000 15.000000 300.000000 0.791997
15.000000 20.000000 300.000000 0.791997
17.000000 15.000000 300.000000 0.405170
15.000000 17.000000 300.000000 0.405170
10.000000 15.000000 300.000000 0.242887
15.000000 10.000000 300.000000 0.242887
17.000000 16.000000 300.000000 0.613087
16.000000 17.000000 300.000000 0.613087
18.000000 17.000000 300.000000 0.121187
17.000000 18.000000 300.000000 0.121187
16.000000 17.000000 300.000000 0.613087
17.000000 16.000000 300.000000 0.613087
15.000000 17.000000 300.000000 0.405170
17.000000 15.000000 300.000000 0.405170
17.000000 18.000000 300.000000 0.121187
18.000000 17.000000 300.000000 0.121187
114.000000 18.000000 300.000000 0.509693
18.000000 114.000000 300.000000 0.509693
19.000000 18.000000 300.000000 0.276370
18.000000 19.000000 300.000000 0.276370
18.000000 19.000000 300.000000 0.276370
19.000000 18.000000 300.000000 0.276370
24.000000 20.000000 300.000000 0.147083
20.000000 24.000000 300.000000 0.147083
15.000000 20.000000 300.000000 0.791997
20.000000 15.000000 300.000000 0.791997
21.000000 20.000000 300.000000 0.256993
20.000000 21.000000 300.000000 0.256993
20.000000 21.000000 300.000000 0.256993
21.000000 20.000000 300.000000 0.256993
25.000000 22.000000 300.000000 0.248990
22.000000 25.000000 300.000000 0.248990
24.000000 22.000000 300.000000 0.049163
22.000000 24.000000 300.000000 0.049163
23.000000 22.000000 300.000000 0.282427
22.000000 23.000000 300.000000 0.282427
22.000000 23.000000 300.000000 0.282427
23.000000 22.000000 300.000000 0.282427
22.000000 24.000000 300.000000 0.049163
24.000000 22.000000 300.000000 0.049163
20.000000 24.000000 300.000000 0.147083
24.000000 20.000000 300.000000 0.147083
13.000000 24.000000 300.000000 0.486433
24.000000 13.000000 300.000000 0.486433
27.000000 25.000000 300.000000 0.160447
25.000000 27.000000 300.000000 0.160447
22.000000 25.000000 300.000000 0.248990
25.000000 22.000000 300.000000 0.248990
26.000000 25.000000 300.000000 0.408747
25.000000 26.000000 300.000000 0.408747
25.000000 26.000000 300.000000 0.408747
26.000000 25.000000 300.000000 0.408747
25.000000 27.000000 300.000000 0.160447
27.000000 25.000000 300.000000 0.160447
44.000000 27.000000 300.000000 0.510063
27.000000 44.000000 300.000000 0.510063
28.000000 27.000000 300.000000 0.332513
27.000000 28.000000 300.000000 0.332513
27.000000 28.000000 300.000000 0.332513
28.000000 27.000000 300.000000 0.332513
38.000000 29.000000 300.000000 0.117467
29.000000 38.000000 300.000000 0.117467
32.000000 29.000000 300.000000 0.111323
29.000000 32.000000 300.000000 0.111323
30.000000 29.000000 300.000000 0.342010
29.000000 30.000000 300.000000 0.342010
44.000000 30.000000 300.000000 0.155073
30.000000 44.000000 300.000000 0.155073
31.000000 30.000000 300.000000 0.272680
30.000000 31.000000 300.000000 0.272680
29.000000 30.000000 300.000000 0.342010
30.000000 29.000000 300.000000 0.342010
30.000000 31.000000 300.000000 0.272680
31.000000 30.000000 300.000000 0.272680
29.000000 32.000000 300.000000 0.111323
32.000000 29.000000 300.000000 0.111323
34.000000 32.000000 300.000000 0.109697
32.000000 34.000000 300.000000 0.109697
33.000000 32.000000 300.000000 0.221540
32.000000 33.000000 300.000000 0.221540
32.000000 33.000000 300.000000 0.221540
33.000000 32.000000 300.000000 0.221540
32.000000 34.000000 300.000000 0.109697
34.000000 32.000000 300.000000 0.109697
13.000000 34.000000 300.000000 0.704817
34.000000 13.000000 300.000000 0.704817
36.000000 34.000000 300.000000 0.152303
34.000000 36.000000 300.000000 0.152303
36.000000 35.000000 300.000000 0.012153
35.000000 36.000000 300.000000 0.012153
35.000000 36.000000 300.000000 0.012153
36.000000 35.000000 300.000000 0.012153
37.000000 36.000000 300.000000 0.085373
36.000000 37.000000 300.000000 0.085373
34.000000 36.000000 300.000000 0.152303
36.000000 34.000000 300.000000 0.152303
36.000000 37.000000 300.000000 0.085373
37.000000 36.000000 300.000000 0.085373
40.000000 38.000000 300.000000 0.102863
38.000000 40.000000 300.000000 0.102863
29.000000 38.000000 300.000000 0.117467
38.000000 29.000000 300.000000 0.117467
39.000000 38.000000 300.000000 0.236167
38.000000 39.000000 300.000000 0.236167
38.000000 39.000000 300.000000 0.236167
39.000000 38.000000 300.000000 0.236167
42.000000 40.000000 300.000000 0.113977
40.000000 42.000000 300.000000 0.113977
38.000000 40.000000 300.000000 0.102863
40.000000 38.000000 300.000000 0.102863
41.000000 40.000000 300.000000 0.293413
40.000000 41.000000 300.000000 0.293413
40.000000 41.000000 300.000000 0.293413
41.000000 40.000000 300.000000 0.293413
48.000000 42.000000 300.000000 0.145103
42.000000 48.000000 300.000000 0.145103
40.000000 42.000000 300.000000 0.113977
42.000000 40.000000 300.000000 0.113977
50.000000 42.000000 300.000000 0.158537
42.000000 50.000000 300.000000 0.158537
173.000000 43.000000 300.000000 0.715550
43.000000 173.000000 300.000000 0.715550
30.000000 44.000000 300.000000 0.155073
44.000000 30.000000 300.000000 0.155073
173.000000 44.000000 300.000000 0.305777
44.000000 173.000000 300.000000 0.305777
27.000000 44.000000 300.000000 0.510063
44.000000 27.000000 300.000000 0.510063
55.000000 45.000000 300.000000 0.307547
45.000000 55.000000 300.000000 0.307547
48.000000 45.000000 300.000000 0.163830
45.000000 48.000000 300.000000 0.163830
46.000000 45.000000 300.000000 0.132440
45.000000 46.000000 300.000000 0.132440
49.000000 46.000000 300.000000 0.122257
46.000000 49.000000 300.000000 0.122257
45.000000 46.000000 300.000000 0.132440
46.000000 45.000000 300.000000 0.132440
47.000000 46.000000 300.000000 0.158777
46.000000 47.000000 300.000000 0.158777
192.000000 47.000000 300.000000 0.060587
47.000000 192.000000 300.000000 0.060587
46.000000 47.000000 300.000000 0.158777
47.000000 46.000000 300.000000 0.158777
48.000000 47.000000 300.000000 0.083387
47.000000 48.000000 300.000000 0.083387
45.000000 48.000000 300.000000 0.163830
48.000000 45.000000 300.000000 0.163830
42.000000 48.000000 300.000000 0.145103
48.000000 42.000000 300.000000 0.145103
47.000000 48.000000 300.000000 0.083387
48.000000 47.000000 300.000000 0.083387
51.000000 49.000000 300.000000 0.114203
49.000000 51.000000 300.000000 0.114203
46.000000 49.000000 300.000000 0.122257
49.000000 46.000000 300.000000 0.122257
50.000000 49.000000 300.000000 0.297357
49.000000 50.000000 300.000000 0.297357
52.000000 50.000000 300.000000 0.122657
50.000000 52.000000 300.000000 0.122657
42.000000 50.000000 300.000000 0.158537
50.000000 42.000000 300.000000 0.158537
49.000000 50.000000 300.000000 0.297357
50.000000 49.000000 300.000000 0.297357
172.000000 51.000000 300.000000 0.328317
51.000000 172.000000 300.000000 0.328317
49.000000 51.000000 300.000000 0.114203
51.000000 49.000000 300.000000 0.114203
52.000000 51.000000 300.000000 0.300047
51.000000 52.000000 300.000000 0.300047
173.000000 52.000000 300.000000 0.329503
52.000000 173.000000 300.000000 0.329503
50.000000 52.000000 300.000000 0.122657
52.000000 50.000000 300.000000 0.122657
51.000000 52.000000 300.000000 0.300047
52.000000 51.000000 300.000000 0.300047
121.000000 53.000000 300.000000 0.685733
53.000000 121.000000 300.000000 0.685733
56.000000 53.000000 300.000000 0.130260
53.000000 56.000000 300.000000 0.130260
168.000000 53.000000 300.000000 0.302353
53.000000 168.000000 300.000000 0.302353
172.000000 53.000000 300.000000 0.999290
53.000000 172.000000 300.000000 0.999290
66.000000 54.000000 300.000000 0.303507
54.000000 66.000000 300.000000 0.303507
169.000000 54.000000 300.000000 0.305127
54.000000 169.000000 300.000000 0.305127
82.000000 54.000000 300.000000 0.243077
54.000000 82.000000 300.000000 0.243077
70.000000 54.000000 300.000000 0.699067
54.000000 70.000000 300.000000 0.699067
14.000000 55.000000 300.000000 0.045800
55.000000 14.000000 300.000000 0.045800
45.000000 55.000000 300.000000 0.307547
55.000000 45.000000 300.000000 0.307547
171.000000 55.000000 300.000000 0.778093
55.000000 171.000000 300.000000 0.778093
53.000000 56.000000 300.000000 0.130260
56.000000 53.000000 300.000000 0.130260
175.000000 56.000000 300.000000 0.122230
56.000000 175.000000 300.000000 0.122230
57.000000 56.000000 300.000000 0.148690
56.000000 57.000000 300.000000 0.148690
56.000000 57.000000 300.000000 0.148690
57.000000 56.000000 300.000000 0.148690
59.000000 58.000000 300.000000 0.315753
58.000000 59.000000 300.000000 0.315753
68.000000 58.000000 300.000000 0.178603
58.000000 68.000000 300.000000 0.178603
14.000000 58.000000 300.000000 0.280767
58.000000 14.000000 300.000000 0.280767
58.000000 59.000000 300.000000 0.315753
59.000000 58.000000 300.000000 0.315753
69.000000 59.000000 300.000000 0.267027
59.000000 69.000000 300.000000 0.267027
67.000000 59.000000 300.000000 0.316890
59.000000 67.000000 300.000000 0.316890
83.000000 60.000000 300.000000 0.120043
60.000000 83.000000 300.000000 0.120043
80.000000 60.000000 300.000000 0.120447
60.000000 80.000000 300.000000 0.120447
82.000000 60.000000 300.000000 0.306577
60.000000 82.000000 300.000000 0.306577
205.000000 61.000000 300.000000 0.024820
61.000000 205.000000 300.000000 0.024820
167.000000 61.000000 300.000000 0.270230
61.000000 167.000000 300.000000 0.270230
61.000000 65.000000 300.000000 0.143707
205.000000 62.000000 300.000000 0.412837
62.000000 205.000000 300.000000 0.412837
165.000000 62.000000 300.000000 0.313093
62.000000 165.000000 300.000000 0.313093
198.000000 62.000000 300.000000 0.093577
62.000000 198.000000 300.000000 0.093577
65.000000 63.000000 300.000000 0.274707
63.000000 65.000000 300.000000 0.274707
167.000000 63.000000 300.000000 0.142913
63.000000 167.000000 300.000000 0.142913
168.000000 63.000000 300.000000 0.168357
63.000000 168.000000 300.000000 0.168357
204.000000 64.000000 300.000000 0.235383
64.000000 204.000000 300.000000 0.235383
204.000000 65.000000 300.000000 0.025927
65.000000 204.000000 300.000000 0.025927
63.000000 65.000000 300.000000 0.274707
65.000000 63.000000 300.000000 0.274707
54.000000 66.000000 300.000000 0.303507
66.000000 54.000000 300.000000 0.303507
90.000000 66.000000 300.000000 0.195753
66.000000 90.000000 300.000000 0.195753
86.000000 66.000000 300.000000 0.602960
66.000000 86.000000 300.000000 0.602960
71.000000 67.000000 300.000000 0.136237
67.000000 71.000000 300.000000 0.136237
74.000000 67.000000 300.000000 0.100577
67.000000 74.000000 300.000000 0.100577
59.000000 67.000000 300.000000 0.316890
67.000000 59.000000 300.000000 0.316890
170.000000 68.000000 300.000000 0.688933
68.000000 170.000000 300.000000 0.688933
58.000000 68.000000 300.000000 0.178603
68.000000 58.000000 300.000000 0.178603
69.000000 68.000000 300.000000 0.305227
68.000000 69.000000 300.000000 0.305227
59.000000 69.000000 300.000000 0.267027
69.000000 59.000000 300.000000 0.267027
70.000000 69.000000 300.000000 0.302433
69.000000 70.000000 300.000000 0.302433
68.000000 69.000000 300.000000 0.305227
69.000000 68.000000 300.000000 0.305227
169.000000 69.000000 300.000000 0.694763
69.000000 169.000000 300.000000 0.694763
69.000000 70.000000 300.000000 0.302433
70.000000 69.000000 300.000000 0.302433
78.000000 70.000000 300.000000 0.074470
70.000000 78.000000 300.000000 0.074470
190.000000 70.000000 300.000000 0.290967
70.000000 190.000000 300.000000 0.290967
54.000000 70.000000 300.000000 0.699067
70.000000 54.000000 300.000000 0.699067
67.000000 71.000000 300.000000 0.136237
71.000000 67.000000 300.000000 0.136237
73.000000 71.000000 300.000000 0.101360
71.000000 73.000000 300.000000 0.101360
91.000000 71.000000 300.000000 0.322177
71.000000 91.000000 300.000000 0.322177
184.000000 71.000000 300.000000 1.247327
71.000000 184.000000 300.000000 1.247327
197.000000 72.000000 300.000000 0.529687
72.000000 197.000000 300.000000 0.529687
189.000000 72.000000 300.000000 0.024160
72.000000 189.000000 300.000000 0.024160
75.000000 73.000000 300.000000 0.092233
73.000000 75.000000 300.000000 0.092233
71.000000 73.000000 300.000000 0.101360
73.000000 71.000000 300.000000 0.101360
74.000000 73.000000 300.000000 0.172923
73.000000 74.000000 300.000000 0.172923
67.000000 74.000000 300.000000 0.100577
74.000000 67.000000 300.000000 0.100577
76.000000 74.000000 300.000000 0.089360
74.000000 76.000000 300.000000 0.089360
73.000000 74.000000 300.000000 0.172923
74.000000 73.000000 300.000000 0.172923
77.000000 75.000000 300.000000 0.091440
75.000000 77.000000 300.000000 0.091440
73.000000 75.000000 300.000000 0.092233
75.000000 73.000000 300.000000 0.092233
76.000000 75.000000 300.000000 0.214333
75.000000 76.000000 300.000000 0.214333
74.000000 76.000000 300.000000 0.089360
76.000000 74.000000 300.000000 0.089360
78.000000 76.000000 300.000000 0.088247
76.000000 78.000000 300.000000 0.088247
75.000000 76.000000 300.000000 0.214333
76.000000 75.000000 300.000000 0.214333
79.000000 77.000000 300.000000 0.141467
77.000000 79.000000 300.000000 0.141467
75.000000 77.000000 300.000000 0.091440
77.000000 75.000000 300.000000 0.091440
78.000000 77.000000 300.000000 0.256143
77.000000 78.000000 300.000000 0.256143
76.000000 78.000000 300.000000 0.088247
78.000000 76.000000 300.000000 0.088247
70.000000 78.000000 300.000000 0.074470
78.000000 70.000000 300.000000 0.074470
77.000000 78.000000 300.000000 0.256143
78.000000 77.000000 300.000000 0.256143
190.000000 79.000000 300.000000 0.020317
79.000000 190.000000 300.000000 0.020317
196.000000 79.000000 300.000000 0.132380
79.000000 196.000000 300.000000 0.132380
77.000000 79.000000 300.000000 0.141467
79.000000 77.000000 300.000000 0.141467
95.000000 79.000000 300.000000 0.141423
79.000000 95.000000 300.000000 0.141423
60.000000 80.000000 300.000000 0.120447
80.000000 60.000000 300.000000 0.120447
169.000000 80.000000 300.000000 0.122733
80.000000 169.000000 300.000000 0.122733
81.000000 80.000000 300.000000 0.150417
80.000000 81.000000 300.000000 0.150417
80.000000 81.000000 300.000000 0.150417
81.000000 80.000000 300.000000 0.150417
60.000000 82.000000 300.000000 0.306577
82.000000 60.000000 300.000000 0.306577
54.000000 82.000000 300.000000 0.243077
82.000000 54.000000 300.000000 0.243077
167.000000 82.000000 300.000000 0.758647
82.000000 167.000000 300.000000 0.758647
85.000000 83.000000 300.000000 0.066087
83.000000 85.000000 300.000000 0.066087
60.000000 83.000000 300.000000 0.120043
83.000000 60.000000 300.000000 0.120043
84.000000 83.000000 300.000000 0.152130
83.000000 84.000000 300.000000 0.152130
83.000000 84.000000 300.000000 0.152130
84.000000 83.000000 300.000000 0.152130
167.000000 85.000000 300.000000 0.279343
85.000000 167.000000 300.000000 0.279343
83.000000 85.000000 300.000000 0.066087
85.000000 83.000000 300.000000 0.066087
206.000000 85.000000 300.000000 0.141163
85.000000 206.000000 300.000000 0.141163
66.000000 86.000000 300.000000 0.602960
86.000000 66.000000 300.000000 0.602960
90.000000 87.000000 300.000000 0.076680
87.000000 90.000000 300.000000 0.076680
190.000000 87.000000 300.000000 0.427593
87.000000 190.000000 300.000000 0.427593
88.000000 87.000000 300.000000 0.209390
87.000000 88.000000 300.000000 0.209390
89.000000 88.000000 300.000000 0.101353
88.000000 89.000000 300.000000 0.101353
87.000000 88.000000 300.000000 0.209390
88.000000 87.000000 300.000000 0.209390
96.000000 88.000000 300.000000 0.130257
88.000000 96.000000 300.000000 0.130257
88.000000 89.000000 300.000000 0.101353
89.000000 88.000000 300.000000 0.101353
90.000000 89.000000 300.000000 0.251560
89.000000 90.000000 300.000000 0.251560
189.000000 89.000000 300.000000 0.938827
89.000000 189.000000 300.000000 0.938827
66.000000 90.000000 300.000000 0.195753
90.000000 66.000000 300.000000 0.195753
87.000000 90.000000 300.000000 0.076680
90.000000 87.000000 300.000000 0.076680
89.000000 90.000000 300.000000 0.251560
90.000000 89.000000 300.000000 0.251560
100.000000 91.000000 300.000000 0.159630
91.000000 100.000000 300.000000 0.159630
107.000000 91.000000 300.000000 0.114547
91.000000 107.000000 300.000000 0.114547
71.000000 91.000000 300.000000 0.322177
91.000000 71.000000 300.000000 0.322177
98.000000 92.000000 300.000000 0.065967
92.000000 98.000000 300.000000 0.065967
96.000000 92.000000 300.000000 0.323667
92.000000 96.000000 300.000000 0.323667
97.000000 92.000000 300.000000 0.161943
92.000000 97.000000 300.000000 0.161943
98.000000 93.000000 300.000000 0.015457
93.000000 98.000000 300.000000 0.015457
94.000000 93.000000 300.000000 0.120927
93.000000 94.000000 300.000000 0.120927
191.000000 93.000000 300.000000 0.374297
93.000000 191.000000 300.000000 0.374297
108.000000 94.000000 300.000000 0.108797
94.000000 108.000000 300.000000 0.108797
93.000000 94.000000 300.000000 0.120927
94.000000 93.000000 300.000000 0.120927
191.000000 94.000000 300.000000 0.313127
94.000000 191.000000 300.000000 0.313127
191.000000 95.000000 300.000000 0.023893
95.000000 191.000000 300.000000 0.023893
96.000000 95.000000 300.000000 0.160157
95.000000 96.000000 300.000000 0.160157
79.000000 95.000000 300.000000 0.141423
95.000000 79.000000 300.000000 0.141423
92.000000 96.000000 300.000000 0.323667
96.000000 92.000000 300.000000 0.323667
88.000000 96.000000 300.000000 0.130257
96.000000 88.000000 300.000000 0.130257
95.000000 96.000000 300.000000 0.160157
96.000000 95.000000 300.000000 0.160157
102.000000 97.000000 300.000000 0.277587
97.000000 102.000000 300.000000 0.277587
98.000000 97.000000 300.000000 0.100873
97.000000 98.000000 300.000000 0.100873
92.000000 97.000000 300.000000 0.161943
97.000000 92.000000 300.000000 0.161943
92.000000 98.000000 300.000000 0.065967
98.000000 92.000000 300.000000 0.065967
93.000000 98.000000 300.000000 0.015457
98.000000 93.000000 300.000000 0.015457
97.000000 98.000000 300.000000 0.100873
98.000000 97.000000 300.000000 0.100873
100.000000 99.000000 300.000000 0.110337
99.000000 100.000000 300.000000 0.110337
104.000000 99.000000 300.000000 0.147623
99.000000 104.000000 300.000000 0.147623
106.000000 99.000000 300.000000 0.194020
99.000000 106.000000 300.000000 0.194020
107.000000 99.000000 300.000000 0.157387
99.000000 107.000000 300.000000 0.157387
91.000000 100.000000 300.000000 0.159630
100.000000 91.000000 300.000000 0.159630
99.000000 100.000000 300.000000 0.110337
100.000000 99.000000 300.000000 0.110337
105.000000 100.000000 300.000000 0.200363
100.000000 105.000000 300.000000 0.200363
108.000000 101.000000 300.000000 0.034430
101.000000 108.000000 300.000000 0.034430
194.000000 101.000000 300.000000 0.093873
101.000000 194.000000 300.000000 0.093873
102.000000 101.000000 300.000000 0.117627
101.000000 102.000000 300.000000 0.117627
104.000000 102.000000 300.000000 0.160743
102.000000 104.000000 300.000000 0.160743
97.000000 102.000000 300.000000 0.277587
102.000000 97.000000 300.000000 0.277587
101.000000 102.000000 300.000000 0.117627
102.000000 101.000000 300.000000 0.117627
194.000000 103.000000 300.000000 0.072717
103.000000 194.000000 300.000000 0.072717
195.000000 103.000000 300.000000 0.043983
103.000000 195.000000 300.000000 0.043983
104.000000 103.000000 300.000000 0.137077
103.000000 104.000000 300.000000 0.137077
99.000000 104.000000 300.000000 0.147623
104.000000 99.000000 300.000000 0.147623
102.000000 104.000000 300.000000 0.160743
104.000000 102.000000 300.000000 0.160743
103.000000 104.000000 300.000000 0.137077
104.000000 103.000000 300.000000 0.137077
106.000000 104.000000 300.000000 0.348070
104.000000 106.000000 300.000000 0.348070
106.000000 105.000000 300.000000 0.123883
105.000000 106.000000 300.000000 0.123883
109.000000 105.000000 300.000000 1.605043
105.000000 109.000000 300.000000 1.605043
100.000000 105.000000 300.000000 0.200363
105.000000 100.000000 300.000000 0.200363
105.000000 106.000000 300.000000 0.123883
106.000000 105.000000 300.000000 0.123883
99.000000 106.000000 300.000000 0.194020
106.000000 99.000000 300.000000 0.194020
104.000000 106.000000 300.000000 0.348070
106.000000 104.000000 300.000000 0.348070
195.000000 107.000000 300.000000 0.086833
107.000000 195.000000 300.000000 0.086833
91.000000 107.000000 300.000000 0.114547
107.000000 91.000000 300.000000 0.114547
99.000000 107.000000 300.000000 0.157387
107.000000 99.000000 300.000000 0.157387
94.000000 108.000000 300.000000 0.108797
108.000000 94.000000 300.000000 0.108797
101.000000 108.000000 300.000000 0.034430
108.000000 101.000000 300.000000 0.034430
196.000000 108.000000 300.000000 0.202113
108.000000 196.000000 300.000000 0.202113
105.000000 109.000000 300.000000 1.605043
109.000000 105.000000 300.000000 1.605043
109.000000 185.000000 300.000000 1.072473
187.000000 110.000000 300.000000 0.334233
110.000000 187.000000 300.000000 0.334233
187.000000 111.000000 300.000000 0.347653
111.000000 187.000000 300.000000 0.347653
174.000000 111.000000 300.000000 0.568780
111.000000 174.000000 300.000000 0.568780
112.000000 111.000000 300.000000 4.143360
111.000000 112.000000 300.000000 4.143360
189.000000 112.000000 300.000000 0.028077
112.000000 189.000000 300.000000 0.028077
111.000000 112.000000 300.000000 4.143360
112.000000 111.000000 300.000000 4.143360
177.000000 113.000000 300.000000 0.059967
113.000000 177.000000 300.000000 0.059967
113.000000 4.000000 300.000000 0.754543
114.000000 177.000000 300.000000 0.077770
18.000000 114.000000 300.000000 0.509693
114.000000 18.000000 300.000000 0.509693
116.000000 115.000000 300.000000 0.031880
115.000000 116.000000 300.000000 0.031880
115.000000 182.000000 300.000000 0.347690
116.000000 118.000000 300.000000 0.235290
115.000000 116.000000 300.000000 0.031880
116.000000 115.000000 300.000000 0.031880
117.000000 119.000000 300.000000 0.279783
122.000000 117.000000 300.000000 0.033533
117.000000 122.000000 300.000000 0.033533
118.000000 120.000000 300.000000 0.206983
129.000000 118.000000 300.000000 0.698157
118.000000 129.000000 300.000000 0.698157
120.000000 119.000000 300.000000 0.030577
119.000000 120.000000 300.000000 0.030577
119.000000 115.000000 300.000000 0.444817
120.000000 122.000000 300.000000 0.281297
119.000000 120.000000 300.000000 0.030577
120.000000 119.000000 300.000000 0.030577
199.000000 121.000000 300.000000 0.020163
121.000000 199.000000 300.000000 0.020163
53.000000 121.000000 300.000000 0.685733
121.000000 53.000000 300.000000 0.685733
121.000000 117.000000 300.000000 0.602123
122.000000 146.000000 300.000000 0.195673
117.000000 122.000000 300.000000 0.033533
122.000000 117.000000 300.000000 0.033533
165.000000 123.000000 300.000000 0.295867
123.000000 165.000000 300.000000 0.295867
123.000000 121.000000 300.000000 0.020690
125.000000 124.000000 300.000000 0.697067
124.000000 125.000000 300.000000 0.697067
126.000000 125.000000 300.000000 0.181867
125.000000 126.000000 300.000000 0.181867
139.000000 125.000000 300.000000 0.468960
125.000000 139.000000 300.000000 0.468960
124.000000 125.000000 300.000000 0.697067
125.000000 124.000000 300.000000 0.697067
145.000000 126.000000 300.000000 0.169793
126.000000 145.000000 300.000000 0.169793
125.000000 126.000000 300.000000 0.181867
126.000000 125.000000 300.000000 0.181867
127.000000 3.000000 300.000000 0.278460
131.000000 127.000000 300.000000 0.395637
127.000000 131.000000 300.000000 0.395637
129.000000 128.000000 300.000000 0.210083
128.000000 129.000000 300.000000 0.210083
131.000000 129.000000 300.000000 0.209267
129.000000 131.000000 300.000000 0.209267
128.000000 129.000000 300.000000 0.210083
129.000000 128.000000 300.000000 0.210083
118.000000 129.000000 300.000000 0.698157
129.000000 118.000000 300.000000 0.698157
131.000000 130.000000 300.000000 0.226837
130.000000 131.000000 300.000000 0.226837
129.000000 131.000000 300.000000 0.209267
131.000000 129.000000 300.000000 0.209267
130.000000 131.000000 300.000000 0.226837
131.000000 130.000000 300.000000 0.226837
127.000000 131.000000 300.000000 0.395637
131.000000 127.000000 300.000000 0.395637
183.000000 132.000000 300.000000 0.120877
132.000000 183.000000 300.000000 0.120877
135.000000 133.000000 300.000000 0.150127
133.000000 135.000000 300.000000 0.150127
198.000000 133.000000 300.000000 0.144877
133.000000 198.000000 300.000000 0.144877
134.000000 133.000000 300.000000 0.226423
133.000000 134.000000 300.000000 0.226423
133.000000 134.000000 300.000000 0.226423
134.000000 133.000000 300.000000 0.226423
133.000000 135.000000 300.000000 0.150127
135.000000 133.000000 300.000000 0.150127
136.000000 135.000000 300.000000 0.639807
135.000000 136.000000 300.000000 0.639807
141.000000 135.000000 300.000000 0.157610
135.000000 141.000000 300.000000 0.157610
143.000000 135.000000 300.000000 0.565627
135.000000 143.000000 300.000000 0.565627
135.000000 136.000000 300.000000 0.639807
136.000000 135.000000 300.000000 0.639807
197.000000 136.000000 300.000000 0.056287
136.000000 197.000000 300.000000 0.056287
138.000000 136.000000 300.000000 0.223903
136.000000 138.000000 300.000000 0.223903
136.000000 138.000000 300.000000 0.223903
138.000000 136.000000 300.000000 0.223903
140.000000 138.000000 300.000000 0.298293
138.000000 140.000000 300.000000 0.298293
143.000000 139.000000 300.000000 0.141283
139.000000 143.000000 300.000000 0.141283
140.000000 139.000000 300.000000 0.120463
139.000000 140.000000 300.000000 0.120463
125.000000 139.000000 300.000000 0.468960
139.000000 125.000000 300.000000 0.468960
139.000000 140.000000 300.000000 0.120463
140.000000 139.000000 300.000000 0.120463
138.000000 140.000000 300.000000 0.298293
140.000000 138.000000 300.000000 0.298293
142.000000 141.000000 300.000000 0.154640
141.000000 142.000000 300.000000 0.154640
135.000000 141.000000 300.000000 0.157610
141.000000 135.000000 300.000000 0.157610
141.000000 142.000000 300.000000 0.154640
142.000000 141.000000 300.000000 0.154640
139.000000 143.000000 300.000000 0.141283
143.000000 139.000000 300.000000 0.141283
144.000000 143.000000 300.000000 0.131707
143.000000 144.000000 300.000000 0.131707
135.000000 143.000000 300.000000 0.565627
143.000000 135.000000 300.000000 0.565627
143.000000 144.000000 300.000000 0.131707
144.000000 143.000000 300.000000 0.131707
126.000000 145.000000 300.000000 0.169793
145.000000 126.000000 300.000000 0.169793
147.000000 146.000000 300.000000 0.232820
146.000000 147.000000 300.000000 0.232820
146.000000 199.000000 300.000000 0.402817
146.000000 147.000000 300.000000 0.232820
147.000000 146.000000 300.000000 0.232820
148.000000 2.000000 300.000000 0.455417
149.000000 148.000000 300.000000 0.489197
148.000000 149.000000 300.000000 0.489197
151.000000 149.000000 300.000000 0.133317
149.000000 151.000000 300.000000 0.133317
152.000000 149.000000 300.000000 0.101220
149.000000 152.000000 300.000000 0.101220
148.000000 149.000000 300.000000 0.489197
149.000000 148.000000 300.000000 0.489197
154.000000 150.000000 300.000000 0.216940
150.000000 154.000000 300.000000 0.216940
166.000000 151.000000 300.000000 0.111333
151.000000 166.000000 300.000000 0.111333
149.000000 151.000000 300.000000 0.133317
151.000000 149.000000 300.000000 0.133317
153.000000 151.000000 300.000000 0.271140
151.000000 153.000000 300.000000 0.271140
166.000000 152.000000 300.000000 0.114370
152.000000 166.000000 300.000000 0.114370
158.000000 152.000000 300.000000 0.475327
152.000000 158.000000 300.000000 0.475327
149.000000 152.000000 300.000000 0.101220
152.000000 149.000000 300.000000 0.101220
166.000000 153.000000 300.000000 0.165467
153.000000 166.000000 300.000000 0.165467
151.000000 153.000000 300.000000 0.271140
153.000000 151.000000 300.000000 0.271140
155.000000 153.000000 300.000000 0.139890
153.000000 155.000000 300.000000 0.139890
166.000000 154.000000 300.000000 0.098717
154.000000 166.000000 300.000000 0.098717
150.000000 154.000000 300.000000 0.216940
154.000000 150.000000 300.000000 0.216940
155.000000 154.000000 300.000000 0.108777
154.000000 155.000000 300.000000 0.108777
154.000000 155.000000 300.000000 0.108777
155.000000 154.000000 300.000000 0.108777
156.000000 155.000000 300.000000 0.087050
155.000000 156.000000 300.000000 0.087050
153.000000 155.000000 300.000000 0.139890
155.000000 153.000000 300.000000 0.139890
155.000000 156.000000 300.000000 0.087050
156.000000 155.000000 300.000000 0.087050
158.000000 157.000000 300.000000 0.081870
157.000000 158.000000 300.000000 0.081870
163.000000 158.000000 300.000000 0.194983
158.000000 163.000000 300.000000 0.194983
152.000000 158.000000 300.000000 0.475327
158.000000 152.000000 300.000000 0.475327
157.000000 158.000000 300.000000 0.081870
158.000000 157.000000 300.000000 0.081870
160.000000 159.000000 300.000000 0.172127
159.000000 160.000000 300.000000 0.172127
188.000000 159.000000 300.000000 0.316997
159.000000 188.000000 300.000000 0.316997
159.000000 160.000000 300.000000 0.172127
160.000000 159.000000 300.000000 0.172127
163.000000 160.000000 300.000000 0.465693
160.000000 163.000000 300.000000 0.465693
162.000000 160.000000 300.000000 0.242527
160.000000 162.000000 300.000000 0.242527
188.000000 161.000000 300.000000 0.149160
161.000000 188.000000 300.000000 0.149160
162.000000 161.000000 300.000000 0.161903
161.000000 162.000000 300.000000 0.161903
161.000000 162.000000 300.000000 0.161903
162.000000 161.000000 300.000000 0.161903
164.000000 162.000000 300.000000 0.266887
162.000000 164.000000 300.000000 0.266887
160.000000 162.000000 300.000000 0.242527
162.000000 160.000000 300.000000 0.242527
164.000000 163.000000 300.000000 0.028457
163.000000 164.000000 300.000000 0.028457
158.000000 163.000000 300.000000 0.194983
163.000000 158.000000 300.000000 0.194983
160.000000 163.000000 300.000000 0.465693
163.000000 160.000000 300.000000 0.465693
162.000000 164.000000 300.000000 0.266887
164.000000 162.000000 300.000000 0.266887
163.000000 164.000000 300.000000 0.028457
164.000000 163.000000 300.000000 0.028457
168.000000 165.000000 300.000000 0.712477
165.000000 168.000000 300.000000 0.712477
62.000000 165.000000 300.000000 0.313093
165.000000 62.000000 300.000000 0.313093
123.000000 165.000000 300.000000 0.295867
165.000000 123.000000 300.000000 0.295867
151.000000 166.000000 300.000000 0.111333
166.000000 151.000000 300.000000 0.111333
154.000000 166.000000 300.000000 0.098717
166.000000 154.000000 300.000000 0.098717
153.000000 166.000000 300.000000 0.165467
166.000000 153.000000 300.000000 0.165467
152.000000 166.000000 300.000000 0.114370
166.000000 152.000000 300.000000 0.114370
61.000000 167.000000 300.000000 0.270230
167.000000 61.000000 300.000000 0.270230
85.000000 167.000000 300.000000 0.279343
167.000000 85.000000 300.000000 0.279343
63.000000 167.000000 300.000000 0.142913
167.000000 63.000000 300.000000 0.142913
82.000000 167.000000 300.000000 0.758647
167.000000 82.000000 300.000000 0.758647
165.000000 168.000000 300.000000 0.712477
168.000000 165.000000 300.000000 0.712477
63.000000 168.000000 300.000000 0.168357
168.000000 63.000000 300.000000 0.168357
53.000000 168.000000 300.000000 0.302353
168.000000 53.000000 300.000000 0.302353
170.000000 168.000000 300.000000 0.705453
168.000000 170.000000 300.000000 0.705453
54.000000 169.000000 300.000000 0.305127
169.000000 54.000000 300.000000 0.305127
170.000000 169.000000 300.000000 0.305750
169.000000 170.000000 300.000000 0.305750
80.000000 169.000000 300.000000 0.122733
169.000000 80.000000 300.000000 0.122733
69.000000 169.000000 300.000000 0.694763
169.000000 69.000000 300.000000 0.694763
169.000000 170.000000 300.000000 0.305750
170.000000 169.000000 300.000000 0.305750
202.000000 170.000000 300.000000 0.107653
170.000000 202.000000 300.000000 0.107653
68.000000 170.000000 300.000000 0.688933
170.000000 68.000000 300.000000 0.688933
168.000000 170.000000 300.000000 0.705453
170.000000 168.000000 300.000000 0.705453
200.000000 171.000000 300.000000 0.100517
171.000000 200.000000 300.000000 0.100517
172.000000 171.000000 300.000000 0.300273
171.000000 172.000000 300.000000 0.300273
55.000000 171.000000 300.000000 0.778093
171.000000 55.000000 300.000000 0.778093
175.000000 171.000000 300.000000 0.459340
171.000000 175.000000 300.000000 0.459340
171.000000 172.000000 300.000000 0.300273
172.000000 171.000000 300.000000 0.300273
173.000000 172.000000 300.000000 0.306213
172.000000 173.000000 300.000000 0.306213
51.000000 172.000000 300.000000 0.328317
172.000000 51.000000 300.000000 0.328317
53.000000 172.000000 300.000000 0.999290
172.000000 53.000000 300.000000 0.999290
52.000000 173.000000 300.000000 0.329503
173.000000 52.000000 300.000000 0.329503
172.000000 173.000000 300.000000 0.306213
173.000000 172.000000 300.000000 0.306213
44.000000 173.000000 300.000000 0.305777
173.000000 44.000000 300.000000 0.305777
43.000000 173.000000 300.000000 0.715550
173.000000 43.000000 300.000000 0.715550
111.000000 174.000000 300.000000 0.568780
174.000000 111.000000 300.000000 0.568780
56.000000 175.000000 300.000000 0.122230
175.000000 56.000000 300.000000 0.122230
176.000000 175.000000 300.000000 0.151570
175.000000 176.000000 300.000000 0.151570
171.000000 175.000000 300.000000 0.459340
175.000000 171.000000 300.000000 0.459340
175.000000 176.000000 300.000000 0.151570
176.000000 175.000000 300.000000 0.151570
177.000000 179.000000 300.000000 0.534027
113.000000 177.000000 300.000000 0.059967
177.000000 113.000000 300.000000 0.059967
178.000000 174.000000 300.000000 0.230503
180.000000 179.000000 300.000000 0.033087
179.000000 180.000000 300.000000 0.033087
179.000000 181.000000 300.000000 0.059173
179.000000 180.000000 300.000000 0.033087
180.000000 179.000000 300.000000 0.033087
180.000000 114.000000 300.000000 0.461097
182.000000 181.000000 300.000000 0.032620
181.000000 182.000000 300.000000 0.032620
181.000000 116.000000 300.000000 0.352760
182.000000 180.000000 300.000000 0.058250
181.000000 182.000000 300.000000 0.032620
182.000000 181.000000 300.000000 0.032620
132.000000 183.000000 300.000000 0.120877
183.000000 132.000000 300.000000 0.120877
71.000000 184.000000 300.000000 1.247327
184.000000 71.000000 300.000000 1.247327
184.000000 186.000000 300.000000 0.757460
185.000000 178.000000 300.000000 0.976597
186.000000 109.000000 300.000000 0.429560
207.000000 187.000000 300.000000 0.246773
187.000000 207.000000 300.000000 0.246773
110.000000 187.000000 300.000000 0.334233
187.000000 110.000000 300.000000 0.334233
111.000000 187.000000 300.000000 0.347653
187.000000 111.000000 300.000000 0.347653
161.000000 188.000000 300.000000 0.149160
188.000000 161.000000 300.000000 0.149160
159.000000 188.000000 300.000000 0.316997
188.000000 159.000000 300.000000 0.316997
112.000000 189.000000 300.000000 0.028077
189.000000 112.000000 300.000000 0.028077
72.000000 189.000000 300.000000 0.024160
189.000000 72.000000 300.000000 0.024160
89.000000 189.000000 300.000000 0.938827
189.000000 89.000000 300.000000 0.938827
79.000000 190.000000 300.000000 0.020317
190.000000 79.000000 300.000000 0.020317
70.000000 190.000000 300.000000 0.290967
190.000000 70.000000 300.000000 0.290967
87.000000 190.000000 300.000000 0.427593
190.000000 87.000000 300.000000 0.427593
95.000000 191.000000 300.000000 0.023893
191.000000 95.000000 300.000000 0.023893
93.000000 191.000000 300.000000 0.374297
191.000000 93.000000 300.000000 0.374297
94.000000 191.000000 300.000000 0.313127
191.000000 94.000000 300.000000 0.313127
47.000000 192.000000 300.000000 0.060587
192.000000 47.000000 300.000000 0.060587
194.000000 193.000000 300.000000 0.195937
193.000000 194.000000 300.000000 0.195937
196.000000 193.000000 300.000000 0.113730
193.000000 196.000000 300.000000 0.113730
195.000000 193.000000 300.000000 0.301773
193.000000 195.000000 300.000000 0.301773
101.000000 194.000000 300.000000 0.093873
194.000000 101.000000 300.000000 0.093873
103.000000 194.000000 300.000000 0.072717
194.000000 103.000000 300.000000 0.072717
193.000000 194.000000 300.000000 0.195937
194.000000 193.000000 300.000000 0.195937
103.000000 195.000000 300.000000 0.043983
195.000000 103.000000 300.000000 0.043983
107.000000 195.000000 300.000000 0.086833
195.000000 107.000000 300.000000 0.086833
193.000000 195.000000 300.000000 0.301773
195.000000 193.000000 300.000000 0.301773
79.000000 196.000000 300.000000 0.132380
196.000000 79.000000 300.000000 0.132380
108.000000 196.000000 300.000000 0.202113
196.000000 108.000000 300.000000 0.202113
193.000000 196.000000 300.000000 0.113730
196.000000 193.000000 300.000000 0.113730
136.000000 197.000000 300.000000 0.056287
197.000000 136.000000 300.000000 0.056287
72.000000 197.000000 300.000000 0.529687
197.000000 72.000000 300.000000 0.529687
198.000000 197.000000 300.000000 1.115030
197.000000 198.000000 300.000000 1.115030
133.000000 198.000000 300.000000 0.144877
198.000000 133.000000 300.000000 0.144877
62.000000 198.000000 300.000000 0.093577
198.000000 62.000000 300.000000 0.093577
197.000000 198.000000 300.000000 1.115030
198.000000 197.000000 300.000000 1.115030
121.000000 199.000000 300.000000 0.020163
199.000000 121.000000 300.000000 0.020163
199.000000 123.000000 300.000000 0.018977
202.000000 200.000000 300.000000 0.097667
200.000000 202.000000 300.000000 0.097667
171.000000 200.000000 300.000000 0.100517
200.000000 171.000000 300.000000 0.100517
201.000000 200.000000 300.000000 0.261567
200.000000 201.000000 300.000000 0.261567
200.000000 201.000000 300.000000 0.261567
201.000000 200.000000 300.000000 0.261567
170.000000 202.000000 300.000000 0.107653
202.000000 170.000000 300.000000 0.107653
200.000000 202.000000 300.000000 0.097667
202.000000 200.000000 300.000000 0.097667
203.000000 202.000000 300.000000 0.256850
202.000000 203.000000 300.000000 0.256850
202.000000 203.000000 300.000000 0.256850
203.000000 202.000000 300.000000 0.256850
64.000000 204.000000 300.000000 0.235383
204.000000 64.000000 300.000000 0.235383
65.000000 204.000000 300.000000 0.025927
204.000000 65.000000 300.000000 0.025927
204.000000 205.000000 300.000000 0.143187
62.000000 205.000000 300.000000 0.412837
205.000000 62.000000 300.000000 0.412837
61.000000 205.000000 300.000000 0.024820
205.000000 61.000000 300.000000 0.024820
85.000000 206.000000 300.000000 0.141163
206.000000 85.000000 300.000000 0.141163
187.000000 207.000000 300.000000 0.246773
207.000000 187.000000 300.000000 0.246773
