49.000000 0.000000 300.000000 0.049013
0.000000 49.000000 300.000000 0.049013
50.000000 0.000000 300.000000 0.310980
0.000000 50.000000 300.000000 0.310980
1.000000 103.000000 300.000000 0.381647
10.000000 1.000000 300.000000 0.052390
1.000000 10.000000 300.000000 0.052390
9.000000 2.000000 300.000000 0.055503
2.000000 9.000000 300.000000 0.055503
3.000000 118.000000 300.000000 0.300797
3.000000 8.000000 300.000000 0.050363
4.000000 54.000000 300.000000 0.300217
37.000000 5.000000 300.000000 0.295847
5.000000 37.000000 300.000000 0.295847
5.000000 6.000000 300.000000 0.353923
139.000000 6.000000 300.000000 0.219033
6.000000 139.000000 300.000000 0.219033
6.000000 143.000000 300.000000 0.225267
7.000000 29.000000 300.000000 0.103460
195.000000 7.000000 300.000000 0.051260
7.000000 195.000000 300.000000 0.051260
7.000000 142.000000 300.000000 0.278580
8.000000 80.000000 300.000000 0.038943
8.000000 179.000000 300.000000 0.880153
185.000000 9.000000 300.000000 0.048497
9.000000 185.000000 300.000000 0.048497
2.000000 9.000000 300.000000 0.055503
9.000000 2.000000 300.000000 0.055503
1.000000 10.000000 300.000000 0.052390
10.000000 1.000000 300.000000 0.052390
71.000000 10.000000 300.000000 0.307410
10.000000 71.000000 300.000000 0.307410
10.000000 135.000000 300.000000 0.258207
11.000000 113.000000 300.000000 0.054280
111.000000 11.000000 300.000000 0.126313
11.000000 111.000000 300.000000 0.126313
12.000000 3.000000 300.000000 0.037287
27.000000 13.000000 300.000000 0.359023
13.000000 27.000000 300.000000 0.359023
13.000000 15.000000 300.000000 0.326837
14.000000 16.000000 300.000000 1.243237
15.000000 36.000000 300.000000 0.098437
109.000000 15.000000 300.000000 0.191743
15.000000 109.000000 300.000000 0.191743
141.000000 16.000000 300.000000 0.053247
16.000000 141.000000 300.000000 0.053247
17.000000 16.000000 300.000000 0.488237
16.000000 17.000000 300.000000 0.488237
88.000000 17.000000 300.000000 0.707380
17.000000 88.000000 300.000000 0.707380
18.000000 17.000000 300.000000 0.387463
17.000000 18.000000 300.000000 0.387463
16.000000 17.000000 300.000000 0.488237
17.000000 16.000000 300.000000 0.488237
84.000000 18.000000 300.000000 0.607273
18.000000 84.000000 300.000000 0.607273
183.000000 18.000000 300.000000 0.174143
18.000000 183.000000 300.000000 0.174143
17.000000 18.000000 300.000000 0.387463
18.000000 17.000000 300.000000 0.387463
184.000000 19.000000 300.000000 0.259160
19.000000 184.000000 300.000000 0.259160
177.000000 19.000000 300.000000 0.093943
19.000000 177.000000 300.000000 0.093943
85.000000 19.000000 300.000000 0.600657
19.000000 85.000000 300.000000 0.600657
168.000000 20.000000 300.000000 0.046273
20.000000 168.000000 300.000000 0.046273
23.000000 20.000000 300.000000 0.697123
20.000000 23.000000 300.000000 0.697123
182.000000 20.000000 300.000000 0.117423
20.000000 182.000000 300.000000 0.117423
24.000000 21.000000 300.000000 0.696473
21.000000 24.000000 300.000000 0.696473
87.000000 22.000000 300.000000 0.095600
22.000000 87.000000 300.000000 0.095600
85.000000 22.000000 300.000000 0.111860
22.000000 85.000000 300.000000 0.111860
23.000000 22.000000 300.000000 0.371713
22.000000 23.000000 300.000000 0.371713
82.000000 23.000000 300.000000 0.396783
23.000000 82.000000 300.000000 0.396783
20.000000 23.000000 300.000000 0.697123
23.000000 20.000000 300.000000 0.697123
22.000000 23.000000 300.000000 0.371713
23.000000 22.000000 300.000000 0.371713
24.000000 23.000000 300.000000 0.231140
23.000000 24.000000 300.000000 0.231140
21.000000 24.000000 300.000000 0.696473
24.000000 21.000000 300.000000 0.696473
23.000000 24.000000 300.000000 0.231140
24.000000 23.000000 300.000000 0.231140
87.000000 25.000000 300.000000 0.245530
25.000000 87.000000 300.000000 0.245530
30.000000 25.000000 300.000000 0.541533
25.000000 30.000000 300.000000 0.541533
28.000000 25.000000 300.000000 0.360860
25.000000 28.000000 300.000000 0.360860
181.000000 26.000000 300.000000 0.023313
26.000000 181.000000 300.000000 0.023313
26.000000 187.000000 300.000000 0.031287
26.000000 33.000000 300.000000 0.449030
32.000000 26.000000 300.000000 0.367187
26.000000 32.000000 300.000000 0.367187
13.000000 27.000000 300.000000 0.359023
27.000000 13.000000 300.000000 0.359023
86.000000 27.000000 300.000000 0.607633
27.000000 86.000000 300.000000 0.607633
27.000000 181.000000 300.000000 0.382640
98.000000 28.000000 300.000000 0.301467
28.000000 98.000000 300.000000 0.301467
25.000000 28.000000 300.000000 0.360860
28.000000 25.000000 300.000000 0.360860
28.000000 27.000000 300.000000 0.370953
139.000000 29.000000 300.000000 0.337053
29.000000 139.000000 300.000000 0.337053
29.000000 142.000000 300.000000 0.257840
32.000000 29.000000 300.000000 0.336520
29.000000 32.000000 300.000000 0.336520
25.000000 30.000000 300.000000 0.541533
30.000000 25.000000 300.000000 0.541533
30.000000 28.000000 300.000000 0.182430
83.000000 31.000000 300.000000 0.160863
31.000000 83.000000 300.000000 0.160863
31.000000 30.000000 300.000000 0.188163
99.000000 31.000000 300.000000 0.297833
31.000000 99.000000 300.000000 0.297833
26.000000 32.000000 300.000000 0.367187
32.000000 26.000000 300.000000 0.367187
140.000000 32.000000 300.000000 0.337723
32.000000 140.000000 300.000000 0.337723
29.000000 32.000000 300.000000 0.336520
32.000000 29.000000 300.000000 0.336520
34.000000 32.000000 300.000000 0.333397
32.000000 34.000000 300.000000 0.333397
33.000000 13.000000 300.000000 0.061210
34.000000 33.000000 300.000000 0.072733
33.000000 34.000000 300.000000 0.072733
100.000000 34.000000 300.000000 0.335060
34.000000 100.000000 300.000000 0.335060
33.000000 34.000000 300.000000 0.072733
34.000000 33.000000 300.000000 0.072733
32.000000 34.000000 300.000000 0.333397
34.000000 32.000000 300.000000 0.333397
35.000000 31.000000 300.000000 0.422303
35.000000 163.000000 300.000000 0.645803
94.000000 36.000000 300.000000 0.124427
36.000000 94.000000 300.000000 0.124427
36.000000 38.000000 300.000000 0.289287
101.000000 37.000000 300.000000 0.213117
37.000000 101.000000 300.000000 0.213117
139.000000 37.000000 300.000000 0.343963
37.000000 139.000000 300.000000 0.343963
104.000000 37.000000 300.000000 0.329943
37.000000 104.000000 300.000000 0.329943
5.000000 37.000000 300.000000 0.295847
37.000000 5.000000 300.000000 0.295847
38.000000 40.000000 300.000000 0.140840
110.000000 38.000000 300.000000 0.023203
38.000000 110.000000 300.000000 0.023203
105.000000 39.000000 300.000000 0.064760
39.000000 105.000000 300.000000 0.064760
101.000000 39.000000 300.000000 0.120617
39.000000 101.000000 300.000000 0.120617
140.000000 39.000000 300.000000 0.335767
39.000000 140.000000 300.000000 0.335767
40.000000 43.000000 300.000000 0.234773
92.000000 40.000000 300.000000 0.216750
40.000000 92.000000 300.000000 0.216750
100.000000 41.000000 300.000000 0.333283
41.000000 100.000000 300.000000 0.333283
105.000000 41.000000 300.000000 0.280667
41.000000 105.000000 300.000000 0.280667
106.000000 41.000000 300.000000 0.018007
41.000000 106.000000 300.000000 0.018007
188.000000 42.000000 300.000000 0.130990
42.000000 188.000000 300.000000 0.130990
109.000000 42.000000 300.000000 0.334700
42.000000 109.000000 300.000000 0.334700
44.000000 42.000000 300.000000 0.337237
42.000000 44.000000 300.000000 0.337237
43.000000 45.000000 300.000000 0.152827
46.000000 43.000000 300.000000 0.168383
43.000000 46.000000 300.000000 0.168383
170.000000 44.000000 300.000000 0.022340
44.000000 170.000000 300.000000 0.022340
110.000000 44.000000 300.000000 0.323053
44.000000 110.000000 300.000000 0.323053
42.000000 44.000000 300.000000 0.337237
44.000000 42.000000 300.000000 0.337237
45.000000 196.000000 300.000000 0.031587
45.000000 197.000000 300.000000 0.017303
47.000000 46.000000 300.000000 0.339433
46.000000 47.000000 300.000000 0.339433
43.000000 46.000000 300.000000 0.168383
46.000000 43.000000 300.000000 0.168383
170.000000 46.000000 300.000000 0.310943
46.000000 170.000000 300.000000 0.310943
111.000000 46.000000 300.000000 0.170727
46.000000 111.000000 300.000000 0.170727
46.000000 47.000000 300.000000 0.339433
47.000000 46.000000 300.000000 0.339433
114.000000 47.000000 300.000000 0.314490
47.000000 114.000000 300.000000 0.314490
113.000000 47.000000 300.000000 0.631117
47.000000 113.000000 300.000000 0.631117
48.000000 1.000000 300.000000 0.339567
79.000000 49.000000 300.000000 0.383147
49.000000 79.000000 300.000000 0.383147
0.000000 49.000000 300.000000 0.049013
49.000000 0.000000 300.000000 0.049013
116.000000 49.000000 300.000000 0.470600
49.000000 116.000000 300.000000 0.470600
0.000000 50.000000 300.000000 0.310980
50.000000 0.000000 300.000000 0.310980
114.000000 50.000000 300.000000 0.390637
50.000000 114.000000 300.000000 0.390637
51.000000 50.000000 300.000000 0.322867
50.000000 51.000000 300.000000 0.322867
119.000000 51.000000 300.000000 0.048733
51.000000 119.000000 300.000000 0.048733
50.000000 51.000000 300.000000 0.322867
51.000000 50.000000 300.000000 0.322867
53.000000 52.000000 300.000000 0.386677
52.000000 53.000000 300.000000 0.386677
119.000000 52.000000 300.000000 0.276570
52.000000 119.000000 300.000000 0.276570
52.000000 53.000000 300.000000 0.386677
53.000000 52.000000 300.000000 0.386677
54.000000 117.000000 300.000000 0.293683
56.000000 55.000000 300.000000 0.577463
55.000000 56.000000 300.000000 0.577463
55.000000 143.000000 300.000000 0.079803
55.000000 68.000000 300.000000 0.877787
125.000000 56.000000 300.000000 0.060387
56.000000 125.000000 300.000000 0.060387
59.000000 56.000000 300.000000 0.256010
56.000000 59.000000 300.000000 0.256010
55.000000 56.000000 300.000000 0.577463
56.000000 55.000000 300.000000 0.577463
125.000000 57.000000 300.000000 0.315080
57.000000 125.000000 300.000000 0.315080
58.000000 57.000000 300.000000 0.370387
57.000000 58.000000 300.000000 0.370387
61.000000 57.000000 300.000000 0.265730
57.000000 61.000000 300.000000 0.265730
152.000000 58.000000 300.000000 0.332740
58.000000 152.000000 300.000000 0.332740
62.000000 58.000000 300.000000 0.269873
58.000000 62.000000 300.000000 0.269873
57.000000 58.000000 300.000000 0.370387
58.000000 57.000000 300.000000 0.370387
66.000000 59.000000 300.000000 0.371993
59.000000 66.000000 300.000000 0.371993
56.000000 59.000000 300.000000 0.256010
59.000000 56.000000 300.000000 0.256010
61.000000 59.000000 300.000000 0.370283
59.000000 61.000000 300.000000 0.370283
121.000000 60.000000 300.000000 0.297633
60.000000 121.000000 300.000000 0.297633
62.000000 61.000000 300.000000 0.377617
61.000000 62.000000 300.000000 0.377617
59.000000 61.000000 300.000000 0.370283
61.000000 59.000000 300.000000 0.370283
64.000000 61.000000 300.000000 0.208610
61.000000 64.000000 300.000000 0.208610
57.000000 61.000000 300.000000 0.265730
61.000000 57.000000 300.000000 0.265730
63.000000 62.000000 300.000000 0.050827
62.000000 63.000000 300.000000 0.050827
58.000000 62.000000 300.000000 0.269873
62.000000 58.000000 300.000000 0.269873
61.000000 62.000000 300.000000 0.377617
62.000000 61.000000 300.000000 0.377617
129.000000 62.000000 300.000000 0.359090
62.000000 129.000000 300.000000 0.359090
62.000000 63.000000 300.000000 0.050827
63.000000 62.000000 300.000000 0.050827
64.000000 63.000000 300.000000 0.335290
63.000000 64.000000 300.000000 0.335290
69.000000 63.000000 300.000000 0.371717
63.000000 69.000000 300.000000 0.371717
66.000000 64.000000 300.000000 0.334263
64.000000 66.000000 300.000000 0.334263
63.000000 64.000000 300.000000 0.335290
64.000000 63.000000 300.000000 0.335290
200.000000 64.000000 300.000000 0.218853
64.000000 200.000000 300.000000 0.218853
61.000000 64.000000 300.000000 0.208610
64.000000 61.000000 300.000000 0.208610
127.000000 65.000000 300.000000 0.383727
65.000000 127.000000 300.000000 0.383727
71.000000 66.000000 300.000000 0.375737
66.000000 71.000000 300.000000 0.375737
59.000000 66.000000 300.000000 0.371993
66.000000 59.000000 300.000000 0.371993
68.000000 66.000000 300.000000 0.312597
66.000000 68.000000 300.000000 0.312597
64.000000 66.000000 300.000000 0.334263
66.000000 64.000000 300.000000 0.334263
69.000000 67.000000 300.000000 0.329790
67.000000 69.000000 300.000000 0.329790
131.000000 67.000000 300.000000 0.214443
67.000000 131.000000 300.000000 0.214443
129.000000 67.000000 300.000000 0.259380
67.000000 129.000000 300.000000 0.259380
66.000000 68.000000 300.000000 0.312597
68.000000 66.000000 300.000000 0.312597
68.000000 10.000000 300.000000 0.381123
67.000000 69.000000 300.000000 0.329790
69.000000 67.000000 300.000000 0.329790
70.000000 69.000000 300.000000 0.339403
69.000000 70.000000 300.000000 0.339403
72.000000 69.000000 300.000000 0.333490
69.000000 72.000000 300.000000 0.333490
63.000000 69.000000 300.000000 0.371717
69.000000 63.000000 300.000000 0.371717
134.000000 70.000000 300.000000 0.255277
70.000000 134.000000 300.000000 0.255277
71.000000 70.000000 300.000000 0.335187
70.000000 71.000000 300.000000 0.335187
69.000000 70.000000 300.000000 0.339403
70.000000 69.000000 300.000000 0.339403
200.000000 70.000000 300.000000 0.159590
70.000000 200.000000 300.000000 0.159590
66.000000 71.000000 300.000000 0.375737
71.000000 66.000000 300.000000 0.375737
10.000000 71.000000 300.000000 0.307410
71.000000 10.000000 300.000000 0.307410
70.000000 71.000000 300.000000 0.335187
71.000000 70.000000 300.000000 0.335187
203.000000 72.000000 300.000000 0.200223
72.000000 203.000000 300.000000 0.200223
73.000000 72.000000 300.000000 0.331940
72.000000 73.000000 300.000000 0.331940
75.000000 72.000000 300.000000 0.384860
72.000000 75.000000 300.000000 0.384860
69.000000 72.000000 300.000000 0.333490
72.000000 69.000000 300.000000 0.333490
72.000000 73.000000 300.000000 0.331940
73.000000 72.000000 300.000000 0.331940
74.000000 73.000000 300.000000 0.189207
73.000000 74.000000 300.000000 0.189207
134.000000 73.000000 300.000000 0.087340
73.000000 134.000000 300.000000 0.087340
78.000000 74.000000 300.000000 0.650827
74.000000 78.000000 300.000000 0.650827
138.000000 74.000000 300.000000 0.182697
74.000000 138.000000 300.000000 0.182697
73.000000 74.000000 300.000000 0.189207
74.000000 73.000000 300.000000 0.189207
130.000000 75.000000 300.000000 0.353343
75.000000 130.000000 300.000000 0.353343
138.000000 75.000000 300.000000 0.335130
75.000000 138.000000 300.000000 0.335130
133.000000 75.000000 300.000000 0.327267
75.000000 133.000000 300.000000 0.327267
72.000000 75.000000 300.000000 0.384860
75.000000 72.000000 300.000000 0.384860
76.000000 161.000000 300.000000 0.126803
138.000000 76.000000 300.000000 0.651163
76.000000 138.000000 300.000000 0.651163
147.000000 77.000000 300.000000 0.211103
77.000000 147.000000 300.000000 0.211103
74.000000 78.000000 300.000000 0.650827
78.000000 74.000000 300.000000 0.650827
78.000000 76.000000 300.000000 0.184533
49.000000 79.000000 300.000000 0.383147
79.000000 49.000000 300.000000 0.383147
169.000000 79.000000 300.000000 0.083490
79.000000 169.000000 300.000000 0.083490
114.000000 79.000000 300.000000 0.350260
79.000000 114.000000 300.000000 0.350260
80.000000 12.000000 300.000000 0.050427
80.000000 154.000000 300.000000 0.688250
130.000000 81.000000 300.000000 2.282433
81.000000 130.000000 300.000000 2.282433
81.000000 178.000000 300.000000 0.298700
83.000000 82.000000 300.000000 0.147963
82.000000 83.000000 300.000000 0.147963
23.000000 82.000000 300.000000 0.396783
82.000000 23.000000 300.000000 0.396783
180.000000 82.000000 300.000000 0.411840
82.000000 180.000000 300.000000 0.411840
31.000000 83.000000 300.000000 0.160863
83.000000 31.000000 300.000000 0.160863
82.000000 83.000000 300.000000 0.147963
83.000000 82.000000 300.000000 0.147963
194.000000 83.000000 300.000000 0.402090
83.000000 194.000000 300.000000 0.402090
89.000000 84.000000 300.000000 0.101200
84.000000 89.000000 300.000000 0.101200
18.000000 84.000000 300.000000 0.607273
84.000000 18.000000 300.000000 0.607273
85.000000 84.000000 300.000000 0.375510
84.000000 85.000000 300.000000 0.375510
22.000000 85.000000 300.000000 0.111860
85.000000 22.000000 300.000000 0.111860
19.000000 85.000000 300.000000 0.600657
85.000000 19.000000 300.000000 0.600657
84.000000 85.000000 300.000000 0.375510
85.000000 84.000000 300.000000 0.375510
89.000000 86.000000 300.000000 0.107080
86.000000 89.000000 300.000000 0.107080
27.000000 86.000000 300.000000 0.607633
86.000000 27.000000 300.000000 0.607633
87.000000 86.000000 300.000000 0.372427
86.000000 87.000000 300.000000 0.372427
25.000000 87.000000 300.000000 0.245530
87.000000 25.000000 300.000000 0.245530
22.000000 87.000000 300.000000 0.095600
87.000000 22.000000 300.000000 0.095600
86.000000 87.000000 300.000000 0.372427
87.000000 86.000000 300.000000 0.372427
190.000000 88.000000 300.000000 0.584137
88.000000 190.000000 300.000000 0.584137
17.000000 88.000000 300.000000 0.707380
88.000000 17.000000 300.000000 0.707380
89.000000 88.000000 300.000000 0.376453
88.000000 89.000000 300.000000 0.376453
86.000000 89.000000 300.000000 0.107080
89.000000 86.000000 300.000000 0.107080
84.000000 89.000000 300.000000 0.101200
89.000000 84.000000 300.000000 0.101200
88.000000 89.000000 300.000000 0.376453
89.000000 88.000000 300.000000 0.376453
92.000000 90.000000 300.000000 0.085580
90.000000 92.000000 300.000000 0.085580
96.000000 90.000000 300.000000 0.095380
90.000000 96.000000 300.000000 0.095380
91.000000 90.000000 300.000000 0.345383
90.000000 91.000000 300.000000 0.345383
90.000000 91.000000 300.000000 0.345383
91.000000 90.000000 300.000000 0.345383
90.000000 92.000000 300.000000 0.085580
92.000000 90.000000 300.000000 0.085580
40.000000 92.000000 300.000000 0.216750
92.000000 40.000000 300.000000 0.216750
93.000000 92.000000 300.000000 0.195750
92.000000 93.000000 300.000000 0.195750
92.000000 93.000000 300.000000 0.195750
93.000000 92.000000 300.000000 0.195750
36.000000 94.000000 300.000000 0.124427
94.000000 36.000000 300.000000 0.124427
98.000000 94.000000 300.000000 0.158220
94.000000 98.000000 300.000000 0.158220
95.000000 94.000000 300.000000 0.176283
94.000000 95.000000 300.000000 0.176283
94.000000 95.000000 300.000000 0.176283
95.000000 94.000000 300.000000 0.176283
90.000000 96.000000 300.000000 0.095380
96.000000 90.000000 300.000000 0.095380
99.000000 96.000000 300.000000 0.085760
96.000000 99.000000 300.000000 0.085760
97.000000 96.000000 300.000000 0.154980
96.000000 97.000000 300.000000 0.154980
96.000000 97.000000 300.000000 0.154980
97.000000 96.000000 300.000000 0.154980
94.000000 98.000000 300.000000 0.158220
98.000000 94.000000 300.000000 0.158220
28.000000 98.000000 300.000000 0.301467
98.000000 28.000000 300.000000 0.301467
99.000000 98.000000 300.000000 0.377087
98.000000 99.000000 300.000000 0.377087
96.000000 99.000000 300.000000 0.085760
99.000000 96.000000 300.000000 0.085760
31.000000 99.000000 300.000000 0.297833
99.000000 31.000000 300.000000 0.297833
98.000000 99.000000 300.000000 0.377087
99.000000 98.000000 300.000000 0.377087
41.000000 100.000000 300.000000 0.333283
100.000000 41.000000 300.000000 0.333283
34.000000 100.000000 300.000000 0.335060
100.000000 34.000000 300.000000 0.335060
140.000000 100.000000 300.000000 0.339280
100.000000 140.000000 300.000000 0.339280
39.000000 101.000000 300.000000 0.120617
101.000000 39.000000 300.000000 0.120617
37.000000 101.000000 300.000000 0.213117
101.000000 37.000000 300.000000 0.213117
102.000000 101.000000 300.000000 0.342630
101.000000 102.000000 300.000000 0.342630
139.000000 102.000000 300.000000 0.204150
102.000000 139.000000 300.000000 0.204150
140.000000 102.000000 300.000000 0.136133
102.000000 140.000000 300.000000 0.136133
101.000000 102.000000 300.000000 0.342630
102.000000 101.000000 300.000000 0.342630
104.000000 103.000000 300.000000 0.309420
103.000000 104.000000 300.000000 0.309420
103.000000 5.000000 300.000000 0.332753
37.000000 104.000000 300.000000 0.329943
104.000000 37.000000 300.000000 0.329943
103.000000 104.000000 300.000000 0.309420
104.000000 103.000000 300.000000 0.309420
41.000000 105.000000 300.000000 0.280667
105.000000 41.000000 300.000000 0.280667
39.000000 105.000000 300.000000 0.064760
105.000000 39.000000 300.000000 0.064760
198.000000 105.000000 300.000000 0.304513
105.000000 198.000000 300.000000 0.304513
41.000000 106.000000 300.000000 0.018007
106.000000 41.000000 300.000000 0.018007
166.000000 107.000000 300.000000 0.299650
107.000000 166.000000 300.000000 0.299650
169.000000 108.000000 300.000000 0.299967
108.000000 169.000000 300.000000 0.299967
110.000000 109.000000 300.000000 0.338983
109.000000 110.000000 300.000000 0.338983
42.000000 109.000000 300.000000 0.334700
109.000000 42.000000 300.000000 0.334700
15.000000 109.000000 300.000000 0.191743
109.000000 15.000000 300.000000 0.191743
38.000000 110.000000 300.000000 0.023203
110.000000 38.000000 300.000000 0.023203
109.000000 110.000000 300.000000 0.338983
110.000000 109.000000 300.000000 0.338983
44.000000 110.000000 300.000000 0.323053
110.000000 44.000000 300.000000 0.323053
112.000000 111.000000 300.000000 0.251400
111.000000 112.000000 300.000000 0.251400
46.000000 111.000000 300.000000 0.170727
111.000000 46.000000 300.000000 0.170727
11.000000 111.000000 300.000000 0.126313
111.000000 11.000000 300.000000 0.126313
111.000000 112.000000 300.000000 0.251400
112.000000 111.000000 300.000000 0.251400
113.000000 164.000000 300.000000 0.297843
47.000000 113.000000 300.000000 0.631117
113.000000 47.000000 300.000000 0.631117
170.000000 114.000000 300.000000 0.333810
114.000000 170.000000 300.000000 0.333810
50.000000 114.000000 300.000000 0.390637
114.000000 50.000000 300.000000 0.390637
79.000000 114.000000 300.000000 0.350260
114.000000 79.000000 300.000000 0.350260
47.000000 114.000000 300.000000 0.314490
114.000000 47.000000 300.000000 0.314490
116.000000 115.000000 300.000000 0.205323
115.000000 116.000000 300.000000 0.205323
173.000000 115.000000 300.000000 0.022340
115.000000 173.000000 300.000000 0.022340
49.000000 116.000000 300.000000 0.470600
116.000000 49.000000 300.000000 0.470600
115.000000 116.000000 300.000000 0.205323
116.000000 115.000000 300.000000 0.205323
172.000000 116.000000 300.000000 0.020237
116.000000 172.000000 300.000000 0.020237
118.000000 157.000000 300.000000 0.063390
52.000000 119.000000 300.000000 0.276570
119.000000 52.000000 300.000000 0.276570
51.000000 119.000000 300.000000 0.048733
119.000000 51.000000 300.000000 0.048733
122.000000 120.000000 300.000000 0.601603
120.000000 122.000000 300.000000 0.601603
122.000000 121.000000 300.000000 0.157937
121.000000 122.000000 300.000000 0.157937
126.000000 121.000000 300.000000 0.046867
121.000000 126.000000 300.000000 0.046867
60.000000 121.000000 300.000000 0.297633
121.000000 60.000000 300.000000 0.297633
121.000000 122.000000 300.000000 0.157937
122.000000 121.000000 300.000000 0.157937
120.000000 122.000000 300.000000 0.601603
122.000000 120.000000 300.000000 0.601603
126.000000 123.000000 300.000000 0.235780
123.000000 126.000000 300.000000 0.235780
128.000000 123.000000 300.000000 0.039437
123.000000 128.000000 300.000000 0.039437
124.000000 123.000000 300.000000 0.199373
123.000000 124.000000 300.000000 0.199373
123.000000 124.000000 300.000000 0.199373
124.000000 123.000000 300.000000 0.199373
57.000000 125.000000 300.000000 0.315080
125.000000 57.000000 300.000000 0.315080
56.000000 125.000000 300.000000 0.060387
125.000000 56.000000 300.000000 0.060387
174.000000 125.000000 300.000000 0.031090
125.000000 174.000000 300.000000 0.031090
127.000000 126.000000 300.000000 0.243310
126.000000 127.000000 300.000000 0.243310
121.000000 126.000000 300.000000 0.046867
126.000000 121.000000 300.000000 0.046867
123.000000 126.000000 300.000000 0.235780
126.000000 123.000000 300.000000 0.235780
126.000000 127.000000 300.000000 0.243310
127.000000 126.000000 300.000000 0.243310
65.000000 127.000000 300.000000 0.383727
127.000000 65.000000 300.000000 0.383727
129.000000 127.000000 300.000000 0.241773
127.000000 129.000000 300.000000 0.241773
129.000000 128.000000 300.000000 0.248820
128.000000 129.000000 300.000000 0.248820
123.000000 128.000000 300.000000 0.039437
128.000000 123.000000 300.000000 0.039437
152.000000 128.000000 300.000000 0.044530
128.000000 152.000000 300.000000 0.044530
128.000000 129.000000 300.000000 0.248820
129.000000 128.000000 300.000000 0.248820
67.000000 129.000000 300.000000 0.259380
129.000000 67.000000 300.000000 0.259380
127.000000 129.000000 300.000000 0.241773
129.000000 127.000000 300.000000 0.241773
62.000000 129.000000 300.000000 0.359090
129.000000 62.000000 300.000000 0.359090
131.000000 130.000000 300.000000 1.334837
130.000000 131.000000 300.000000 1.334837
75.000000 130.000000 300.000000 0.353343
130.000000 75.000000 300.000000 0.353343
81.000000 130.000000 300.000000 2.282433
130.000000 81.000000 300.000000 2.282433
67.000000 131.000000 300.000000 0.214443
131.000000 67.000000 300.000000 0.214443
130.000000 131.000000 300.000000 1.334837
131.000000 130.000000 300.000000 1.334837
203.000000 132.000000 300.000000 0.145973
132.000000 203.000000 300.000000 0.145973
75.000000 133.000000 300.000000 0.327267
133.000000 75.000000 300.000000 0.327267
73.000000 134.000000 300.000000 0.087340
134.000000 73.000000 300.000000 0.087340
70.000000 134.000000 300.000000 0.255277
134.000000 70.000000 300.000000 0.255277
135.000000 134.000000 300.000000 0.646007
134.000000 135.000000 300.000000 0.646007
134.000000 135.000000 300.000000 0.646007
135.000000 134.000000 300.000000 0.646007
135.000000 78.000000 300.000000 0.273993
186.000000 136.000000 300.000000 0.217800
136.000000 186.000000 300.000000 0.217800
202.000000 136.000000 300.000000 0.369087
136.000000 202.000000 300.000000 0.369087
137.000000 136.000000 300.000000 0.656393
136.000000 137.000000 300.000000 0.656393
137.000000 155.000000 300.000000 1.047323
136.000000 137.000000 300.000000 0.656393
137.000000 136.000000 300.000000 0.656393
74.000000 138.000000 300.000000 0.182697
138.000000 74.000000 300.000000 0.182697
75.000000 138.000000 300.000000 0.335130
138.000000 75.000000 300.000000 0.335130
76.000000 138.000000 300.000000 0.651163
138.000000 76.000000 300.000000 0.651163
202.000000 138.000000 300.000000 0.095210
138.000000 202.000000 300.000000 0.095210
29.000000 139.000000 300.000000 0.337053
139.000000 29.000000 300.000000 0.337053
37.000000 139.000000 300.000000 0.343963
139.000000 37.000000 300.000000 0.343963
6.000000 139.000000 300.000000 0.219033
139.000000 6.000000 300.000000 0.219033
102.000000 139.000000 300.000000 0.204150
139.000000 102.000000 300.000000 0.204150
100.000000 140.000000 300.000000 0.339280
140.000000 100.000000 300.000000 0.339280
32.000000 140.000000 300.000000 0.337723
140.000000 32.000000 300.000000 0.337723
39.000000 140.000000 300.000000 0.335767
140.000000 39.000000 300.000000 0.335767
102.000000 140.000000 300.000000 0.136133
140.000000 102.000000 300.000000 0.136133
16.000000 141.000000 300.000000 0.053247
141.000000 16.000000 300.000000 0.053247
141.000000 162.000000 300.000000 1.588433
142.000000 162.000000 300.000000 0.048300
142.000000 14.000000 300.000000 0.366220
143.000000 7.000000 300.000000 0.127163
145.000000 144.000000 300.000000 0.139103
144.000000 145.000000 300.000000 0.139103
147.000000 144.000000 300.000000 0.244377
144.000000 147.000000 300.000000 0.244377
149.000000 144.000000 300.000000 0.202310
144.000000 149.000000 300.000000 0.202310
144.000000 145.000000 300.000000 0.139103
145.000000 144.000000 300.000000 0.139103
146.000000 145.000000 300.000000 0.200543
145.000000 146.000000 300.000000 0.200543
148.000000 145.000000 300.000000 0.246153
145.000000 148.000000 300.000000 0.246153
149.000000 146.000000 300.000000 0.139483
146.000000 149.000000 300.000000 0.139483
145.000000 146.000000 300.000000 0.200543
146.000000 145.000000 300.000000 0.200543
77.000000 147.000000 300.000000 0.211103
147.000000 77.000000 300.000000 0.211103
148.000000 147.000000 300.000000 0.141413
147.000000 148.000000 300.000000 0.141413
144.000000 147.000000 300.000000 0.244377
147.000000 144.000000 300.000000 0.244377
147.000000 148.000000 300.000000 0.141413
148.000000 147.000000 300.000000 0.141413
145.000000 148.000000 300.000000 0.246153
148.000000 145.000000 300.000000 0.246153
150.000000 149.000000 300.000000 0.087923
149.000000 150.000000 300.000000 0.087923
146.000000 149.000000 300.000000 0.139483
149.000000 146.000000 300.000000 0.139483
144.000000 149.000000 300.000000 0.202310
149.000000 144.000000 300.000000 0.202310
151.000000 150.000000 300.000000 0.385737
150.000000 151.000000 300.000000 0.385737
149.000000 150.000000 300.000000 0.087923
150.000000 149.000000 300.000000 0.087923
185.000000 150.000000 300.000000 0.173457
150.000000 185.000000 300.000000 0.173457
150.000000 151.000000 300.000000 0.385737
151.000000 150.000000 300.000000 0.385737
128.000000 152.000000 300.000000 0.044530
152.000000 128.000000 300.000000 0.044530
58.000000 152.000000 300.000000 0.332740
152.000000 58.000000 300.000000 0.332740
175.000000 152.000000 300.000000 0.037317
152.000000 175.000000 300.000000 0.037317
153.000000 9.000000 300.000000 0.155813
154.000000 153.000000 300.000000 0.063200
155.000000 158.000000 300.000000 0.140993
155.000000 156.000000 300.000000 0.041630
156.000000 4.000000 300.000000 0.092383
157.000000 156.000000 300.000000 0.141403
157.000000 158.000000 300.000000 0.040850
158.000000 8.000000 300.000000 0.364133
159.000000 160.000000 300.000000 0.045747
160.000000 137.000000 300.000000 0.348770
161.000000 160.000000 300.000000 0.066803
162.000000 195.000000 300.000000 0.297743
163.000000 197.000000 300.000000 0.331810
164.000000 165.000000 300.000000 0.463160
165.000000 171.000000 300.000000 0.042150
189.000000 166.000000 300.000000 0.052723
166.000000 189.000000 300.000000 0.052723
188.000000 166.000000 300.000000 0.043727
166.000000 188.000000 300.000000 0.043727
107.000000 166.000000 300.000000 0.299650
166.000000 107.000000 300.000000 0.299650
168.000000 167.000000 300.000000 0.156990
167.000000 168.000000 300.000000 0.156990
20.000000 168.000000 300.000000 0.046273
168.000000 20.000000 300.000000 0.046273
184.000000 168.000000 300.000000 0.070443
168.000000 184.000000 300.000000 0.070443
167.000000 168.000000 300.000000 0.156990
168.000000 167.000000 300.000000 0.156990
189.000000 169.000000 300.000000 0.024857
169.000000 189.000000 300.000000 0.024857
79.000000 169.000000 300.000000 0.083490
169.000000 79.000000 300.000000 0.083490
108.000000 169.000000 300.000000 0.299967
169.000000 108.000000 300.000000 0.299967
44.000000 170.000000 300.000000 0.022340
170.000000 44.000000 300.000000 0.022340
46.000000 170.000000 300.000000 0.310943
170.000000 46.000000 300.000000 0.310943
114.000000 170.000000 300.000000 0.333810
170.000000 114.000000 300.000000 0.333810
116.000000 172.000000 300.000000 0.020237
172.000000 116.000000 300.000000 0.020237
115.000000 173.000000 300.000000 0.022340
173.000000 115.000000 300.000000 0.022340
125.000000 174.000000 300.000000 0.031090
174.000000 125.000000 300.000000 0.031090
152.000000 175.000000 300.000000 0.037317
175.000000 152.000000 300.000000 0.037317
177.000000 176.000000 300.000000 0.019183
176.000000 177.000000 300.000000 0.019183
19.000000 177.000000 300.000000 0.093943
177.000000 19.000000 300.000000 0.093943
183.000000 177.000000 300.000000 0.100557
177.000000 183.000000 300.000000 0.100557
176.000000 177.000000 300.000000 0.019183
177.000000 176.000000 300.000000 0.019183
179.000000 178.000000 300.000000 0.038677
178.000000 179.000000 300.000000 0.038677
178.000000 80.000000 300.000000 0.880667
178.000000 179.000000 300.000000 0.038677
179.000000 178.000000 300.000000 0.038677
179.000000 81.000000 300.000000 0.262540
82.000000 180.000000 300.000000 0.411840
180.000000 82.000000 300.000000 0.411840
26.000000 181.000000 300.000000 0.023313
181.000000 26.000000 300.000000 0.023313
181.000000 187.000000 300.000000 0.022310
190.000000 181.000000 300.000000 0.134970
181.000000 190.000000 300.000000 0.134970
20.000000 182.000000 300.000000 0.117423
182.000000 20.000000 300.000000 0.117423
177.000000 183.000000 300.000000 0.100557
183.000000 177.000000 300.000000 0.100557
18.000000 183.000000 300.000000 0.174143
183.000000 18.000000 300.000000 0.174143
192.000000 183.000000 300.000000 0.031087
183.000000 192.000000 300.000000 0.031087
191.000000 184.000000 300.000000 0.012247
184.000000 191.000000 300.000000 0.012247
168.000000 184.000000 300.000000 0.070443
184.000000 168.000000 300.000000 0.070443
19.000000 184.000000 300.000000 0.259160
184.000000 19.000000 300.000000 0.259160
150.000000 185.000000 300.000000 0.173457
185.000000 150.000000 300.000000 0.173457
9.000000 185.000000 300.000000 0.048497
185.000000 9.000000 300.000000 0.048497
136.000000 186.000000 300.000000 0.217800
186.000000 136.000000 300.000000 0.217800
187.000000 14.000000 300.000000 0.308333
166.000000 188.000000 300.000000 0.043727
188.000000 166.000000 300.000000 0.043727
42.000000 188.000000 300.000000 0.130990
188.000000 42.000000 300.000000 0.130990
189.000000 188.000000 300.000000 0.714480
188.000000 189.000000 300.000000 0.714480
169.000000 189.000000 300.000000 0.024857
189.000000 169.000000 300.000000 0.024857
166.000000 189.000000 300.000000 0.052723
189.000000 166.000000 300.000000 0.052723
188.000000 189.000000 300.000000 0.714480
189.000000 188.000000 300.000000 0.714480
181.000000 190.000000 300.000000 0.134970
190.000000 181.000000 300.000000 0.134970
88.000000 190.000000 300.000000 0.584137
190.000000 88.000000 300.000000 0.584137
193.000000 190.000000 300.000000 0.041310
190.000000 193.000000 300.000000 0.041310
184.000000 191.000000 300.000000 0.012247
191.000000 184.000000 300.000000 0.012247
183.000000 192.000000 300.000000 0.031087
192.000000 183.000000 300.000000 0.031087
190.000000 193.000000 300.000000 0.041310
193.000000 190.000000 300.000000 0.041310
83.000000 194.000000 300.000000 0.402090
194.000000 83.000000 300.000000 0.402090
195.000000 55.000000 300.000000 0.164700
7.000000 195.000000 300.000000 0.051260
195.000000 7.000000 300.000000 0.051260
196.000000 11.000000 300.000000 0.157180
197.000000 196.000000 300.000000 0.021393
105.000000 198.000000 300.000000 0.304513
198.000000 105.000000 300.000000 0.304513
200.000000 199.000000 300.000000 0.157517
199.000000 200.000000 300.000000 0.157517
70.000000 200.000000 300.000000 0.159590
200.000000 70.000000 300.000000 0.159590
64.000000 200.000000 300.000000 0.218853
200.000000 64.000000 300.000000 0.218853
199.000000 200.000000 300.000000 0.157517
200.000000 199.000000 300.000000 0.157517
202.000000 201.000000 300.000000 0.145203
201.000000 202.000000 300.000000 0.145203
136.000000 202.000000 300.000000 0.369087
202.000000 136.000000 300.000000 0.369087
138.000000 202.000000 300.000000 0.095210
202.000000 138.000000 300.000000 0.095210
201.000000 202.000000 300.000000 0.145203
202.000000 201.000000 300.000000 0.145203
132.000000 203.000000 300.000000 0.145973
203.000000 132.000000 300.000000 0.145973
72.000000 203.000000 300.000000 0.200223
203.000000 72.000000 300.000000 0.200223
204.000000 203.000000 300.000000 0.019067
203.000000 204.000000 300.000000 0.019067
203.000000 204.000000 300.000000 0.019067
204.000000 203.000000 300.000000 0.019067
