0.000000 75.000000 300.000000 0.337533
0.000000 72.000000 300.000000 0.170010
31.000000 1.000000 300.000000 0.532837
1.000000 31.000000 300.000000 0.532837
1.000000 2.000000 300.000000 0.214913
2.000000 128.000000 300.000000 0.577177
2.000000 3.000000 300.000000 0.375417
4.000000 57.000000 300.000000 0.145040
5.000000 6.000000 300.000000 0.256473
5.000000 4.000000 300.000000 1.360323
6.000000 145.000000 300.000000 0.349583
7.000000 131.000000 300.000000 0.070250
26.000000 7.000000 300.000000 0.523160
7.000000 26.000000 300.000000 0.523160
26.000000 8.000000 300.000000 0.424027
8.000000 26.000000 300.000000 0.424027
136.000000 9.000000 300.000000 0.031750
9.000000 136.000000 300.000000 0.031750
9.000000 10.000000 300.000000 0.357677
10.000000 117.000000 300.000000 0.169530
136.000000 10.000000 300.000000 0.477057
10.000000 136.000000 300.000000 0.477057
11.000000 92.000000 300.000000 0.139727
14.000000 11.000000 300.000000 0.567800
11.000000 14.000000 300.000000 0.567800
21.000000 12.000000 300.000000 0.589233
12.000000 21.000000 300.000000 0.589233
12.000000 13.000000 300.000000 0.547817
13.000000 0.000000 300.000000 0.377187
60.000000 14.000000 300.000000 0.331550
14.000000 60.000000 300.000000 0.331550
11.000000 14.000000 300.000000 0.567800
14.000000 11.000000 300.000000 0.567800
19.000000 14.000000 300.000000 0.339817
14.000000 19.000000 300.000000 0.339817
67.000000 15.000000 300.000000 0.310803
15.000000 67.000000 300.000000 0.310803
74.000000 15.000000 300.000000 0.327520
15.000000 74.000000 300.000000 0.327520
19.000000 15.000000 300.000000 0.179860
15.000000 19.000000 300.000000 0.179860
16.000000 15.000000 300.000000 0.409973
15.000000 16.000000 300.000000 0.409973
16.000000 61.000000 300.000000 0.325183
15.000000 16.000000 300.000000 0.409973
16.000000 15.000000 300.000000 0.409973
17.000000 16.000000 300.000000 0.426560
16.000000 17.000000 300.000000 0.426560
16.000000 17.000000 300.000000 0.426560
17.000000 16.000000 300.000000 0.426560
81.000000 17.000000 300.000000 0.172797
17.000000 81.000000 300.000000 0.172797
77.000000 18.000000 300.000000 0.205993
18.000000 77.000000 300.000000 0.205993
61.000000 18.000000 300.000000 0.422430
18.000000 61.000000 300.000000 0.422430
18.000000 17.000000 300.000000 0.318657
20.000000 19.000000 300.000000 0.105033
19.000000 20.000000 300.000000 0.105033
14.000000 19.000000 300.000000 0.339817
19.000000 14.000000 300.000000 0.339817
15.000000 19.000000 300.000000 0.179860
19.000000 15.000000 300.000000 0.179860
21.000000 20.000000 300.000000 0.211210
20.000000 21.000000 300.000000 0.211210
19.000000 20.000000 300.000000 0.105033
20.000000 19.000000 300.000000 0.105033
92.000000 20.000000 300.000000 0.837463
20.000000 92.000000 300.000000 0.837463
67.000000 21.000000 300.000000 0.179830
21.000000 67.000000 300.000000 0.179830
20.000000 21.000000 300.000000 0.211210
21.000000 20.000000 300.000000 0.211210
12.000000 21.000000 300.000000 0.589233
21.000000 12.000000 300.000000 0.589233
60.000000 22.000000 300.000000 0.107563
22.000000 60.000000 300.000000 0.107563
90.000000 22.000000 300.000000 0.169920
22.000000 90.000000 300.000000 0.169920
23.000000 120.000000 300.000000 0.388717
115.000000 23.000000 300.000000 0.252047
23.000000 115.000000 300.000000 0.252047
124.000000 24.000000 300.000000 0.029853
24.000000 124.000000 300.000000 0.029853
28.000000 24.000000 300.000000 0.516017
24.000000 28.000000 300.000000 0.516017
121.000000 24.000000 300.000000 0.262533
24.000000 121.000000 300.000000 0.262533
66.000000 25.000000 300.000000 0.527860
25.000000 66.000000 300.000000 0.527860
65.000000 25.000000 300.000000 0.371023
25.000000 65.000000 300.000000 0.371023
26.000000 25.000000 300.000000 0.265713
25.000000 26.000000 300.000000 0.265713
125.000000 25.000000 300.000000 0.265340
25.000000 125.000000 300.000000 0.265340
8.000000 26.000000 300.000000 0.424027
26.000000 8.000000 300.000000 0.424027
7.000000 26.000000 300.000000 0.523160
26.000000 7.000000 300.000000 0.523160
27.000000 26.000000 300.000000 0.263347
26.000000 27.000000 300.000000 0.263347
25.000000 26.000000 300.000000 0.265713
26.000000 25.000000 300.000000 0.265713
127.000000 27.000000 300.000000 0.260707
27.000000 127.000000 300.000000 0.260707
26.000000 27.000000 300.000000 0.263347
27.000000 26.000000 300.000000 0.263347
24.000000 28.000000 300.000000 0.516017
28.000000 24.000000 300.000000 0.516017
28.000000 66.000000 300.000000 0.553427
130.000000 29.000000 300.000000 0.032597
29.000000 130.000000 300.000000 0.032597
29.000000 5.000000 300.000000 0.194593
147.000000 30.000000 300.000000 0.277963
30.000000 147.000000 300.000000 0.277963
137.000000 30.000000 300.000000 0.169550
30.000000 137.000000 300.000000 0.169550
98.000000 30.000000 300.000000 0.200587
30.000000 98.000000 300.000000 0.200587
31.000000 135.000000 300.000000 0.158333
1.000000 31.000000 300.000000 0.532837
31.000000 1.000000 300.000000 0.532837
32.000000 35.000000 300.000000 0.265273
33.000000 32.000000 300.000000 0.543340
32.000000 33.000000 300.000000 0.543340
34.000000 33.000000 300.000000 0.274333
33.000000 34.000000 300.000000 0.274333
32.000000 33.000000 300.000000 0.543340
33.000000 32.000000 300.000000 0.543340
54.000000 33.000000 300.000000 0.266530
33.000000 54.000000 300.000000 0.266530
36.000000 33.000000 300.000000 0.266020
33.000000 36.000000 300.000000 0.266020
52.000000 34.000000 300.000000 0.050953
34.000000 52.000000 300.000000 0.050953
34.000000 55.000000 300.000000 0.297300
33.000000 34.000000 300.000000 0.274333
34.000000 33.000000 300.000000 0.274333
35.000000 133.000000 300.000000 0.310833
109.000000 35.000000 300.000000 0.288997
35.000000 109.000000 300.000000 0.288997
111.000000 36.000000 300.000000 0.202370
36.000000 111.000000 300.000000 0.202370
109.000000 36.000000 300.000000 0.256140
36.000000 109.000000 300.000000 0.256140
33.000000 36.000000 300.000000 0.266020
36.000000 33.000000 300.000000 0.266020
64.000000 36.000000 300.000000 0.352500
36.000000 64.000000 300.000000 0.352500
111.000000 37.000000 300.000000 0.137160
37.000000 111.000000 300.000000 0.137160
72.000000 37.000000 300.000000 0.329053
37.000000 72.000000 300.000000 0.329053
75.000000 37.000000 300.000000 0.050927
37.000000 75.000000 300.000000 0.050927
137.000000 38.000000 300.000000 0.006633
38.000000 137.000000 300.000000 0.006633
97.000000 38.000000 300.000000 0.831963
38.000000 97.000000 300.000000 0.831963
43.000000 38.000000 300.000000 0.183547
38.000000 43.000000 300.000000 0.183547
143.000000 39.000000 300.000000 0.556730
39.000000 143.000000 300.000000 0.556730
148.000000 40.000000 300.000000 0.035267
40.000000 148.000000 300.000000 0.035267
40.000000 51.000000 300.000000 0.557620
105.000000 41.000000 300.000000 0.205000
41.000000 105.000000 300.000000 0.205000
106.000000 41.000000 300.000000 0.291057
41.000000 106.000000 300.000000 0.291057
148.000000 41.000000 300.000000 0.190767
41.000000 148.000000 300.000000 0.190767
104.000000 42.000000 300.000000 0.249430
42.000000 104.000000 300.000000 0.249430
106.000000 42.000000 300.000000 0.105270
42.000000 106.000000 300.000000 0.105270
43.000000 42.000000 300.000000 0.192807
42.000000 43.000000 300.000000 0.192807
102.000000 43.000000 300.000000 0.223337
43.000000 102.000000 300.000000 0.223337
42.000000 43.000000 300.000000 0.192807
43.000000 42.000000 300.000000 0.192807
38.000000 43.000000 300.000000 0.183547
43.000000 38.000000 300.000000 0.183547
88.000000 44.000000 300.000000 0.280897
44.000000 88.000000 300.000000 0.280897
45.000000 44.000000 300.000000 0.166810
44.000000 45.000000 300.000000 0.166810
93.000000 44.000000 300.000000 0.163007
44.000000 93.000000 300.000000 0.163007
56.000000 45.000000 300.000000 0.330330
45.000000 56.000000 300.000000 0.330330
46.000000 45.000000 300.000000 0.165757
45.000000 46.000000 300.000000 0.165757
44.000000 45.000000 300.000000 0.166810
45.000000 44.000000 300.000000 0.166810
47.000000 46.000000 300.000000 0.168287
46.000000 47.000000 300.000000 0.168287
45.000000 46.000000 300.000000 0.165757
46.000000 45.000000 300.000000 0.165757
96.000000 46.000000 300.000000 0.355057
46.000000 96.000000 300.000000 0.355057
48.000000 47.000000 300.000000 0.172680
47.000000 48.000000 300.000000 0.172680
46.000000 47.000000 300.000000 0.168287
47.000000 46.000000 300.000000 0.168287
58.000000 47.000000 300.000000 0.351970
47.000000 58.000000 300.000000 0.351970
49.000000 48.000000 300.000000 0.171187
48.000000 49.000000 300.000000 0.171187
47.000000 48.000000 300.000000 0.172680
48.000000 47.000000 300.000000 0.172680
59.000000 48.000000 300.000000 0.343687
48.000000 59.000000 300.000000 0.343687
138.000000 49.000000 300.000000 0.169557
49.000000 138.000000 300.000000 0.169557
48.000000 49.000000 300.000000 0.171187
49.000000 48.000000 300.000000 0.171187
52.000000 49.000000 300.000000 0.330590
49.000000 52.000000 300.000000 0.330590
102.000000 50.000000 300.000000 0.110987
50.000000 102.000000 300.000000 0.110987
107.000000 50.000000 300.000000 0.095663
50.000000 107.000000 300.000000 0.095663
100.000000 50.000000 300.000000 0.169100
50.000000 100.000000 300.000000 0.169100
100.000000 51.000000 300.000000 0.033343
51.000000 100.000000 300.000000 0.033343
51.000000 83.000000 300.000000 0.254480
49.000000 52.000000 300.000000 0.330590
52.000000 49.000000 300.000000 0.330590
34.000000 52.000000 300.000000 0.050953
52.000000 34.000000 300.000000 0.050953
52.000000 141.000000 300.000000 0.168500
53.000000 32.000000 300.000000 0.261940
54.000000 53.000000 300.000000 0.544940
53.000000 54.000000 300.000000 0.544940
55.000000 54.000000 300.000000 0.159947
54.000000 55.000000 300.000000 0.159947
53.000000 54.000000 300.000000 0.544940
54.000000 53.000000 300.000000 0.544940
33.000000 54.000000 300.000000 0.266530
54.000000 33.000000 300.000000 0.266530
54.000000 55.000000 300.000000 0.159947
55.000000 54.000000 300.000000 0.159947
55.000000 1.000000 300.000000 0.310050
45.000000 56.000000 300.000000 0.330330
56.000000 45.000000 300.000000 0.330330
96.000000 56.000000 300.000000 0.165690
56.000000 96.000000 300.000000 0.165690
88.000000 56.000000 300.000000 0.181750
56.000000 88.000000 300.000000 0.181750
96.000000 57.000000 300.000000 0.030527
57.000000 96.000000 300.000000 0.030527
57.000000 58.000000 300.000000 0.177253
58.000000 59.000000 300.000000 0.168423
47.000000 58.000000 300.000000 0.351970
58.000000 47.000000 300.000000 0.351970
48.000000 59.000000 300.000000 0.343687
59.000000 48.000000 300.000000 0.343687
59.000000 52.000000 300.000000 0.173390
22.000000 60.000000 300.000000 0.107563
60.000000 22.000000 300.000000 0.107563
14.000000 60.000000 300.000000 0.331550
60.000000 14.000000 300.000000 0.331550
74.000000 60.000000 300.000000 0.532310
60.000000 74.000000 300.000000 0.532310
18.000000 61.000000 300.000000 0.422430
61.000000 18.000000 300.000000 0.422430
74.000000 61.000000 300.000000 0.415697
61.000000 74.000000 300.000000 0.415697
62.000000 16.000000 300.000000 0.311900
68.000000 62.000000 300.000000 0.565480
62.000000 68.000000 300.000000 0.565480
67.000000 62.000000 300.000000 0.409997
62.000000 67.000000 300.000000 0.409997
63.000000 62.000000 300.000000 0.337997
63.000000 70.000000 300.000000 0.416517
64.000000 80.000000 300.000000 0.061023
36.000000 64.000000 300.000000 0.352500
64.000000 36.000000 300.000000 0.352500
25.000000 65.000000 300.000000 0.371023
65.000000 25.000000 300.000000 0.371023
66.000000 7.000000 300.000000 0.269017
25.000000 66.000000 300.000000 0.527860
66.000000 25.000000 300.000000 0.527860
21.000000 67.000000 300.000000 0.179830
67.000000 21.000000 300.000000 0.179830
62.000000 67.000000 300.000000 0.409997
67.000000 62.000000 300.000000 0.409997
70.000000 67.000000 300.000000 0.338827
67.000000 70.000000 300.000000 0.338827
15.000000 67.000000 300.000000 0.310803
67.000000 15.000000 300.000000 0.310803
68.000000 81.000000 300.000000 0.316820
62.000000 68.000000 300.000000 0.565480
68.000000 62.000000 300.000000 0.565480
69.000000 68.000000 300.000000 0.337903
69.000000 63.000000 300.000000 0.526153
70.000000 13.000000 300.000000 0.333090
72.000000 70.000000 300.000000 0.328657
70.000000 72.000000 300.000000 0.328657
67.000000 70.000000 300.000000 0.338827
70.000000 67.000000 300.000000 0.338827
71.000000 69.000000 300.000000 0.345333
72.000000 110.000000 300.000000 0.155127
37.000000 72.000000 300.000000 0.329053
72.000000 37.000000 300.000000 0.329053
70.000000 72.000000 300.000000 0.328657
72.000000 70.000000 300.000000 0.328657
74.000000 73.000000 300.000000 0.333050
73.000000 74.000000 300.000000 0.333050
15.000000 74.000000 300.000000 0.327520
74.000000 15.000000 300.000000 0.327520
73.000000 74.000000 300.000000 0.333050
74.000000 73.000000 300.000000 0.333050
61.000000 74.000000 300.000000 0.415697
74.000000 61.000000 300.000000 0.415697
60.000000 74.000000 300.000000 0.532310
74.000000 60.000000 300.000000 0.532310
37.000000 75.000000 300.000000 0.050927
75.000000 37.000000 300.000000 0.050927
75.000000 34.000000 300.000000 0.289380
18.000000 77.000000 300.000000 0.205993
77.000000 18.000000 300.000000 0.205993
77.000000 76.000000 300.000000 0.371323
79.000000 78.000000 300.000000 0.385473
78.000000 79.000000 300.000000 0.385473
79.000000 82.000000 300.000000 0.121627
78.000000 79.000000 300.000000 0.385473
79.000000 78.000000 300.000000 0.385473
80.000000 108.000000 300.000000 0.197533
80.000000 63.000000 300.000000 0.329837
17.000000 81.000000 300.000000 0.172797
81.000000 17.000000 300.000000 0.172797
81.000000 77.000000 300.000000 0.318270
90.000000 82.000000 300.000000 0.569630
82.000000 90.000000 300.000000 0.569630
82.000000 11.000000 300.000000 0.337823
83.000000 29.000000 300.000000 0.082210
84.000000 131.000000 300.000000 0.287547
85.000000 132.000000 300.000000 0.218663
85.000000 86.000000 300.000000 0.955597
86.000000 87.000000 300.000000 0.245073
86.000000 84.000000 300.000000 0.927093
87.000000 28.000000 300.000000 0.077117
44.000000 88.000000 300.000000 0.280897
88.000000 44.000000 300.000000 0.280897
94.000000 88.000000 300.000000 0.191753
88.000000 94.000000 300.000000 0.191753
56.000000 88.000000 300.000000 0.181750
88.000000 56.000000 300.000000 0.181750
82.000000 90.000000 300.000000 0.569630
90.000000 82.000000 300.000000 0.569630
22.000000 90.000000 300.000000 0.169920
90.000000 22.000000 300.000000 0.169920
91.000000 90.000000 300.000000 0.141230
90.000000 91.000000 300.000000 0.141230
90.000000 91.000000 300.000000 0.141230
91.000000 90.000000 300.000000 0.141230
20.000000 92.000000 300.000000 0.837463
92.000000 20.000000 300.000000 0.837463
92.000000 12.000000 300.000000 0.323540
94.000000 93.000000 300.000000 0.217923
93.000000 94.000000 300.000000 0.217923
44.000000 93.000000 300.000000 0.163007
93.000000 44.000000 300.000000 0.163007
95.000000 93.000000 300.000000 0.387117
93.000000 95.000000 300.000000 0.387117
93.000000 94.000000 300.000000 0.217923
94.000000 93.000000 300.000000 0.217923
95.000000 94.000000 300.000000 0.257457
94.000000 95.000000 300.000000 0.257457
88.000000 94.000000 300.000000 0.191753
94.000000 88.000000 300.000000 0.191753
97.000000 95.000000 300.000000 0.086957
95.000000 97.000000 300.000000 0.086957
93.000000 95.000000 300.000000 0.387117
95.000000 93.000000 300.000000 0.387117
94.000000 95.000000 300.000000 0.257457
95.000000 94.000000 300.000000 0.257457
57.000000 96.000000 300.000000 0.030527
96.000000 57.000000 300.000000 0.030527
56.000000 96.000000 300.000000 0.165690
96.000000 56.000000 300.000000 0.165690
46.000000 96.000000 300.000000 0.355057
96.000000 46.000000 300.000000 0.355057
95.000000 97.000000 300.000000 0.086957
97.000000 95.000000 300.000000 0.086957
38.000000 97.000000 300.000000 0.831963
97.000000 38.000000 300.000000 0.831963
130.000000 97.000000 300.000000 0.769380
97.000000 130.000000 300.000000 0.769380
98.000000 97.000000 300.000000 0.184797
97.000000 98.000000 300.000000 0.184797
30.000000 98.000000 300.000000 0.200587
98.000000 30.000000 300.000000 0.200587
146.000000 98.000000 300.000000 0.295770
98.000000 146.000000 300.000000 0.295770
97.000000 98.000000 300.000000 0.184797
98.000000 97.000000 300.000000 0.184797
147.000000 99.000000 300.000000 0.141370
99.000000 147.000000 300.000000 0.141370
130.000000 99.000000 300.000000 0.169310
99.000000 130.000000 300.000000 0.169310
146.000000 99.000000 300.000000 0.207073
99.000000 146.000000 300.000000 0.207073
51.000000 100.000000 300.000000 0.033343
100.000000 51.000000 300.000000 0.033343
50.000000 100.000000 300.000000 0.169100
100.000000 50.000000 300.000000 0.169100
107.000000 100.000000 300.000000 0.257080
100.000000 107.000000 300.000000 0.257080
103.000000 100.000000 300.000000 0.168927
100.000000 103.000000 300.000000 0.168927
102.000000 101.000000 300.000000 0.168967
101.000000 102.000000 300.000000 0.168967
137.000000 101.000000 300.000000 0.300293
101.000000 137.000000 300.000000 0.300293
103.000000 101.000000 300.000000 0.286043
101.000000 103.000000 300.000000 0.286043
43.000000 102.000000 300.000000 0.223337
102.000000 43.000000 300.000000 0.223337
50.000000 102.000000 300.000000 0.110987
102.000000 50.000000 300.000000 0.110987
101.000000 102.000000 300.000000 0.168967
102.000000 101.000000 300.000000 0.168967
100.000000 103.000000 300.000000 0.168927
103.000000 100.000000 300.000000 0.168927
130.000000 103.000000 300.000000 0.166470
103.000000 130.000000 300.000000 0.166470
101.000000 103.000000 300.000000 0.286043
103.000000 101.000000 300.000000 0.286043
105.000000 104.000000 300.000000 0.085187
104.000000 105.000000 300.000000 0.085187
107.000000 104.000000 300.000000 0.071037
104.000000 107.000000 300.000000 0.071037
42.000000 104.000000 300.000000 0.249430
104.000000 42.000000 300.000000 0.249430
41.000000 105.000000 300.000000 0.205000
105.000000 41.000000 300.000000 0.205000
104.000000 105.000000 300.000000 0.085187
105.000000 104.000000 300.000000 0.085187
106.000000 105.000000 300.000000 0.197993
105.000000 106.000000 300.000000 0.197993
148.000000 105.000000 300.000000 0.458087
105.000000 148.000000 300.000000 0.458087
41.000000 106.000000 300.000000 0.291057
106.000000 41.000000 300.000000 0.291057
42.000000 106.000000 300.000000 0.105270
106.000000 42.000000 300.000000 0.105270
105.000000 106.000000 300.000000 0.197993
106.000000 105.000000 300.000000 0.197993
104.000000 107.000000 300.000000 0.071037
107.000000 104.000000 300.000000 0.071037
50.000000 107.000000 300.000000 0.095663
107.000000 50.000000 300.000000 0.095663
100.000000 107.000000 300.000000 0.257080
107.000000 100.000000 300.000000 0.257080
108.000000 71.000000 300.000000 0.296013
109.000000 108.000000 300.000000 0.359813
108.000000 109.000000 300.000000 0.359813
36.000000 109.000000 300.000000 0.256140
109.000000 36.000000 300.000000 0.256140
35.000000 109.000000 300.000000 0.288997
109.000000 35.000000 300.000000 0.288997
108.000000 109.000000 300.000000 0.359813
109.000000 108.000000 300.000000 0.359813
110.000000 64.000000 300.000000 0.202683
111.000000 110.000000 300.000000 0.338083
110.000000 111.000000 300.000000 0.338083
37.000000 111.000000 300.000000 0.137160
111.000000 37.000000 300.000000 0.137160
36.000000 111.000000 300.000000 0.202370
111.000000 36.000000 300.000000 0.202370
110.000000 111.000000 300.000000 0.338083
111.000000 110.000000 300.000000 0.338083
112.000000 9.000000 300.000000 0.385607
113.000000 112.000000 300.000000 0.636243
112.000000 113.000000 300.000000 0.636243
114.000000 113.000000 300.000000 0.368897
113.000000 114.000000 300.000000 0.368897
112.000000 113.000000 300.000000 0.636243
113.000000 112.000000 300.000000 0.636243
136.000000 113.000000 300.000000 0.336120
113.000000 136.000000 300.000000 0.336120
119.000000 114.000000 300.000000 0.651733
114.000000 119.000000 300.000000 0.651733
113.000000 114.000000 300.000000 0.368897
114.000000 113.000000 300.000000 0.368897
116.000000 114.000000 300.000000 0.352917
114.000000 116.000000 300.000000 0.352917
121.000000 115.000000 300.000000 0.641400
115.000000 121.000000 300.000000 0.641400
23.000000 115.000000 300.000000 0.252047
115.000000 23.000000 300.000000 0.252047
119.000000 115.000000 300.000000 0.293700
115.000000 119.000000 300.000000 0.293700
119.000000 116.000000 300.000000 0.195923
116.000000 119.000000 300.000000 0.195923
114.000000 116.000000 300.000000 0.352917
116.000000 114.000000 300.000000 0.352917
117.000000 116.000000 300.000000 0.263207
116.000000 117.000000 300.000000 0.263207
117.000000 132.000000 300.000000 0.092357
116.000000 117.000000 300.000000 0.263207
117.000000 116.000000 300.000000 0.263207
118.000000 23.000000 300.000000 0.260690
119.000000 118.000000 300.000000 0.264877
118.000000 119.000000 300.000000 0.264877
115.000000 119.000000 300.000000 0.293700
119.000000 115.000000 300.000000 0.293700
116.000000 119.000000 300.000000 0.195923
119.000000 116.000000 300.000000 0.195923
114.000000 119.000000 300.000000 0.651733
119.000000 114.000000 300.000000 0.651733
118.000000 119.000000 300.000000 0.264877
119.000000 118.000000 300.000000 0.264877
120.000000 87.000000 300.000000 0.216470
121.000000 120.000000 300.000000 0.514433
120.000000 121.000000 300.000000 0.514433
24.000000 121.000000 300.000000 0.262533
121.000000 24.000000 300.000000 0.262533
115.000000 121.000000 300.000000 0.641400
121.000000 115.000000 300.000000 0.641400
122.000000 121.000000 300.000000 0.205583
121.000000 122.000000 300.000000 0.205583
120.000000 121.000000 300.000000 0.514433
121.000000 120.000000 300.000000 0.514433
121.000000 122.000000 300.000000 0.205583
122.000000 121.000000 300.000000 0.205583
124.000000 123.000000 300.000000 0.269527
123.000000 124.000000 300.000000 0.269527
24.000000 124.000000 300.000000 0.029853
124.000000 24.000000 300.000000 0.029853
125.000000 124.000000 300.000000 0.266917
124.000000 125.000000 300.000000 0.266917
123.000000 124.000000 300.000000 0.269527
124.000000 123.000000 300.000000 0.269527
25.000000 125.000000 300.000000 0.265340
125.000000 25.000000 300.000000 0.265340
124.000000 125.000000 300.000000 0.266917
125.000000 124.000000 300.000000 0.266917
126.000000 125.000000 300.000000 0.324837
125.000000 126.000000 300.000000 0.324837
125.000000 126.000000 300.000000 0.324837
126.000000 125.000000 300.000000 0.324837
27.000000 127.000000 300.000000 0.260707
127.000000 27.000000 300.000000 0.260707
128.000000 31.000000 300.000000 0.136797
129.000000 89.000000 300.000000 1.981220
129.000000 133.000000 300.000000 0.210170
29.000000 130.000000 300.000000 0.032597
130.000000 29.000000 300.000000 0.032597
99.000000 130.000000 300.000000 0.169310
130.000000 99.000000 300.000000 0.169310
103.000000 130.000000 300.000000 0.166470
130.000000 103.000000 300.000000 0.166470
97.000000 130.000000 300.000000 0.769380
130.000000 97.000000 300.000000 0.769380
132.000000 118.000000 300.000000 0.116303
133.000000 71.000000 300.000000 0.060010
134.000000 129.000000 300.000000 0.539927
135.000000 53.000000 300.000000 0.108933
135.000000 134.000000 300.000000 0.206187
9.000000 136.000000 300.000000 0.031750
136.000000 9.000000 300.000000 0.031750
10.000000 136.000000 300.000000 0.477057
136.000000 10.000000 300.000000 0.477057
113.000000 136.000000 300.000000 0.336120
136.000000 113.000000 300.000000 0.336120
38.000000 137.000000 300.000000 0.006633
137.000000 38.000000 300.000000 0.006633
30.000000 137.000000 300.000000 0.169550
137.000000 30.000000 300.000000 0.169550
101.000000 137.000000 300.000000 0.300293
137.000000 101.000000 300.000000 0.300293
141.000000 138.000000 300.000000 0.325757
138.000000 141.000000 300.000000 0.325757
139.000000 138.000000 300.000000 0.160127
138.000000 139.000000 300.000000 0.160127
49.000000 138.000000 300.000000 0.169557
138.000000 49.000000 300.000000 0.169557
138.000000 139.000000 300.000000 0.160127
139.000000 138.000000 300.000000 0.160127
140.000000 139.000000 300.000000 0.318807
139.000000 140.000000 300.000000 0.318807
143.000000 139.000000 300.000000 0.171307
139.000000 143.000000 300.000000 0.171307
140.000000 142.000000 300.000000 0.163720
139.000000 140.000000 300.000000 0.318807
140.000000 139.000000 300.000000 0.318807
138.000000 141.000000 300.000000 0.325757
141.000000 138.000000 300.000000 0.325757
141.000000 140.000000 300.000000 0.157573
142.000000 39.000000 300.000000 0.166587
143.000000 142.000000 300.000000 0.351180
142.000000 143.000000 300.000000 0.351180
142.000000 143.000000 300.000000 0.351180
143.000000 142.000000 300.000000 0.351180
39.000000 143.000000 300.000000 0.556730
143.000000 39.000000 300.000000 0.556730
139.000000 143.000000 300.000000 0.171307
143.000000 139.000000 300.000000 0.171307
144.000000 6.000000 300.000000 1.231610
144.000000 4.000000 300.000000 0.348070
145.000000 128.000000 300.000000 0.359323
145.000000 3.000000 300.000000 0.516673
147.000000 146.000000 300.000000 0.120390
146.000000 147.000000 300.000000 0.120390
99.000000 146.000000 300.000000 0.207073
146.000000 99.000000 300.000000 0.207073
98.000000 146.000000 300.000000 0.295770
146.000000 98.000000 300.000000 0.295770
30.000000 147.000000 300.000000 0.277963
147.000000 30.000000 300.000000 0.277963
99.000000 147.000000 300.000000 0.141370
147.000000 99.000000 300.000000 0.141370
146.000000 147.000000 300.000000 0.120390
147.000000 146.000000 300.000000 0.120390
105.000000 148.000000 300.000000 0.458087
148.000000 105.000000 300.000000 0.458087
40.000000 148.000000 300.000000 0.035267
148.000000 40.000000 300.000000 0.035267
41.000000 148.000000 300.000000 0.190767
148.000000 41.000000 300.000000 0.190767
