0 60 300.00 0.334727
60 58 300.00 0.308453
60 59 300.00 0.105137
23 1 300.00 0.405813
23 12 300.00 0.889707
23 25 300.00 0.417823
1 23 300.00 0.405813
1 19 300.00 0.481303
19 1 300.00 0.481303
19 7 300.00 0.416593
19 120 300.00 0.031217
3 2 300.00 0.036313
3 113 300.00 0.165950
2 3 300.00 0.036313
113 112 300.00 0.036390
113 114 300.00 0.046773
34 4 300.00 0.056477
34 120 300.00 0.700080
4 34 300.00 0.056477
4 36 300.00 0.317417
36 4 300.00 0.317417
36 148 300.00 0.680033
36 39 300.00 0.480290
26 5 300.00 0.295720
26 86 300.00 0.296660
26 28 300.00 0.551910
5 26 300.00 0.295720
5 13 300.00 0.742513
5 11 300.00 0.321573
5 24 300.00 0.321260
13 5 300.00 0.742513
13 72 300.00 0.287260
13 21 300.00 0.321663
11 5 300.00 0.321573
11 94 300.00 0.353223
11 21 300.00 0.747387
11 14 300.00 0.312257
24 5 300.00 0.321260
24 22 300.00 0.750967
81 6 300.00 0.058007
81 80 300.00 0.728950
81 85 300.00 0.257820
6 81 300.00 0.058007
6 15 300.00 0.416323
6 66 300.00 0.748053
15 6 300.00 0.416323
15 12 300.00 0.738953
66 6 300.00 0.748053
66 10 300.00 0.316617
66 12 300.00 0.410503
66 25 300.00 0.888567
25 7 300.00 0.882327
25 23 300.00 0.417823
25 66 300.00 0.888567
25 27 300.00 0.316453
7 25 300.00 0.882327
7 119 300.00 0.026003
7 32 300.00 0.174657
119 7 300.00 0.026003
119 120 300.00 0.418090
32 121 300.00 0.028167
32 18 300.00 0.143487
123 8 300.00 0.025807
123 122 300.00 0.262810
8 123 300.00 0.025807
8 159 300.00 0.420820
8 92 300.00 0.241967
159 8 300.00 0.420820
159 93 300.00 0.128810
159 163 300.00 0.021530
92 35 300.00 0.081863
92 124 300.00 0.022720
44 9 300.00 0.520040
44 38 300.00 0.583027
44 42 300.00 0.256757
9 44 300.00 0.520040
9 125 300.00 0.784793
125 9 300.00 0.784793
125 37 300.00 0.034527
125 141 300.00 0.602817
27 10 300.00 0.885697
27 18 300.00 0.886807
27 25 300.00 0.316453
27 29 300.00 0.323640
10 27 300.00 0.885697
10 85 300.00 0.748460
10 66 300.00 0.316617
10 14 300.00 0.319383
85 10 300.00 0.748460
85 76 300.00 0.203920
85 81 300.00 0.257820
14 10 300.00 0.319383
14 11 300.00 0.312257
14 20 300.00 0.746837
14 29 300.00 0.888937
94 11 300.00 0.353223
94 95 300.00 0.027160
94 154 300.00 0.034707
21 11 300.00 0.747387
21 13 300.00 0.321663
21 20 300.00 0.316150
12 15 300.00 0.738953
12 66 300.00 0.410503
12 23 300.00 0.889707
72 13 300.00 0.287260
72 22 300.00 0.021893
72 71 300.00 0.260637
20 14 300.00 0.746837
20 21 300.00 0.316150
20 76 300.00 0.113420
29 14 300.00 0.888937
29 17 300.00 0.888197
29 27 300.00 0.323640
29 30 300.00 0.304663
73 16 300.00 0.343000
73 144 300.00 0.455783
16 73 300.00 0.343000
16 22 300.00 0.402807
22 16 300.00 0.402807
22 72 300.00 0.021893
22 24 300.00 0.750967
17 29 300.00 0.888197
17 117 300.00 0.026840
17 33 300.00 0.050477
117 17 300.00 0.026840
117 118 300.00 0.315650
33 8 300.00 0.262203
33 122 300.00 0.027537
118 18 300.00 0.028913
118 121 300.00 0.143733
18 118 300.00 0.028913
18 27 300.00 0.886807
18 17 300.00 0.315900
120 19 300.00 0.031217
120 34 300.00 0.700080
76 20 300.00 0.113420
76 85 300.00 0.203920
76 79 300.00 0.653283
86 26 300.00 0.296660
86 31 300.00 0.296650
28 26 300.00 0.551910
28 89 300.00 0.169117
89 28 300.00 0.169117
89 87 300.00 0.039507
89 151 300.00 0.043850
30 29 300.00 0.304663
30 93 300.00 0.335787
30 109 300.00 0.492097
30 31 300.00 0.322933
93 30 300.00 0.335787
93 159 300.00 0.128810
93 152 300.00 0.028807
109 30 300.00 0.492097
109 95 300.00 0.016040
109 155 300.00 0.031263
31 30 300.00 0.322933
31 90 300.00 0.290100
31 86 300.00 0.296650
90 31 300.00 0.290100
90 91 300.00 0.304687
90 108 300.00 0.209627
121 32 300.00 0.028167
121 119 300.00 0.173480
121 149 300.00 0.704120
122 33 300.00 0.027537
122 117 300.00 0.050653
122 140 300.00 0.808840
141 35 300.00 0.023650
141 124 300.00 0.080823
35 141 300.00 0.023650
35 91 300.00 0.288783
35 37 300.00 0.581177
91 35 300.00 0.288783
91 90 300.00 0.304687
37 125 300.00 0.034527
148 36 300.00 0.680033
39 36 300.00 0.480290
39 142 300.00 0.046867
39 40 300.00 0.257127
38 44 300.00 0.583027
142 39 300.00 0.046867
142 126 300.00 0.651903
142 140 300.00 0.361917
40 39 300.00 0.257127
40 45 300.00 0.797617
40 107 300.00 0.270427
40 43 300.00 0.260083
45 40 300.00 0.797617
45 42 300.00 0.254950
45 47 300.00 0.262933
45 105 300.00 0.383087
107 40 300.00 0.270427
107 162 300.00 0.023813
43 40 300.00 0.260083
43 47 300.00 0.801667
43 143 300.00 0.248407
146 41 300.00 0.295623
146 46 300.00 0.477543
41 146 300.00 0.295623
96 42 300.00 0.255977
96 140 300.00 0.125140
96 116 300.00 0.525830
42 96 300.00 0.255977
42 45 300.00 0.254950
42 44 300.00 0.256757
42 124 300.00 0.765667
124 42 300.00 0.765667
124 92 300.00 0.022720
124 123 300.00 0.241750
47 43 300.00 0.801667
47 45 300.00 0.262933
47 51 300.00 0.246297
47 53 300.00 0.762380
143 43 300.00 0.248407
143 145 300.00 0.031243
143 130 300.00 0.170293
105 45 300.00 0.383087
105 49 300.00 0.383367
105 161 300.00 0.019290
129 46 300.00 0.031600
129 50 300.00 0.376637
129 146 300.00 0.479540
46 129 300.00 0.031600
46 143 300.00 0.030830
51 47 300.00 0.246297
51 132 300.00 0.022420
51 134 300.00 0.288357
53 47 300.00 0.762380
53 49 300.00 0.258473
53 139 300.00 0.250737
128 48 300.00 0.026843
128 101 300.00 0.374460
128 131 300.00 0.215907
48 128 300.00 0.026843
48 106 300.00 0.099553
106 156 300.00 0.026943
106 51 300.00 0.308250
106 157 300.00 0.022310
49 53 300.00 0.258473
49 105 300.00 0.383367
102 50 300.00 0.403050
102 52 300.00 0.436363
50 102 300.00 0.403050
50 101 300.00 0.407327
50 52 300.00 0.050190
50 129 300.00 0.376637
101 50 300.00 0.407327
101 54 300.00 0.048290
101 128 300.00 0.374460
52 50 300.00 0.050190
52 54 300.00 0.409010
52 111 300.00 0.377927
52 102 300.00 0.436363
132 51 300.00 0.022420
132 156 300.00 0.308077
134 133 300.00 0.023477
134 138 300.00 0.167613
54 52 300.00 0.409010
54 100 300.00 0.332237
54 101 300.00 0.048290
111 52 300.00 0.377927
111 55 300.00 0.415250
111 56 300.00 0.434467
139 53 300.00 0.250737
139 127 300.00 0.034283
100 54 300.00 0.332237
100 55 300.00 0.052123
100 104 300.00 0.555013
55 100 300.00 0.052123
55 111 300.00 0.415250
55 57 300.00 0.327443
57 55 300.00 0.327443
57 97 300.00 0.804793
56 111 300.00 0.434467
56 58 300.00 0.760030
56 147 300.00 0.204537
58 56 300.00 0.760030
58 60 300.00 0.308453
58 103 300.00 0.387467
58 65 300.00 0.286543
147 56 300.00 0.204537
147 59 300.00 0.103233
147 160 300.00 0.047560
97 64 300.00 0.037577
97 104 300.00 0.281717
103 58 300.00 0.387467
65 58 300.00 0.286543
65 61 300.00 0.056197
65 0 300.00 0.084853
59 115 300.00 0.109613
59 147 300.00 0.103233
115 150 300.00 0.206193
61 65 300.00 0.056197
63 114 300.00 0.036210
63 112 300.00 0.045893
114 127 300.00 0.183157
112 2 300.00 0.165303
64 3 300.00 0.370587
77 67 300.00 1.683040
77 69 300.00 0.099060
77 78 300.00 0.433297
67 77 300.00 1.683040
69 68 300.00 0.296777
69 77 300.00 0.099060
69 70 300.00 0.327077
68 69 300.00 0.296777
68 144 300.00 0.319447
68 110 300.00 0.436873
144 68 300.00 0.319447
144 73 300.00 0.455783
110 68 300.00 0.436873
110 71 300.00 0.358220
110 165 300.00 0.029970
70 69 300.00 0.327077
70 74 300.00 0.160050
70 71 300.00 0.297153
74 70 300.00 0.160050
74 75 300.00 0.132793
71 70 300.00 0.297153
71 110 300.00 0.358220
71 72 300.00 0.260637
75 74 300.00 0.132793
75 79 300.00 0.070200
79 75 300.00 0.070200
79 76 300.00 0.653283
79 78 300.00 0.292727
78 77 300.00 0.433297
78 79 300.00 0.292727
78 80 300.00 0.318033
80 78 300.00 0.318033
80 81 300.00 0.728950
80 82 300.00 0.592990
82 80 300.00 0.592990
82 83 300.00 0.251680
82 158 300.00 0.230313
83 82 300.00 0.251680
83 84 300.00 0.177320
158 82 300.00 0.230313
158 158 300.00 0.219847
84 83 300.00 0.177320
84 84 300.00 0.242703
87 89 300.00 0.039507
87 88 300.00 0.031133
88 87 300.00 0.031133
151 89 300.00 0.043850
108 90 300.00 0.209627
108 164 300.00 0.022587
152 93 300.00 0.028807
95 94 300.00 0.027160
95 109 300.00 0.016040
95 153 300.00 0.034693
154 94 300.00 0.034707
153 95 300.00 0.034693
140 96 300.00 0.125140
140 122 300.00 0.808840
140 142 300.00 0.361917
116 96 300.00 0.525830
104 97 300.00 0.281717
104 98 300.00 0.335800
104 99 300.00 0.529157
104 100 300.00 0.555013
98 104 300.00 0.335800
99 133 300.00 0.082477
99 104 300.00 0.529157
133 134 300.00 0.023477
133 132 300.00 0.290787
161 105 300.00 0.019290
156 106 300.00 0.026943
156 128 300.00 0.098643
157 106 300.00 0.022310
162 107 300.00 0.023813
164 108 300.00 0.022587
155 109 300.00 0.031263
165 110 300.00 0.029970
127 139 300.00 0.034283
127 135 300.00 0.195580
150 57 300.00 0.290293
149 121 300.00 0.704120
126 142 300.00 0.651903
135 137 300.00 0.113897
135 136 300.00 0.028110
131 130 300.00 0.029310
131 145 300.00 0.169270
130 48 300.00 0.215750
130 131 300.00 0.029310
145 143 300.00 0.031243
145 129 300.00 0.031310
138 137 300.00 0.026990
138 136 300.00 0.110490
137 138 300.00 0.026990
137 99 300.00 0.082557
136 135 300.00 0.028110
136 139 300.00 0.193770
160 147 300.00 0.047560
163 159 300.00 0.021530
