0.000000 1.000000 300.000000 0.425970
1.000000 142.000000 300.000000 0.279207
1.000000 2.000000 300.000000 0.418547
2.000000 62.000000 300.000000 0.046137
2.000000 3.000000 300.000000 0.416130
3.000000 23.000000 300.000000 0.256067
64.000000 3.000000 300.000000 0.048947
3.000000 64.000000 300.000000 0.048947
24.000000 3.000000 300.000000 0.302813
3.000000 24.000000 300.000000 0.302813
4.000000 103.000000 300.000000 0.216160
4.000000 63.000000 300.000000 0.422523
6.000000 5.000000 300.000000 0.371343
5.000000 6.000000 300.000000 0.371343
5.000000 27.000000 300.000000 0.171330
34.000000 6.000000 300.000000 0.276027
6.000000 34.000000 300.000000 0.276027
5.000000 6.000000 300.000000 0.371343
6.000000 5.000000 300.000000 0.371343
29.000000 6.000000 300.000000 0.303440
6.000000 29.000000 300.000000 0.303440
32.000000 7.000000 300.000000 0.155967
7.000000 32.000000 300.000000 0.155967
75.000000 7.000000 300.000000 0.223677
7.000000 75.000000 300.000000 0.223677
8.000000 49.000000 300.000000 0.705610
8.000000 7.000000 300.000000 0.191207
9.000000 126.000000 300.000000 0.066427
9.000000 87.000000 300.000000 0.188147
10.000000 94.000000 300.000000 0.680097
10.000000 44.000000 300.000000 0.390933
11.000000 68.000000 300.000000 0.027600
11.000000 82.000000 300.000000 0.402007
24.000000 12.000000 300.000000 0.320233
12.000000 24.000000 300.000000 0.320233
15.000000 12.000000 300.000000 0.365590
12.000000 15.000000 300.000000 0.365590
12.000000 13.000000 300.000000 0.496453
23.000000 13.000000 300.000000 0.451490
13.000000 23.000000 300.000000 0.451490
14.000000 13.000000 300.000000 0.293920
13.000000 14.000000 300.000000 0.293920
13.000000 88.000000 300.000000 0.249207
13.000000 14.000000 300.000000 0.293920
14.000000 13.000000 300.000000 0.293920
14.000000 15.000000 300.000000 0.688250
12.000000 15.000000 300.000000 0.365590
15.000000 12.000000 300.000000 0.365590
17.000000 16.000000 300.000000 0.475477
18.000000 17.000000 300.000000 0.630097
60.000000 18.000000 300.000000 0.445733
18.000000 60.000000 300.000000 0.445733
19.000000 20.000000 300.000000 0.043357
19.000000 65.000000 300.000000 1.773447
20.000000 135.000000 300.000000 0.028123
20.000000 18.000000 300.000000 0.413970
21.000000 121.000000 300.000000 0.400443
31.000000 21.000000 300.000000 0.343613
21.000000 31.000000 300.000000 0.343613
33.000000 22.000000 300.000000 0.346433
22.000000 33.000000 300.000000 0.346433
22.000000 21.000000 300.000000 0.301817
23.000000 119.000000 300.000000 0.090937
13.000000 23.000000 300.000000 0.451490
23.000000 13.000000 300.000000 0.451490
12.000000 24.000000 300.000000 0.320233
24.000000 12.000000 300.000000 0.320233
43.000000 24.000000 300.000000 0.475770
24.000000 43.000000 300.000000 0.475770
3.000000 24.000000 300.000000 0.302813
24.000000 3.000000 300.000000 0.302813
37.000000 25.000000 300.000000 0.246290
25.000000 37.000000 300.000000 0.246290
26.000000 71.000000 300.000000 0.045730
26.000000 0.000000 300.000000 0.406920
27.000000 143.000000 300.000000 0.149463
29.000000 27.000000 300.000000 0.418617
27.000000 29.000000 300.000000 0.418617
30.000000 28.000000 300.000000 0.414317
28.000000 30.000000 300.000000 0.414317
28.000000 151.000000 300.000000 0.404463
148.000000 29.000000 300.000000 0.196347
29.000000 148.000000 300.000000 0.196347
27.000000 29.000000 300.000000 0.418617
29.000000 27.000000 300.000000 0.418617
35.000000 29.000000 300.000000 0.183027
29.000000 35.000000 300.000000 0.183027
6.000000 29.000000 300.000000 0.303440
29.000000 6.000000 300.000000 0.303440
28.000000 30.000000 300.000000 0.414317
30.000000 28.000000 300.000000 0.414317
148.000000 30.000000 300.000000 0.160353
30.000000 148.000000 300.000000 0.160353
33.000000 30.000000 300.000000 0.194337
30.000000 33.000000 300.000000 0.194337
35.000000 31.000000 300.000000 0.192103
31.000000 35.000000 300.000000 0.192103
21.000000 31.000000 300.000000 0.343613
31.000000 21.000000 300.000000 0.343613
33.000000 31.000000 300.000000 0.298563
31.000000 33.000000 300.000000 0.298563
32.000000 31.000000 300.000000 0.445323
31.000000 32.000000 300.000000 0.445323
7.000000 32.000000 300.000000 0.155967
32.000000 7.000000 300.000000 0.155967
34.000000 32.000000 300.000000 0.273400
32.000000 34.000000 300.000000 0.273400
31.000000 32.000000 300.000000 0.445323
32.000000 31.000000 300.000000 0.445323
22.000000 33.000000 300.000000 0.346433
33.000000 22.000000 300.000000 0.346433
30.000000 33.000000 300.000000 0.194337
33.000000 30.000000 300.000000 0.194337
31.000000 33.000000 300.000000 0.298563
33.000000 31.000000 300.000000 0.298563
32.000000 34.000000 300.000000 0.273400
34.000000 32.000000 300.000000 0.273400
6.000000 34.000000 300.000000 0.276027
34.000000 6.000000 300.000000 0.276027
35.000000 34.000000 300.000000 0.360473
34.000000 35.000000 300.000000 0.360473
29.000000 35.000000 300.000000 0.183027
35.000000 29.000000 300.000000 0.183027
31.000000 35.000000 300.000000 0.192103
35.000000 31.000000 300.000000 0.192103
34.000000 35.000000 300.000000 0.360473
35.000000 34.000000 300.000000 0.360473
153.000000 36.000000 300.000000 0.314270
36.000000 153.000000 300.000000 0.314270
55.000000 36.000000 300.000000 0.341470
36.000000 55.000000 300.000000 0.341470
49.000000 36.000000 300.000000 0.216933
36.000000 49.000000 300.000000 0.216933
25.000000 37.000000 300.000000 0.246290
37.000000 25.000000 300.000000 0.246290
37.000000 38.000000 300.000000 0.464600
47.000000 38.000000 300.000000 0.217663
38.000000 47.000000 300.000000 0.217663
38.000000 39.000000 300.000000 0.406227
39.000000 63.000000 300.000000 0.358967
39.000000 48.000000 300.000000 0.216487
40.000000 111.000000 300.000000 0.212373
46.000000 41.000000 300.000000 0.260377
41.000000 46.000000 300.000000 0.260377
47.000000 41.000000 300.000000 0.211183
41.000000 47.000000 300.000000 0.211183
41.000000 40.000000 300.000000 0.516583
42.000000 108.000000 300.000000 0.157680
69.000000 42.000000 300.000000 0.194413
42.000000 69.000000 300.000000 0.194413
43.000000 145.000000 300.000000 0.072490
24.000000 43.000000 300.000000 0.475770
43.000000 24.000000 300.000000 0.475770
44.000000 11.000000 300.000000 0.064767
45.000000 86.000000 300.000000 0.191147
45.000000 9.000000 300.000000 0.349327
41.000000 46.000000 300.000000 0.260377
46.000000 41.000000 300.000000 0.260377
38.000000 47.000000 300.000000 0.217663
47.000000 38.000000 300.000000 0.217663
41.000000 47.000000 300.000000 0.211183
47.000000 41.000000 300.000000 0.211183
48.000000 47.000000 300.000000 0.405807
47.000000 48.000000 300.000000 0.405807
47.000000 48.000000 300.000000 0.405807
48.000000 47.000000 300.000000 0.405807
48.000000 42.000000 300.000000 0.210583
49.000000 19.000000 300.000000 0.079233
36.000000 49.000000 300.000000 0.216933
49.000000 36.000000 300.000000 0.216933
57.000000 50.000000 300.000000 0.214943
50.000000 57.000000 300.000000 0.214943
61.000000 50.000000 300.000000 0.405533
50.000000 61.000000 300.000000 0.405533
50.000000 51.000000 300.000000 0.201047
56.000000 51.000000 300.000000 0.365127
51.000000 56.000000 300.000000 0.365127
51.000000 80.000000 300.000000 0.135983
60.000000 52.000000 300.000000 0.211943
52.000000 60.000000 300.000000 0.211943
55.000000 54.000000 300.000000 0.525783
54.000000 55.000000 300.000000 0.525783
75.000000 54.000000 300.000000 0.336083
54.000000 75.000000 300.000000 0.336083
74.000000 54.000000 300.000000 0.874900
54.000000 74.000000 300.000000 0.874900
54.000000 55.000000 300.000000 0.525783
55.000000 54.000000 300.000000 0.525783
76.000000 55.000000 300.000000 0.205087
55.000000 76.000000 300.000000 0.205087
36.000000 55.000000 300.000000 0.341470
55.000000 36.000000 300.000000 0.341470
51.000000 56.000000 300.000000 0.365127
56.000000 51.000000 300.000000 0.365127
60.000000 56.000000 300.000000 0.519507
56.000000 60.000000 300.000000 0.519507
58.000000 56.000000 300.000000 0.098883
56.000000 58.000000 300.000000 0.098883
58.000000 57.000000 300.000000 0.200943
57.000000 58.000000 300.000000 0.200943
50.000000 57.000000 300.000000 0.214943
57.000000 50.000000 300.000000 0.214943
57.000000 58.000000 300.000000 0.200943
58.000000 57.000000 300.000000 0.200943
56.000000 58.000000 300.000000 0.098883
58.000000 56.000000 300.000000 0.098883
58.000000 17.000000 300.000000 0.449643
78.000000 59.000000 300.000000 0.621513
59.000000 78.000000 300.000000 0.621513
59.000000 77.000000 300.000000 0.500440
56.000000 60.000000 300.000000 0.519507
60.000000 56.000000 300.000000 0.519507
18.000000 60.000000 300.000000 0.445733
60.000000 18.000000 300.000000 0.445733
52.000000 60.000000 300.000000 0.211943
60.000000 52.000000 300.000000 0.211943
50.000000 61.000000 300.000000 0.405533
61.000000 50.000000 300.000000 0.405533
62.000000 4.000000 300.000000 0.423020
102.000000 62.000000 300.000000 0.281370
62.000000 102.000000 300.000000 0.281370
63.000000 0.000000 300.000000 0.041260
63.000000 71.000000 300.000000 0.406903
3.000000 64.000000 300.000000 0.048947
64.000000 3.000000 300.000000 0.048947
92.000000 64.000000 300.000000 0.167557
64.000000 92.000000 300.000000 0.167557
64.000000 62.000000 300.000000 0.412930
65.000000 59.000000 300.000000 0.089077
66.000000 150.000000 300.000000 0.068630
66.000000 65.000000 300.000000 0.045697
67.000000 40.000000 300.000000 0.413570
109.000000 67.000000 300.000000 0.448573
67.000000 109.000000 300.000000 0.448573
42.000000 69.000000 300.000000 0.194413
69.000000 42.000000 300.000000 0.194413
71.000000 70.000000 300.000000 0.049943
73.000000 72.000000 300.000000 0.447357
72.000000 73.000000 300.000000 0.447357
72.000000 73.000000 300.000000 0.447357
73.000000 72.000000 300.000000 0.447357
54.000000 74.000000 300.000000 0.874900
74.000000 54.000000 300.000000 0.874900
74.000000 5.000000 300.000000 0.366057
153.000000 75.000000 300.000000 0.150320
75.000000 153.000000 300.000000 0.150320
54.000000 75.000000 300.000000 0.336083
75.000000 54.000000 300.000000 0.336083
7.000000 75.000000 300.000000 0.223677
75.000000 7.000000 300.000000 0.223677
78.000000 76.000000 300.000000 0.377770
76.000000 78.000000 300.000000 0.377770
55.000000 76.000000 300.000000 0.205087
76.000000 55.000000 300.000000 0.205087
79.000000 76.000000 300.000000 0.809893
76.000000 79.000000 300.000000 0.809893
77.000000 74.000000 300.000000 0.233607
79.000000 77.000000 300.000000 0.383157
77.000000 79.000000 300.000000 0.383157
76.000000 78.000000 300.000000 0.377770
78.000000 76.000000 300.000000 0.377770
59.000000 78.000000 300.000000 0.621513
78.000000 59.000000 300.000000 0.621513
79.000000 78.000000 300.000000 0.447783
78.000000 79.000000 300.000000 0.447783
76.000000 79.000000 300.000000 0.809893
79.000000 76.000000 300.000000 0.809893
77.000000 79.000000 300.000000 0.383157
79.000000 77.000000 300.000000 0.383157
78.000000 79.000000 300.000000 0.447783
79.000000 78.000000 300.000000 0.447783
80.000000 81.000000 300.000000 0.122733
155.000000 80.000000 300.000000 0.033460
80.000000 155.000000 300.000000 0.033460
154.000000 81.000000 300.000000 0.027960
81.000000 154.000000 300.000000 0.027960
81.000000 52.000000 300.000000 0.167200
82.000000 156.000000 300.000000 0.229257
83.000000 131.000000 300.000000 0.153833
98.000000 83.000000 300.000000 0.372923
83.000000 98.000000 300.000000 0.372923
84.000000 127.000000 300.000000 0.073347
84.000000 132.000000 300.000000 0.082240
140.000000 85.000000 300.000000 0.386487
85.000000 140.000000 300.000000 0.386487
86.000000 122.000000 300.000000 0.045030
86.000000 87.000000 300.000000 0.381557
87.000000 123.000000 300.000000 0.052333
88.000000 126.000000 300.000000 0.281537
89.000000 93.000000 300.000000 0.511867
89.000000 95.000000 300.000000 0.186003
90.000000 91.000000 300.000000 0.022723
91.000000 113.000000 300.000000 0.383093
92.000000 91.000000 300.000000 0.425997
91.000000 92.000000 300.000000 0.425997
91.000000 92.000000 300.000000 0.425997
92.000000 91.000000 300.000000 0.425997
64.000000 92.000000 300.000000 0.167557
92.000000 64.000000 300.000000 0.167557
100.000000 92.000000 300.000000 0.833420
92.000000 100.000000 300.000000 0.833420
93.000000 98.000000 300.000000 0.039950
96.000000 93.000000 300.000000 0.192133
93.000000 96.000000 300.000000 0.192133
94.000000 160.000000 300.000000 0.390737
96.000000 94.000000 300.000000 0.188590
94.000000 96.000000 300.000000 0.188590
95.000000 90.000000 300.000000 0.190263
96.000000 95.000000 300.000000 0.508780
95.000000 96.000000 300.000000 0.508780
94.000000 96.000000 300.000000 0.188590
96.000000 94.000000 300.000000 0.188590
93.000000 96.000000 300.000000 0.192133
96.000000 93.000000 300.000000 0.192133
95.000000 96.000000 300.000000 0.508780
96.000000 95.000000 300.000000 0.508780
157.000000 97.000000 300.000000 0.290453
97.000000 157.000000 300.000000 0.290453
97.000000 44.000000 300.000000 0.569800
98.000000 97.000000 300.000000 0.128417
83.000000 98.000000 300.000000 0.372923
98.000000 83.000000 300.000000 0.372923
102.000000 99.000000 300.000000 0.127887
99.000000 102.000000 300.000000 0.127887
158.000000 99.000000 300.000000 0.667653
99.000000 158.000000 300.000000 0.667653
107.000000 99.000000 300.000000 0.176017
99.000000 107.000000 300.000000 0.176017
92.000000 100.000000 300.000000 0.833420
100.000000 92.000000 300.000000 0.833420
158.000000 100.000000 300.000000 0.025977
100.000000 158.000000 300.000000 0.025977
101.000000 100.000000 300.000000 0.217903
100.000000 101.000000 300.000000 0.217903
100.000000 101.000000 300.000000 0.217903
101.000000 100.000000 300.000000 0.217903
99.000000 102.000000 300.000000 0.127887
102.000000 99.000000 300.000000 0.127887
105.000000 102.000000 300.000000 0.156550
102.000000 105.000000 300.000000 0.156550
62.000000 102.000000 300.000000 0.281370
102.000000 62.000000 300.000000 0.281370
103.000000 42.000000 300.000000 0.152353
105.000000 103.000000 300.000000 0.254533
103.000000 105.000000 300.000000 0.254533
105.000000 104.000000 300.000000 0.109903
104.000000 105.000000 300.000000 0.109903
106.000000 105.000000 300.000000 0.102500
105.000000 106.000000 300.000000 0.102500
104.000000 105.000000 300.000000 0.109903
105.000000 104.000000 300.000000 0.109903
103.000000 105.000000 300.000000 0.254533
105.000000 103.000000 300.000000 0.254533
102.000000 105.000000 300.000000 0.156550
105.000000 102.000000 300.000000 0.156550
105.000000 106.000000 300.000000 0.102500
106.000000 105.000000 300.000000 0.102500
108.000000 107.000000 300.000000 0.413747
107.000000 108.000000 300.000000 0.413747
109.000000 107.000000 300.000000 0.351730
107.000000 109.000000 300.000000 0.351730
99.000000 107.000000 300.000000 0.176017
107.000000 99.000000 300.000000 0.176017
108.000000 41.000000 300.000000 0.236770
107.000000 108.000000 300.000000 0.413747
108.000000 107.000000 300.000000 0.413747
107.000000 109.000000 300.000000 0.351730
109.000000 107.000000 300.000000 0.351730
110.000000 109.000000 300.000000 0.211843
109.000000 110.000000 300.000000 0.211843
67.000000 109.000000 300.000000 0.448573
109.000000 67.000000 300.000000 0.448573
109.000000 110.000000 300.000000 0.211843
110.000000 109.000000 300.000000 0.211843
111.000000 37.000000 300.000000 0.218583
112.000000 89.000000 300.000000 0.406570
112.000000 140.000000 300.000000 0.265367
116.000000 113.000000 300.000000 0.045957
113.000000 116.000000 300.000000 0.045957
113.000000 112.000000 300.000000 0.382627
114.000000 151.000000 300.000000 0.012870
115.000000 30.000000 300.000000 0.380347
113.000000 116.000000 300.000000 0.045957
116.000000 113.000000 300.000000 0.045957
116.000000 117.000000 300.000000 0.056793
116.000000 120.000000 300.000000 0.036417
117.000000 88.000000 300.000000 0.295763
129.000000 118.000000 300.000000 0.095663
118.000000 129.000000 300.000000 0.095663
119.000000 117.000000 300.000000 0.181370
119.000000 120.000000 300.000000 0.173023
120.000000 113.000000 300.000000 0.046193
120.000000 64.000000 300.000000 0.509680
121.000000 133.000000 300.000000 0.069060
121.000000 8.000000 300.000000 0.074960
122.000000 112.000000 300.000000 0.405317
122.000000 123.000000 300.000000 0.384843
123.000000 116.000000 300.000000 0.378170
124.000000 125.000000 300.000000 0.073127
125.000000 25.000000 300.000000 0.455287
126.000000 147.000000 300.000000 0.022567
126.000000 14.000000 300.000000 0.250320
128.000000 83.000000 300.000000 0.092287
129.000000 130.000000 300.000000 0.024503
118.000000 129.000000 300.000000 0.095663
129.000000 118.000000 300.000000 0.095663
130.000000 132.000000 300.000000 0.107337
131.000000 129.000000 300.000000 0.621703
132.000000 127.000000 300.000000 0.079193
133.000000 8.000000 300.000000 0.015947
133.000000 134.000000 300.000000 0.776997
134.000000 135.000000 300.000000 0.043947
134.000000 19.000000 300.000000 0.027473
135.000000 146.000000 300.000000 0.378530
136.000000 147.000000 300.000000 0.623063
136.000000 137.000000 300.000000 0.619837
137.000000 138.000000 300.000000 0.048843
137.000000 133.000000 300.000000 0.045387
138.000000 14.000000 300.000000 0.213750
140.000000 84.000000 300.000000 0.025773
85.000000 140.000000 300.000000 0.386487
140.000000 85.000000 300.000000 0.386487
142.000000 141.000000 300.000000 0.153240
141.000000 142.000000 300.000000 0.153240
141.000000 142.000000 300.000000 0.153240
142.000000 141.000000 300.000000 0.153240
143.000000 149.000000 300.000000 0.056647
164.000000 144.000000 300.000000 0.087087
144.000000 164.000000 300.000000 0.087087
145.000000 2.000000 300.000000 0.457660
164.000000 145.000000 300.000000 0.101180
145.000000 164.000000 300.000000 0.101180
146.000000 139.000000 300.000000 0.931970
147.000000 137.000000 300.000000 0.013760
147.000000 138.000000 300.000000 0.040487
29.000000 148.000000 300.000000 0.196347
148.000000 29.000000 300.000000 0.196347
30.000000 148.000000 300.000000 0.160353
148.000000 30.000000 300.000000 0.160353
149.000000 148.000000 300.000000 0.415450
148.000000 149.000000 300.000000 0.415450
149.000000 28.000000 300.000000 0.161740
148.000000 149.000000 300.000000 0.415450
149.000000 148.000000 300.000000 0.415450
150.000000 20.000000 300.000000 1.702997
151.000000 115.000000 300.000000 0.402803
153.000000 152.000000 300.000000 0.063400
152.000000 153.000000 300.000000 0.063400
152.000000 153.000000 300.000000 0.063400
153.000000 152.000000 300.000000 0.063400
75.000000 153.000000 300.000000 0.150320
153.000000 75.000000 300.000000 0.150320
36.000000 153.000000 300.000000 0.314270
153.000000 36.000000 300.000000 0.314270
81.000000 154.000000 300.000000 0.027960
154.000000 81.000000 300.000000 0.027960
80.000000 155.000000 300.000000 0.033460
155.000000 80.000000 300.000000 0.033460
156.000000 128.000000 300.000000 0.181917
97.000000 157.000000 300.000000 0.290453
157.000000 97.000000 300.000000 0.290453
159.000000 158.000000 300.000000 0.088540
158.000000 159.000000 300.000000 0.088540
100.000000 158.000000 300.000000 0.025977
158.000000 100.000000 300.000000 0.025977
99.000000 158.000000 300.000000 0.667653
158.000000 99.000000 300.000000 0.667653
158.000000 159.000000 300.000000 0.088540
159.000000 158.000000 300.000000 0.088540
160.000000 90.000000 300.000000 0.112873
161.000000 160.000000 300.000000 0.153577
160.000000 161.000000 300.000000 0.153577
160.000000 161.000000 300.000000 0.153577
161.000000 160.000000 300.000000 0.153577
163.000000 161.000000 300.000000 0.068863
161.000000 163.000000 300.000000 0.068863
162.000000 161.000000 300.000000 0.039037
161.000000 162.000000 300.000000 0.039037
161.000000 162.000000 300.000000 0.039037
162.000000 161.000000 300.000000 0.039037
161.000000 163.000000 300.000000 0.068863
163.000000 161.000000 300.000000 0.068863
144.000000 164.000000 300.000000 0.087087
164.000000 144.000000 300.000000 0.087087
165.000000 164.000000 300.000000 0.078280
164.000000 165.000000 300.000000 0.078280
145.000000 164.000000 300.000000 0.101180
164.000000 145.000000 300.000000 0.101180
164.000000 165.000000 300.000000 0.078280
165.000000 164.000000 300.000000 0.078280
