49.000000 0.000000 300.000000 0.971253
0.000000 49.000000 300.000000 0.971253
0.000000 46.000000 300.000000 1.004190
0.000000 33.000000 300.000000 0.422713
1.000000 48.000000 300.000000 0.113787
2.000000 55.000000 300.000000 0.492607
2.000000 42.000000 300.000000 0.096910
3.000000 46.000000 300.000000 1.000413
4.000000 51.000000 300.000000 0.065650
4.000000 45.000000 300.000000 1.317977
5.000000 42.000000 300.000000 0.197477
5.000000 2.000000 300.000000 0.152530
6.000000 27.000000 300.000000 0.374043
7.000000 54.000000 300.000000 0.131203
7.000000 6.000000 300.000000 0.116757
10.000000 9.000000 300.000000 0.119807
9.000000 10.000000 300.000000 0.119807
9.000000 17.000000 300.000000 0.258747
16.000000 9.000000 300.000000 0.253820
9.000000 16.000000 300.000000 0.253820
9.000000 10.000000 300.000000 0.119807
10.000000 9.000000 300.000000 0.119807
21.000000 11.000000 300.000000 0.213220
11.000000 21.000000 300.000000 0.213220
13.000000 12.000000 300.000000 0.109547
12.000000 13.000000 300.000000 0.109547
36.000000 12.000000 300.000000 0.233367
12.000000 36.000000 300.000000 0.233367
15.000000 12.000000 300.000000 0.311533
12.000000 15.000000 300.000000 0.311533
12.000000 13.000000 300.000000 0.109547
13.000000 12.000000 300.000000 0.109547
14.000000 13.000000 300.000000 0.046633
13.000000 14.000000 300.000000 0.046633
15.000000 13.000000 300.000000 0.241833
13.000000 15.000000 300.000000 0.241833
13.000000 14.000000 300.000000 0.046633
14.000000 13.000000 300.000000 0.046633
12.000000 15.000000 300.000000 0.311533
15.000000 12.000000 300.000000 0.311533
13.000000 15.000000 300.000000 0.241833
15.000000 13.000000 300.000000 0.241833
16.000000 15.000000 300.000000 0.121727
15.000000 16.000000 300.000000 0.121727
18.000000 16.000000 300.000000 0.330910
16.000000 18.000000 300.000000 0.330910
9.000000 16.000000 300.000000 0.253820
16.000000 9.000000 300.000000 0.253820
17.000000 16.000000 300.000000 0.081557
16.000000 17.000000 300.000000 0.081557
15.000000 16.000000 300.000000 0.121727
16.000000 15.000000 300.000000 0.121727
17.000000 20.000000 300.000000 0.373337
16.000000 17.000000 300.000000 0.081557
17.000000 16.000000 300.000000 0.081557
21.000000 18.000000 300.000000 0.149747
18.000000 21.000000 300.000000 0.149747
19.000000 18.000000 300.000000 0.055440
18.000000 19.000000 300.000000 0.055440
16.000000 18.000000 300.000000 0.330910
18.000000 16.000000 300.000000 0.330910
43.000000 19.000000 300.000000 0.249313
19.000000 43.000000 300.000000 0.249313
20.000000 19.000000 300.000000 0.115417
19.000000 20.000000 300.000000 0.115417
18.000000 19.000000 300.000000 0.055440
19.000000 18.000000 300.000000 0.055440
19.000000 20.000000 300.000000 0.115417
20.000000 19.000000 300.000000 0.115417
20.000000 53.000000 300.000000 0.390937
11.000000 21.000000 300.000000 0.213220
21.000000 11.000000 300.000000 0.213220
18.000000 21.000000 300.000000 0.149747
21.000000 18.000000 300.000000 0.149747
37.000000 21.000000 300.000000 0.279510
21.000000 37.000000 300.000000 0.279510
23.000000 22.000000 300.000000 0.345113
22.000000 23.000000 300.000000 0.345113
22.000000 51.000000 300.000000 0.122033
22.000000 23.000000 300.000000 0.345113
23.000000 22.000000 300.000000 0.345113
35.000000 23.000000 300.000000 0.159970
23.000000 35.000000 300.000000 0.159970
52.000000 23.000000 300.000000 1.189293
23.000000 52.000000 300.000000 1.189293
34.000000 24.000000 300.000000 0.194330
24.000000 34.000000 300.000000 0.194330
35.000000 24.000000 300.000000 1.961977
24.000000 35.000000 300.000000 1.961977
26.000000 24.000000 300.000000 0.452177
24.000000 26.000000 300.000000 0.452177
52.000000 25.000000 300.000000 0.150570
25.000000 52.000000 300.000000 0.150570
25.000000 22.000000 300.000000 1.207680
24.000000 26.000000 300.000000 0.452177
26.000000 24.000000 300.000000 0.452177
52.000000 26.000000 300.000000 0.511520
26.000000 52.000000 300.000000 0.511520
27.000000 26.000000 300.000000 0.177443
26.000000 27.000000 300.000000 0.177443
26.000000 27.000000 300.000000 0.177443
27.000000 26.000000 300.000000 0.177443
27.000000 25.000000 300.000000 0.519813
28.000000 50.000000 300.000000 0.467350
30.000000 29.000000 300.000000 0.090760
29.000000 30.000000 300.000000 0.090760
29.000000 28.000000 300.000000 0.113990
29.000000 30.000000 300.000000 0.090760
30.000000 29.000000 300.000000 0.090760
31.000000 2.000000 300.000000 0.352403
47.000000 32.000000 300.000000 0.391090
32.000000 47.000000 300.000000 0.391090
33.000000 8.000000 300.000000 0.463730
24.000000 34.000000 300.000000 0.194330
34.000000 24.000000 300.000000 0.194330
34.000000 29.000000 300.000000 0.043287
36.000000 35.000000 300.000000 0.017813
35.000000 36.000000 300.000000 0.017813
23.000000 35.000000 300.000000 0.159970
35.000000 23.000000 300.000000 0.159970
24.000000 35.000000 300.000000 1.961977
35.000000 24.000000 300.000000 1.961977
35.000000 36.000000 300.000000 0.017813
36.000000 35.000000 300.000000 0.017813
12.000000 36.000000 300.000000 0.233367
36.000000 12.000000 300.000000 0.233367
43.000000 37.000000 300.000000 0.147213
37.000000 43.000000 300.000000 0.147213
21.000000 37.000000 300.000000 0.279510
37.000000 21.000000 300.000000 0.279510
49.000000 37.000000 300.000000 0.503820
37.000000 49.000000 300.000000 0.503820
38.000000 39.000000 300.000000 0.078133
38.000000 1.000000 300.000000 1.377153
39.000000 40.000000 300.000000 0.776690
41.000000 40.000000 300.000000 0.060637
40.000000 41.000000 300.000000 0.060637
40.000000 4.000000 300.000000 0.554057
40.000000 41.000000 300.000000 0.060637
41.000000 40.000000 300.000000 0.060637
41.000000 38.000000 300.000000 0.760620
19.000000 43.000000 300.000000 0.249313
43.000000 19.000000 300.000000 0.249313
37.000000 43.000000 300.000000 0.147213
43.000000 37.000000 300.000000 0.147213
44.000000 43.000000 300.000000 0.113223
43.000000 44.000000 300.000000 0.113223
43.000000 44.000000 300.000000 0.113223
44.000000 43.000000 300.000000 0.113223
45.000000 25.000000 300.000000 0.060623
45.000000 7.000000 300.000000 0.819070
46.000000 39.000000 300.000000 0.326103
47.000000 31.000000 300.000000 0.255560
32.000000 47.000000 300.000000 0.391090
47.000000 32.000000 300.000000 0.391090
48.000000 33.000000 300.000000 0.186603
0.000000 49.000000 300.000000 0.971253
49.000000 0.000000 300.000000 0.971253
53.000000 49.000000 300.000000 0.434510
49.000000 53.000000 300.000000 0.434510
37.000000 49.000000 300.000000 0.503820
49.000000 37.000000 300.000000 0.503820
50.000000 31.000000 300.000000 0.016613
50.000000 47.000000 300.000000 0.246570
51.000000 41.000000 300.000000 0.538337
26.000000 52.000000 300.000000 0.511520
52.000000 26.000000 300.000000 0.511520
23.000000 52.000000 300.000000 1.189293
52.000000 23.000000 300.000000 1.189293
25.000000 52.000000 300.000000 0.150570
52.000000 25.000000 300.000000 0.150570
49.000000 53.000000 300.000000 0.434510
53.000000 49.000000 300.000000 0.434510
54.000000 5.000000 300.000000 0.446583
55.000000 6.000000 300.000000 0.163427
55.000000 54.000000 300.000000 0.150317
