0.000000 121.000000 300.000000 0.039553
0.000000 21.000000 300.000000 0.300347
73.000000 1.000000 300.000000 0.390100
1.000000 73.000000 300.000000 0.390100
58.000000 2.000000 300.000000 0.274737
2.000000 58.000000 300.000000 0.274737
60.000000 2.000000 300.000000 0.305987
2.000000 60.000000 300.000000 0.305987
2.000000 50.000000 300.000000 0.503047
58.000000 3.000000 300.000000 0.264337
3.000000 58.000000 300.000000 0.264337
8.000000 4.000000 300.000000 0.309793
4.000000 8.000000 300.000000 0.309793
56.000000 4.000000 300.000000 0.615590
4.000000 56.000000 300.000000 0.615590
4.000000 2.000000 300.000000 0.376067
5.000000 43.000000 300.000000 0.446317
39.000000 5.000000 300.000000 0.263833
5.000000 39.000000 300.000000 0.263833
26.000000 5.000000 300.000000 0.404873
5.000000 26.000000 300.000000 0.404873
13.000000 6.000000 300.000000 0.474510
6.000000 13.000000 300.000000 0.474510
80.000000 7.000000 300.000000 0.303070
7.000000 80.000000 300.000000 0.303070
7.000000 24.000000 300.000000 0.194397
8.000000 34.000000 300.000000 0.203257
4.000000 8.000000 300.000000 0.309793
8.000000 4.000000 300.000000 0.309793
55.000000 9.000000 300.000000 0.432670
9.000000 55.000000 300.000000 0.432670
11.000000 10.000000 300.000000 0.522623
10.000000 11.000000 300.000000 0.522623
22.000000 10.000000 300.000000 0.291760
10.000000 22.000000 300.000000 0.291760
81.000000 10.000000 300.000000 0.469003
10.000000 81.000000 300.000000 0.469003
116.000000 11.000000 300.000000 0.343270
11.000000 116.000000 300.000000 0.343270
33.000000 11.000000 300.000000 0.274113
11.000000 33.000000 300.000000 0.274113
10.000000 11.000000 300.000000 0.522623
11.000000 10.000000 300.000000 0.522623
36.000000 11.000000 300.000000 0.434893
11.000000 36.000000 300.000000 0.434893
76.000000 12.000000 300.000000 0.274977
12.000000 76.000000 300.000000 0.274977
42.000000 12.000000 300.000000 0.426277
12.000000 42.000000 300.000000 0.426277
6.000000 13.000000 300.000000 0.474510
13.000000 6.000000 300.000000 0.474510
40.000000 14.000000 300.000000 0.298157
14.000000 40.000000 300.000000 0.298157
20.000000 14.000000 300.000000 0.537210
14.000000 20.000000 300.000000 0.537210
99.000000 15.000000 300.000000 0.205547
15.000000 99.000000 300.000000 0.205547
103.000000 15.000000 300.000000 0.218513
15.000000 103.000000 300.000000 0.218513
26.000000 15.000000 300.000000 0.444310
15.000000 26.000000 300.000000 0.444310
78.000000 16.000000 300.000000 0.263757
16.000000 78.000000 300.000000 0.263757
49.000000 16.000000 300.000000 0.271237
16.000000 49.000000 300.000000 0.271237
28.000000 16.000000 300.000000 0.519310
16.000000 28.000000 300.000000 0.519310
95.000000 16.000000 300.000000 0.413560
16.000000 95.000000 300.000000 0.413560
46.000000 18.000000 300.000000 0.122717
18.000000 46.000000 300.000000 0.122717
27.000000 19.000000 300.000000 0.493517
19.000000 27.000000 300.000000 0.493517
19.000000 4.000000 300.000000 0.097040
47.000000 20.000000 300.000000 0.527867
20.000000 47.000000 300.000000 0.527867
48.000000 20.000000 300.000000 0.279247
20.000000 48.000000 300.000000 0.279247
14.000000 20.000000 300.000000 0.537210
20.000000 14.000000 300.000000 0.537210
21.000000 70.000000 300.000000 0.140050
39.000000 21.000000 300.000000 0.346763
21.000000 39.000000 300.000000 0.346763
83.000000 22.000000 300.000000 0.482367
22.000000 83.000000 300.000000 0.482367
125.000000 22.000000 300.000000 0.119633
22.000000 125.000000 300.000000 0.119633
10.000000 22.000000 300.000000 0.291760
22.000000 10.000000 300.000000 0.291760
59.000000 22.000000 300.000000 0.694743
22.000000 59.000000 300.000000 0.694743
101.000000 23.000000 300.000000 0.190230
23.000000 101.000000 300.000000 0.190230
105.000000 23.000000 300.000000 0.307417
23.000000 105.000000 300.000000 0.307417
66.000000 23.000000 300.000000 0.274480
23.000000 66.000000 300.000000 0.274480
103.000000 23.000000 300.000000 0.212150
23.000000 103.000000 300.000000 0.212150
24.000000 19.000000 300.000000 0.086503
34.000000 24.000000 300.000000 0.302337
24.000000 34.000000 300.000000 0.302337
58.000000 25.000000 300.000000 0.262687
25.000000 58.000000 300.000000 0.262687
56.000000 25.000000 300.000000 0.350683
25.000000 56.000000 300.000000 0.350683
29.000000 25.000000 300.000000 0.588157
25.000000 29.000000 300.000000 0.588157
122.000000 25.000000 300.000000 0.101270
25.000000 122.000000 300.000000 0.101270
36.000000 26.000000 300.000000 0.271690
26.000000 36.000000 300.000000 0.271690
33.000000 26.000000 300.000000 0.439100
26.000000 33.000000 300.000000 0.439100
5.000000 26.000000 300.000000 0.404873
26.000000 5.000000 300.000000 0.404873
15.000000 26.000000 300.000000 0.444310
26.000000 15.000000 300.000000 0.444310
52.000000 27.000000 300.000000 0.271217
27.000000 52.000000 300.000000 0.271217
19.000000 27.000000 300.000000 0.493517
27.000000 19.000000 300.000000 0.493517
47.000000 27.000000 300.000000 0.534360
27.000000 47.000000 300.000000 0.534360
16.000000 28.000000 300.000000 0.519310
28.000000 16.000000 300.000000 0.519310
28.000000 75.000000 300.000000 0.261167
42.000000 28.000000 300.000000 0.522033
28.000000 42.000000 300.000000 0.522033
48.000000 28.000000 300.000000 0.265130
28.000000 48.000000 300.000000 0.265130
29.000000 37.000000 300.000000 0.263590
25.000000 29.000000 300.000000 0.588157
29.000000 25.000000 300.000000 0.588157
41.000000 31.000000 300.000000 0.242113
31.000000 41.000000 300.000000 0.242113
82.000000 31.000000 300.000000 0.291523
31.000000 82.000000 300.000000 0.291523
31.000000 7.000000 300.000000 0.314680
46.000000 32.000000 300.000000 0.400053
32.000000 46.000000 300.000000 0.400053
35.000000 33.000000 300.000000 0.272290
33.000000 35.000000 300.000000 0.272290
11.000000 33.000000 300.000000 0.274113
33.000000 11.000000 300.000000 0.274113
26.000000 33.000000 300.000000 0.439100
33.000000 26.000000 300.000000 0.439100
101.000000 33.000000 300.000000 0.245903
33.000000 101.000000 300.000000 0.245903
131.000000 34.000000 300.000000 0.284293
34.000000 131.000000 300.000000 0.284293
34.000000 80.000000 300.000000 0.218243
24.000000 34.000000 300.000000 0.302337
34.000000 24.000000 300.000000 0.302337
125.000000 35.000000 300.000000 0.123177
35.000000 125.000000 300.000000 0.123177
33.000000 35.000000 300.000000 0.272290
35.000000 33.000000 300.000000 0.272290
110.000000 35.000000 300.000000 0.262797
35.000000 110.000000 300.000000 0.262797
11.000000 36.000000 300.000000 0.434893
36.000000 11.000000 300.000000 0.434893
39.000000 36.000000 300.000000 0.418080
36.000000 39.000000 300.000000 0.418080
26.000000 36.000000 300.000000 0.271690
36.000000 26.000000 300.000000 0.271690
58.000000 37.000000 300.000000 0.546707
37.000000 58.000000 300.000000 0.546707
37.000000 50.000000 300.000000 0.267520
39.000000 38.000000 300.000000 0.310040
38.000000 39.000000 300.000000 0.310040
38.000000 0.000000 300.000000 0.358017
36.000000 39.000000 300.000000 0.418080
39.000000 36.000000 300.000000 0.418080
5.000000 39.000000 300.000000 0.263833
39.000000 5.000000 300.000000 0.263833
38.000000 39.000000 300.000000 0.310040
39.000000 38.000000 300.000000 0.310040
21.000000 39.000000 300.000000 0.346763
39.000000 21.000000 300.000000 0.346763
42.000000 40.000000 300.000000 0.258460
40.000000 42.000000 300.000000 0.258460
14.000000 40.000000 300.000000 0.298157
40.000000 14.000000 300.000000 0.298157
48.000000 40.000000 300.000000 0.523297
40.000000 48.000000 300.000000 0.523297
31.000000 41.000000 300.000000 0.242113
41.000000 31.000000 300.000000 0.242113
84.000000 41.000000 300.000000 0.276180
41.000000 84.000000 300.000000 0.276180
52.000000 41.000000 300.000000 0.411063
41.000000 52.000000 300.000000 0.411063
73.000000 42.000000 300.000000 0.258663
42.000000 73.000000 300.000000 0.258663
40.000000 42.000000 300.000000 0.258460
42.000000 40.000000 300.000000 0.258460
12.000000 42.000000 300.000000 0.426277
42.000000 12.000000 300.000000 0.426277
28.000000 42.000000 300.000000 0.522033
42.000000 28.000000 300.000000 0.522033
45.000000 43.000000 300.000000 0.326273
43.000000 45.000000 300.000000 0.326273
99.000000 43.000000 300.000000 0.197013
43.000000 99.000000 300.000000 0.197013
43.000000 17.000000 300.000000 0.500073
66.000000 44.000000 300.000000 0.213530
44.000000 66.000000 300.000000 0.213530
43.000000 45.000000 300.000000 0.326273
45.000000 43.000000 300.000000 0.326273
45.000000 17.000000 300.000000 0.605897
18.000000 46.000000 300.000000 0.122717
46.000000 18.000000 300.000000 0.122717
32.000000 46.000000 300.000000 0.400053
46.000000 32.000000 300.000000 0.400053
49.000000 47.000000 300.000000 0.263690
47.000000 49.000000 300.000000 0.263690
20.000000 47.000000 300.000000 0.527867
47.000000 20.000000 300.000000 0.527867
27.000000 47.000000 300.000000 0.534360
47.000000 27.000000 300.000000 0.534360
40.000000 48.000000 300.000000 0.523297
48.000000 40.000000 300.000000 0.523297
20.000000 48.000000 300.000000 0.279247
48.000000 20.000000 300.000000 0.279247
49.000000 48.000000 300.000000 0.527590
48.000000 49.000000 300.000000 0.527590
28.000000 48.000000 300.000000 0.265130
48.000000 28.000000 300.000000 0.265130
16.000000 49.000000 300.000000 0.271237
49.000000 16.000000 300.000000 0.271237
47.000000 49.000000 300.000000 0.263690
49.000000 47.000000 300.000000 0.263690
52.000000 49.000000 300.000000 0.507270
49.000000 52.000000 300.000000 0.507270
48.000000 49.000000 300.000000 0.527590
49.000000 48.000000 300.000000 0.527590
50.000000 63.000000 300.000000 0.263070
77.000000 51.000000 300.000000 0.266433
51.000000 77.000000 300.000000 0.266433
27.000000 52.000000 300.000000 0.271217
52.000000 27.000000 300.000000 0.271217
84.000000 52.000000 300.000000 0.263367
52.000000 84.000000 300.000000 0.263367
41.000000 52.000000 300.000000 0.411063
52.000000 41.000000 300.000000 0.411063
49.000000 52.000000 300.000000 0.507270
52.000000 49.000000 300.000000 0.507270
68.000000 53.000000 300.000000 0.276300
53.000000 68.000000 300.000000 0.276300
69.000000 54.000000 300.000000 0.284907
54.000000 69.000000 300.000000 0.284907
67.000000 54.000000 300.000000 0.361320
54.000000 67.000000 300.000000 0.361320
72.000000 54.000000 300.000000 0.323890
54.000000 72.000000 300.000000 0.323890
57.000000 55.000000 300.000000 0.285970
55.000000 57.000000 300.000000 0.285970
123.000000 55.000000 300.000000 0.155067
55.000000 123.000000 300.000000 0.155067
9.000000 55.000000 300.000000 0.432670
55.000000 9.000000 300.000000 0.432670
4.000000 56.000000 300.000000 0.615590
56.000000 4.000000 300.000000 0.615590
123.000000 56.000000 300.000000 0.138737
56.000000 123.000000 300.000000 0.138737
25.000000 56.000000 300.000000 0.350683
56.000000 25.000000 300.000000 0.350683
55.000000 57.000000 300.000000 0.285970
57.000000 55.000000 300.000000 0.285970
122.000000 57.000000 300.000000 0.151950
57.000000 122.000000 300.000000 0.151950
37.000000 58.000000 300.000000 0.546707
58.000000 37.000000 300.000000 0.546707
25.000000 58.000000 300.000000 0.262687
58.000000 25.000000 300.000000 0.262687
2.000000 58.000000 300.000000 0.274737
58.000000 2.000000 300.000000 0.274737
3.000000 58.000000 300.000000 0.264337
58.000000 3.000000 300.000000 0.264337
131.000000 59.000000 300.000000 0.012937
59.000000 131.000000 300.000000 0.012937
22.000000 59.000000 300.000000 0.694743
59.000000 22.000000 300.000000 0.694743
83.000000 59.000000 300.000000 0.233690
59.000000 83.000000 300.000000 0.233690
62.000000 60.000000 300.000000 0.280723
60.000000 62.000000 300.000000 0.280723
60.000000 8.000000 300.000000 0.327053
2.000000 60.000000 300.000000 0.305987
60.000000 2.000000 300.000000 0.305987
62.000000 61.000000 300.000000 0.247357
61.000000 62.000000 300.000000 0.247357
131.000000 61.000000 300.000000 0.270660
61.000000 131.000000 300.000000 0.270660
60.000000 62.000000 300.000000 0.280723
62.000000 60.000000 300.000000 0.280723
118.000000 62.000000 300.000000 0.025383
62.000000 118.000000 300.000000 0.025383
61.000000 62.000000 300.000000 0.247357
62.000000 61.000000 300.000000 0.247357
63.000000 64.000000 300.000000 0.273897
63.000000 60.000000 300.000000 0.445593
118.000000 64.000000 300.000000 0.372290
64.000000 118.000000 300.000000 0.372290
93.000000 65.000000 300.000000 0.201660
65.000000 93.000000 300.000000 0.201660
115.000000 65.000000 300.000000 0.302557
65.000000 115.000000 300.000000 0.302557
23.000000 66.000000 300.000000 0.274480
66.000000 23.000000 300.000000 0.274480
44.000000 66.000000 300.000000 0.213530
66.000000 44.000000 300.000000 0.213530
110.000000 66.000000 300.000000 0.176710
66.000000 110.000000 300.000000 0.176710
108.000000 66.000000 300.000000 0.463983
66.000000 108.000000 300.000000 0.463983
68.000000 67.000000 300.000000 0.319913
67.000000 68.000000 300.000000 0.319913
88.000000 67.000000 300.000000 0.294600
67.000000 88.000000 300.000000 0.294600
54.000000 67.000000 300.000000 0.361320
67.000000 54.000000 300.000000 0.361320
85.000000 67.000000 300.000000 0.666377
67.000000 85.000000 300.000000 0.666377
67.000000 68.000000 300.000000 0.319913
68.000000 67.000000 300.000000 0.319913
53.000000 68.000000 300.000000 0.276300
68.000000 53.000000 300.000000 0.276300
91.000000 68.000000 300.000000 0.291270
68.000000 91.000000 300.000000 0.291270
72.000000 68.000000 300.000000 0.378613
68.000000 72.000000 300.000000 0.378613
54.000000 69.000000 300.000000 0.284907
69.000000 54.000000 300.000000 0.284907
90.000000 69.000000 300.000000 0.241783
69.000000 90.000000 300.000000 0.241783
70.000000 45.000000 300.000000 0.563363
71.000000 70.000000 300.000000 0.049680
71.000000 121.000000 300.000000 0.441490
68.000000 72.000000 300.000000 0.378613
72.000000 68.000000 300.000000 0.378613
54.000000 72.000000 300.000000 0.323890
72.000000 54.000000 300.000000 0.323890
117.000000 72.000000 300.000000 0.408603
72.000000 117.000000 300.000000 0.408603
42.000000 73.000000 300.000000 0.258663
73.000000 42.000000 300.000000 0.258663
1.000000 73.000000 300.000000 0.390100
73.000000 1.000000 300.000000 0.390100
76.000000 73.000000 300.000000 0.456520
73.000000 76.000000 300.000000 0.456520
75.000000 73.000000 300.000000 0.516167
73.000000 75.000000 300.000000 0.516167
119.000000 74.000000 300.000000 0.271850
74.000000 119.000000 300.000000 0.271850
74.000000 41.000000 300.000000 0.252727
113.000000 74.000000 300.000000 0.249480
74.000000 113.000000 300.000000 0.249480
75.000000 78.000000 300.000000 0.517100
73.000000 75.000000 300.000000 0.516167
75.000000 73.000000 300.000000 0.516167
12.000000 76.000000 300.000000 0.274977
76.000000 12.000000 300.000000 0.274977
73.000000 76.000000 300.000000 0.456520
76.000000 73.000000 300.000000 0.456520
119.000000 77.000000 300.000000 0.025427
77.000000 119.000000 300.000000 0.025427
51.000000 77.000000 300.000000 0.266433
77.000000 51.000000 300.000000 0.266433
16.000000 78.000000 300.000000 0.263757
78.000000 16.000000 300.000000 0.263757
78.000000 77.000000 300.000000 0.496163
81.000000 79.000000 300.000000 0.410557
79.000000 81.000000 300.000000 0.410557
82.000000 80.000000 300.000000 0.306547
80.000000 82.000000 300.000000 0.306547
7.000000 80.000000 300.000000 0.303070
80.000000 7.000000 300.000000 0.303070
83.000000 80.000000 300.000000 0.281967
80.000000 83.000000 300.000000 0.281967
83.000000 81.000000 300.000000 0.300603
81.000000 83.000000 300.000000 0.300603
79.000000 81.000000 300.000000 0.410557
81.000000 79.000000 300.000000 0.410557
82.000000 81.000000 300.000000 0.292470
81.000000 82.000000 300.000000 0.292470
10.000000 81.000000 300.000000 0.469003
81.000000 10.000000 300.000000 0.469003
31.000000 82.000000 300.000000 0.291523
82.000000 31.000000 300.000000 0.291523
80.000000 82.000000 300.000000 0.306547
82.000000 80.000000 300.000000 0.306547
81.000000 82.000000 300.000000 0.292470
82.000000 81.000000 300.000000 0.292470
22.000000 83.000000 300.000000 0.482367
83.000000 22.000000 300.000000 0.482367
81.000000 83.000000 300.000000 0.300603
83.000000 81.000000 300.000000 0.300603
80.000000 83.000000 300.000000 0.281967
83.000000 80.000000 300.000000 0.281967
59.000000 83.000000 300.000000 0.233690
83.000000 59.000000 300.000000 0.233690
119.000000 84.000000 300.000000 0.261173
84.000000 119.000000 300.000000 0.261173
95.000000 84.000000 300.000000 0.107087
84.000000 95.000000 300.000000 0.107087
52.000000 84.000000 300.000000 0.263367
84.000000 52.000000 300.000000 0.263367
41.000000 84.000000 300.000000 0.276180
84.000000 41.000000 300.000000 0.276180
86.000000 85.000000 300.000000 0.293600
85.000000 86.000000 300.000000 0.293600
67.000000 85.000000 300.000000 0.666377
85.000000 67.000000 300.000000 0.666377
87.000000 86.000000 300.000000 0.133517
86.000000 87.000000 300.000000 0.133517
85.000000 86.000000 300.000000 0.293600
86.000000 85.000000 300.000000 0.293600
88.000000 86.000000 300.000000 0.636413
86.000000 88.000000 300.000000 0.636413
86.000000 87.000000 300.000000 0.133517
87.000000 86.000000 300.000000 0.133517
89.000000 88.000000 300.000000 0.231940
88.000000 89.000000 300.000000 0.231940
67.000000 88.000000 300.000000 0.294600
88.000000 67.000000 300.000000 0.294600
86.000000 88.000000 300.000000 0.636413
88.000000 86.000000 300.000000 0.636413
88.000000 89.000000 300.000000 0.231940
89.000000 88.000000 300.000000 0.231940
69.000000 90.000000 300.000000 0.241783
90.000000 69.000000 300.000000 0.241783
92.000000 91.000000 300.000000 0.270623
91.000000 92.000000 300.000000 0.270623
68.000000 91.000000 300.000000 0.291270
91.000000 68.000000 300.000000 0.291270
91.000000 128.000000 300.000000 0.295257
91.000000 92.000000 300.000000 0.270623
92.000000 91.000000 300.000000 0.270623
65.000000 93.000000 300.000000 0.201660
93.000000 65.000000 300.000000 0.201660
94.000000 93.000000 300.000000 0.061003
93.000000 94.000000 300.000000 0.061003
93.000000 94.000000 300.000000 0.061003
94.000000 93.000000 300.000000 0.061003
117.000000 94.000000 300.000000 0.131023
94.000000 117.000000 300.000000 0.131023
84.000000 95.000000 300.000000 0.107087
95.000000 84.000000 300.000000 0.107087
96.000000 95.000000 300.000000 0.143257
95.000000 96.000000 300.000000 0.143257
16.000000 95.000000 300.000000 0.413560
95.000000 16.000000 300.000000 0.413560
95.000000 96.000000 300.000000 0.143257
96.000000 95.000000 300.000000 0.143257
118.000000 98.000000 300.000000 0.160567
98.000000 118.000000 300.000000 0.160567
43.000000 99.000000 300.000000 0.197013
99.000000 43.000000 300.000000 0.197013
15.000000 99.000000 300.000000 0.205547
99.000000 15.000000 300.000000 0.205547
100.000000 99.000000 300.000000 0.338327
99.000000 100.000000 300.000000 0.338327
99.000000 100.000000 300.000000 0.338327
100.000000 99.000000 300.000000 0.338327
23.000000 101.000000 300.000000 0.190230
101.000000 23.000000 300.000000 0.190230
130.000000 101.000000 300.000000 0.219673
101.000000 130.000000 300.000000 0.219673
33.000000 101.000000 300.000000 0.245903
101.000000 33.000000 300.000000 0.245903
130.000000 102.000000 300.000000 0.053167
102.000000 130.000000 300.000000 0.053167
15.000000 103.000000 300.000000 0.218513
103.000000 15.000000 300.000000 0.218513
130.000000 103.000000 300.000000 0.187797
103.000000 130.000000 300.000000 0.187797
23.000000 103.000000 300.000000 0.212150
103.000000 23.000000 300.000000 0.212150
104.000000 103.000000 300.000000 0.193150
103.000000 104.000000 300.000000 0.193150
103.000000 104.000000 300.000000 0.193150
104.000000 103.000000 300.000000 0.193150
23.000000 105.000000 300.000000 0.307417
105.000000 23.000000 300.000000 0.307417
106.000000 105.000000 300.000000 0.211940
105.000000 106.000000 300.000000 0.211940
105.000000 106.000000 300.000000 0.211940
106.000000 105.000000 300.000000 0.211940
66.000000 108.000000 300.000000 0.463983
108.000000 66.000000 300.000000 0.463983
120.000000 110.000000 300.000000 0.029767
110.000000 120.000000 300.000000 0.029767
35.000000 110.000000 300.000000 0.262797
110.000000 35.000000 300.000000 0.262797
66.000000 110.000000 300.000000 0.176710
110.000000 66.000000 300.000000 0.176710
111.000000 112.000000 300.000000 0.146087
112.000000 71.000000 300.000000 1.257310
113.000000 31.000000 300.000000 0.259977
74.000000 113.000000 300.000000 0.249480
113.000000 74.000000 300.000000 0.249480
115.000000 129.000000 300.000000 0.289937
65.000000 115.000000 300.000000 0.302557
115.000000 65.000000 300.000000 0.302557
11.000000 116.000000 300.000000 0.343270
116.000000 11.000000 300.000000 0.343270
94.000000 117.000000 300.000000 0.131023
117.000000 94.000000 300.000000 0.131023
72.000000 117.000000 300.000000 0.408603
117.000000 72.000000 300.000000 0.408603
62.000000 118.000000 300.000000 0.025383
118.000000 62.000000 300.000000 0.025383
64.000000 118.000000 300.000000 0.372290
118.000000 64.000000 300.000000 0.372290
98.000000 118.000000 300.000000 0.160567
118.000000 98.000000 300.000000 0.160567
84.000000 119.000000 300.000000 0.261173
119.000000 84.000000 300.000000 0.261173
74.000000 119.000000 300.000000 0.271850
119.000000 74.000000 300.000000 0.271850
77.000000 119.000000 300.000000 0.025427
119.000000 77.000000 300.000000 0.025427
110.000000 120.000000 300.000000 0.029767
120.000000 110.000000 300.000000 0.029767
123.000000 122.000000 300.000000 0.332663
122.000000 123.000000 300.000000 0.332663
57.000000 122.000000 300.000000 0.151950
122.000000 57.000000 300.000000 0.151950
25.000000 122.000000 300.000000 0.101270
122.000000 25.000000 300.000000 0.101270
122.000000 123.000000 300.000000 0.332663
123.000000 122.000000 300.000000 0.332663
56.000000 123.000000 300.000000 0.138737
123.000000 56.000000 300.000000 0.138737
55.000000 123.000000 300.000000 0.155067
123.000000 55.000000 300.000000 0.155067
125.000000 124.000000 300.000000 0.199590
124.000000 125.000000 300.000000 0.199590
22.000000 125.000000 300.000000 0.119633
125.000000 22.000000 300.000000 0.119633
35.000000 125.000000 300.000000 0.123177
125.000000 35.000000 300.000000 0.123177
124.000000 125.000000 300.000000 0.199590
125.000000 124.000000 300.000000 0.199590
126.000000 127.000000 300.000000 0.874240
127.000000 128.000000 300.000000 0.310870
127.000000 88.000000 300.000000 0.291433
128.000000 129.000000 300.000000 0.432737
101.000000 130.000000 300.000000 0.219673
130.000000 101.000000 300.000000 0.219673
103.000000 130.000000 300.000000 0.187797
130.000000 103.000000 300.000000 0.187797
102.000000 130.000000 300.000000 0.053167
130.000000 102.000000 300.000000 0.053167
59.000000 131.000000 300.000000 0.012937
131.000000 59.000000 300.000000 0.012937
34.000000 131.000000 300.000000 0.284293
131.000000 34.000000 300.000000 0.284293
61.000000 131.000000 300.000000 0.270660
131.000000 61.000000 300.000000 0.270660
