0.000000 1.000000 300.000000 0.029927
1.000000 151.000000 300.000000 0.287057
156.000000 2.000000 300.000000 0.190787
2.000000 156.000000 300.000000 0.190787
8.000000 2.000000 300.000000 0.044247
2.000000 8.000000 300.000000 0.044247
3.000000 2.000000 300.000000 0.204487
2.000000 3.000000 300.000000 0.204487
3.000000 154.000000 300.000000 0.390210
2.000000 3.000000 300.000000 0.204487
3.000000 2.000000 300.000000 0.204487
11.000000 4.000000 300.000000 0.180457
4.000000 11.000000 300.000000 0.180457
12.000000 5.000000 300.000000 0.119000
5.000000 12.000000 300.000000 0.119000
135.000000 5.000000 300.000000 0.466467
5.000000 135.000000 300.000000 0.466467
18.000000 5.000000 300.000000 0.453027
5.000000 18.000000 300.000000 0.453027
191.000000 6.000000 300.000000 0.201433
6.000000 191.000000 300.000000 0.201433
15.000000 6.000000 300.000000 0.194740
6.000000 15.000000 300.000000 0.194740
19.000000 6.000000 300.000000 0.546007
6.000000 19.000000 300.000000 0.546007
133.000000 7.000000 300.000000 0.195413
7.000000 133.000000 300.000000 0.195413
68.000000 7.000000 300.000000 0.590367
7.000000 68.000000 300.000000 0.590367
155.000000 7.000000 300.000000 0.567580
7.000000 155.000000 300.000000 0.567580
9.000000 8.000000 300.000000 0.247767
8.000000 9.000000 300.000000 0.247767
155.000000 8.000000 300.000000 0.198250
8.000000 155.000000 300.000000 0.198250
2.000000 8.000000 300.000000 0.044247
8.000000 2.000000 300.000000 0.044247
68.000000 8.000000 300.000000 0.190993
8.000000 68.000000 300.000000 0.190993
8.000000 9.000000 300.000000 0.247767
9.000000 8.000000 300.000000 0.247767
11.000000 10.000000 300.000000 0.448027
10.000000 11.000000 300.000000 0.448027
135.000000 10.000000 300.000000 0.280167
10.000000 135.000000 300.000000 0.280167
195.000000 11.000000 300.000000 0.032963
11.000000 195.000000 300.000000 0.032963
10.000000 11.000000 300.000000 0.448027
11.000000 10.000000 300.000000 0.448027
4.000000 11.000000 300.000000 0.180457
11.000000 4.000000 300.000000 0.180457
133.000000 12.000000 300.000000 0.035483
12.000000 133.000000 300.000000 0.035483
19.000000 12.000000 300.000000 0.228293
12.000000 19.000000 300.000000 0.228293
5.000000 12.000000 300.000000 0.119000
12.000000 5.000000 300.000000 0.119000
69.000000 13.000000 300.000000 0.102137
13.000000 69.000000 300.000000 0.102137
133.000000 13.000000 300.000000 0.478683
13.000000 133.000000 300.000000 0.478683
15.000000 13.000000 300.000000 0.190000
13.000000 15.000000 300.000000 0.190000
189.000000 14.000000 300.000000 0.367170
14.000000 189.000000 300.000000 0.367170
69.000000 14.000000 300.000000 0.099417
14.000000 69.000000 300.000000 0.099417
190.000000 14.000000 300.000000 0.189770
14.000000 190.000000 300.000000 0.189770
13.000000 15.000000 300.000000 0.190000
15.000000 13.000000 300.000000 0.190000
6.000000 15.000000 300.000000 0.194740
15.000000 6.000000 300.000000 0.194740
190.000000 15.000000 300.000000 0.203713
15.000000 190.000000 300.000000 0.203713
19.000000 15.000000 300.000000 0.388800
15.000000 19.000000 300.000000 0.388800
61.000000 16.000000 300.000000 0.202517
16.000000 61.000000 300.000000 0.202517
17.000000 16.000000 300.000000 0.197367
16.000000 17.000000 300.000000 0.197367
210.000000 16.000000 300.000000 0.545110
16.000000 210.000000 300.000000 0.545110
189.000000 17.000000 300.000000 0.237767
17.000000 189.000000 300.000000 0.237767
16.000000 17.000000 300.000000 0.197367
17.000000 16.000000 300.000000 0.197367
190.000000 17.000000 300.000000 0.489103
17.000000 190.000000 300.000000 0.489103
195.000000 18.000000 300.000000 0.076780
18.000000 195.000000 300.000000 0.076780
5.000000 18.000000 300.000000 0.453027
18.000000 5.000000 300.000000 0.453027
135.000000 18.000000 300.000000 0.251260
18.000000 135.000000 300.000000 0.251260
15.000000 19.000000 300.000000 0.388800
19.000000 15.000000 300.000000 0.388800
6.000000 19.000000 300.000000 0.546007
19.000000 6.000000 300.000000 0.546007
12.000000 19.000000 300.000000 0.228293
19.000000 12.000000 300.000000 0.228293
21.000000 20.000000 300.000000 0.141647
20.000000 21.000000 300.000000 0.141647
209.000000 21.000000 300.000000 0.019097
21.000000 209.000000 300.000000 0.019097
20.000000 21.000000 300.000000 0.141647
21.000000 20.000000 300.000000 0.141647
114.000000 22.000000 300.000000 0.533550
22.000000 114.000000 300.000000 0.533550
219.000000 22.000000 300.000000 0.324967
22.000000 219.000000 300.000000 0.324967
91.000000 22.000000 300.000000 0.294633
22.000000 91.000000 300.000000 0.294633
23.000000 22.000000 300.000000 0.255147
22.000000 23.000000 300.000000 0.255147
46.000000 23.000000 300.000000 0.102963
23.000000 46.000000 300.000000 0.102963
91.000000 23.000000 300.000000 0.182883
23.000000 91.000000 300.000000 0.182883
22.000000 23.000000 300.000000 0.255147
23.000000 22.000000 300.000000 0.255147
94.000000 23.000000 300.000000 0.269907
23.000000 94.000000 300.000000 0.269907
207.000000 24.000000 300.000000 0.054310
24.000000 207.000000 300.000000 0.054310
93.000000 24.000000 300.000000 0.278913
24.000000 93.000000 300.000000 0.278913
24.000000 28.000000 300.000000 0.461503
70.000000 25.000000 300.000000 0.184997
25.000000 70.000000 300.000000 0.184997
90.000000 25.000000 300.000000 0.468430
25.000000 90.000000 300.000000 0.468430
95.000000 25.000000 300.000000 0.457403
25.000000 95.000000 300.000000 0.457403
125.000000 26.000000 300.000000 0.097963
26.000000 125.000000 300.000000 0.097963
63.000000 26.000000 300.000000 0.162617
26.000000 63.000000 300.000000 0.162617
126.000000 26.000000 300.000000 0.408930
26.000000 126.000000 300.000000 0.408930
27.000000 186.000000 300.000000 0.058733
27.000000 131.000000 300.000000 0.580190
227.000000 28.000000 300.000000 0.053670
28.000000 227.000000 300.000000 0.053670
205.000000 28.000000 300.000000 1.227910
28.000000 205.000000 300.000000 1.227910
29.000000 227.000000 300.000000 0.031830
74.000000 29.000000 300.000000 1.294697
29.000000 74.000000 300.000000 1.294697
30.000000 27.000000 300.000000 0.035383
30.000000 185.000000 300.000000 0.042220
33.000000 31.000000 300.000000 0.097683
31.000000 33.000000 300.000000 0.097683
42.000000 31.000000 300.000000 0.096147
31.000000 42.000000 300.000000 0.096147
32.000000 31.000000 300.000000 0.510293
31.000000 32.000000 300.000000 0.510293
43.000000 32.000000 300.000000 0.150290
32.000000 43.000000 300.000000 0.150290
31.000000 32.000000 300.000000 0.510293
32.000000 31.000000 300.000000 0.510293
78.000000 32.000000 300.000000 0.101453
32.000000 78.000000 300.000000 0.101453
71.000000 33.000000 300.000000 0.093613
33.000000 71.000000 300.000000 0.093613
31.000000 33.000000 300.000000 0.097683
33.000000 31.000000 300.000000 0.097683
78.000000 33.000000 300.000000 0.492327
33.000000 78.000000 300.000000 0.492327
73.000000 34.000000 300.000000 0.195580
34.000000 73.000000 300.000000 0.195580
90.000000 34.000000 300.000000 0.326240
34.000000 90.000000 300.000000 0.326240
60.000000 34.000000 300.000000 0.838753
34.000000 60.000000 300.000000 0.838753
91.000000 34.000000 300.000000 0.478523
34.000000 91.000000 300.000000 0.478523
123.000000 35.000000 300.000000 0.309773
35.000000 123.000000 300.000000 0.309773
104.000000 35.000000 300.000000 0.265453
35.000000 104.000000 300.000000 0.265453
95.000000 35.000000 300.000000 0.206060
35.000000 95.000000 300.000000 0.206060
171.000000 36.000000 300.000000 0.029607
36.000000 171.000000 300.000000 0.029607
36.000000 199.000000 300.000000 1.856137
123.000000 36.000000 300.000000 0.796140
36.000000 123.000000 300.000000 0.796140
38.000000 37.000000 300.000000 0.099167
37.000000 38.000000 300.000000 0.099167
52.000000 37.000000 300.000000 0.077947
37.000000 52.000000 300.000000 0.077947
76.000000 37.000000 300.000000 0.380643
37.000000 76.000000 300.000000 0.380643
40.000000 38.000000 300.000000 0.094490
38.000000 40.000000 300.000000 0.094490
37.000000 38.000000 300.000000 0.099167
38.000000 37.000000 300.000000 0.099167
39.000000 38.000000 300.000000 0.522100
38.000000 39.000000 300.000000 0.522100
41.000000 39.000000 300.000000 0.116283
39.000000 41.000000 300.000000 0.116283
38.000000 39.000000 300.000000 0.522100
39.000000 38.000000 300.000000 0.522100
143.000000 39.000000 300.000000 0.331447
39.000000 143.000000 300.000000 0.331447
42.000000 40.000000 300.000000 0.087900
40.000000 42.000000 300.000000 0.087900
38.000000 40.000000 300.000000 0.094490
40.000000 38.000000 300.000000 0.094490
41.000000 40.000000 300.000000 0.524690
40.000000 41.000000 300.000000 0.524690
39.000000 41.000000 300.000000 0.116283
41.000000 39.000000 300.000000 0.116283
43.000000 41.000000 300.000000 0.055443
41.000000 43.000000 300.000000 0.055443
40.000000 41.000000 300.000000 0.524690
41.000000 40.000000 300.000000 0.524690
31.000000 42.000000 300.000000 0.096147
42.000000 31.000000 300.000000 0.096147
40.000000 42.000000 300.000000 0.087900
42.000000 40.000000 300.000000 0.087900
43.000000 42.000000 300.000000 0.519390
42.000000 43.000000 300.000000 0.519390
41.000000 43.000000 300.000000 0.055443
43.000000 41.000000 300.000000 0.055443
32.000000 43.000000 300.000000 0.150290
43.000000 32.000000 300.000000 0.150290
42.000000 43.000000 300.000000 0.519390
43.000000 42.000000 300.000000 0.519390
108.000000 44.000000 300.000000 0.130680
44.000000 108.000000 300.000000 0.130680
54.000000 45.000000 300.000000 0.090923
45.000000 54.000000 300.000000 0.090923
51.000000 45.000000 300.000000 0.081083
45.000000 51.000000 300.000000 0.081083
85.000000 45.000000 300.000000 0.473280
45.000000 85.000000 300.000000 0.473280
97.000000 45.000000 300.000000 0.444900
45.000000 97.000000 300.000000 0.444900
205.000000 46.000000 300.000000 0.064623
46.000000 205.000000 300.000000 0.064623
23.000000 46.000000 300.000000 0.102963
46.000000 23.000000 300.000000 0.102963
146.000000 46.000000 300.000000 0.639783
46.000000 146.000000 300.000000 0.639783
102.000000 47.000000 300.000000 0.046130
47.000000 102.000000 300.000000 0.046130
196.000000 47.000000 300.000000 0.029433
47.000000 196.000000 300.000000 0.029433
96.000000 47.000000 300.000000 0.484297
47.000000 96.000000 300.000000 0.484297
103.000000 48.000000 300.000000 0.143413
48.000000 103.000000 300.000000 0.143413
107.000000 48.000000 300.000000 0.570887
48.000000 107.000000 300.000000 0.570887
198.000000 49.000000 300.000000 0.152223
49.000000 198.000000 300.000000 0.152223
65.000000 49.000000 300.000000 0.906880
49.000000 65.000000 300.000000 0.906880
125.000000 49.000000 300.000000 0.341577
49.000000 125.000000 300.000000 0.341577
66.000000 49.000000 300.000000 0.088130
49.000000 66.000000 300.000000 0.088130
86.000000 50.000000 300.000000 0.071123
50.000000 86.000000 300.000000 0.071123
85.000000 50.000000 300.000000 0.098427
50.000000 85.000000 300.000000 0.098427
87.000000 50.000000 300.000000 0.391163
50.000000 87.000000 300.000000 0.391163
72.000000 50.000000 300.000000 0.377947
50.000000 72.000000 300.000000 0.377947
45.000000 51.000000 300.000000 0.081083
51.000000 45.000000 300.000000 0.081083
100.000000 51.000000 300.000000 0.055613
51.000000 100.000000 300.000000 0.055613
87.000000 51.000000 300.000000 0.078913
51.000000 87.000000 300.000000 0.078913
37.000000 52.000000 300.000000 0.077947
52.000000 37.000000 300.000000 0.077947
143.000000 52.000000 300.000000 0.327997
52.000000 143.000000 300.000000 0.327997
204.000000 52.000000 300.000000 0.118003
52.000000 204.000000 300.000000 0.118003
54.000000 53.000000 300.000000 0.478997
53.000000 54.000000 300.000000 0.478997
85.000000 53.000000 300.000000 0.067310
53.000000 85.000000 300.000000 0.067310
80.000000 53.000000 300.000000 0.092530
53.000000 80.000000 300.000000 0.092530
71.000000 53.000000 300.000000 0.393737
53.000000 71.000000 300.000000 0.393737
83.000000 54.000000 300.000000 0.079210
54.000000 83.000000 300.000000 0.079210
45.000000 54.000000 300.000000 0.090923
54.000000 45.000000 300.000000 0.090923
53.000000 54.000000 300.000000 0.478997
54.000000 53.000000 300.000000 0.478997
98.000000 54.000000 300.000000 0.430930
54.000000 98.000000 300.000000 0.430930
134.000000 55.000000 300.000000 0.093700
55.000000 134.000000 300.000000 0.093700
56.000000 153.000000 300.000000 0.134830
58.000000 57.000000 300.000000 0.188433
57.000000 58.000000 300.000000 0.188433
62.000000 57.000000 300.000000 0.204477
57.000000 62.000000 300.000000 0.204477
57.000000 58.000000 300.000000 0.188433
58.000000 57.000000 300.000000 0.188433
59.000000 58.000000 300.000000 0.196760
58.000000 59.000000 300.000000 0.196760
58.000000 59.000000 300.000000 0.196760
59.000000 58.000000 300.000000 0.196760
188.000000 59.000000 300.000000 0.081963
59.000000 188.000000 300.000000 0.081963
114.000000 60.000000 300.000000 0.015400
60.000000 114.000000 300.000000 0.015400
34.000000 60.000000 300.000000 0.838753
60.000000 34.000000 300.000000 0.838753
122.000000 60.000000 300.000000 0.581383
60.000000 122.000000 300.000000 0.581383
16.000000 61.000000 300.000000 0.202517
61.000000 16.000000 300.000000 0.202517
191.000000 61.000000 300.000000 0.315703
61.000000 191.000000 300.000000 0.315703
139.000000 61.000000 300.000000 2.133290
61.000000 139.000000 300.000000 2.133290
223.000000 62.000000 300.000000 0.035763
62.000000 223.000000 300.000000 0.035763
57.000000 62.000000 300.000000 0.204477
62.000000 57.000000 300.000000 0.204477
62.000000 192.000000 300.000000 0.677313
26.000000 63.000000 300.000000 0.162617
63.000000 26.000000 300.000000 0.162617
103.000000 63.000000 300.000000 0.104750
63.000000 103.000000 300.000000 0.104750
109.000000 63.000000 300.000000 0.561157
63.000000 109.000000 300.000000 0.561157
64.000000 159.000000 300.000000 0.128470
64.000000 170.000000 300.000000 0.175660
147.000000 65.000000 300.000000 0.052410
65.000000 147.000000 300.000000 0.052410
49.000000 65.000000 300.000000 0.906880
65.000000 49.000000 300.000000 0.906880
197.000000 66.000000 300.000000 0.024450
66.000000 197.000000 300.000000 0.024450
49.000000 66.000000 300.000000 0.088130
66.000000 49.000000 300.000000 0.088130
66.000000 198.000000 300.000000 0.150497
109.000000 67.000000 300.000000 0.084657
67.000000 109.000000 300.000000 0.084657
108.000000 67.000000 300.000000 0.115033
67.000000 108.000000 300.000000 0.115033
103.000000 67.000000 300.000000 0.559033
67.000000 103.000000 300.000000 0.559033
102.000000 67.000000 300.000000 0.539430
67.000000 102.000000 300.000000 0.539430
7.000000 68.000000 300.000000 0.590367
68.000000 7.000000 300.000000 0.590367
8.000000 68.000000 300.000000 0.190993
68.000000 8.000000 300.000000 0.190993
69.000000 68.000000 300.000000 0.189063
68.000000 69.000000 300.000000 0.189063
189.000000 68.000000 300.000000 0.562490
68.000000 189.000000 300.000000 0.562490
14.000000 69.000000 300.000000 0.099417
69.000000 14.000000 300.000000 0.099417
13.000000 69.000000 300.000000 0.102137
69.000000 13.000000 300.000000 0.102137
68.000000 69.000000 300.000000 0.189063
69.000000 68.000000 300.000000 0.189063
100.000000 70.000000 300.000000 0.110537
70.000000 100.000000 300.000000 0.110537
25.000000 70.000000 300.000000 0.184997
70.000000 25.000000 300.000000 0.184997
96.000000 70.000000 300.000000 0.453113
70.000000 96.000000 300.000000 0.453113
89.000000 70.000000 300.000000 0.474570
70.000000 89.000000 300.000000 0.474570
33.000000 71.000000 300.000000 0.093613
71.000000 33.000000 300.000000 0.093613
53.000000 71.000000 300.000000 0.393737
71.000000 53.000000 300.000000 0.393737
187.000000 71.000000 300.000000 0.461050
71.000000 187.000000 300.000000 0.461050
72.000000 71.000000 300.000000 0.161587
71.000000 72.000000 300.000000 0.161587
50.000000 72.000000 300.000000 0.377947
72.000000 50.000000 300.000000 0.377947
204.000000 72.000000 300.000000 0.646497
72.000000 204.000000 300.000000 0.646497
71.000000 72.000000 300.000000 0.161587
72.000000 71.000000 300.000000 0.161587
146.000000 72.000000 300.000000 0.170443
72.000000 146.000000 300.000000 0.170443
34.000000 73.000000 300.000000 0.195580
73.000000 34.000000 300.000000 0.195580
146.000000 73.000000 300.000000 0.022120
73.000000 146.000000 300.000000 0.022120
89.000000 73.000000 300.000000 0.341763
73.000000 89.000000 300.000000 0.341763
29.000000 74.000000 300.000000 1.294697
74.000000 29.000000 300.000000 1.294697
74.000000 162.000000 300.000000 0.488887
205.000000 75.000000 300.000000 0.444270
75.000000 205.000000 300.000000 0.444270
143.000000 76.000000 300.000000 0.038573
76.000000 143.000000 300.000000 0.038573
77.000000 76.000000 300.000000 0.174050
76.000000 77.000000 300.000000 0.174050
37.000000 76.000000 300.000000 0.380643
76.000000 37.000000 300.000000 0.380643
76.000000 77.000000 300.000000 0.174050
77.000000 76.000000 300.000000 0.174050
33.000000 78.000000 300.000000 0.492327
78.000000 33.000000 300.000000 0.492327
32.000000 78.000000 300.000000 0.101453
78.000000 32.000000 300.000000 0.101453
187.000000 78.000000 300.000000 0.114320
78.000000 187.000000 300.000000 0.114320
80.000000 79.000000 300.000000 0.211433
79.000000 80.000000 300.000000 0.211433
53.000000 80.000000 300.000000 0.092530
80.000000 53.000000 300.000000 0.092530
82.000000 80.000000 300.000000 0.133490
80.000000 82.000000 300.000000 0.133490
83.000000 80.000000 300.000000 0.481017
80.000000 83.000000 300.000000 0.481017
79.000000 80.000000 300.000000 0.211433
80.000000 79.000000 300.000000 0.211433
82.000000 81.000000 300.000000 0.126380
81.000000 82.000000 300.000000 0.126380
81.000000 82.000000 300.000000 0.126380
82.000000 81.000000 300.000000 0.126380
80.000000 82.000000 300.000000 0.133490
82.000000 80.000000 300.000000 0.133490
88.000000 82.000000 300.000000 0.056550
82.000000 88.000000 300.000000 0.056550
84.000000 83.000000 300.000000 0.075437
83.000000 84.000000 300.000000 0.075437
54.000000 83.000000 300.000000 0.079210
83.000000 54.000000 300.000000 0.079210
80.000000 83.000000 300.000000 0.481017
83.000000 80.000000 300.000000 0.481017
83.000000 84.000000 300.000000 0.075437
84.000000 83.000000 300.000000 0.075437
88.000000 84.000000 300.000000 0.496353
84.000000 88.000000 300.000000 0.496353
99.000000 84.000000 300.000000 0.385653
84.000000 99.000000 300.000000 0.385653
50.000000 85.000000 300.000000 0.098427
85.000000 50.000000 300.000000 0.098427
53.000000 85.000000 300.000000 0.067310
85.000000 53.000000 300.000000 0.067310
45.000000 85.000000 300.000000 0.473280
85.000000 45.000000 300.000000 0.473280
89.000000 86.000000 300.000000 0.108967
86.000000 89.000000 300.000000 0.108967
50.000000 86.000000 300.000000 0.071123
86.000000 50.000000 300.000000 0.071123
87.000000 86.000000 300.000000 0.441660
86.000000 87.000000 300.000000 0.441660
51.000000 87.000000 300.000000 0.078913
87.000000 51.000000 300.000000 0.078913
50.000000 87.000000 300.000000 0.391163
87.000000 50.000000 300.000000 0.391163
86.000000 87.000000 300.000000 0.441660
87.000000 86.000000 300.000000 0.441660
82.000000 88.000000 300.000000 0.056550
88.000000 82.000000 300.000000 0.056550
187.000000 88.000000 300.000000 0.448250
88.000000 187.000000 300.000000 0.448250
84.000000 88.000000 300.000000 0.496353
88.000000 84.000000 300.000000 0.496353
90.000000 89.000000 300.000000 0.190850
89.000000 90.000000 300.000000 0.190850
86.000000 89.000000 300.000000 0.108967
89.000000 86.000000 300.000000 0.108967
73.000000 89.000000 300.000000 0.341763
89.000000 73.000000 300.000000 0.341763
70.000000 89.000000 300.000000 0.474570
89.000000 70.000000 300.000000 0.474570
89.000000 90.000000 300.000000 0.190850
90.000000 89.000000 300.000000 0.190850
25.000000 90.000000 300.000000 0.468430
90.000000 25.000000 300.000000 0.468430
34.000000 90.000000 300.000000 0.326240
90.000000 34.000000 300.000000 0.326240
23.000000 91.000000 300.000000 0.182883
91.000000 23.000000 300.000000 0.182883
22.000000 91.000000 300.000000 0.294633
91.000000 22.000000 300.000000 0.294633
34.000000 91.000000 300.000000 0.478523
91.000000 34.000000 300.000000 0.478523
206.000000 92.000000 300.000000 0.021853
92.000000 206.000000 300.000000 0.021853
219.000000 92.000000 300.000000 0.665397
92.000000 219.000000 300.000000 0.665397
113.000000 92.000000 300.000000 0.515533
92.000000 113.000000 300.000000 0.515533
94.000000 93.000000 300.000000 0.708840
93.000000 94.000000 300.000000 0.708840
24.000000 93.000000 300.000000 0.278913
93.000000 24.000000 300.000000 0.278913
93.000000 94.000000 300.000000 0.708840
94.000000 93.000000 300.000000 0.708840
23.000000 94.000000 300.000000 0.269907
94.000000 23.000000 300.000000 0.269907
35.000000 95.000000 300.000000 0.206060
95.000000 35.000000 300.000000 0.206060
96.000000 95.000000 300.000000 0.193743
95.000000 96.000000 300.000000 0.193743
25.000000 95.000000 300.000000 0.457403
95.000000 25.000000 300.000000 0.457403
101.000000 96.000000 300.000000 0.095967
96.000000 101.000000 300.000000 0.095967
70.000000 96.000000 300.000000 0.453113
96.000000 70.000000 300.000000 0.453113
47.000000 96.000000 300.000000 0.484297
96.000000 47.000000 300.000000 0.484297
95.000000 96.000000 300.000000 0.193743
96.000000 95.000000 300.000000 0.193743
101.000000 97.000000 300.000000 0.116833
97.000000 101.000000 300.000000 0.116833
45.000000 97.000000 300.000000 0.444900
97.000000 45.000000 300.000000 0.444900
98.000000 97.000000 300.000000 0.080857
97.000000 98.000000 300.000000 0.080857
105.000000 97.000000 300.000000 0.488200
97.000000 105.000000 300.000000 0.488200
54.000000 98.000000 300.000000 0.430930
98.000000 54.000000 300.000000 0.430930
99.000000 98.000000 300.000000 0.121153
98.000000 99.000000 300.000000 0.121153
97.000000 98.000000 300.000000 0.080857
98.000000 97.000000 300.000000 0.080857
84.000000 99.000000 300.000000 0.385653
99.000000 84.000000 300.000000 0.385653
106.000000 99.000000 300.000000 0.538650
99.000000 106.000000 300.000000 0.538650
98.000000 99.000000 300.000000 0.121153
99.000000 98.000000 300.000000 0.121153
51.000000 100.000000 300.000000 0.055613
100.000000 51.000000 300.000000 0.055613
70.000000 100.000000 300.000000 0.110537
100.000000 70.000000 300.000000 0.110537
101.000000 100.000000 300.000000 0.452173
100.000000 101.000000 300.000000 0.452173
97.000000 101.000000 300.000000 0.116833
101.000000 97.000000 300.000000 0.116833
96.000000 101.000000 300.000000 0.095967
101.000000 96.000000 300.000000 0.095967
102.000000 101.000000 300.000000 0.485240
101.000000 102.000000 300.000000 0.485240
100.000000 101.000000 300.000000 0.452173
101.000000 100.000000 300.000000 0.452173
47.000000 102.000000 300.000000 0.046130
102.000000 47.000000 300.000000 0.046130
67.000000 102.000000 300.000000 0.539430
102.000000 67.000000 300.000000 0.539430
101.000000 102.000000 300.000000 0.485240
102.000000 101.000000 300.000000 0.485240
105.000000 102.000000 300.000000 0.139383
102.000000 105.000000 300.000000 0.139383
63.000000 103.000000 300.000000 0.104750
103.000000 63.000000 300.000000 0.104750
48.000000 103.000000 300.000000 0.143413
103.000000 48.000000 300.000000 0.143413
67.000000 103.000000 300.000000 0.559033
103.000000 67.000000 300.000000 0.559033
110.000000 104.000000 300.000000 0.568627
104.000000 110.000000 300.000000 0.568627
35.000000 104.000000 300.000000 0.265453
104.000000 35.000000 300.000000 0.265453
196.000000 104.000000 300.000000 0.183057
104.000000 196.000000 300.000000 0.183057
106.000000 105.000000 300.000000 0.159023
105.000000 106.000000 300.000000 0.159023
108.000000 105.000000 300.000000 0.534257
105.000000 108.000000 300.000000 0.534257
102.000000 105.000000 300.000000 0.139383
105.000000 102.000000 300.000000 0.139383
97.000000 105.000000 300.000000 0.488200
105.000000 97.000000 300.000000 0.488200
105.000000 106.000000 300.000000 0.159023
106.000000 105.000000 300.000000 0.159023
99.000000 106.000000 300.000000 0.538650
106.000000 99.000000 300.000000 0.538650
107.000000 106.000000 300.000000 0.526500
106.000000 107.000000 300.000000 0.526500
108.000000 107.000000 300.000000 0.128367
107.000000 108.000000 300.000000 0.128367
106.000000 107.000000 300.000000 0.526500
107.000000 106.000000 300.000000 0.526500
48.000000 107.000000 300.000000 0.570887
107.000000 48.000000 300.000000 0.570887
67.000000 108.000000 300.000000 0.115033
108.000000 67.000000 300.000000 0.115033
107.000000 108.000000 300.000000 0.128367
108.000000 107.000000 300.000000 0.128367
105.000000 108.000000 300.000000 0.534257
108.000000 105.000000 300.000000 0.534257
44.000000 108.000000 300.000000 0.130680
108.000000 44.000000 300.000000 0.130680
110.000000 109.000000 300.000000 0.194377
109.000000 110.000000 300.000000 0.194377
67.000000 109.000000 300.000000 0.084657
109.000000 67.000000 300.000000 0.084657
196.000000 109.000000 300.000000 0.552027
109.000000 196.000000 300.000000 0.552027
63.000000 109.000000 300.000000 0.561157
109.000000 63.000000 300.000000 0.561157
109.000000 110.000000 300.000000 0.194377
110.000000 109.000000 300.000000 0.194377
126.000000 110.000000 300.000000 0.147777
110.000000 126.000000 300.000000 0.147777
104.000000 110.000000 300.000000 0.568627
110.000000 104.000000 300.000000 0.568627
181.000000 111.000000 300.000000 0.057803
111.000000 181.000000 300.000000 0.057803
111.000000 206.000000 300.000000 0.404407
112.000000 111.000000 300.000000 0.229667
111.000000 112.000000 300.000000 0.229667
113.000000 112.000000 300.000000 0.030487
112.000000 113.000000 300.000000 0.030487
115.000000 112.000000 300.000000 0.289637
112.000000 115.000000 300.000000 0.289637
111.000000 112.000000 300.000000 0.229667
112.000000 111.000000 300.000000 0.229667
112.000000 113.000000 300.000000 0.030487
113.000000 112.000000 300.000000 0.030487
92.000000 113.000000 300.000000 0.515533
113.000000 92.000000 300.000000 0.515533
117.000000 113.000000 300.000000 0.186093
113.000000 117.000000 300.000000 0.186093
22.000000 114.000000 300.000000 0.533550
114.000000 22.000000 300.000000 0.533550
60.000000 114.000000 300.000000 0.015400
114.000000 60.000000 300.000000 0.015400
117.000000 114.000000 300.000000 0.461353
114.000000 117.000000 300.000000 0.461353
118.000000 115.000000 300.000000 0.062833
115.000000 118.000000 300.000000 0.062833
116.000000 115.000000 300.000000 0.424007
115.000000 116.000000 300.000000 0.424007
112.000000 115.000000 300.000000 0.289637
115.000000 112.000000 300.000000 0.289637
121.000000 116.000000 300.000000 0.050757
116.000000 121.000000 300.000000 0.050757
115.000000 116.000000 300.000000 0.424007
116.000000 115.000000 300.000000 0.424007
145.000000 116.000000 300.000000 0.439060
116.000000 145.000000 300.000000 0.439060
118.000000 117.000000 300.000000 0.170237
117.000000 118.000000 300.000000 0.170237
114.000000 117.000000 300.000000 0.461353
117.000000 114.000000 300.000000 0.461353
113.000000 117.000000 300.000000 0.186093
117.000000 113.000000 300.000000 0.186093
117.000000 118.000000 300.000000 0.170237
118.000000 117.000000 300.000000 0.170237
115.000000 118.000000 300.000000 0.062833
118.000000 115.000000 300.000000 0.062833
120.000000 118.000000 300.000000 0.117460
118.000000 120.000000 300.000000 0.117460
120.000000 119.000000 300.000000 0.230887
119.000000 120.000000 300.000000 0.230887
121.000000 120.000000 300.000000 0.455520
120.000000 121.000000 300.000000 0.455520
119.000000 120.000000 300.000000 0.230887
120.000000 119.000000 300.000000 0.230887
118.000000 120.000000 300.000000 0.117460
120.000000 118.000000 300.000000 0.117460
116.000000 121.000000 300.000000 0.050757
121.000000 116.000000 300.000000 0.050757
120.000000 121.000000 300.000000 0.455520
121.000000 120.000000 300.000000 0.455520
145.000000 121.000000 300.000000 0.308013
121.000000 145.000000 300.000000 0.308013
122.000000 121.000000 300.000000 0.316183
121.000000 122.000000 300.000000 0.316183
121.000000 122.000000 300.000000 0.316183
122.000000 121.000000 300.000000 0.316183
60.000000 122.000000 300.000000 0.581383
122.000000 60.000000 300.000000 0.581383
199.000000 122.000000 300.000000 0.780350
122.000000 199.000000 300.000000 0.780350
123.000000 122.000000 300.000000 1.862087
122.000000 123.000000 300.000000 1.862087
35.000000 123.000000 300.000000 0.309773
123.000000 35.000000 300.000000 0.309773
36.000000 123.000000 300.000000 0.796140
123.000000 36.000000 300.000000 0.796140
124.000000 123.000000 300.000000 0.845540
123.000000 124.000000 300.000000 0.845540
122.000000 123.000000 300.000000 1.862087
123.000000 122.000000 300.000000 1.862087
126.000000 124.000000 300.000000 0.095733
124.000000 126.000000 300.000000 0.095733
125.000000 124.000000 300.000000 0.408387
124.000000 125.000000 300.000000 0.408387
123.000000 124.000000 300.000000 0.845540
124.000000 123.000000 300.000000 0.845540
26.000000 125.000000 300.000000 0.097963
125.000000 26.000000 300.000000 0.097963
49.000000 125.000000 300.000000 0.341577
125.000000 49.000000 300.000000 0.341577
124.000000 125.000000 300.000000 0.408387
125.000000 124.000000 300.000000 0.408387
124.000000 126.000000 300.000000 0.095733
126.000000 124.000000 300.000000 0.095733
26.000000 126.000000 300.000000 0.408930
126.000000 26.000000 300.000000 0.408930
110.000000 126.000000 300.000000 0.147777
126.000000 110.000000 300.000000 0.147777
178.000000 127.000000 300.000000 0.060490
127.000000 178.000000 300.000000 0.060490
128.000000 127.000000 300.000000 0.597013
127.000000 128.000000 300.000000 0.597013
127.000000 30.000000 300.000000 0.343280
130.000000 128.000000 300.000000 0.609530
128.000000 130.000000 300.000000 0.609530
185.000000 128.000000 300.000000 0.328843
128.000000 185.000000 300.000000 0.328843
127.000000 128.000000 300.000000 0.597013
128.000000 127.000000 300.000000 0.597013
130.000000 129.000000 300.000000 0.626347
129.000000 130.000000 300.000000 0.626347
129.000000 130.000000 300.000000 0.626347
130.000000 129.000000 300.000000 0.626347
128.000000 130.000000 300.000000 0.609530
130.000000 128.000000 300.000000 0.609530
131.000000 130.000000 300.000000 0.364293
130.000000 131.000000 300.000000 0.364293
130.000000 131.000000 300.000000 0.364293
131.000000 130.000000 300.000000 0.364293
131.000000 177.000000 300.000000 1.366097
132.000000 193.000000 300.000000 0.013073
7.000000 133.000000 300.000000 0.195413
133.000000 7.000000 300.000000 0.195413
13.000000 133.000000 300.000000 0.478683
133.000000 13.000000 300.000000 0.478683
12.000000 133.000000 300.000000 0.035483
133.000000 12.000000 300.000000 0.035483
55.000000 134.000000 300.000000 0.093700
134.000000 55.000000 300.000000 0.093700
224.000000 134.000000 300.000000 0.313780
134.000000 224.000000 300.000000 0.313780
5.000000 135.000000 300.000000 0.466467
135.000000 5.000000 300.000000 0.466467
10.000000 135.000000 300.000000 0.280167
135.000000 10.000000 300.000000 0.280167
18.000000 135.000000 300.000000 0.251260
135.000000 18.000000 300.000000 0.251260
137.000000 136.000000 300.000000 0.866563
136.000000 137.000000 300.000000 0.866563
139.000000 137.000000 300.000000 0.031010
137.000000 139.000000 300.000000 0.031010
138.000000 137.000000 300.000000 0.199327
137.000000 138.000000 300.000000 0.199327
136.000000 137.000000 300.000000 0.866563
137.000000 136.000000 300.000000 0.866563
159.000000 138.000000 300.000000 0.828277
138.000000 159.000000 300.000000 0.828277
139.000000 138.000000 300.000000 0.198450
138.000000 139.000000 300.000000 0.198450
137.000000 138.000000 300.000000 0.199327
138.000000 137.000000 300.000000 0.199327
137.000000 139.000000 300.000000 0.031010
139.000000 137.000000 300.000000 0.031010
61.000000 139.000000 300.000000 2.133290
139.000000 61.000000 300.000000 2.133290
138.000000 139.000000 300.000000 0.198450
139.000000 138.000000 300.000000 0.198450
225.000000 140.000000 300.000000 0.025277
140.000000 225.000000 300.000000 0.025277
140.000000 132.000000 300.000000 0.369787
142.000000 141.000000 300.000000 0.402977
141.000000 142.000000 300.000000 0.402977
172.000000 141.000000 300.000000 0.223797
141.000000 172.000000 300.000000 0.223797
194.000000 141.000000 300.000000 0.403603
141.000000 194.000000 300.000000 0.403603
141.000000 142.000000 300.000000 0.402977
142.000000 141.000000 300.000000 0.402977
222.000000 142.000000 300.000000 0.801357
142.000000 222.000000 300.000000 0.801357
197.000000 142.000000 300.000000 0.398683
142.000000 197.000000 300.000000 0.398683
76.000000 143.000000 300.000000 0.038573
143.000000 76.000000 300.000000 0.038573
39.000000 143.000000 300.000000 0.331447
143.000000 39.000000 300.000000 0.331447
52.000000 143.000000 300.000000 0.327997
143.000000 52.000000 300.000000 0.327997
211.000000 144.000000 300.000000 0.369517
144.000000 211.000000 300.000000 0.369517
210.000000 144.000000 300.000000 0.403573
144.000000 210.000000 300.000000 0.403573
188.000000 144.000000 300.000000 0.456027
144.000000 188.000000 300.000000 0.456027
152.000000 145.000000 300.000000 0.586517
145.000000 152.000000 300.000000 0.586517
121.000000 145.000000 300.000000 0.308013
145.000000 121.000000 300.000000 0.308013
116.000000 145.000000 300.000000 0.439060
145.000000 116.000000 300.000000 0.439060
73.000000 146.000000 300.000000 0.022120
146.000000 73.000000 300.000000 0.022120
46.000000 146.000000 300.000000 0.639783
146.000000 46.000000 300.000000 0.639783
72.000000 146.000000 300.000000 0.170443
146.000000 72.000000 300.000000 0.170443
65.000000 147.000000 300.000000 0.052410
147.000000 65.000000 300.000000 0.052410
149.000000 148.000000 300.000000 0.286970
148.000000 149.000000 300.000000 0.286970
148.000000 174.000000 300.000000 0.570310
148.000000 149.000000 300.000000 0.286970
149.000000 148.000000 300.000000 0.286970
151.000000 150.000000 300.000000 0.042273
150.000000 151.000000 300.000000 0.042273
150.000000 0.000000 300.000000 0.290033
150.000000 151.000000 300.000000 0.042273
151.000000 150.000000 300.000000 0.042273
151.000000 180.000000 300.000000 0.550893
170.000000 152.000000 300.000000 0.043130
152.000000 170.000000 300.000000 0.043130
152.000000 184.000000 300.000000 0.514100
145.000000 152.000000 300.000000 0.586517
152.000000 145.000000 300.000000 0.586517
154.000000 153.000000 300.000000 0.072477
153.000000 154.000000 300.000000 0.072477
153.000000 3.000000 300.000000 0.448547
154.000000 4.000000 300.000000 0.254027
153.000000 154.000000 300.000000 0.072477
154.000000 153.000000 300.000000 0.072477
8.000000 155.000000 300.000000 0.198250
155.000000 8.000000 300.000000 0.198250
156.000000 155.000000 300.000000 0.092990
155.000000 156.000000 300.000000 0.092990
7.000000 155.000000 300.000000 0.567580
155.000000 7.000000 300.000000 0.567580
2.000000 156.000000 300.000000 0.190787
156.000000 2.000000 300.000000 0.190787
155.000000 156.000000 300.000000 0.092990
156.000000 155.000000 300.000000 0.092990
195.000000 156.000000 300.000000 0.471447
156.000000 195.000000 300.000000 0.471447
157.000000 74.000000 300.000000 0.330690
157.000000 162.000000 300.000000 0.235307
158.000000 36.000000 300.000000 0.477060
172.000000 158.000000 300.000000 0.032180
158.000000 172.000000 300.000000 0.032180
170.000000 159.000000 300.000000 0.114713
159.000000 170.000000 300.000000 0.114713
138.000000 159.000000 300.000000 0.828277
159.000000 138.000000 300.000000 0.828277
200.000000 160.000000 300.000000 0.575973
160.000000 200.000000 300.000000 0.575973
214.000000 160.000000 300.000000 0.618517
160.000000 214.000000 300.000000 0.618517
163.000000 160.000000 300.000000 0.287310
160.000000 163.000000 300.000000 0.287310
215.000000 160.000000 300.000000 0.200490
160.000000 215.000000 300.000000 0.200490
212.000000 161.000000 300.000000 0.621487
161.000000 212.000000 300.000000 0.621487
214.000000 161.000000 300.000000 0.214363
161.000000 214.000000 300.000000 0.214363
217.000000 161.000000 300.000000 0.221420
161.000000 217.000000 300.000000 0.221420
162.000000 157.000000 300.000000 1.370997
163.000000 164.000000 300.000000 0.048500
160.000000 163.000000 300.000000 0.287310
163.000000 160.000000 300.000000 0.287310
165.000000 164.000000 300.000000 0.292297
164.000000 165.000000 300.000000 0.292297
164.000000 202.000000 300.000000 0.185473
203.000000 164.000000 300.000000 0.049310
164.000000 203.000000 300.000000 0.049310
164.000000 165.000000 300.000000 0.292297
165.000000 164.000000 300.000000 0.292297
165.000000 165.000000 300.000000 0.723367
165.000000 165.000000 300.000000 0.723367
166.000000 167.000000 300.000000 0.055400
166.000000 221.000000 300.000000 0.294960
167.000000 168.000000 300.000000 0.042507
168.000000 111.000000 300.000000 0.554773
168.000000 169.000000 300.000000 0.056300
169.000000 166.000000 300.000000 0.043013
169.000000 201.000000 300.000000 0.152157
152.000000 170.000000 300.000000 0.043130
170.000000 152.000000 300.000000 0.043130
159.000000 170.000000 300.000000 0.114713
170.000000 159.000000 300.000000 0.114713
170.000000 173.000000 300.000000 0.112857
171.000000 194.000000 300.000000 0.017420
36.000000 171.000000 300.000000 0.029607
171.000000 36.000000 300.000000 0.029607
158.000000 172.000000 300.000000 0.032180
172.000000 158.000000 300.000000 0.032180
141.000000 172.000000 300.000000 0.223797
172.000000 141.000000 300.000000 0.223797
172.000000 197.000000 300.000000 0.461880
199.000000 173.000000 300.000000 0.032523
173.000000 199.000000 300.000000 0.032523
173.000000 171.000000 300.000000 1.846267
175.000000 174.000000 300.000000 0.041193
174.000000 175.000000 300.000000 0.041193
174.000000 179.000000 300.000000 0.418590
174.000000 175.000000 300.000000 0.041193
175.000000 174.000000 300.000000 0.041193
175.000000 176.000000 300.000000 0.729670
177.000000 176.000000 300.000000 0.034940
176.000000 177.000000 300.000000 0.034940
176.000000 186.000000 300.000000 1.922803
176.000000 177.000000 300.000000 0.034940
177.000000 176.000000 300.000000 0.034940
177.000000 148.000000 300.000000 0.126470
178.000000 182.000000 300.000000 0.173263
127.000000 178.000000 300.000000 0.060490
178.000000 127.000000 300.000000 0.060490
180.000000 179.000000 300.000000 0.035593
179.000000 180.000000 300.000000 0.035593
179.000000 150.000000 300.000000 0.558443
179.000000 180.000000 300.000000 0.035593
180.000000 179.000000 300.000000 0.035593
180.000000 175.000000 300.000000 0.421027
111.000000 181.000000 300.000000 0.057803
181.000000 111.000000 300.000000 0.057803
181.000000 169.000000 300.000000 0.552937
182.000000 220.000000 300.000000 0.159090
183.000000 182.000000 300.000000 0.060020
182.000000 183.000000 300.000000 0.060020
182.000000 183.000000 300.000000 0.060020
183.000000 182.000000 300.000000 0.060020
183.000000 127.000000 300.000000 0.175293
184.000000 30.000000 300.000000 0.059313
184.000000 178.000000 300.000000 0.356193
128.000000 185.000000 300.000000 0.328843
185.000000 128.000000 300.000000 0.328843
185.000000 27.000000 300.000000 0.042010
186.000000 184.000000 300.000000 0.037143
186.000000 64.000000 300.000000 0.350923
88.000000 187.000000 300.000000 0.448250
187.000000 88.000000 300.000000 0.448250
71.000000 187.000000 300.000000 0.461050
187.000000 71.000000 300.000000 0.461050
78.000000 187.000000 300.000000 0.114320
187.000000 78.000000 300.000000 0.114320
59.000000 188.000000 300.000000 0.081963
188.000000 59.000000 300.000000 0.081963
144.000000 188.000000 300.000000 0.456027
188.000000 144.000000 300.000000 0.456027
14.000000 189.000000 300.000000 0.367170
189.000000 14.000000 300.000000 0.367170
68.000000 189.000000 300.000000 0.562490
189.000000 68.000000 300.000000 0.562490
17.000000 189.000000 300.000000 0.237767
189.000000 17.000000 300.000000 0.237767
14.000000 190.000000 300.000000 0.189770
190.000000 14.000000 300.000000 0.189770
191.000000 190.000000 300.000000 0.197647
190.000000 191.000000 300.000000 0.197647
15.000000 190.000000 300.000000 0.203713
190.000000 15.000000 300.000000 0.203713
17.000000 190.000000 300.000000 0.489103
190.000000 17.000000 300.000000 0.489103
6.000000 191.000000 300.000000 0.201433
191.000000 6.000000 300.000000 0.201433
190.000000 191.000000 300.000000 0.197647
191.000000 190.000000 300.000000 0.197647
61.000000 191.000000 300.000000 0.315703
191.000000 61.000000 300.000000 0.315703
226.000000 192.000000 300.000000 0.033643
192.000000 226.000000 300.000000 0.033643
192.000000 140.000000 300.000000 0.407907
222.000000 193.000000 300.000000 0.028600
193.000000 222.000000 300.000000 0.028600
194.000000 172.000000 300.000000 0.456563
141.000000 194.000000 300.000000 0.403603
194.000000 141.000000 300.000000 0.403603
11.000000 195.000000 300.000000 0.032963
195.000000 11.000000 300.000000 0.032963
18.000000 195.000000 300.000000 0.076780
195.000000 18.000000 300.000000 0.076780
156.000000 195.000000 300.000000 0.471447
195.000000 156.000000 300.000000 0.471447
47.000000 196.000000 300.000000 0.029433
196.000000 47.000000 300.000000 0.029433
109.000000 196.000000 300.000000 0.552027
196.000000 109.000000 300.000000 0.552027
104.000000 196.000000 300.000000 0.183057
196.000000 104.000000 300.000000 0.183057
66.000000 197.000000 300.000000 0.024450
197.000000 66.000000 300.000000 0.024450
142.000000 197.000000 300.000000 0.398683
197.000000 142.000000 300.000000 0.398683
49.000000 198.000000 300.000000 0.152223
198.000000 49.000000 300.000000 0.152223
198.000000 158.000000 300.000000 0.332290
173.000000 199.000000 300.000000 0.032523
199.000000 173.000000 300.000000 0.032523
199.000000 152.000000 300.000000 0.111380
122.000000 199.000000 300.000000 0.780350
199.000000 122.000000 300.000000 0.780350
160.000000 200.000000 300.000000 0.575973
200.000000 160.000000 300.000000 0.575973
203.000000 200.000000 300.000000 0.869107
200.000000 203.000000 300.000000 0.869107
215.000000 200.000000 300.000000 0.790760
200.000000 215.000000 300.000000 0.790760
202.000000 201.000000 300.000000 0.047213
201.000000 202.000000 300.000000 0.047213
201.000000 203.000000 300.000000 0.186523
201.000000 202.000000 300.000000 0.047213
202.000000 201.000000 300.000000 0.047213
202.000000 166.000000 300.000000 0.154040
203.000000 163.000000 300.000000 0.050293
164.000000 203.000000 300.000000 0.049310
203.000000 164.000000 300.000000 0.049310
200.000000 203.000000 300.000000 0.869107
203.000000 200.000000 300.000000 0.869107
205.000000 204.000000 300.000000 0.152150
204.000000 205.000000 300.000000 0.152150
72.000000 204.000000 300.000000 0.646497
204.000000 72.000000 300.000000 0.646497
52.000000 204.000000 300.000000 0.118003
204.000000 52.000000 300.000000 0.118003
46.000000 205.000000 300.000000 0.064623
205.000000 46.000000 300.000000 0.064623
204.000000 205.000000 300.000000 0.152150
205.000000 204.000000 300.000000 0.152150
75.000000 205.000000 300.000000 0.444270
205.000000 75.000000 300.000000 0.444270
28.000000 205.000000 300.000000 1.227910
205.000000 28.000000 300.000000 1.227910
92.000000 206.000000 300.000000 0.021853
206.000000 92.000000 300.000000 0.021853
206.000000 24.000000 300.000000 0.087633
24.000000 207.000000 300.000000 0.054310
207.000000 24.000000 300.000000 0.054310
207.000000 181.000000 300.000000 0.486657
211.000000 208.000000 300.000000 0.377110
208.000000 211.000000 300.000000 0.377110
209.000000 208.000000 300.000000 0.927620
208.000000 209.000000 300.000000 0.927620
21.000000 209.000000 300.000000 0.019097
209.000000 21.000000 300.000000 0.019097
208.000000 209.000000 300.000000 0.927620
209.000000 208.000000 300.000000 0.927620
223.000000 210.000000 300.000000 0.497827
210.000000 223.000000 300.000000 0.497827
144.000000 210.000000 300.000000 0.403573
210.000000 144.000000 300.000000 0.403573
16.000000 210.000000 300.000000 0.545110
210.000000 16.000000 300.000000 0.545110
208.000000 211.000000 300.000000 0.377110
211.000000 208.000000 300.000000 0.377110
144.000000 211.000000 300.000000 0.369517
211.000000 144.000000 300.000000 0.369517
161.000000 212.000000 300.000000 0.621487
212.000000 161.000000 300.000000 0.621487
213.000000 212.000000 300.000000 1.435647
212.000000 213.000000 300.000000 1.435647
217.000000 213.000000 300.000000 0.622713
213.000000 217.000000 300.000000 0.622713
212.000000 213.000000 300.000000 0.204890
213.000000 212.000000 300.000000 0.204890
160.000000 214.000000 300.000000 0.618517
214.000000 160.000000 300.000000 0.618517
161.000000 214.000000 300.000000 0.214363
214.000000 161.000000 300.000000 0.214363
216.000000 214.000000 300.000000 0.210827
214.000000 216.000000 300.000000 0.210827
216.000000 215.000000 300.000000 0.609880
215.000000 216.000000 300.000000 0.609880
160.000000 215.000000 300.000000 0.200490
215.000000 160.000000 300.000000 0.200490
200.000000 215.000000 300.000000 0.790760
215.000000 200.000000 300.000000 0.790760
215.000000 216.000000 300.000000 0.609880
216.000000 215.000000 300.000000 0.609880
217.000000 216.000000 300.000000 0.156020
216.000000 217.000000 300.000000 0.156020
214.000000 216.000000 300.000000 0.210827
216.000000 214.000000 300.000000 0.210827
216.000000 217.000000 300.000000 0.156020
217.000000 216.000000 300.000000 0.156020
213.000000 217.000000 300.000000 0.622713
217.000000 213.000000 300.000000 0.622713
161.000000 217.000000 300.000000 0.221420
217.000000 161.000000 300.000000 0.221420
219.000000 218.000000 300.000000 0.158860
218.000000 219.000000 300.000000 0.158860
218.000000 219.000000 300.000000 0.158860
219.000000 218.000000 300.000000 0.158860
92.000000 219.000000 300.000000 0.665397
219.000000 92.000000 300.000000 0.665397
22.000000 219.000000 300.000000 0.324967
219.000000 22.000000 300.000000 0.324967
221.000000 220.000000 300.000000 0.061297
220.000000 221.000000 300.000000 0.061297
220.000000 167.000000 300.000000 0.290917
221.000000 183.000000 300.000000 0.156810
220.000000 221.000000 300.000000 0.061297
221.000000 220.000000 300.000000 0.061297
193.000000 222.000000 300.000000 0.028600
222.000000 193.000000 300.000000 0.028600
142.000000 222.000000 300.000000 0.801357
222.000000 142.000000 300.000000 0.801357
222.000000 225.000000 300.000000 0.383023
210.000000 223.000000 300.000000 0.497827
223.000000 210.000000 300.000000 0.497827
62.000000 223.000000 300.000000 0.035763
223.000000 62.000000 300.000000 0.035763
134.000000 224.000000 300.000000 0.313780
224.000000 134.000000 300.000000 0.313780
140.000000 225.000000 300.000000 0.025277
225.000000 140.000000 300.000000 0.025277
225.000000 226.000000 300.000000 0.407927
192.000000 226.000000 300.000000 0.033643
226.000000 192.000000 300.000000 0.033643
226.000000 223.000000 300.000000 0.694290
28.000000 227.000000 300.000000 0.053670
227.000000 28.000000 300.000000 0.053670
227.000000 207.000000 300.000000 0.461407
