1.000000 0.000000 300.000000 0.257693
0.000000 1.000000 300.000000 0.257693
26.000000 0.000000 300.000000 0.208653
0.000000 26.000000 300.000000 0.208653
25.000000 0.000000 300.000000 0.446400
0.000000 25.000000 300.000000 0.446400
2.000000 1.000000 300.000000 0.266503
1.000000 2.000000 300.000000 0.266503
0.000000 1.000000 300.000000 0.257693
1.000000 0.000000 300.000000 0.257693
6.000000 1.000000 300.000000 0.419017
1.000000 6.000000 300.000000 0.419017
57.000000 1.000000 300.000000 0.543887
1.000000 57.000000 300.000000 0.543887
3.000000 2.000000 300.000000 0.263227
2.000000 3.000000 300.000000 0.263227
1.000000 2.000000 300.000000 0.266503
2.000000 1.000000 300.000000 0.266503
9.000000 2.000000 300.000000 0.446870
2.000000 9.000000 300.000000 0.446870
8.000000 2.000000 300.000000 0.516980
2.000000 8.000000 300.000000 0.516980
2.000000 3.000000 300.000000 0.263227
3.000000 2.000000 300.000000 0.263227
10.000000 3.000000 300.000000 0.481517
3.000000 10.000000 300.000000 0.481517
14.000000 3.000000 300.000000 0.550627
3.000000 14.000000 300.000000 0.550627
12.000000 4.000000 300.000000 0.262330
4.000000 12.000000 300.000000 0.262330
15.000000 4.000000 300.000000 0.257943
4.000000 15.000000 300.000000 0.257943
5.000000 4.000000 300.000000 0.563027
4.000000 5.000000 300.000000 0.563027
7.000000 5.000000 300.000000 0.266747
5.000000 7.000000 300.000000 0.266747
4.000000 5.000000 300.000000 0.563027
5.000000 4.000000 300.000000 0.563027
35.000000 6.000000 300.000000 0.200173
6.000000 35.000000 300.000000 0.200173
44.000000 6.000000 300.000000 0.207827
6.000000 44.000000 300.000000 0.207827
1.000000 6.000000 300.000000 0.419017
6.000000 1.000000 300.000000 0.419017
27.000000 6.000000 300.000000 0.133613
6.000000 27.000000 300.000000 0.133613
7.000000 58.000000 300.000000 0.542450
5.000000 7.000000 300.000000 0.266747
7.000000 5.000000 300.000000 0.266747
2.000000 8.000000 300.000000 0.516980
8.000000 2.000000 300.000000 0.516980
2.000000 9.000000 300.000000 0.446870
9.000000 2.000000 300.000000 0.446870
31.000000 9.000000 300.000000 0.106727
9.000000 31.000000 300.000000 0.106727
29.000000 9.000000 300.000000 0.013113
9.000000 29.000000 300.000000 0.013113
3.000000 10.000000 300.000000 0.481517
10.000000 3.000000 300.000000 0.481517
24.000000 10.000000 300.000000 0.129917
10.000000 24.000000 300.000000 0.129917
31.000000 10.000000 300.000000 0.156327
10.000000 31.000000 300.000000 0.156327
34.000000 10.000000 300.000000 0.547573
10.000000 34.000000 300.000000 0.547573
12.000000 11.000000 300.000000 0.449943
11.000000 12.000000 300.000000 0.449943
4.000000 12.000000 300.000000 0.262330
12.000000 4.000000 300.000000 0.262330
13.000000 12.000000 300.000000 1.115097
12.000000 13.000000 300.000000 1.115097
44.000000 12.000000 300.000000 1.215407
12.000000 44.000000 300.000000 1.215407
11.000000 12.000000 300.000000 0.449943
12.000000 11.000000 300.000000 0.449943
12.000000 13.000000 300.000000 1.115097
13.000000 12.000000 300.000000 1.115097
3.000000 14.000000 300.000000 0.550627
14.000000 3.000000 300.000000 0.550627
15.000000 7.000000 300.000000 0.562543
4.000000 15.000000 300.000000 0.257943
15.000000 4.000000 300.000000 0.257943
19.000000 16.000000 300.000000 0.224763
16.000000 19.000000 300.000000 0.224763
16.000000 15.000000 300.000000 0.419070
47.000000 17.000000 300.000000 0.202617
17.000000 47.000000 300.000000 0.202617
17.000000 48.000000 300.000000 0.582760
18.000000 55.000000 300.000000 0.032567
18.000000 56.000000 300.000000 0.026393
16.000000 19.000000 300.000000 0.224763
19.000000 16.000000 300.000000 0.224763
20.000000 50.000000 300.000000 0.201663
20.000000 49.000000 300.000000 0.244007
21.000000 16.000000 300.000000 0.674823
59.000000 22.000000 300.000000 0.137097
22.000000 59.000000 300.000000 0.137097
44.000000 22.000000 300.000000 0.060177
22.000000 44.000000 300.000000 0.060177
28.000000 22.000000 300.000000 0.410530
22.000000 28.000000 300.000000 0.410530
32.000000 23.000000 300.000000 0.120720
23.000000 32.000000 300.000000 0.120720
59.000000 23.000000 300.000000 0.129737
23.000000 59.000000 300.000000 0.129737
30.000000 23.000000 300.000000 0.262423
23.000000 30.000000 300.000000 0.262423
29.000000 23.000000 300.000000 0.207817
23.000000 29.000000 300.000000 0.207817
32.000000 24.000000 300.000000 0.167287
24.000000 32.000000 300.000000 0.167287
10.000000 24.000000 300.000000 0.129917
24.000000 10.000000 300.000000 0.129917
0.000000 25.000000 300.000000 0.446400
25.000000 0.000000 300.000000 0.446400
0.000000 26.000000 300.000000 0.208653
26.000000 0.000000 300.000000 0.208653
29.000000 27.000000 300.000000 0.118407
27.000000 29.000000 300.000000 0.118407
6.000000 27.000000 300.000000 0.133613
27.000000 6.000000 300.000000 0.133613
59.000000 27.000000 300.000000 0.238740
27.000000 59.000000 300.000000 0.238740
30.000000 28.000000 300.000000 0.122160
28.000000 30.000000 300.000000 0.122160
59.000000 28.000000 300.000000 0.263993
28.000000 59.000000 300.000000 0.263993
22.000000 28.000000 300.000000 0.410530
28.000000 22.000000 300.000000 0.410530
9.000000 29.000000 300.000000 0.013113
29.000000 9.000000 300.000000 0.013113
27.000000 29.000000 300.000000 0.118407
29.000000 27.000000 300.000000 0.118407
23.000000 29.000000 300.000000 0.207817
29.000000 23.000000 300.000000 0.207817
28.000000 30.000000 300.000000 0.122160
30.000000 28.000000 300.000000 0.122160
33.000000 30.000000 300.000000 0.122740
30.000000 33.000000 300.000000 0.122740
23.000000 30.000000 300.000000 0.262423
30.000000 23.000000 300.000000 0.262423
32.000000 31.000000 300.000000 0.176740
31.000000 32.000000 300.000000 0.176740
10.000000 31.000000 300.000000 0.156327
31.000000 10.000000 300.000000 0.156327
9.000000 31.000000 300.000000 0.106727
31.000000 9.000000 300.000000 0.106727
24.000000 32.000000 300.000000 0.167287
32.000000 24.000000 300.000000 0.167287
23.000000 32.000000 300.000000 0.120720
32.000000 23.000000 300.000000 0.120720
31.000000 32.000000 300.000000 0.176740
32.000000 31.000000 300.000000 0.176740
33.000000 32.000000 300.000000 0.260780
32.000000 33.000000 300.000000 0.260780
30.000000 33.000000 300.000000 0.122740
33.000000 30.000000 300.000000 0.122740
32.000000 33.000000 300.000000 0.260780
33.000000 32.000000 300.000000 0.260780
10.000000 34.000000 300.000000 0.547573
34.000000 10.000000 300.000000 0.547573
6.000000 35.000000 300.000000 0.200173
35.000000 6.000000 300.000000 0.200173
37.000000 36.000000 300.000000 0.572897
36.000000 37.000000 300.000000 0.572897
36.000000 20.000000 300.000000 0.198680
36.000000 37.000000 300.000000 0.572897
37.000000 36.000000 300.000000 0.572897
39.000000 18.000000 300.000000 1.266177
40.000000 54.000000 300.000000 0.056727
55.000000 41.000000 300.000000 0.280310
41.000000 55.000000 300.000000 0.280310
42.000000 45.000000 300.000000 0.278397
43.000000 42.000000 300.000000 0.137617
22.000000 44.000000 300.000000 0.060177
44.000000 22.000000 300.000000 0.060177
6.000000 44.000000 300.000000 0.207827
44.000000 6.000000 300.000000 0.207827
12.000000 44.000000 300.000000 1.215407
44.000000 12.000000 300.000000 1.215407
46.000000 45.000000 300.000000 0.400010
45.000000 46.000000 300.000000 0.400010
45.000000 40.000000 300.000000 0.656473
45.000000 46.000000 300.000000 0.400010
46.000000 45.000000 300.000000 0.400010
17.000000 47.000000 300.000000 0.202617
47.000000 17.000000 300.000000 0.202617
48.000000 36.000000 300.000000 0.154267
49.000000 51.000000 300.000000 0.585220
50.000000 21.000000 300.000000 0.026677
50.000000 49.000000 300.000000 0.097000
51.000000 21.000000 300.000000 0.678917
53.000000 52.000000 300.000000 0.564343
52.000000 53.000000 300.000000 0.564343
52.000000 43.000000 300.000000 0.446670
52.000000 53.000000 300.000000 0.564343
53.000000 52.000000 300.000000 0.564343
54.000000 17.000000 300.000000 0.333220
41.000000 55.000000 300.000000 0.280310
55.000000 41.000000 300.000000 0.280310
55.000000 56.000000 300.000000 0.037307
56.000000 52.000000 300.000000 0.496107
1.000000 57.000000 300.000000 0.543887
57.000000 1.000000 300.000000 0.543887
23.000000 59.000000 300.000000 0.129737
59.000000 23.000000 300.000000 0.129737
22.000000 59.000000 300.000000 0.137097
59.000000 22.000000 300.000000 0.137097
28.000000 59.000000 300.000000 0.263993
59.000000 28.000000 300.000000 0.263993
27.000000 59.000000 300.000000 0.238740
59.000000 27.000000 300.000000 0.238740
