0.000000 2.000000 300.000000 0.085217
1.000000 0.000000 300.000000 1.058427
0.000000 1.000000 300.000000 1.058427
8.000000 1.000000 300.000000 0.091470
1.000000 8.000000 300.000000 0.091470
3.000000 1.000000 300.000000 0.081450
1.000000 3.000000 300.000000 0.081450
0.000000 1.000000 300.000000 1.058427
1.000000 0.000000 300.000000 1.058427
3.000000 2.000000 300.000000 1.043813
2.000000 3.000000 300.000000 1.043813
1.000000 3.000000 300.000000 0.081450
3.000000 1.000000 300.000000 0.081450
9.000000 3.000000 300.000000 0.107963
3.000000 9.000000 300.000000 0.107963
2.000000 3.000000 300.000000 1.043813
3.000000 2.000000 300.000000 1.043813
4.000000 84.000000 300.000000 0.085417
50.000000 4.000000 300.000000 1.122113
4.000000 50.000000 300.000000 1.122113
5.000000 7.000000 300.000000 0.090427
6.000000 5.000000 300.000000 1.082820
5.000000 6.000000 300.000000 1.082820
55.000000 6.000000 300.000000 0.089773
6.000000 55.000000 300.000000 0.089773
8.000000 6.000000 300.000000 0.083773
6.000000 8.000000 300.000000 0.083773
5.000000 6.000000 300.000000 1.082820
6.000000 5.000000 300.000000 1.082820
7.000000 0.000000 300.000000 0.081513
8.000000 7.000000 300.000000 1.072823
7.000000 8.000000 300.000000 1.072823
6.000000 8.000000 300.000000 0.083773
8.000000 6.000000 300.000000 0.083773
1.000000 8.000000 300.000000 0.091470
8.000000 1.000000 300.000000 0.091470
7.000000 8.000000 300.000000 1.072823
8.000000 7.000000 300.000000 1.072823
3.000000 9.000000 300.000000 0.107963
9.000000 3.000000 300.000000 0.107963
86.000000 9.000000 300.000000 0.229730
9.000000 86.000000 300.000000 0.229730
64.000000 10.000000 300.000000 0.084867
10.000000 64.000000 300.000000 0.084867
50.000000 10.000000 300.000000 0.090123
10.000000 50.000000 300.000000 0.090123
13.000000 10.000000 300.000000 1.136187
10.000000 13.000000 300.000000 1.136187
64.000000 11.000000 300.000000 0.089357
11.000000 64.000000 300.000000 0.089357
49.000000 11.000000 300.000000 0.156760
11.000000 49.000000 300.000000 0.156760
96.000000 11.000000 300.000000 1.143590
11.000000 96.000000 300.000000 1.143590
12.000000 13.000000 300.000000 0.052407
13.000000 4.000000 300.000000 0.086153
10.000000 13.000000 300.000000 1.136187
13.000000 10.000000 300.000000 1.136187
15.000000 14.000000 300.000000 0.081787
14.000000 15.000000 300.000000 0.081787
19.000000 14.000000 300.000000 0.084643
14.000000 19.000000 300.000000 0.084643
32.000000 14.000000 300.000000 1.137060
14.000000 32.000000 300.000000 1.137060
16.000000 15.000000 300.000000 0.085600
15.000000 16.000000 300.000000 0.085600
14.000000 15.000000 300.000000 0.081787
15.000000 14.000000 300.000000 0.081787
74.000000 15.000000 300.000000 1.143697
15.000000 74.000000 300.000000 1.143697
15.000000 16.000000 300.000000 0.085600
16.000000 15.000000 300.000000 0.085600
52.000000 16.000000 300.000000 1.151090
16.000000 52.000000 300.000000 1.151090
17.000000 16.000000 300.000000 0.089023
16.000000 17.000000 300.000000 0.089023
57.000000 17.000000 300.000000 1.164600
17.000000 57.000000 300.000000 1.164600
33.000000 17.000000 300.000000 0.097660
17.000000 33.000000 300.000000 0.097660
16.000000 17.000000 300.000000 0.089023
17.000000 16.000000 300.000000 0.089023
19.000000 18.000000 300.000000 0.086250
18.000000 19.000000 300.000000 0.086250
97.000000 18.000000 300.000000 0.091367
18.000000 97.000000 300.000000 0.091367
73.000000 18.000000 300.000000 1.144627
18.000000 73.000000 300.000000 1.144627
14.000000 19.000000 300.000000 0.084643
19.000000 14.000000 300.000000 0.084643
18.000000 19.000000 300.000000 0.086250
19.000000 18.000000 300.000000 0.086250
35.000000 19.000000 300.000000 1.138003
19.000000 35.000000 300.000000 1.138003
20.000000 67.000000 300.000000 0.219220
21.000000 57.000000 300.000000 0.083110
33.000000 21.000000 300.000000 1.215110
21.000000 33.000000 300.000000 1.215110
26.000000 21.000000 300.000000 0.201617
21.000000 26.000000 300.000000 0.201617
22.000000 23.000000 300.000000 0.087397
34.000000 22.000000 300.000000 1.353613
22.000000 34.000000 300.000000 1.353613
85.000000 23.000000 300.000000 0.028877
23.000000 85.000000 300.000000 0.028877
23.000000 101.000000 300.000000 0.105777
40.000000 23.000000 300.000000 1.351180
23.000000 40.000000 300.000000 1.351180
70.000000 24.000000 300.000000 1.132280
24.000000 70.000000 300.000000 1.132280
53.000000 24.000000 300.000000 0.083553
24.000000 53.000000 300.000000 0.083553
25.000000 24.000000 300.000000 0.090717
24.000000 25.000000 300.000000 0.090717
27.000000 25.000000 300.000000 0.112843
25.000000 27.000000 300.000000 0.112843
26.000000 25.000000 300.000000 1.174470
25.000000 26.000000 300.000000 1.174470
24.000000 25.000000 300.000000 0.090717
25.000000 24.000000 300.000000 0.090717
26.000000 94.000000 300.000000 0.037903
25.000000 26.000000 300.000000 1.174470
26.000000 25.000000 300.000000 1.174470
21.000000 26.000000 300.000000 0.201617
26.000000 21.000000 300.000000 0.201617
25.000000 27.000000 300.000000 0.112843
27.000000 25.000000 300.000000 0.112843
63.000000 27.000000 300.000000 0.017757
27.000000 63.000000 300.000000 0.017757
79.000000 27.000000 300.000000 0.475227
27.000000 79.000000 300.000000 0.475227
28.000000 20.000000 300.000000 0.092617
28.000000 82.000000 300.000000 0.107050
29.000000 106.000000 300.000000 0.035160
31.000000 29.000000 300.000000 0.460350
14.000000 32.000000 300.000000 1.137060
32.000000 14.000000 300.000000 1.137060
32.000000 35.000000 300.000000 0.085253
96.000000 33.000000 300.000000 0.108447
33.000000 96.000000 300.000000 0.108447
17.000000 33.000000 300.000000 0.097660
33.000000 17.000000 300.000000 0.097660
21.000000 33.000000 300.000000 1.215110
33.000000 21.000000 300.000000 1.215110
22.000000 34.000000 300.000000 1.353613
34.000000 22.000000 300.000000 1.353613
34.000000 20.000000 300.000000 0.104803
19.000000 35.000000 300.000000 1.138003
35.000000 19.000000 300.000000 1.138003
35.000000 73.000000 300.000000 0.086157
66.000000 36.000000 300.000000 1.120737
36.000000 66.000000 300.000000 1.120737
36.000000 74.000000 300.000000 0.213980
36.000000 37.000000 300.000000 0.084043
37.000000 70.000000 300.000000 0.087097
53.000000 37.000000 300.000000 1.124883
37.000000 53.000000 300.000000 1.124883
38.000000 5.000000 300.000000 0.084693
55.000000 38.000000 300.000000 1.094273
38.000000 55.000000 300.000000 1.094273
76.000000 39.000000 300.000000 0.088820
39.000000 76.000000 300.000000 0.088820
44.000000 39.000000 300.000000 0.095607
39.000000 44.000000 300.000000 0.095607
78.000000 39.000000 300.000000 0.659233
39.000000 78.000000 300.000000 0.659233
40.000000 34.000000 300.000000 0.089307
23.000000 40.000000 300.000000 1.351180
40.000000 23.000000 300.000000 1.351180
54.000000 41.000000 300.000000 0.089837
41.000000 54.000000 300.000000 0.089837
56.000000 41.000000 300.000000 0.058150
41.000000 56.000000 300.000000 0.058150
50.000000 42.000000 300.000000 0.080687
42.000000 50.000000 300.000000 0.080687
91.000000 42.000000 300.000000 0.034770
42.000000 91.000000 300.000000 0.034770
84.000000 42.000000 300.000000 1.109050
42.000000 84.000000 300.000000 1.109050
92.000000 43.000000 300.000000 1.185010
43.000000 92.000000 300.000000 1.185010
43.000000 80.000000 300.000000 0.101873
39.000000 44.000000 300.000000 0.095607
44.000000 39.000000 300.000000 0.095607
104.000000 44.000000 300.000000 0.067567
44.000000 104.000000 300.000000 0.067567
100.000000 45.000000 300.000000 1.278550
45.000000 100.000000 300.000000 1.278550
45.000000 43.000000 300.000000 0.098443
63.000000 46.000000 300.000000 0.082087
46.000000 63.000000 300.000000 0.082087
69.000000 46.000000 300.000000 0.906200
46.000000 69.000000 300.000000 0.906200
47.000000 60.000000 300.000000 0.083317
51.000000 47.000000 300.000000 1.110877
47.000000 51.000000 300.000000 1.110877
48.000000 22.000000 300.000000 0.085890
67.000000 48.000000 300.000000 1.145250
48.000000 67.000000 300.000000 1.145250
94.000000 49.000000 300.000000 0.196210
49.000000 94.000000 300.000000 0.196210
49.000000 21.000000 300.000000 0.038490
11.000000 49.000000 300.000000 0.156760
49.000000 11.000000 300.000000 0.156760
42.000000 50.000000 300.000000 0.080687
50.000000 42.000000 300.000000 0.080687
4.000000 50.000000 300.000000 1.122113
50.000000 4.000000 300.000000 1.122113
10.000000 50.000000 300.000000 0.090123
50.000000 10.000000 300.000000 0.090123
59.000000 51.000000 300.000000 0.088207
51.000000 59.000000 300.000000 0.088207
81.000000 51.000000 300.000000 0.084023
51.000000 81.000000 300.000000 0.084023
47.000000 51.000000 300.000000 1.110877
51.000000 47.000000 300.000000 1.110877
16.000000 52.000000 300.000000 1.151090
52.000000 16.000000 300.000000 1.151090
52.000000 74.000000 300.000000 0.083827
66.000000 53.000000 300.000000 0.087397
53.000000 66.000000 300.000000 0.087397
37.000000 53.000000 300.000000 1.124883
53.000000 37.000000 300.000000 1.124883
24.000000 53.000000 300.000000 0.083553
53.000000 24.000000 300.000000 0.083553
104.000000 54.000000 300.000000 0.026647
54.000000 104.000000 300.000000 0.026647
41.000000 54.000000 300.000000 0.089837
54.000000 41.000000 300.000000 0.089837
91.000000 55.000000 300.000000 0.049853
55.000000 91.000000 300.000000 0.049853
6.000000 55.000000 300.000000 0.089773
55.000000 6.000000 300.000000 0.089773
38.000000 55.000000 300.000000 1.094273
55.000000 38.000000 300.000000 1.094273
41.000000 56.000000 300.000000 0.058150
56.000000 41.000000 300.000000 0.058150
61.000000 56.000000 300.000000 0.033627
56.000000 61.000000 300.000000 0.033627
89.000000 56.000000 300.000000 0.346987
56.000000 89.000000 300.000000 0.346987
57.000000 52.000000 300.000000 0.087997
17.000000 57.000000 300.000000 1.164600
57.000000 17.000000 300.000000 1.164600
58.000000 40.000000 300.000000 0.085040
98.000000 58.000000 300.000000 1.329000
58.000000 98.000000 300.000000 1.329000
51.000000 59.000000 300.000000 0.088207
59.000000 51.000000 300.000000 0.088207
92.000000 59.000000 300.000000 0.086523
59.000000 92.000000 300.000000 0.086523
80.000000 59.000000 300.000000 1.104703
59.000000 80.000000 300.000000 1.104703
60.000000 36.000000 300.000000 0.088133
81.000000 60.000000 300.000000 1.113183
60.000000 81.000000 300.000000 1.113183
56.000000 61.000000 300.000000 0.033627
61.000000 56.000000 300.000000 0.033627
72.000000 61.000000 300.000000 0.091990
61.000000 72.000000 300.000000 0.091990
62.000000 28.000000 300.000000 0.208570
27.000000 63.000000 300.000000 0.017757
63.000000 27.000000 300.000000 0.017757
46.000000 63.000000 300.000000 0.082087
63.000000 46.000000 300.000000 0.082087
65.000000 63.000000 300.000000 0.938350
63.000000 65.000000 300.000000 0.938350
11.000000 64.000000 300.000000 0.089357
64.000000 11.000000 300.000000 0.089357
10.000000 64.000000 300.000000 0.084867
64.000000 10.000000 300.000000 0.084867
102.000000 64.000000 300.000000 1.144603
64.000000 102.000000 300.000000 1.144603
69.000000 65.000000 300.000000 0.091357
65.000000 69.000000 300.000000 0.091357
94.000000 65.000000 300.000000 0.337400
65.000000 94.000000 300.000000 0.337400
63.000000 65.000000 300.000000 0.938350
65.000000 63.000000 300.000000 0.938350
81.000000 66.000000 300.000000 0.083817
66.000000 81.000000 300.000000 0.083817
53.000000 66.000000 300.000000 0.087397
66.000000 53.000000 300.000000 0.087397
36.000000 66.000000 300.000000 1.120737
66.000000 36.000000 300.000000 1.120737
48.000000 67.000000 300.000000 1.145250
67.000000 48.000000 300.000000 1.145250
67.000000 99.000000 300.000000 0.076173
72.000000 68.000000 300.000000 0.834593
68.000000 72.000000 300.000000 0.834593
75.000000 69.000000 300.000000 0.092290
69.000000 75.000000 300.000000 0.092290
65.000000 69.000000 300.000000 0.091357
69.000000 65.000000 300.000000 0.091357
46.000000 69.000000 300.000000 0.906200
69.000000 46.000000 300.000000 0.906200
24.000000 70.000000 300.000000 1.132280
70.000000 24.000000 300.000000 1.132280
70.000000 26.000000 300.000000 0.086683
71.000000 45.000000 300.000000 0.085657
61.000000 72.000000 300.000000 0.091990
72.000000 61.000000 300.000000 0.091990
75.000000 72.000000 300.000000 0.092510
72.000000 75.000000 300.000000 0.092510
68.000000 72.000000 300.000000 0.834593
72.000000 68.000000 300.000000 0.834593
18.000000 73.000000 300.000000 1.144627
73.000000 18.000000 300.000000 1.144627
73.000000 93.000000 300.000000 0.091677
74.000000 32.000000 300.000000 0.086673
15.000000 74.000000 300.000000 1.143697
74.000000 15.000000 300.000000 1.143697
72.000000 75.000000 300.000000 0.092510
75.000000 72.000000 300.000000 0.092510
69.000000 75.000000 300.000000 0.092290
75.000000 69.000000 300.000000 0.092290
39.000000 76.000000 300.000000 0.088820
76.000000 39.000000 300.000000 0.088820
77.000000 76.000000 300.000000 0.625360
76.000000 77.000000 300.000000 0.625360
78.000000 77.000000 300.000000 0.083817
77.000000 78.000000 300.000000 0.083817
76.000000 77.000000 300.000000 0.625360
77.000000 76.000000 300.000000 0.625360
77.000000 78.000000 300.000000 0.083817
78.000000 77.000000 300.000000 0.083817
39.000000 78.000000 300.000000 0.659233
78.000000 39.000000 300.000000 0.659233
27.000000 79.000000 300.000000 0.475227
79.000000 27.000000 300.000000 0.475227
80.000000 47.000000 300.000000 0.085250
59.000000 80.000000 300.000000 1.104703
80.000000 59.000000 300.000000 1.104703
66.000000 81.000000 300.000000 0.083817
81.000000 66.000000 300.000000 0.083817
51.000000 81.000000 300.000000 0.084023
81.000000 51.000000 300.000000 0.084023
60.000000 81.000000 300.000000 1.113183
81.000000 60.000000 300.000000 1.113183
82.000000 71.000000 300.000000 0.084230
83.000000 62.000000 300.000000 0.117187
83.000000 30.000000 300.000000 0.512087
84.000000 38.000000 300.000000 0.085910
42.000000 84.000000 300.000000 1.109050
84.000000 42.000000 300.000000 1.109050
23.000000 85.000000 300.000000 0.028877
85.000000 23.000000 300.000000 0.028877
9.000000 86.000000 300.000000 0.229730
86.000000 9.000000 300.000000 0.229730
89.000000 87.000000 300.000000 0.185177
87.000000 89.000000 300.000000 0.185177
91.000000 87.000000 300.000000 0.321273
87.000000 91.000000 300.000000 0.321273
88.000000 87.000000 300.000000 0.298820
87.000000 88.000000 300.000000 0.298820
87.000000 88.000000 300.000000 0.298820
88.000000 87.000000 300.000000 0.298820
56.000000 89.000000 300.000000 0.346987
89.000000 56.000000 300.000000 0.346987
87.000000 89.000000 300.000000 0.185177
89.000000 87.000000 300.000000 0.185177
90.000000 89.000000 300.000000 0.323380
89.000000 90.000000 300.000000 0.323380
89.000000 90.000000 300.000000 0.323380
90.000000 89.000000 300.000000 0.323380
42.000000 91.000000 300.000000 0.034770
91.000000 42.000000 300.000000 0.034770
55.000000 91.000000 300.000000 0.049853
91.000000 55.000000 300.000000 0.049853
87.000000 91.000000 300.000000 0.321273
91.000000 87.000000 300.000000 0.321273
43.000000 92.000000 300.000000 1.185010
92.000000 43.000000 300.000000 1.185010
100.000000 92.000000 300.000000 0.126417
92.000000 100.000000 300.000000 0.126417
59.000000 92.000000 300.000000 0.086523
92.000000 59.000000 300.000000 0.086523
93.000000 58.000000 300.000000 0.101363
93.000000 43.000000 300.000000 0.117690
97.000000 93.000000 300.000000 1.209703
93.000000 97.000000 300.000000 1.209703
49.000000 94.000000 300.000000 0.196210
94.000000 49.000000 300.000000 0.196210
65.000000 94.000000 300.000000 0.337400
94.000000 65.000000 300.000000 0.337400
96.000000 95.000000 300.000000 0.014710
95.000000 96.000000 300.000000 0.014710
95.000000 102.000000 300.000000 0.085720
95.000000 96.000000 300.000000 0.014710
96.000000 95.000000 300.000000 0.014710
33.000000 96.000000 300.000000 0.108447
96.000000 33.000000 300.000000 0.108447
11.000000 96.000000 300.000000 1.143590
96.000000 11.000000 300.000000 1.143590
18.000000 97.000000 300.000000 0.091367
97.000000 18.000000 300.000000 0.091367
98.000000 97.000000 300.000000 0.110863
97.000000 98.000000 300.000000 0.110863
93.000000 97.000000 300.000000 1.209703
97.000000 93.000000 300.000000 1.209703
101.000000 98.000000 300.000000 0.028347
98.000000 101.000000 300.000000 0.028347
97.000000 98.000000 300.000000 0.110863
98.000000 97.000000 300.000000 0.110863
58.000000 98.000000 300.000000 1.329000
98.000000 58.000000 300.000000 1.329000
99.000000 30.000000 300.000000 0.173327
99.000000 31.000000 300.000000 0.566530
92.000000 100.000000 300.000000 0.126417
100.000000 92.000000 300.000000 0.126417
45.000000 100.000000 300.000000 1.278550
100.000000 45.000000 300.000000 1.278550
98.000000 101.000000 300.000000 0.028347
101.000000 98.000000 300.000000 0.028347
101.000000 95.000000 300.000000 0.750390
102.000000 12.000000 300.000000 0.028530
64.000000 102.000000 300.000000 1.144603
102.000000 64.000000 300.000000 1.144603
104.000000 103.000000 300.000000 0.031013
103.000000 104.000000 300.000000 0.031013
44.000000 104.000000 300.000000 0.067567
104.000000 44.000000 300.000000 0.067567
54.000000 104.000000 300.000000 0.026647
104.000000 54.000000 300.000000 0.026647
103.000000 104.000000 300.000000 0.031013
104.000000 103.000000 300.000000 0.031013
105.000000 107.000000 300.000000 0.010180
106.000000 48.000000 300.000000 0.105083
106.000000 105.000000 300.000000 0.010143
