0 4 300.00 0.039270
0 178 300.00 0.267527
4 29 300.00 0.316133
4 68 300.00 0.267707
178 177 300.00 0.052940
178 260 300.00 0.876977
1 0 300.00 0.054030
1 247 300.00 0.445530
247 246 300.00 0.045593
244 2 300.00 0.041943
244 3 300.00 0.159280
2 244 300.00 0.041943
2 0 300.00 0.419617
27 3 300.00 0.315670
27 110 300.00 0.414153
27 29 300.00 0.262600
3 27 300.00 0.315670
3 4 300.00 0.263270
29 101 300.00 0.264103
29 30 300.00 0.416077
68 178 300.00 0.039077
68 5 300.00 0.874267
5 260 300.00 0.049543
5 250 300.00 0.149327
260 259 300.00 0.051147
260 283 300.00 0.146780
250 271 300.00 0.833510
250 283 300.00 0.046300
250 251 300.00 0.322770
6 7 300.00 0.107430
7 18 300.00 0.714873
7 88 300.00 0.306857
18 253 300.00 0.036553
88 111 300.00 0.186783
88 58 300.00 0.019217
8 165 300.00 0.054773
165 288 300.00 0.101247
165 195 300.00 0.628377
9 164 300.00 0.297813
9 10 300.00 0.263673
164 137 300.00 0.233260
164 258 300.00 0.150750
10 1 300.00 0.043913
10 206 300.00 0.258477
206 205 300.00 0.463630
206 246 300.00 0.186627
176 11 300.00 0.262060
176 171 300.00 0.211780
176 173 300.00 0.268900
11 176 300.00 0.262060
11 285 300.00 0.444457
285 11 300.00 0.444457
189 12 300.00 0.164267
189 188 300.00 0.398210
189 190 300.00 0.123137
12 189 300.00 0.164267
12 8 300.00 0.345697
12 275 300.00 0.021980
275 277 300.00 0.273857
275 273 300.00 0.050340
13 12 300.00 0.038930
14 286 300.00 0.029670
14 116 300.00 0.341640
286 15 300.00 0.073463
286 19 300.00 0.171273
116 14 300.00 0.341640
116 113 300.00 0.371347
116 114 300.00 0.358237
15 16 300.00 0.259963
15 277 300.00 0.063313
16 274 300.00 0.055197
16 273 300.00 0.042057
277 276 300.00 0.365533
277 19 300.00 0.086060
274 114 300.00 0.341330
274 13 300.00 0.059503
273 13 300.00 0.018807
273 274 300.00 0.048007
17 18 300.00 0.330193
17 77 300.00 0.698217
77 26 300.00 0.325857
253 279 300.00 0.203530
19 17 300.00 0.534643
20 182 300.00 0.260097
20 120 300.00 0.503560
182 183 300.00 0.142287
182 167 300.00 0.036550
120 20 300.00 0.503560
120 191 300.00 0.281933
120 150 300.00 0.343937
21 20 300.00 0.288397
21 147 300.00 0.204010
147 21 300.00 0.204010
147 166 300.00 0.056380
147 180 300.00 0.186717
22 130 300.00 0.235017
22 181 300.00 0.299507
130 180 300.00 0.298343
130 115 300.00 0.256107
181 180 300.00 0.192460
181 21 300.00 0.181253
256 23 300.00 0.419380
256 251 300.00 0.125260
256 5 300.00 0.307640
23 256 300.00 0.419380
23 78 300.00 0.290070
78 23 300.00 0.290070
78 39 300.00 0.133050
78 207 300.00 0.263883
24 100 300.00 0.408153
24 284 300.00 0.425543
24 89 300.00 0.236293
100 37 300.00 0.414303
100 62 300.00 0.420207
100 91 300.00 0.436110
284 24 300.00 0.425543
284 39 300.00 0.373583
284 62 300.00 0.413620
284 256 300.00 0.418837
89 24 300.00 0.236293
89 34 300.00 0.195493
89 70 300.00 0.407677
93 25 300.00 0.457807
93 35 300.00 0.065760
93 108 300.00 0.398507
25 93 300.00 0.457807
25 55 300.00 0.392720
25 48 300.00 0.251243
25 90 300.00 0.434277
55 25 300.00 0.392720
55 108 300.00 0.454177
55 72 300.00 0.258980
55 102 300.00 0.402177
48 25 300.00 0.251243
48 64 300.00 0.258423
48 72 300.00 0.411053
90 30 300.00 0.215760
90 73 300.00 0.103870
76 26 300.00 0.389503
76 36 300.00 0.419563
76 84 300.00 0.407780
76 105 300.00 0.407090
26 76 300.00 0.389503
26 225 300.00 0.309497
225 85 300.00 0.116700
225 306 300.00 0.033807
110 27 300.00 0.414153
110 30 300.00 0.257310
110 64 300.00 0.417890
110 83 300.00 0.259847
62 28 300.00 0.406250
62 35 300.00 0.347647
62 100 300.00 0.420207
62 284 300.00 0.413620
28 62 300.00 0.406250
28 92 300.00 0.415013
28 37 300.00 0.415960
28 108 300.00 0.407560
92 28 300.00 0.415013
92 44 300.00 0.420893
92 75 300.00 0.405870
92 95 300.00 0.419327
37 28 300.00 0.415960
37 60 300.00 0.425947
37 95 300.00 0.414210
37 100 300.00 0.414303
108 28 300.00 0.407560
108 55 300.00 0.454177
108 75 300.00 0.412307
108 93 300.00 0.398507
101 68 300.00 0.316483
101 23 300.00 0.447520
30 90 300.00 0.215760
30 48 300.00 0.419287
30 110 300.00 0.257310
104 31 300.00 0.194220
104 53 300.00 0.307430
31 104 300.00 0.194220
31 56 300.00 0.309870
31 220 300.00 0.191390
56 31 300.00 0.309870
56 65 300.00 0.416670
220 31 300.00 0.191390
220 103 300.00 0.224753
220 217 300.00 0.353930
32 211 300.00 0.125213
211 210 300.00 0.325617
211 6 300.00 0.161617
83 33 300.00 0.130803
83 42 300.00 0.416560
83 80 300.00 0.157677
83 110 300.00 0.259847
33 83 300.00 0.130803
91 34 300.00 0.403593
91 100 300.00 0.436110
91 105 300.00 0.579167
91 301 300.00 0.398590
34 91 300.00 0.403593
34 50 300.00 0.194497
34 89 300.00 0.195493
50 34 300.00 0.194497
50 40 300.00 0.406710
50 175 300.00 0.208347
39 35 300.00 0.417863
39 78 300.00 0.133050
39 284 300.00 0.373583
35 39 300.00 0.417863
35 93 300.00 0.065760
35 62 300.00 0.347647
223 36 300.00 0.430910
223 61 300.00 0.350937
223 222 300.00 0.361327
36 223 300.00 0.430910
36 85 300.00 0.376313
36 76 300.00 0.419563
36 98 300.00 0.400040
85 36 300.00 0.376313
85 265 300.00 0.047630
98 36 300.00 0.400040
98 300 300.00 0.016100
98 216 300.00 0.062750
60 37 300.00 0.425947
60 301 300.00 0.012980
60 215 300.00 0.163103
95 37 300.00 0.414210
95 92 300.00 0.419327
95 97 300.00 0.414170
95 96 300.00 0.392380
234 38 300.00 0.026393
234 248 300.00 0.559510
234 241 300.00 0.092470
38 234 300.00 0.026393
38 238 300.00 0.080920
38 69 300.00 0.286790
238 38 300.00 0.080920
238 41 300.00 0.133807
238 237 300.00 0.404097
69 38 300.00 0.286790
69 99 300.00 0.311263
69 87 300.00 0.277790
54 40 300.00 0.124823
54 105 300.00 0.281097
54 57 300.00 0.313057
40 54 300.00 0.124823
40 86 300.00 0.195073
40 174 300.00 0.192443
40 50 300.00 0.406710
86 40 300.00 0.195073
86 84 300.00 0.207487
86 111 300.00 0.416817
174 40 300.00 0.192443
174 58 300.00 0.208443
174 175 300.00 0.404493
41 238 300.00 0.133807
41 82 300.00 0.422550
41 230 300.00 0.286217
41 99 300.00 0.271380
82 41 300.00 0.422550
82 47 300.00 0.278160
82 59 300.00 0.401767
82 252 300.00 0.309917
230 41 300.00 0.286217
230 235 300.00 0.110310
230 231 300.00 0.247780
99 41 300.00 0.271380
99 43 300.00 0.263290
99 47 300.00 0.419457
99 69 300.00 0.311263
64 42 300.00 0.261567
64 48 300.00 0.258423
64 295 300.00 0.139580
64 110 300.00 0.417890
42 64 300.00 0.261567
42 59 300.00 0.279510
42 294 300.00 0.148340
42 83 300.00 0.416560
59 42 300.00 0.279510
59 45 300.00 0.395470
59 82 300.00 0.401767
294 42 300.00 0.148340
294 47 300.00 0.262927
294 295 300.00 0.259970
66 43 300.00 0.412003
66 47 300.00 0.256513
66 295 300.00 0.268927
66 72 300.00 0.267790
43 66 300.00 0.412003
43 99 300.00 0.263290
43 81 300.00 0.267150
43 71 300.00 0.388100
81 43 300.00 0.267150
81 72 300.00 0.403220
81 74 300.00 0.397670
81 102 300.00 0.265410
71 43 300.00 0.388100
71 87 300.00 0.027053
71 74 300.00 0.261580
44 92 300.00 0.420893
44 97 300.00 0.411247
44 65 300.00 0.409567
44 106 300.00 0.409277
97 44 300.00 0.411247
97 95 300.00 0.414170
97 103 300.00 0.347707
97 56 300.00 0.416737
65 44 300.00 0.409567
65 56 300.00 0.416670
65 226 300.00 0.213430
65 94 300.00 0.407727
106 44 300.00 0.409277
106 46 300.00 0.433240
106 75 300.00 0.420410
106 94 300.00 0.407450
45 59 300.00 0.395470
45 252 300.00 0.410520
45 245 300.00 1.532373
252 45 300.00 0.410520
252 52 300.00 0.496063
252 82 300.00 0.309917
245 45 300.00 1.532373
245 244 300.00 0.771133
109 46 300.00 0.196563
109 51 300.00 0.302280
109 303 300.00 0.299623
109 302 300.00 0.189200
46 109 300.00 0.196563
46 106 300.00 0.433240
46 74 300.00 0.289033
46 102 300.00 0.420200
74 46 300.00 0.289033
74 51 300.00 0.117787
74 71 300.00 0.261580
74 81 300.00 0.397670
102 46 300.00 0.420200
102 55 300.00 0.402177
102 75 300.00 0.448877
102 81 300.00 0.265410
47 66 300.00 0.256513
47 82 300.00 0.278160
47 99 300.00 0.419457
47 294 300.00 0.262927
72 48 300.00 0.411053
72 55 300.00 0.258980
72 66 300.00 0.267790
72 81 300.00 0.403220
226 49 300.00 0.207653
226 65 300.00 0.213430
226 228 300.00 0.190240
49 226 300.00 0.207653
175 50 300.00 0.208347
175 174 300.00 0.404493
175 262 300.00 0.203017
51 74 300.00 0.117787
51 87 300.00 0.273560
51 109 300.00 0.302280
87 51 300.00 0.273560
87 69 300.00 0.277790
87 71 300.00 0.027053
242 52 300.00 0.011883
242 233 300.00 0.178883
242 235 300.00 0.159213
52 242 300.00 0.011883
52 280 300.00 0.188887
52 252 300.00 0.496063
280 52 300.00 0.188887
280 233 300.00 0.066340
53 104 300.00 0.307430
105 54 300.00 0.281097
105 76 300.00 0.407090
105 91 300.00 0.579167
105 300 300.00 0.414897
57 54 300.00 0.313057
212 58 300.00 0.125310
212 210 300.00 0.165500
212 6 300.00 0.325383
58 212 300.00 0.125310
58 174 300.00 0.208443
301 60 300.00 0.012980
301 91 300.00 0.398590
301 213 300.00 0.296950
215 60 300.00 0.163103
215 96 300.00 0.259477
215 216 300.00 0.579143
61 223 300.00 0.350937
67 63 300.00 0.385827
67 111 300.00 0.222517
67 84 300.00 0.417037
63 67 300.00 0.385827
63 279 300.00 0.134867
63 254 300.00 0.415183
279 63 300.00 0.134867
254 84 300.00 0.390517
254 77 300.00 0.070570
295 64 300.00 0.139580
295 66 300.00 0.268927
295 294 300.00 0.259970
94 65 300.00 0.407727
94 106 300.00 0.407450
94 303 300.00 0.224863
111 67 300.00 0.222517
111 86 300.00 0.416817
111 88 300.00 0.186783
84 67 300.00 0.417037
84 76 300.00 0.407780
84 254 300.00 0.390517
84 86 300.00 0.207487
70 89 300.00 0.407677
70 261 300.00 0.231633
70 262 300.00 0.418757
261 70 300.00 0.231633
261 251 300.00 0.299697
261 208 300.00 0.200390
262 70 300.00 0.418757
262 175 300.00 0.203017
262 210 300.00 0.111363
262 32 300.00 0.326000
207 73 300.00 0.197783
207 78 300.00 0.263883
207 305 300.00 0.050973
73 207 300.00 0.197783
73 101 300.00 0.325063
75 108 300.00 0.412307
75 106 300.00 0.420410
75 102 300.00 0.448877
75 92 300.00 0.405870
222 79 300.00 0.032277
222 107 300.00 0.122793
222 223 300.00 0.361327
79 222 300.00 0.032277
79 224 300.00 0.239620
79 96 300.00 0.603910
224 79 300.00 0.239620
224 216 300.00 0.101753
224 307 300.00 0.015807
96 79 300.00 0.603910
96 95 300.00 0.392380
96 215 300.00 0.259477
96 103 300.00 0.412857
80 83 300.00 0.157677
265 264 300.00 0.207250
265 266 300.00 0.115717
303 94 300.00 0.224863
303 109 300.00 0.299623
303 304 300.00 0.019873
103 96 300.00 0.412857
103 97 300.00 0.347707
103 220 300.00 0.224753
300 98 300.00 0.016100
300 105 300.00 0.414897
300 213 300.00 0.269367
216 98 300.00 0.062750
216 215 300.00 0.579143
216 224 300.00 0.101753
107 222 300.00 0.122793
107 221 300.00 0.292163
107 218 300.00 0.248533
221 107 300.00 0.292163
221 219 300.00 0.256033
218 107 300.00 0.248533
218 217 300.00 0.545607
218 219 300.00 0.297893
302 109 300.00 0.189200
193 112 300.00 0.062380
193 194 300.00 0.145683
193 281 300.00 0.142703
112 193 300.00 0.062380
112 135 300.00 0.080087
112 184 300.00 0.244997
135 112 300.00 0.080087
135 249 300.00 0.315980
135 186 300.00 0.128840
184 112 300.00 0.244997
184 117 300.00 0.262400
184 187 300.00 0.200083
113 298 300.00 0.180817
113 116 300.00 0.371347
113 166 300.00 0.199893
298 297 300.00 0.125343
298 179 300.00 0.009087
166 113 300.00 0.199893
166 147 300.00 0.056380
166 167 300.00 0.309103
118 114 300.00 0.217083
118 117 300.00 0.198200
118 119 300.00 0.206703
118 281 300.00 0.500640
114 118 300.00 0.217083
114 274 300.00 0.341330
114 116 300.00 0.358237
114 188 300.00 0.166333
188 114 300.00 0.166333
188 281 300.00 0.589670
188 189 300.00 0.398210
115 287 300.00 0.324537
287 14 300.00 0.615627
287 169 300.00 0.164187
117 113 300.00 0.325633
117 118 300.00 0.198200
117 184 300.00 0.262400
119 118 300.00 0.206703
281 118 300.00 0.500640
281 188 300.00 0.589670
281 193 300.00 0.142703
191 120 300.00 0.281933
191 186 300.00 0.096173
191 192 300.00 0.169953
150 120 300.00 0.343937
150 146 300.00 0.436147
150 249 300.00 0.567017
122 121 300.00 0.287377
122 138 300.00 0.277987
122 128 300.00 0.436800
121 122 300.00 0.287377
121 154 300.00 0.265970
121 163 300.00 0.398997
154 121 300.00 0.265970
154 148 300.00 0.263030
154 152 300.00 0.504240
163 121 300.00 0.398997
163 128 300.00 0.278707
163 199 300.00 0.228053
138 122 300.00 0.277987
138 145 300.00 0.134417
138 162 300.00 0.466283
128 122 300.00 0.436800
128 136 300.00 0.132010
128 163 300.00 0.278707
132 123 300.00 0.354040
132 124 300.00 0.261193
132 144 300.00 0.262670
132 258 300.00 0.225427
123 132 300.00 0.354040
123 159 300.00 0.091490
123 157 300.00 0.259707
159 123 300.00 0.091490
157 123 300.00 0.259707
157 124 300.00 0.353027
157 156 300.00 0.120807
124 157 300.00 0.353027
124 149 300.00 0.307113
124 132 300.00 0.261193
149 124 300.00 0.307113
149 133 300.00 0.290723
149 148 300.00 0.225463
149 151 300.00 0.183910
134 125 300.00 0.322247
134 143 300.00 0.170713
134 160 300.00 0.063990
125 134 300.00 0.322247
125 140 300.00 0.127630
125 162 300.00 0.132217
140 125 300.00 0.127630
140 127 300.00 0.324613
140 142 300.00 0.366063
162 125 300.00 0.132217
162 136 300.00 0.135713
162 138 300.00 0.466283
127 126 300.00 0.582603
127 143 300.00 0.376097
127 197 300.00 0.666407
127 140 300.00 0.324613
127 161 300.00 0.421153
126 127 300.00 0.582603
126 255 300.00 0.499457
255 155 300.00 0.091000
143 127 300.00 0.376097
143 134 300.00 0.170713
143 153 300.00 0.330990
197 127 300.00 0.666407
197 131 300.00 0.099977
197 198 300.00 0.355227
161 127 300.00 0.421153
161 142 300.00 0.055730
161 155 300.00 0.789737
136 128 300.00 0.132010
136 200 300.00 0.225997
136 162 300.00 0.135713
203 129 300.00 0.210187
203 201 300.00 0.334537
203 204 300.00 0.219210
129 203 300.00 0.210187
129 145 300.00 0.142453
129 152 300.00 0.191947
145 129 300.00 0.142453
145 138 300.00 0.134417
145 142 300.00 0.182597
152 129 300.00 0.191947
152 156 300.00 0.119277
152 154 300.00 0.504240
180 130 300.00 0.298343
180 147 300.00 0.186717
180 179 300.00 0.255747
180 181 300.00 0.192460
131 197 300.00 0.099977
131 195 300.00 0.138330
131 249 300.00 0.985530
195 131 300.00 0.138330
195 165 300.00 0.628377
195 196 300.00 0.282107
249 131 300.00 0.985530
249 135 300.00 0.315980
249 150 300.00 0.567017
144 132 300.00 0.262670
144 293 300.00 0.092997
144 257 300.00 0.222277
258 132 300.00 0.225427
258 257 300.00 0.257573
293 133 300.00 0.566247
293 144 300.00 0.092997
293 296 300.00 1.855130
133 293 300.00 0.566247
133 149 300.00 0.290723
160 134 300.00 0.063990
160 139 300.00 0.238647
160 141 300.00 0.307430
186 135 300.00 0.128840
186 191 300.00 0.096173
186 187 300.00 0.245050
200 136 300.00 0.225997
200 139 300.00 0.293957
200 199 300.00 0.434720
137 164 300.00 0.233260
139 160 300.00 0.238647
139 146 300.00 0.542180
139 200 300.00 0.293957
146 139 300.00 0.542180
146 199 300.00 0.634740
146 150 300.00 0.436147
142 140 300.00 0.366063
142 161 300.00 0.055730
142 145 300.00 0.182597
141 160 300.00 0.307430
153 143 300.00 0.330990
257 144 300.00 0.222277
257 205 300.00 0.260747
257 10 300.00 0.457643
199 146 300.00 0.634740
199 163 300.00 0.228053
199 200 300.00 0.434720
151 148 300.00 0.256820
151 149 300.00 0.183910
151 156 300.00 0.237117
148 151 300.00 0.256820
148 149 300.00 0.225463
148 154 300.00 0.263030
156 151 300.00 0.237117
156 152 300.00 0.119277
156 157 300.00 0.120807
155 158 300.00 0.404073
155 161 300.00 0.789737
158 201 300.00 0.408167
158 9 300.00 0.385057
201 158 300.00 0.408167
201 203 300.00 0.334537
201 202 300.00 0.175543
288 291 300.00 0.292917
167 166 300.00 0.309103
167 117 300.00 0.195717
169 168 300.00 0.332933
169 116 300.00 0.296993
168 169 300.00 0.332933
168 115 300.00 0.204460
171 170 300.00 0.264867
171 176 300.00 0.211780
170 171 300.00 0.264867
170 173 300.00 0.209637
170 296 300.00 0.038610
173 170 300.00 0.209637
173 172 300.00 0.258020
173 176 300.00 0.268900
296 170 300.00 0.038610
296 205 300.00 0.521210
296 293 300.00 1.855130
172 173 300.00 0.258020
172 11 300.00 0.287060
177 9 300.00 0.044627
177 1 300.00 0.265683
179 180 300.00 0.255747
179 168 300.00 0.090693
183 182 300.00 0.142287
187 184 300.00 0.200083
187 185 300.00 0.132027
187 186 300.00 0.245050
185 187 300.00 0.132027
190 189 300.00 0.123137
192 191 300.00 0.169953
194 193 300.00 0.145683
196 195 300.00 0.282107
196 198 300.00 0.207607
198 197 300.00 0.355227
198 268 300.00 0.131217
268 269 300.00 0.041787
268 126 300.00 0.501887
202 201 300.00 0.175543
204 203 300.00 0.219210
205 206 300.00 0.463630
205 257 300.00 0.260747
205 296 300.00 0.521210
246 247 300.00 0.045593
246 172 300.00 0.374310
305 207 300.00 0.050973
208 24 300.00 0.207577
208 209 300.00 0.143060
209 208 300.00 0.143060
210 211 300.00 0.325617
210 212 300.00 0.165500
210 262 300.00 0.111363
213 300 300.00 0.269367
213 301 300.00 0.296950
213 214 300.00 0.242710
214 213 300.00 0.242710
219 217 300.00 0.246463
219 218 300.00 0.297893
219 221 300.00 0.256033
217 219 300.00 0.246463
217 220 300.00 0.353930
217 218 300.00 0.545607
307 224 300.00 0.015807
306 225 300.00 0.033807
228 226 300.00 0.190240
228 227 300.00 0.077610
228 229 300.00 0.130270
227 228 300.00 0.077610
229 228 300.00 0.130270
235 230 300.00 0.110310
235 242 300.00 0.159213
235 237 300.00 0.103887
231 230 300.00 0.247780
241 232 300.00 0.498550
241 234 300.00 0.092470
241 239 300.00 0.164307
232 241 300.00 0.498550
232 248 300.00 0.152923
232 240 300.00 0.188720
248 232 300.00 0.152923
248 234 300.00 0.559510
240 232 300.00 0.188720
240 236 300.00 0.170377
240 239 300.00 0.387940
243 233 300.00 0.159890
243 236 300.00 0.382463
243 237 300.00 0.090487
243 239 300.00 0.155370
233 243 300.00 0.159890
233 242 300.00 0.178883
233 280 300.00 0.066340
233 236 300.00 0.533597
236 233 300.00 0.533597
236 243 300.00 0.382463
236 240 300.00 0.170377
237 235 300.00 0.103887
237 243 300.00 0.090487
237 238 300.00 0.404097
239 240 300.00 0.387940
239 241 300.00 0.164307
239 243 300.00 0.155370
271 270 300.00 0.041820
271 32 300.00 0.114850
283 250 300.00 0.046300
283 270 300.00 0.834133
251 250 300.00 0.322770
251 256 300.00 0.125260
251 261 300.00 0.299697
259 255 300.00 0.045440
259 177 300.00 0.879137
263 266 300.00 0.203677
263 264 300.00 0.105370
266 278 300.00 0.348803
278 26 300.00 0.172523
267 288 300.00 0.070377
267 290 300.00 0.377763
290 289 300.00 0.059130
290 269 300.00 0.492577
269 268 300.00 0.041787
269 259 300.00 1.002603
270 271 300.00 0.041820
270 289 300.00 0.512117
289 7 300.00 0.042433
272 8 300.00 0.059650
272 275 300.00 0.351157
276 272 300.00 0.261343
299 282 300.00 0.421873
282 299 300.00 0.421873
282 292 300.00 0.227963
292 282 300.00 0.227963
291 196 300.00 0.177333
291 290 300.00 0.045413
297 298 300.00 0.125343
304 303 300.00 0.019873
