0.000000 165.000000 300.000000 0.053480
2.000000 164.000000 300.000000 0.427427
4.000000 3.000000 300.000000 0.043103
3.000000 4.000000 300.000000 0.043103
3.000000 351.000000 300.000000 0.014933
234.000000 3.000000 300.000000 0.350823
3.000000 234.000000 300.000000 0.350823
3.000000 4.000000 300.000000 0.043103
4.000000 3.000000 300.000000 0.043103
6.000000 4.000000 300.000000 0.337850
4.000000 6.000000 300.000000 0.337850
255.000000 5.000000 300.000000 0.102327
5.000000 255.000000 300.000000 0.102327
180.000000 5.000000 300.000000 0.144783
5.000000 180.000000 300.000000 0.144783
9.000000 5.000000 300.000000 0.428983
5.000000 9.000000 300.000000 0.428983
298.000000 6.000000 300.000000 0.352873
6.000000 298.000000 300.000000 0.352873
4.000000 6.000000 300.000000 0.337850
6.000000 4.000000 300.000000 0.337850
10.000000 6.000000 300.000000 0.320137
6.000000 10.000000 300.000000 0.320137
259.000000 7.000000 300.000000 0.251540
7.000000 259.000000 300.000000 0.251540
271.000000 7.000000 300.000000 0.486557
7.000000 271.000000 300.000000 0.486557
231.000000 7.000000 300.000000 0.908850
7.000000 231.000000 300.000000 0.908850
185.000000 7.000000 300.000000 0.131337
7.000000 185.000000 300.000000 0.131337
12.000000 8.000000 300.000000 0.340760
8.000000 12.000000 300.000000 0.340760
298.000000 8.000000 300.000000 0.356043
8.000000 298.000000 300.000000 0.356043
24.000000 8.000000 300.000000 0.543987
8.000000 24.000000 300.000000 0.543987
311.000000 9.000000 300.000000 0.103213
9.000000 311.000000 300.000000 0.103213
251.000000 9.000000 300.000000 0.132730
9.000000 251.000000 300.000000 0.132730
5.000000 9.000000 300.000000 0.428983
9.000000 5.000000 300.000000 0.428983
312.000000 9.000000 300.000000 0.110203
9.000000 312.000000 300.000000 0.110203
18.000000 10.000000 300.000000 0.388010
10.000000 18.000000 300.000000 0.388010
19.000000 10.000000 300.000000 0.251797
10.000000 19.000000 300.000000 0.251797
321.000000 10.000000 300.000000 0.224753
10.000000 321.000000 300.000000 0.224753
6.000000 10.000000 300.000000 0.320137
10.000000 6.000000 300.000000 0.320137
252.000000 11.000000 300.000000 0.107230
11.000000 252.000000 300.000000 0.107230
13.000000 11.000000 300.000000 0.121870
11.000000 13.000000 300.000000 0.121870
253.000000 11.000000 300.000000 0.190923
11.000000 253.000000 300.000000 0.190923
8.000000 12.000000 300.000000 0.340760
12.000000 8.000000 300.000000 0.340760
319.000000 12.000000 300.000000 0.367123
12.000000 319.000000 300.000000 0.367123
15.000000 12.000000 300.000000 0.248603
12.000000 15.000000 300.000000 0.248603
22.000000 13.000000 300.000000 0.272677
13.000000 22.000000 300.000000 0.272677
11.000000 13.000000 300.000000 0.121870
13.000000 11.000000 300.000000 0.121870
195.000000 13.000000 300.000000 0.087680
13.000000 195.000000 300.000000 0.087680
188.000000 14.000000 300.000000 0.425487
14.000000 188.000000 300.000000 0.425487
19.000000 14.000000 300.000000 0.351370
14.000000 19.000000 300.000000 0.351370
287.000000 14.000000 300.000000 0.254867
14.000000 287.000000 300.000000 0.254867
21.000000 14.000000 300.000000 0.258733
14.000000 21.000000 300.000000 0.258733
12.000000 15.000000 300.000000 0.248603
15.000000 12.000000 300.000000 0.248603
320.000000 15.000000 300.000000 0.494820
15.000000 320.000000 300.000000 0.494820
186.000000 16.000000 300.000000 0.175807
16.000000 186.000000 300.000000 0.175807
189.000000 16.000000 300.000000 0.378797
16.000000 189.000000 300.000000 0.378797
231.000000 16.000000 300.000000 0.229893
16.000000 231.000000 300.000000 0.229893
250.000000 17.000000 300.000000 0.201367
17.000000 250.000000 300.000000 0.201367
249.000000 17.000000 300.000000 0.217667
17.000000 249.000000 300.000000 0.217667
312.000000 17.000000 300.000000 0.172557
17.000000 312.000000 300.000000 0.172557
10.000000 18.000000 300.000000 0.388010
18.000000 10.000000 300.000000 0.388010
27.000000 18.000000 300.000000 0.256137
18.000000 27.000000 300.000000 0.256137
24.000000 18.000000 300.000000 0.330800
18.000000 24.000000 300.000000 0.330800
298.000000 18.000000 300.000000 0.430050
18.000000 298.000000 300.000000 0.430050
14.000000 19.000000 300.000000 0.351370
19.000000 14.000000 300.000000 0.351370
27.000000 19.000000 300.000000 0.387163
19.000000 27.000000 300.000000 0.387163
243.000000 19.000000 300.000000 0.261980
19.000000 243.000000 300.000000 0.261980
10.000000 19.000000 300.000000 0.251797
19.000000 10.000000 300.000000 0.251797
250.000000 20.000000 300.000000 0.126933
20.000000 250.000000 300.000000 0.126933
22.000000 20.000000 300.000000 0.122743
20.000000 22.000000 300.000000 0.122743
244.000000 20.000000 300.000000 0.084890
20.000000 244.000000 300.000000 0.084890
253.000000 20.000000 300.000000 0.085317
20.000000 253.000000 300.000000 0.085317
32.000000 21.000000 300.000000 0.254117
21.000000 32.000000 300.000000 0.254117
196.000000 21.000000 300.000000 0.409313
21.000000 196.000000 300.000000 0.409313
243.000000 21.000000 300.000000 0.329320
21.000000 243.000000 300.000000 0.329320
14.000000 21.000000 300.000000 0.258733
21.000000 14.000000 300.000000 0.258733
13.000000 22.000000 300.000000 0.272677
22.000000 13.000000 300.000000 0.272677
20.000000 22.000000 300.000000 0.122743
22.000000 20.000000 300.000000 0.122743
26.000000 22.000000 300.000000 0.383540
22.000000 26.000000 300.000000 0.383540
33.000000 22.000000 300.000000 0.266770
22.000000 33.000000 300.000000 0.266770
34.000000 24.000000 300.000000 0.248087
24.000000 34.000000 300.000000 0.248087
18.000000 24.000000 300.000000 0.330800
24.000000 18.000000 300.000000 0.330800
362.000000 24.000000 300.000000 0.077270
24.000000 362.000000 300.000000 0.077270
8.000000 24.000000 300.000000 0.543987
24.000000 8.000000 300.000000 0.543987
35.000000 25.000000 300.000000 0.348350
25.000000 35.000000 300.000000 0.348350
271.000000 25.000000 300.000000 0.075857
25.000000 271.000000 300.000000 0.075857
30.000000 25.000000 300.000000 0.203570
25.000000 30.000000 300.000000 0.203570
22.000000 26.000000 300.000000 0.383540
26.000000 22.000000 300.000000 0.383540
40.000000 26.000000 300.000000 0.265077
26.000000 40.000000 300.000000 0.265077
231.000000 26.000000 300.000000 0.268800
26.000000 231.000000 300.000000 0.268800
355.000000 26.000000 300.000000 0.440447
26.000000 355.000000 300.000000 0.440447
39.000000 27.000000 300.000000 0.264183
27.000000 39.000000 300.000000 0.264183
18.000000 27.000000 300.000000 0.256137
27.000000 18.000000 300.000000 0.256137
19.000000 27.000000 300.000000 0.387163
27.000000 19.000000 300.000000 0.387163
34.000000 27.000000 300.000000 0.322313
27.000000 34.000000 300.000000 0.322313
248.000000 28.000000 300.000000 0.089557
28.000000 248.000000 300.000000 0.089557
254.000000 28.000000 300.000000 0.256337
28.000000 254.000000 300.000000 0.256337
249.000000 28.000000 300.000000 0.054070
28.000000 249.000000 300.000000 0.054070
37.000000 29.000000 300.000000 0.264573
29.000000 37.000000 300.000000 0.264573
211.000000 30.000000 300.000000 0.293993
30.000000 211.000000 300.000000 0.293993
273.000000 30.000000 300.000000 0.204210
30.000000 273.000000 300.000000 0.204210
25.000000 30.000000 300.000000 0.203570
30.000000 25.000000 300.000000 0.203570
245.000000 31.000000 300.000000 0.127240
31.000000 245.000000 300.000000 0.127240
33.000000 31.000000 300.000000 0.125267
31.000000 33.000000 300.000000 0.125267
43.000000 31.000000 300.000000 0.260003
31.000000 43.000000 300.000000 0.260003
244.000000 31.000000 300.000000 0.186663
31.000000 244.000000 300.000000 0.186663
300.000000 32.000000 300.000000 0.149667
32.000000 300.000000 300.000000 0.149667
21.000000 32.000000 300.000000 0.254117
32.000000 21.000000 300.000000 0.254117
41.000000 32.000000 300.000000 0.312683
32.000000 41.000000 300.000000 0.312683
203.000000 32.000000 300.000000 0.395460
32.000000 203.000000 300.000000 0.395460
31.000000 33.000000 300.000000 0.125267
33.000000 31.000000 300.000000 0.125267
46.000000 33.000000 300.000000 0.263530
33.000000 46.000000 300.000000 0.263530
40.000000 33.000000 300.000000 0.376570
33.000000 40.000000 300.000000 0.376570
22.000000 33.000000 300.000000 0.266770
33.000000 22.000000 300.000000 0.266770
27.000000 34.000000 300.000000 0.322313
34.000000 27.000000 300.000000 0.322313
363.000000 34.000000 300.000000 0.036023
34.000000 363.000000 300.000000 0.036023
42.000000 34.000000 300.000000 0.151253
34.000000 42.000000 300.000000 0.151253
24.000000 34.000000 300.000000 0.248087
34.000000 24.000000 300.000000 0.248087
210.000000 35.000000 300.000000 0.049417
35.000000 210.000000 300.000000 0.049417
25.000000 35.000000 300.000000 0.348350
35.000000 25.000000 300.000000 0.348350
44.000000 35.000000 300.000000 0.472520
35.000000 44.000000 300.000000 0.472520
273.000000 36.000000 300.000000 0.082327
36.000000 273.000000 300.000000 0.082327
29.000000 37.000000 300.000000 0.264573
37.000000 29.000000 300.000000 0.264573
299.000000 39.000000 300.000000 0.211530
39.000000 299.000000 300.000000 0.211530
27.000000 39.000000 300.000000 0.264183
39.000000 27.000000 300.000000 0.264183
243.000000 39.000000 300.000000 0.410660
39.000000 243.000000 300.000000 0.410660
45.000000 39.000000 300.000000 0.319367
39.000000 45.000000 300.000000 0.319367
54.000000 40.000000 300.000000 0.270443
40.000000 54.000000 300.000000 0.270443
26.000000 40.000000 300.000000 0.265077
40.000000 26.000000 300.000000 0.265077
33.000000 40.000000 300.000000 0.376570
40.000000 33.000000 300.000000 0.376570
44.000000 40.000000 300.000000 0.523287
40.000000 44.000000 300.000000 0.523287
32.000000 41.000000 300.000000 0.312683
41.000000 32.000000 300.000000 0.312683
243.000000 41.000000 300.000000 0.255267
41.000000 243.000000 300.000000 0.255267
56.000000 41.000000 300.000000 0.442873
41.000000 56.000000 300.000000 0.442873
47.000000 42.000000 300.000000 0.154720
42.000000 47.000000 300.000000 0.154720
45.000000 42.000000 300.000000 0.110840
42.000000 45.000000 300.000000 0.110840
34.000000 42.000000 300.000000 0.151253
42.000000 34.000000 300.000000 0.151253
31.000000 43.000000 300.000000 0.260003
43.000000 31.000000 300.000000 0.260003
46.000000 43.000000 300.000000 0.117763
43.000000 46.000000 300.000000 0.117763
246.000000 43.000000 300.000000 0.126517
43.000000 246.000000 300.000000 0.126517
49.000000 44.000000 300.000000 0.193640
44.000000 49.000000 300.000000 0.193640
40.000000 44.000000 300.000000 0.523287
44.000000 40.000000 300.000000 0.523287
54.000000 44.000000 300.000000 0.792907
44.000000 54.000000 300.000000 0.792907
35.000000 44.000000 300.000000 0.472520
44.000000 35.000000 300.000000 0.472520
53.000000 45.000000 300.000000 0.099173
45.000000 53.000000 300.000000 0.099173
42.000000 45.000000 300.000000 0.110840
45.000000 42.000000 300.000000 0.110840
39.000000 45.000000 300.000000 0.319367
45.000000 39.000000 300.000000 0.319367
33.000000 46.000000 300.000000 0.263530
46.000000 33.000000 300.000000 0.263530
43.000000 46.000000 300.000000 0.117763
46.000000 43.000000 300.000000 0.117763
54.000000 46.000000 300.000000 0.374670
46.000000 54.000000 300.000000 0.374670
42.000000 47.000000 300.000000 0.154720
47.000000 42.000000 300.000000 0.154720
55.000000 47.000000 300.000000 0.234103
47.000000 55.000000 300.000000 0.234103
61.000000 47.000000 300.000000 0.348960
47.000000 61.000000 300.000000 0.348960
319.000000 47.000000 300.000000 0.651943
47.000000 319.000000 300.000000 0.651943
56.000000 48.000000 300.000000 0.469147
48.000000 56.000000 300.000000 0.469147
58.000000 48.000000 300.000000 0.247083
48.000000 58.000000 300.000000 0.247083
305.000000 48.000000 300.000000 0.096037
48.000000 305.000000 300.000000 0.096037
364.000000 48.000000 300.000000 0.547550
48.000000 364.000000 300.000000 0.547550
44.000000 49.000000 300.000000 0.193640
49.000000 44.000000 300.000000 0.193640
57.000000 49.000000 300.000000 0.385040
49.000000 57.000000 300.000000 0.385040
210.000000 49.000000 300.000000 0.191160
49.000000 210.000000 300.000000 0.191160
279.000000 49.000000 300.000000 0.252200
49.000000 279.000000 300.000000 0.252200
50.000000 62.000000 300.000000 0.255180
281.000000 50.000000 300.000000 0.241067
50.000000 281.000000 300.000000 0.241067
212.000000 50.000000 300.000000 0.427053
50.000000 212.000000 300.000000 0.427053
353.000000 51.000000 300.000000 0.096850
51.000000 353.000000 300.000000 0.096850
209.000000 52.000000 300.000000 0.268703
52.000000 209.000000 300.000000 0.268703
64.000000 52.000000 300.000000 0.262120
52.000000 64.000000 300.000000 0.262120
58.000000 52.000000 300.000000 0.682857
52.000000 58.000000 300.000000 0.682857
292.000000 52.000000 300.000000 0.239470
52.000000 292.000000 300.000000 0.239470
45.000000 53.000000 300.000000 0.099173
53.000000 45.000000 300.000000 0.099173
66.000000 54.000000 300.000000 0.257790
54.000000 66.000000 300.000000 0.257790
40.000000 54.000000 300.000000 0.270443
54.000000 40.000000 300.000000 0.270443
46.000000 54.000000 300.000000 0.374670
54.000000 46.000000 300.000000 0.374670
44.000000 54.000000 300.000000 0.792907
54.000000 44.000000 300.000000 0.792907
47.000000 55.000000 300.000000 0.234103
55.000000 47.000000 300.000000 0.234103
65.000000 55.000000 300.000000 0.350620
55.000000 65.000000 300.000000 0.350620
59.000000 55.000000 300.000000 0.109450
55.000000 59.000000 300.000000 0.109450
320.000000 55.000000 300.000000 0.642263
55.000000 320.000000 300.000000 0.642263
48.000000 56.000000 300.000000 0.469147
56.000000 48.000000 300.000000 0.469147
61.000000 56.000000 300.000000 0.552953
56.000000 61.000000 300.000000 0.552953
67.000000 56.000000 300.000000 0.235867
56.000000 67.000000 300.000000 0.235867
41.000000 56.000000 300.000000 0.442873
56.000000 41.000000 300.000000 0.442873
49.000000 57.000000 300.000000 0.385040
57.000000 49.000000 300.000000 0.385040
274.000000 57.000000 300.000000 0.197083
57.000000 274.000000 300.000000 0.197083
278.000000 57.000000 300.000000 0.211937
57.000000 278.000000 300.000000 0.211937
211.000000 57.000000 300.000000 0.185763
57.000000 211.000000 300.000000 0.185763
58.000000 71.000000 300.000000 0.257063
60.000000 58.000000 300.000000 0.049460
58.000000 60.000000 300.000000 0.049460
48.000000 58.000000 300.000000 0.247083
58.000000 48.000000 300.000000 0.247083
52.000000 58.000000 300.000000 0.682857
58.000000 52.000000 300.000000 0.682857
55.000000 59.000000 300.000000 0.109450
59.000000 55.000000 300.000000 0.109450
58.000000 60.000000 300.000000 0.049460
60.000000 58.000000 300.000000 0.049460
67.000000 60.000000 300.000000 0.425073
60.000000 67.000000 300.000000 0.425073
56.000000 61.000000 300.000000 0.552953
61.000000 56.000000 300.000000 0.552953
69.000000 61.000000 300.000000 0.592813
61.000000 69.000000 300.000000 0.592813
73.000000 61.000000 300.000000 0.246390
61.000000 73.000000 300.000000 0.246390
47.000000 61.000000 300.000000 0.348960
61.000000 47.000000 300.000000 0.348960
274.000000 62.000000 300.000000 0.384607
62.000000 274.000000 300.000000 0.384607
62.000000 213.000000 300.000000 0.269880
70.000000 62.000000 300.000000 0.559823
62.000000 70.000000 300.000000 0.559823
353.000000 63.000000 300.000000 0.222070
63.000000 353.000000 300.000000 0.222070
65.000000 63.000000 300.000000 0.018790
63.000000 65.000000 300.000000 0.018790
52.000000 64.000000 300.000000 0.262120
64.000000 52.000000 300.000000 0.262120
76.000000 64.000000 300.000000 0.284563
64.000000 76.000000 300.000000 0.284563
226.000000 64.000000 300.000000 0.566153
64.000000 226.000000 300.000000 0.566153
71.000000 64.000000 300.000000 0.691013
64.000000 71.000000 300.000000 0.691013
63.000000 65.000000 300.000000 0.018790
65.000000 63.000000 300.000000 0.018790
69.000000 65.000000 300.000000 0.144263
65.000000 69.000000 300.000000 0.144263
55.000000 65.000000 300.000000 0.350620
65.000000 55.000000 300.000000 0.350620
75.000000 66.000000 300.000000 0.268400
66.000000 75.000000 300.000000 0.268400
54.000000 66.000000 300.000000 0.257790
66.000000 54.000000 300.000000 0.257790
66.000000 350.000000 300.000000 0.457393
60.000000 67.000000 300.000000 0.425073
67.000000 60.000000 300.000000 0.425073
73.000000 67.000000 300.000000 0.558170
67.000000 73.000000 300.000000 0.558170
56.000000 67.000000 300.000000 0.235867
67.000000 56.000000 300.000000 0.235867
88.000000 67.000000 300.000000 0.568883
67.000000 88.000000 300.000000 0.568883
280.000000 68.000000 300.000000 0.145037
68.000000 280.000000 300.000000 0.145037
278.000000 68.000000 300.000000 0.055727
68.000000 278.000000 300.000000 0.055727
275.000000 68.000000 300.000000 0.198527
68.000000 275.000000 300.000000 0.198527
65.000000 69.000000 300.000000 0.144263
69.000000 65.000000 300.000000 0.144263
74.000000 69.000000 300.000000 0.152300
69.000000 74.000000 300.000000 0.152300
61.000000 69.000000 300.000000 0.592813
69.000000 61.000000 300.000000 0.592813
76.000000 70.000000 300.000000 0.566087
70.000000 76.000000 300.000000 0.566087
62.000000 70.000000 300.000000 0.559823
70.000000 62.000000 300.000000 0.559823
70.000000 227.000000 300.000000 0.077333
307.000000 71.000000 300.000000 0.046350
71.000000 307.000000 300.000000 0.046350
71.000000 81.000000 300.000000 0.302420
64.000000 71.000000 300.000000 0.691013
71.000000 64.000000 300.000000 0.691013
72.000000 66.000000 300.000000 0.564737
80.000000 72.000000 300.000000 0.269510
72.000000 80.000000 300.000000 0.269510
67.000000 73.000000 300.000000 0.558170
73.000000 67.000000 300.000000 0.558170
77.000000 73.000000 300.000000 0.465190
73.000000 77.000000 300.000000 0.465190
85.000000 73.000000 300.000000 0.358177
73.000000 85.000000 300.000000 0.358177
61.000000 73.000000 300.000000 0.246390
73.000000 61.000000 300.000000 0.246390
69.000000 74.000000 300.000000 0.152300
74.000000 69.000000 300.000000 0.152300
77.000000 74.000000 300.000000 0.124937
74.000000 77.000000 300.000000 0.124937
75.000000 80.000000 300.000000 0.567390
66.000000 75.000000 300.000000 0.268400
75.000000 66.000000 300.000000 0.268400
326.000000 75.000000 300.000000 0.225363
75.000000 326.000000 300.000000 0.225363
70.000000 76.000000 300.000000 0.566087
76.000000 70.000000 300.000000 0.566087
64.000000 76.000000 300.000000 0.284563
76.000000 64.000000 300.000000 0.284563
84.000000 76.000000 300.000000 0.268983
76.000000 84.000000 300.000000 0.268983
81.000000 76.000000 300.000000 0.691170
76.000000 81.000000 300.000000 0.691170
310.000000 77.000000 300.000000 0.088107
77.000000 310.000000 300.000000 0.088107
73.000000 77.000000 300.000000 0.465190
77.000000 73.000000 300.000000 0.465190
74.000000 77.000000 300.000000 0.124937
77.000000 74.000000 300.000000 0.124937
78.000000 347.000000 300.000000 0.028593
87.000000 78.000000 300.000000 0.270003
78.000000 87.000000 300.000000 0.270003
84.000000 79.000000 300.000000 0.557087
79.000000 84.000000 300.000000 0.557087
79.000000 70.000000 300.000000 0.263147
213.000000 79.000000 300.000000 0.559783
79.000000 213.000000 300.000000 0.559783
80.000000 87.000000 300.000000 0.559203
90.000000 80.000000 300.000000 0.256480
80.000000 90.000000 300.000000 0.256480
72.000000 80.000000 300.000000 0.269510
80.000000 72.000000 300.000000 0.269510
81.000000 322.000000 300.000000 0.269537
82.000000 81.000000 300.000000 0.044077
81.000000 82.000000 300.000000 0.044077
76.000000 81.000000 300.000000 0.691170
81.000000 76.000000 300.000000 0.691170
82.000000 307.000000 300.000000 0.304173
81.000000 82.000000 300.000000 0.044077
82.000000 81.000000 300.000000 0.044077
88.000000 82.000000 300.000000 0.425520
82.000000 88.000000 300.000000 0.425520
325.000000 83.000000 300.000000 0.121690
83.000000 325.000000 300.000000 0.121690
326.000000 83.000000 300.000000 0.042513
83.000000 326.000000 300.000000 0.042513
324.000000 83.000000 300.000000 0.260520
83.000000 324.000000 300.000000 0.260520
79.000000 84.000000 300.000000 0.557087
84.000000 79.000000 300.000000 0.557087
76.000000 84.000000 300.000000 0.268983
84.000000 76.000000 300.000000 0.268983
93.000000 84.000000 300.000000 0.263790
84.000000 93.000000 300.000000 0.263790
322.000000 84.000000 300.000000 0.694170
84.000000 322.000000 300.000000 0.694170
73.000000 85.000000 300.000000 0.358177
85.000000 73.000000 300.000000 0.358177
310.000000 86.000000 300.000000 0.234620
86.000000 310.000000 300.000000 0.234620
94.000000 86.000000 300.000000 0.293167
86.000000 94.000000 300.000000 0.293167
96.000000 87.000000 300.000000 0.254857
87.000000 96.000000 300.000000 0.254857
78.000000 87.000000 300.000000 0.270003
87.000000 78.000000 300.000000 0.270003
87.000000 92.000000 300.000000 0.554260
82.000000 88.000000 300.000000 0.425520
88.000000 82.000000 300.000000 0.425520
67.000000 88.000000 300.000000 0.568883
88.000000 67.000000 300.000000 0.568883
97.000000 88.000000 300.000000 0.267530
88.000000 97.000000 300.000000 0.267530
94.000000 88.000000 300.000000 0.751870
88.000000 94.000000 300.000000 0.751870
89.000000 214.000000 300.000000 0.571083
89.000000 79.000000 300.000000 0.266437
99.000000 90.000000 300.000000 0.268813
90.000000 99.000000 300.000000 0.268813
80.000000 90.000000 300.000000 0.256480
90.000000 80.000000 300.000000 0.256480
325.000000 90.000000 300.000000 0.419977
90.000000 325.000000 300.000000 0.419977
96.000000 90.000000 300.000000 0.562380
90.000000 96.000000 300.000000 0.562380
91.000000 82.000000 300.000000 0.266513
97.000000 91.000000 300.000000 0.424920
91.000000 97.000000 300.000000 0.424920
322.000000 91.000000 300.000000 0.051197
91.000000 322.000000 300.000000 0.051197
92.000000 215.000000 300.000000 0.255153
92.000000 98.000000 300.000000 0.569020
93.000000 89.000000 300.000000 0.560900
102.000000 93.000000 300.000000 0.261937
93.000000 102.000000 300.000000 0.261937
84.000000 93.000000 300.000000 0.263790
93.000000 84.000000 300.000000 0.263790
86.000000 94.000000 300.000000 0.293167
94.000000 86.000000 300.000000 0.293167
88.000000 94.000000 300.000000 0.751870
94.000000 88.000000 300.000000 0.751870
99.000000 95.000000 300.000000 0.400160
95.000000 99.000000 300.000000 0.400160
324.000000 95.000000 300.000000 0.032757
95.000000 324.000000 300.000000 0.032757
315.000000 95.000000 300.000000 0.315123
95.000000 315.000000 300.000000 0.315123
103.000000 96.000000 300.000000 0.261133
96.000000 103.000000 300.000000 0.261133
87.000000 96.000000 300.000000 0.254857
96.000000 87.000000 300.000000 0.254857
90.000000 96.000000 300.000000 0.562380
96.000000 90.000000 300.000000 0.562380
215.000000 96.000000 300.000000 0.551560
96.000000 215.000000 300.000000 0.551560
91.000000 97.000000 300.000000 0.424920
97.000000 91.000000 300.000000 0.424920
88.000000 97.000000 300.000000 0.267530
97.000000 88.000000 300.000000 0.267530
104.000000 97.000000 300.000000 0.263540
97.000000 104.000000 300.000000 0.263540
98.000000 102.000000 300.000000 0.556530
98.000000 89.000000 300.000000 0.267250
106.000000 99.000000 300.000000 0.261390
99.000000 106.000000 300.000000 0.261390
90.000000 99.000000 300.000000 0.268813
99.000000 90.000000 300.000000 0.268813
95.000000 99.000000 300.000000 0.400160
99.000000 95.000000 300.000000 0.400160
103.000000 99.000000 300.000000 0.566837
99.000000 103.000000 300.000000 0.566837
100.000000 230.000000 300.000000 0.266053
100.000000 93.000000 300.000000 0.687010
101.000000 91.000000 300.000000 0.266170
101.000000 100.000000 300.000000 0.052980
102.000000 230.000000 300.000000 0.694977
93.000000 102.000000 300.000000 0.261937
102.000000 93.000000 300.000000 0.261937
109.000000 102.000000 300.000000 0.253970
102.000000 109.000000 300.000000 0.253970
99.000000 103.000000 300.000000 0.566837
103.000000 99.000000 300.000000 0.566837
108.000000 103.000000 300.000000 0.551523
103.000000 108.000000 300.000000 0.551523
110.000000 103.000000 300.000000 0.267940
103.000000 110.000000 300.000000 0.267940
96.000000 103.000000 300.000000 0.261133
103.000000 96.000000 300.000000 0.261133
104.000000 101.000000 300.000000 0.419857
97.000000 104.000000 300.000000 0.263540
104.000000 97.000000 300.000000 0.263540
111.000000 104.000000 300.000000 0.266197
104.000000 111.000000 300.000000 0.266197
215.000000 105.000000 300.000000 0.568437
105.000000 215.000000 300.000000 0.568437
109.000000 105.000000 300.000000 0.557947
105.000000 109.000000 300.000000 0.557947
105.000000 98.000000 300.000000 0.248207
348.000000 106.000000 300.000000 0.241820
106.000000 348.000000 300.000000 0.241820
99.000000 106.000000 300.000000 0.261390
106.000000 99.000000 300.000000 0.261390
315.000000 106.000000 300.000000 0.240777
106.000000 315.000000 300.000000 0.240777
110.000000 106.000000 300.000000 0.571467
106.000000 110.000000 300.000000 0.571467
107.000000 101.000000 300.000000 0.265773
107.000000 111.000000 300.000000 0.423370
103.000000 108.000000 300.000000 0.551523
108.000000 103.000000 300.000000 0.551523
112.000000 108.000000 300.000000 0.568683
108.000000 112.000000 300.000000 0.568683
108.000000 115.000000 300.000000 0.270210
113.000000 109.000000 300.000000 0.695327
109.000000 113.000000 300.000000 0.695327
102.000000 109.000000 300.000000 0.253970
109.000000 102.000000 300.000000 0.253970
116.000000 109.000000 300.000000 0.268033
109.000000 116.000000 300.000000 0.268033
105.000000 109.000000 300.000000 0.557947
109.000000 105.000000 300.000000 0.557947
115.000000 110.000000 300.000000 0.543693
110.000000 115.000000 300.000000 0.543693
103.000000 110.000000 300.000000 0.267940
110.000000 103.000000 300.000000 0.267940
106.000000 110.000000 300.000000 0.571467
110.000000 106.000000 300.000000 0.571467
121.000000 110.000000 300.000000 0.338483
110.000000 121.000000 300.000000 0.338483
104.000000 111.000000 300.000000 0.266197
111.000000 104.000000 300.000000 0.266197
118.000000 111.000000 300.000000 0.250463
111.000000 118.000000 300.000000 0.250463
108.000000 112.000000 300.000000 0.568683
112.000000 108.000000 300.000000 0.568683
116.000000 112.000000 300.000000 0.558893
112.000000 116.000000 300.000000 0.558893
112.000000 105.000000 300.000000 0.268607
109.000000 113.000000 300.000000 0.695327
113.000000 109.000000 300.000000 0.695327
114.000000 113.000000 300.000000 0.044627
113.000000 114.000000 300.000000 0.044627
113.000000 123.000000 300.000000 0.267313
114.000000 107.000000 300.000000 0.250230
113.000000 114.000000 300.000000 0.044627
114.000000 113.000000 300.000000 0.044627
118.000000 114.000000 300.000000 0.422667
114.000000 118.000000 300.000000 0.422667
120.000000 115.000000 300.000000 0.566907
115.000000 120.000000 300.000000 0.566907
110.000000 115.000000 300.000000 0.543693
115.000000 110.000000 300.000000 0.543693
115.000000 125.000000 300.000000 0.282703
109.000000 116.000000 300.000000 0.268033
116.000000 109.000000 300.000000 0.268033
112.000000 116.000000 300.000000 0.558893
116.000000 112.000000 300.000000 0.558893
123.000000 116.000000 300.000000 0.696123
116.000000 123.000000 300.000000 0.696123
126.000000 116.000000 300.000000 0.261200
116.000000 126.000000 300.000000 0.261200
348.000000 117.000000 300.000000 0.153657
117.000000 348.000000 300.000000 0.153657
121.000000 117.000000 300.000000 0.560630
117.000000 121.000000 300.000000 0.560630
128.000000 117.000000 300.000000 0.424170
117.000000 128.000000 300.000000 0.424170
315.000000 117.000000 300.000000 0.465867
117.000000 315.000000 300.000000 0.465867
114.000000 118.000000 300.000000 0.422667
118.000000 114.000000 300.000000 0.422667
122.000000 118.000000 300.000000 0.256000
118.000000 122.000000 300.000000 0.256000
111.000000 118.000000 300.000000 0.250463
118.000000 111.000000 300.000000 0.250463
129.000000 118.000000 300.000000 0.264997
118.000000 129.000000 300.000000 0.264997
122.000000 119.000000 300.000000 0.046813
119.000000 122.000000 300.000000 0.046813
126.000000 120.000000 300.000000 0.566817
120.000000 126.000000 300.000000 0.566817
115.000000 120.000000 300.000000 0.566907
120.000000 115.000000 300.000000 0.566907
120.000000 112.000000 300.000000 0.270253
117.000000 121.000000 300.000000 0.560630
121.000000 117.000000 300.000000 0.560630
125.000000 121.000000 300.000000 0.555250
121.000000 125.000000 300.000000 0.555250
132.000000 121.000000 300.000000 0.261197
121.000000 132.000000 300.000000 0.261197
110.000000 121.000000 300.000000 0.338483
121.000000 110.000000 300.000000 0.338483
119.000000 122.000000 300.000000 0.046813
122.000000 119.000000 300.000000 0.046813
118.000000 122.000000 300.000000 0.256000
122.000000 118.000000 300.000000 0.256000
123.000000 134.000000 300.000000 0.262133
116.000000 123.000000 300.000000 0.696123
123.000000 116.000000 300.000000 0.696123
124.000000 123.000000 300.000000 0.041440
123.000000 124.000000 300.000000 0.041440
124.000000 114.000000 300.000000 0.263660
123.000000 124.000000 300.000000 0.041440
124.000000 123.000000 300.000000 0.041440
129.000000 124.000000 300.000000 0.420963
124.000000 129.000000 300.000000 0.420963
121.000000 125.000000 300.000000 0.555250
125.000000 121.000000 300.000000 0.555250
125.000000 136.000000 300.000000 0.260670
127.000000 125.000000 300.000000 0.566930
125.000000 127.000000 300.000000 0.566930
131.000000 126.000000 300.000000 0.118487
126.000000 131.000000 300.000000 0.118487
130.000000 126.000000 300.000000 0.236077
126.000000 130.000000 300.000000 0.236077
120.000000 126.000000 300.000000 0.566817
126.000000 120.000000 300.000000 0.566817
116.000000 126.000000 300.000000 0.261200
126.000000 116.000000 300.000000 0.261200
127.000000 120.000000 300.000000 0.211710
125.000000 127.000000 300.000000 0.566930
127.000000 125.000000 300.000000 0.566930
131.000000 127.000000 300.000000 0.575863
127.000000 131.000000 300.000000 0.575863
132.000000 128.000000 300.000000 0.226390
128.000000 132.000000 300.000000 0.226390
323.000000 128.000000 300.000000 0.276343
128.000000 323.000000 300.000000 0.276343
117.000000 128.000000 300.000000 0.424170
128.000000 117.000000 300.000000 0.424170
124.000000 129.000000 300.000000 0.420963
129.000000 124.000000 300.000000 0.420963
118.000000 129.000000 300.000000 0.264997
129.000000 118.000000 300.000000 0.264997
134.000000 130.000000 300.000000 0.455603
130.000000 134.000000 300.000000 0.455603
126.000000 130.000000 300.000000 0.236077
130.000000 126.000000 300.000000 0.236077
137.000000 130.000000 300.000000 0.272820
130.000000 137.000000 300.000000 0.272820
126.000000 131.000000 300.000000 0.118487
131.000000 126.000000 300.000000 0.118487
133.000000 131.000000 300.000000 0.070687
131.000000 133.000000 300.000000 0.070687
127.000000 131.000000 300.000000 0.575863
131.000000 127.000000 300.000000 0.575863
136.000000 132.000000 300.000000 0.556143
132.000000 136.000000 300.000000 0.556143
128.000000 132.000000 300.000000 0.226390
132.000000 128.000000 300.000000 0.226390
323.000000 132.000000 300.000000 0.173223
132.000000 323.000000 300.000000 0.173223
121.000000 132.000000 300.000000 0.261197
132.000000 121.000000 300.000000 0.261197
131.000000 133.000000 300.000000 0.070687
133.000000 131.000000 300.000000 0.070687
142.000000 133.000000 300.000000 0.264840
133.000000 142.000000 300.000000 0.264840
141.000000 133.000000 300.000000 0.396623
133.000000 141.000000 300.000000 0.396623
135.000000 134.000000 300.000000 0.042313
134.000000 135.000000 300.000000 0.042313
130.000000 134.000000 300.000000 0.455603
134.000000 130.000000 300.000000 0.455603
135.000000 124.000000 300.000000 0.265970
134.000000 135.000000 300.000000 0.042313
135.000000 134.000000 300.000000 0.042313
139.000000 136.000000 300.000000 0.284990
136.000000 139.000000 300.000000 0.284990
132.000000 136.000000 300.000000 0.556143
136.000000 132.000000 300.000000 0.556143
136.000000 149.000000 300.000000 0.537743
141.000000 137.000000 300.000000 0.247157
137.000000 141.000000 300.000000 0.247157
130.000000 137.000000 300.000000 0.272820
137.000000 130.000000 300.000000 0.272820
142.000000 138.000000 300.000000 0.259630
138.000000 142.000000 300.000000 0.259630
345.000000 139.000000 300.000000 0.256827
139.000000 345.000000 300.000000 0.256827
361.000000 139.000000 300.000000 0.144913
139.000000 361.000000 300.000000 0.144913
136.000000 139.000000 300.000000 0.284990
139.000000 136.000000 300.000000 0.284990
140.000000 139.000000 300.000000 0.280083
139.000000 140.000000 300.000000 0.280083
140.000000 127.000000 300.000000 0.290720
152.000000 140.000000 300.000000 0.782633
140.000000 152.000000 300.000000 0.782633
139.000000 140.000000 300.000000 0.280083
140.000000 139.000000 300.000000 0.280083
144.000000 141.000000 300.000000 0.181780
141.000000 144.000000 300.000000 0.181780
133.000000 141.000000 300.000000 0.396623
141.000000 133.000000 300.000000 0.396623
331.000000 141.000000 300.000000 0.137420
141.000000 331.000000 300.000000 0.137420
137.000000 141.000000 300.000000 0.247157
141.000000 137.000000 300.000000 0.247157
133.000000 142.000000 300.000000 0.264840
142.000000 133.000000 300.000000 0.264840
146.000000 142.000000 300.000000 0.295663
142.000000 146.000000 300.000000 0.295663
138.000000 142.000000 300.000000 0.259630
142.000000 138.000000 300.000000 0.259630
143.000000 140.000000 300.000000 0.145697
360.000000 143.000000 300.000000 0.106147
143.000000 360.000000 300.000000 0.106147
343.000000 143.000000 300.000000 0.095520
143.000000 343.000000 300.000000 0.095520
141.000000 144.000000 300.000000 0.181780
144.000000 141.000000 300.000000 0.181780
330.000000 144.000000 300.000000 0.132557
144.000000 330.000000 300.000000 0.132557
151.000000 145.000000 300.000000 0.204177
145.000000 151.000000 300.000000 0.204177
147.000000 145.000000 300.000000 0.120897
145.000000 147.000000 300.000000 0.120897
343.000000 145.000000 300.000000 0.122577
145.000000 343.000000 300.000000 0.122577
142.000000 146.000000 300.000000 0.295663
146.000000 142.000000 300.000000 0.295663
346.000000 146.000000 300.000000 0.011263
146.000000 346.000000 300.000000 0.011263
331.000000 146.000000 300.000000 0.109907
146.000000 331.000000 300.000000 0.109907
154.000000 147.000000 300.000000 0.207747
147.000000 154.000000 300.000000 0.207747
150.000000 147.000000 300.000000 0.127047
147.000000 150.000000 300.000000 0.127047
145.000000 147.000000 300.000000 0.120897
147.000000 145.000000 300.000000 0.120897
151.000000 148.000000 300.000000 0.114780
148.000000 151.000000 300.000000 0.114780
148.000000 342.000000 300.000000 0.028040
345.000000 148.000000 300.000000 0.306060
148.000000 345.000000 300.000000 0.306060
153.000000 149.000000 300.000000 0.271617
149.000000 153.000000 300.000000 0.271617
149.000000 308.000000 300.000000 0.234067
158.000000 150.000000 300.000000 0.213023
150.000000 158.000000 300.000000 0.213023
155.000000 150.000000 300.000000 0.129733
150.000000 155.000000 300.000000 0.129733
147.000000 150.000000 300.000000 0.127047
150.000000 147.000000 300.000000 0.127047
145.000000 151.000000 300.000000 0.204177
151.000000 145.000000 300.000000 0.204177
154.000000 151.000000 300.000000 0.121160
151.000000 154.000000 300.000000 0.121160
148.000000 151.000000 300.000000 0.114780
151.000000 148.000000 300.000000 0.114780
157.000000 152.000000 300.000000 0.144437
152.000000 157.000000 300.000000 0.144437
328.000000 152.000000 300.000000 0.109947
152.000000 328.000000 300.000000 0.109947
344.000000 152.000000 300.000000 0.150723
152.000000 344.000000 300.000000 0.150723
140.000000 152.000000 300.000000 0.782633
152.000000 140.000000 300.000000 0.782633
161.000000 153.000000 300.000000 0.142227
153.000000 161.000000 300.000000 0.142227
345.000000 153.000000 300.000000 0.314620
153.000000 345.000000 300.000000 0.314620
149.000000 153.000000 300.000000 0.271617
153.000000 149.000000 300.000000 0.271617
156.000000 153.000000 300.000000 0.124427
153.000000 156.000000 300.000000 0.124427
147.000000 154.000000 300.000000 0.207747
154.000000 147.000000 300.000000 0.207747
158.000000 154.000000 300.000000 0.126963
154.000000 158.000000 300.000000 0.126963
151.000000 154.000000 300.000000 0.121160
154.000000 151.000000 300.000000 0.121160
159.000000 155.000000 300.000000 0.211053
155.000000 159.000000 300.000000 0.211053
157.000000 155.000000 300.000000 0.127583
155.000000 157.000000 300.000000 0.127583
150.000000 155.000000 300.000000 0.129733
155.000000 150.000000 300.000000 0.129733
153.000000 156.000000 300.000000 0.124427
156.000000 153.000000 300.000000 0.124427
162.000000 157.000000 300.000000 0.214930
157.000000 162.000000 300.000000 0.214930
152.000000 157.000000 300.000000 0.144437
157.000000 152.000000 300.000000 0.144437
160.000000 157.000000 300.000000 0.135523
157.000000 160.000000 300.000000 0.135523
155.000000 157.000000 300.000000 0.127583
157.000000 155.000000 300.000000 0.127583
150.000000 158.000000 300.000000 0.213023
158.000000 150.000000 300.000000 0.213023
159.000000 158.000000 300.000000 0.125983
158.000000 159.000000 300.000000 0.125983
154.000000 158.000000 300.000000 0.126963
158.000000 154.000000 300.000000 0.126963
155.000000 159.000000 300.000000 0.211053
159.000000 155.000000 300.000000 0.211053
162.000000 159.000000 300.000000 0.130077
159.000000 162.000000 300.000000 0.130077
158.000000 159.000000 300.000000 0.125983
159.000000 158.000000 300.000000 0.125983
338.000000 160.000000 300.000000 0.082340
160.000000 338.000000 300.000000 0.082340
344.000000 160.000000 300.000000 0.137123
160.000000 344.000000 300.000000 0.137123
157.000000 160.000000 300.000000 0.135523
160.000000 157.000000 300.000000 0.135523
153.000000 161.000000 300.000000 0.142227
161.000000 153.000000 300.000000 0.142227
157.000000 162.000000 300.000000 0.214930
162.000000 157.000000 300.000000 0.214930
163.000000 162.000000 300.000000 0.136590
162.000000 163.000000 300.000000 0.136590
159.000000 162.000000 300.000000 0.130077
162.000000 159.000000 300.000000 0.130077
338.000000 163.000000 300.000000 0.138107
163.000000 338.000000 300.000000 0.138107
340.000000 163.000000 300.000000 0.192837
163.000000 340.000000 300.000000 0.192837
162.000000 163.000000 300.000000 0.136590
163.000000 162.000000 300.000000 0.136590
164.000000 309.000000 300.000000 0.352597
340.000000 164.000000 300.000000 0.249713
164.000000 340.000000 300.000000 0.249713
165.000000 337.000000 300.000000 0.671083
165.000000 166.000000 300.000000 0.316173
166.000000 241.000000 300.000000 0.790453
169.000000 167.000000 300.000000 0.250770
167.000000 169.000000 300.000000 0.250770
168.000000 167.000000 300.000000 0.236010
167.000000 168.000000 300.000000 0.236010
171.000000 168.000000 300.000000 0.254183
168.000000 171.000000 300.000000 0.254183
167.000000 168.000000 300.000000 0.236010
168.000000 167.000000 300.000000 0.236010
167.000000 169.000000 300.000000 0.250770
169.000000 167.000000 300.000000 0.250770
268.000000 169.000000 300.000000 0.238090
169.000000 268.000000 300.000000 0.238090
171.000000 169.000000 300.000000 0.192280
169.000000 171.000000 300.000000 0.192280
284.000000 170.000000 300.000000 0.514247
170.000000 284.000000 300.000000 0.514247
232.000000 170.000000 300.000000 0.258337
170.000000 232.000000 300.000000 0.258337
168.000000 171.000000 300.000000 0.254183
171.000000 168.000000 300.000000 0.254183
179.000000 171.000000 300.000000 0.784133
171.000000 179.000000 300.000000 0.784133
169.000000 171.000000 300.000000 0.192280
171.000000 169.000000 300.000000 0.192280
236.000000 172.000000 300.000000 0.050550
172.000000 236.000000 300.000000 0.050550
177.000000 172.000000 300.000000 0.210943
172.000000 177.000000 300.000000 0.210943
286.000000 172.000000 300.000000 0.326440
172.000000 286.000000 300.000000 0.326440
176.000000 173.000000 300.000000 0.201623
173.000000 176.000000 300.000000 0.201623
257.000000 173.000000 300.000000 0.044350
173.000000 257.000000 300.000000 0.044350
218.000000 173.000000 300.000000 0.607680
173.000000 218.000000 300.000000 0.607680
269.000000 174.000000 300.000000 0.139613
174.000000 269.000000 300.000000 0.139613
175.000000 174.000000 300.000000 0.019287
174.000000 175.000000 300.000000 0.019287
174.000000 283.000000 300.000000 0.466353
175.000000 178.000000 300.000000 0.230457
174.000000 175.000000 300.000000 0.019287
175.000000 174.000000 300.000000 0.019287
222.000000 176.000000 300.000000 0.048570
176.000000 222.000000 300.000000 0.048570
173.000000 176.000000 300.000000 0.201623
176.000000 173.000000 300.000000 0.201623
186.000000 176.000000 300.000000 0.542937
176.000000 186.000000 300.000000 0.542937
235.000000 177.000000 300.000000 0.149087
177.000000 235.000000 300.000000 0.149087
172.000000 177.000000 300.000000 0.210943
177.000000 172.000000 300.000000 0.210943
295.000000 177.000000 300.000000 0.267033
177.000000 295.000000 300.000000 0.267033
185.000000 178.000000 300.000000 0.684747
178.000000 185.000000 300.000000 0.684747
178.000000 181.000000 300.000000 0.248303
266.000000 179.000000 300.000000 0.260517
179.000000 266.000000 300.000000 0.260517
269.000000 179.000000 300.000000 0.239113
179.000000 269.000000 300.000000 0.239113
171.000000 179.000000 300.000000 0.784133
179.000000 171.000000 300.000000 0.784133
195.000000 180.000000 300.000000 0.658323
180.000000 195.000000 300.000000 0.658323
5.000000 180.000000 300.000000 0.144783
180.000000 5.000000 300.000000 0.144783
222.000000 180.000000 300.000000 0.202540
180.000000 222.000000 300.000000 0.202540
190.000000 181.000000 300.000000 0.571907
181.000000 190.000000 300.000000 0.571907
181.000000 183.000000 300.000000 0.112410
266.000000 182.000000 300.000000 0.136863
182.000000 266.000000 300.000000 0.136863
185.000000 182.000000 300.000000 0.246500
182.000000 185.000000 300.000000 0.246500
259.000000 182.000000 300.000000 0.140880
182.000000 259.000000 300.000000 0.140880
184.000000 183.000000 300.000000 0.257933
183.000000 184.000000 300.000000 0.257933
183.000000 192.000000 300.000000 0.219880
184.000000 229.000000 300.000000 0.046010
183.000000 184.000000 300.000000 0.257933
184.000000 183.000000 300.000000 0.257933
187.000000 184.000000 300.000000 0.324643
184.000000 187.000000 300.000000 0.324643
178.000000 185.000000 300.000000 0.684747
185.000000 178.000000 300.000000 0.684747
182.000000 185.000000 300.000000 0.246500
185.000000 182.000000 300.000000 0.246500
190.000000 185.000000 300.000000 0.263987
185.000000 190.000000 300.000000 0.263987
7.000000 185.000000 300.000000 0.131337
185.000000 7.000000 300.000000 0.131337
16.000000 186.000000 300.000000 0.175807
186.000000 16.000000 300.000000 0.175807
197.000000 186.000000 300.000000 0.357017
186.000000 197.000000 300.000000 0.357017
176.000000 186.000000 300.000000 0.542937
186.000000 176.000000 300.000000 0.542937
202.000000 187.000000 300.000000 0.422340
187.000000 202.000000 300.000000 0.422340
184.000000 187.000000 300.000000 0.324643
187.000000 184.000000 300.000000 0.324643
191.000000 187.000000 300.000000 0.231740
187.000000 191.000000 300.000000 0.231740
356.000000 187.000000 300.000000 0.307183
187.000000 356.000000 300.000000 0.307183
14.000000 188.000000 300.000000 0.425487
188.000000 14.000000 300.000000 0.425487
289.000000 188.000000 300.000000 0.125873
188.000000 289.000000 300.000000 0.125873
296.000000 188.000000 300.000000 0.260650
188.000000 296.000000 300.000000 0.260650
256.000000 189.000000 300.000000 0.625067
189.000000 256.000000 300.000000 0.625067
16.000000 189.000000 300.000000 0.378797
189.000000 16.000000 300.000000 0.378797
259.000000 189.000000 300.000000 0.261900
189.000000 259.000000 300.000000 0.261900
181.000000 190.000000 300.000000 0.571907
190.000000 181.000000 300.000000 0.571907
185.000000 190.000000 300.000000 0.263987
190.000000 185.000000 300.000000 0.263987
192.000000 190.000000 300.000000 0.525557
190.000000 192.000000 300.000000 0.525557
187.000000 191.000000 300.000000 0.231740
191.000000 187.000000 300.000000 0.231740
193.000000 191.000000 300.000000 0.175403
191.000000 193.000000 300.000000 0.175403
204.000000 191.000000 300.000000 0.420313
191.000000 204.000000 300.000000 0.420313
293.000000 191.000000 300.000000 0.610840
191.000000 293.000000 300.000000 0.610840
190.000000 192.000000 300.000000 0.525557
192.000000 190.000000 300.000000 0.525557
192.000000 272.000000 300.000000 0.686003
306.000000 192.000000 300.000000 0.198430
192.000000 306.000000 300.000000 0.198430
191.000000 193.000000 300.000000 0.175403
193.000000 191.000000 300.000000 0.175403
194.000000 193.000000 300.000000 0.038577
193.000000 194.000000 300.000000 0.038577
282.000000 193.000000 300.000000 0.428690
193.000000 282.000000 300.000000 0.428690
193.000000 194.000000 300.000000 0.038577
194.000000 193.000000 300.000000 0.038577
198.000000 194.000000 300.000000 0.182893
194.000000 198.000000 300.000000 0.182893
294.000000 194.000000 300.000000 0.608840
194.000000 294.000000 300.000000 0.608840
13.000000 195.000000 300.000000 0.087680
195.000000 13.000000 300.000000 0.087680
197.000000 195.000000 300.000000 0.068797
195.000000 197.000000 300.000000 0.068797
180.000000 195.000000 300.000000 0.658323
195.000000 180.000000 300.000000 0.658323
203.000000 196.000000 300.000000 0.255010
196.000000 203.000000 300.000000 0.255010
289.000000 196.000000 300.000000 0.135040
196.000000 289.000000 300.000000 0.135040
21.000000 196.000000 300.000000 0.409313
196.000000 21.000000 300.000000 0.409313
195.000000 197.000000 300.000000 0.068797
197.000000 195.000000 300.000000 0.068797
231.000000 197.000000 300.000000 0.232213
197.000000 231.000000 300.000000 0.232213
186.000000 197.000000 300.000000 0.357017
197.000000 186.000000 300.000000 0.357017
194.000000 198.000000 300.000000 0.182893
198.000000 194.000000 300.000000 0.182893
199.000000 198.000000 300.000000 0.057937
198.000000 199.000000 300.000000 0.057937
288.000000 198.000000 300.000000 0.383747
198.000000 288.000000 300.000000 0.383747
198.000000 199.000000 300.000000 0.057937
199.000000 198.000000 300.000000 0.057937
200.000000 199.000000 300.000000 0.122630
199.000000 200.000000 300.000000 0.122630
208.000000 199.000000 300.000000 0.449510
199.000000 208.000000 300.000000 0.449510
297.000000 200.000000 300.000000 0.392973
200.000000 297.000000 300.000000 0.392973
199.000000 200.000000 300.000000 0.122630
200.000000 199.000000 300.000000 0.122630
201.000000 200.000000 300.000000 0.012800
200.000000 201.000000 300.000000 0.012800
200.000000 201.000000 300.000000 0.012800
201.000000 200.000000 300.000000 0.012800
203.000000 201.000000 300.000000 0.188610
201.000000 203.000000 300.000000 0.188610
302.000000 201.000000 300.000000 0.221147
201.000000 302.000000 300.000000 0.221147
206.000000 202.000000 300.000000 0.280137
202.000000 206.000000 300.000000 0.280137
187.000000 202.000000 300.000000 0.422340
202.000000 187.000000 300.000000 0.422340
290.000000 202.000000 300.000000 0.247880
202.000000 290.000000 300.000000 0.247880
204.000000 202.000000 300.000000 0.222340
202.000000 204.000000 300.000000 0.222340
196.000000 203.000000 300.000000 0.255010
203.000000 196.000000 300.000000 0.255010
201.000000 203.000000 300.000000 0.188610
203.000000 201.000000 300.000000 0.188610
301.000000 203.000000 300.000000 0.214567
203.000000 301.000000 300.000000 0.214567
32.000000 203.000000 300.000000 0.395460
203.000000 32.000000 300.000000 0.395460
206.000000 204.000000 300.000000 0.493883
204.000000 206.000000 300.000000 0.493883
191.000000 204.000000 300.000000 0.420313
204.000000 191.000000 300.000000 0.420313
202.000000 204.000000 300.000000 0.222340
204.000000 202.000000 300.000000 0.222340
282.000000 204.000000 300.000000 0.184833
204.000000 282.000000 300.000000 0.184833
205.000000 290.000000 300.000000 0.266590
206.000000 205.000000 300.000000 0.209243
205.000000 206.000000 300.000000 0.209243
202.000000 206.000000 300.000000 0.280137
206.000000 202.000000 300.000000 0.280137
204.000000 206.000000 300.000000 0.493883
206.000000 204.000000 300.000000 0.493883
205.000000 206.000000 300.000000 0.209243
206.000000 205.000000 300.000000 0.209243
208.000000 207.000000 300.000000 0.134223
207.000000 208.000000 300.000000 0.134223
207.000000 208.000000 300.000000 0.134223
208.000000 207.000000 300.000000 0.134223
209.000000 208.000000 300.000000 0.217537
208.000000 209.000000 300.000000 0.217537
199.000000 208.000000 300.000000 0.449510
208.000000 199.000000 300.000000 0.449510
292.000000 208.000000 300.000000 0.327370
208.000000 292.000000 300.000000 0.327370
52.000000 209.000000 300.000000 0.268703
209.000000 52.000000 300.000000 0.268703
208.000000 209.000000 300.000000 0.217537
209.000000 208.000000 300.000000 0.217537
364.000000 209.000000 300.000000 0.133453
209.000000 364.000000 300.000000 0.133453
302.000000 209.000000 300.000000 0.235313
209.000000 302.000000 300.000000 0.235313
276.000000 210.000000 300.000000 0.198927
210.000000 276.000000 300.000000 0.198927
49.000000 210.000000 300.000000 0.191160
210.000000 49.000000 300.000000 0.191160
35.000000 210.000000 300.000000 0.049417
210.000000 35.000000 300.000000 0.049417
57.000000 211.000000 300.000000 0.185763
211.000000 57.000000 300.000000 0.185763
30.000000 211.000000 300.000000 0.293993
211.000000 30.000000 300.000000 0.293993
276.000000 211.000000 300.000000 0.181520
211.000000 276.000000 300.000000 0.181520
50.000000 212.000000 300.000000 0.427053
212.000000 50.000000 300.000000 0.427053
212.000000 205.000000 300.000000 0.692947
275.000000 213.000000 300.000000 0.387597
213.000000 275.000000 300.000000 0.387597
79.000000 213.000000 300.000000 0.559783
213.000000 79.000000 300.000000 0.559783
213.000000 214.000000 300.000000 0.261757
214.000000 92.000000 300.000000 0.269907
214.000000 78.000000 300.000000 0.552140
105.000000 215.000000 300.000000 0.568437
215.000000 105.000000 300.000000 0.568437
215.000000 108.000000 300.000000 0.263523
96.000000 215.000000 300.000000 0.551560
215.000000 96.000000 300.000000 0.551560
218.000000 216.000000 300.000000 0.536137
216.000000 218.000000 300.000000 0.536137
217.000000 216.000000 300.000000 0.244247
216.000000 217.000000 300.000000 0.244247
219.000000 217.000000 300.000000 0.519487
217.000000 219.000000 300.000000 0.519487
313.000000 217.000000 300.000000 0.662133
217.000000 313.000000 300.000000 0.662133
216.000000 217.000000 300.000000 0.244247
217.000000 216.000000 300.000000 0.244247
219.000000 218.000000 300.000000 0.244663
218.000000 219.000000 300.000000 0.244663
173.000000 218.000000 300.000000 0.607680
218.000000 173.000000 300.000000 0.607680
216.000000 218.000000 300.000000 0.536137
218.000000 216.000000 300.000000 0.536137
217.000000 219.000000 300.000000 0.519487
219.000000 217.000000 300.000000 0.519487
220.000000 219.000000 300.000000 0.195763
219.000000 220.000000 300.000000 0.195763
218.000000 219.000000 300.000000 0.244663
219.000000 218.000000 300.000000 0.244663
313.000000 219.000000 300.000000 0.377697
219.000000 313.000000 300.000000 0.377697
219.000000 220.000000 300.000000 0.195763
220.000000 219.000000 300.000000 0.195763
223.000000 220.000000 300.000000 0.373763
220.000000 223.000000 300.000000 0.373763
222.000000 220.000000 300.000000 0.370867
220.000000 222.000000 300.000000 0.370867
313.000000 221.000000 300.000000 0.078557
221.000000 313.000000 300.000000 0.078557
223.000000 221.000000 300.000000 0.200540
221.000000 223.000000 300.000000 0.200540
224.000000 221.000000 300.000000 0.330150
221.000000 224.000000 300.000000 0.330150
180.000000 222.000000 300.000000 0.202540
222.000000 180.000000 300.000000 0.202540
176.000000 222.000000 300.000000 0.048570
222.000000 176.000000 300.000000 0.048570
220.000000 222.000000 300.000000 0.370867
222.000000 220.000000 300.000000 0.370867
224.000000 223.000000 300.000000 0.275983
223.000000 224.000000 300.000000 0.275983
221.000000 223.000000 300.000000 0.200540
223.000000 221.000000 300.000000 0.200540
255.000000 223.000000 300.000000 0.108297
223.000000 255.000000 300.000000 0.108297
220.000000 223.000000 300.000000 0.373763
223.000000 220.000000 300.000000 0.373763
223.000000 224.000000 300.000000 0.275983
224.000000 223.000000 300.000000 0.275983
311.000000 224.000000 300.000000 0.197560
224.000000 311.000000 300.000000 0.197560
221.000000 224.000000 300.000000 0.330150
224.000000 221.000000 300.000000 0.330150
309.000000 225.000000 300.000000 0.913680
225.000000 309.000000 300.000000 0.913680
308.000000 225.000000 300.000000 0.558443
225.000000 308.000000 300.000000 0.558443
225.000000 148.000000 300.000000 0.580890
291.000000 226.000000 300.000000 0.273237
226.000000 291.000000 300.000000 0.273237
226.000000 212.000000 300.000000 0.126073
64.000000 226.000000 300.000000 0.566153
226.000000 64.000000 300.000000 0.566153
227.000000 212.000000 300.000000 0.220720
227.000000 226.000000 300.000000 0.191023
228.000000 166.000000 300.000000 0.232547
237.000000 228.000000 300.000000 0.889613
228.000000 237.000000 300.000000 0.889613
230.000000 107.000000 300.000000 0.044277
230.000000 113.000000 300.000000 0.250443
197.000000 231.000000 300.000000 0.232213
231.000000 197.000000 300.000000 0.232213
26.000000 231.000000 300.000000 0.268800
231.000000 26.000000 300.000000 0.268800
16.000000 231.000000 300.000000 0.229893
231.000000 16.000000 300.000000 0.229893
7.000000 231.000000 300.000000 0.908850
231.000000 7.000000 300.000000 0.908850
233.000000 232.000000 300.000000 0.227463
232.000000 233.000000 300.000000 0.227463
170.000000 232.000000 300.000000 0.258337
232.000000 170.000000 300.000000 0.258337
293.000000 232.000000 300.000000 0.572957
232.000000 293.000000 300.000000 0.572957
232.000000 233.000000 300.000000 0.227463
233.000000 232.000000 300.000000 0.227463
236.000000 233.000000 300.000000 0.133193
233.000000 236.000000 300.000000 0.133193
294.000000 233.000000 300.000000 0.550363
233.000000 294.000000 300.000000 0.550363
235.000000 234.000000 300.000000 0.116467
234.000000 235.000000 300.000000 0.116467
3.000000 234.000000 300.000000 0.350823
234.000000 3.000000 300.000000 0.350823
234.000000 235.000000 300.000000 0.116467
235.000000 234.000000 300.000000 0.116467
177.000000 235.000000 300.000000 0.149087
235.000000 177.000000 300.000000 0.149087
296.000000 235.000000 300.000000 0.234013
235.000000 296.000000 300.000000 0.234013
172.000000 236.000000 300.000000 0.050550
236.000000 172.000000 300.000000 0.050550
233.000000 236.000000 300.000000 0.133193
236.000000 233.000000 300.000000 0.133193
240.000000 237.000000 300.000000 0.041287
237.000000 240.000000 300.000000 0.041287
241.000000 237.000000 300.000000 0.232600
237.000000 241.000000 300.000000 0.232600
228.000000 237.000000 300.000000 0.889613
237.000000 228.000000 300.000000 0.889613
240.000000 238.000000 300.000000 0.165107
238.000000 240.000000 300.000000 0.165107
335.000000 238.000000 300.000000 0.286630
238.000000 335.000000 300.000000 0.286630
318.000000 238.000000 300.000000 0.285197
238.000000 318.000000 300.000000 0.285197
239.000000 228.000000 300.000000 0.153193
333.000000 239.000000 300.000000 0.512567
239.000000 333.000000 300.000000 0.512567
335.000000 240.000000 300.000000 0.287257
240.000000 335.000000 300.000000 0.287257
237.000000 240.000000 300.000000 0.041287
240.000000 237.000000 300.000000 0.041287
238.000000 240.000000 300.000000 0.165107
240.000000 238.000000 300.000000 0.165107
237.000000 241.000000 300.000000 0.232600
241.000000 237.000000 300.000000 0.232600
241.000000 334.000000 300.000000 0.368660
21.000000 243.000000 300.000000 0.329320
243.000000 21.000000 300.000000 0.329320
39.000000 243.000000 300.000000 0.410660
243.000000 39.000000 300.000000 0.410660
41.000000 243.000000 300.000000 0.255267
243.000000 41.000000 300.000000 0.255267
19.000000 243.000000 300.000000 0.261980
243.000000 19.000000 300.000000 0.261980
31.000000 244.000000 300.000000 0.186663
244.000000 31.000000 300.000000 0.186663
20.000000 244.000000 300.000000 0.084890
244.000000 20.000000 300.000000 0.084890
349.000000 244.000000 300.000000 0.228847
244.000000 349.000000 300.000000 0.228847
349.000000 245.000000 300.000000 0.018117
245.000000 349.000000 300.000000 0.018117
31.000000 245.000000 300.000000 0.127240
245.000000 31.000000 300.000000 0.127240
246.000000 245.000000 300.000000 0.259107
245.000000 246.000000 300.000000 0.259107
245.000000 246.000000 300.000000 0.259107
246.000000 245.000000 300.000000 0.259107
247.000000 246.000000 300.000000 0.121197
246.000000 247.000000 300.000000 0.121197
43.000000 246.000000 300.000000 0.126517
246.000000 43.000000 300.000000 0.126517
254.000000 247.000000 300.000000 0.095393
247.000000 254.000000 300.000000 0.095393
248.000000 247.000000 300.000000 0.257033
247.000000 248.000000 300.000000 0.257033
246.000000 247.000000 300.000000 0.121197
247.000000 246.000000 300.000000 0.121197
28.000000 248.000000 300.000000 0.089557
248.000000 28.000000 300.000000 0.089557
349.000000 248.000000 300.000000 0.104187
248.000000 349.000000 300.000000 0.104187
247.000000 248.000000 300.000000 0.257033
248.000000 247.000000 300.000000 0.257033
28.000000 249.000000 300.000000 0.054070
249.000000 28.000000 300.000000 0.054070
17.000000 249.000000 300.000000 0.217667
249.000000 17.000000 300.000000 0.217667
250.000000 249.000000 300.000000 0.325513
249.000000 250.000000 300.000000 0.325513
17.000000 250.000000 300.000000 0.201367
250.000000 17.000000 300.000000 0.201367
20.000000 250.000000 300.000000 0.126933
250.000000 20.000000 300.000000 0.126933
251.000000 250.000000 300.000000 0.301763
250.000000 251.000000 300.000000 0.301763
249.000000 250.000000 300.000000 0.325513
250.000000 249.000000 300.000000 0.325513
9.000000 251.000000 300.000000 0.132730
251.000000 9.000000 300.000000 0.132730
252.000000 251.000000 300.000000 0.113117
251.000000 252.000000 300.000000 0.113117
250.000000 251.000000 300.000000 0.301763
251.000000 250.000000 300.000000 0.301763
251.000000 252.000000 300.000000 0.113117
252.000000 251.000000 300.000000 0.113117
11.000000 252.000000 300.000000 0.107230
252.000000 11.000000 300.000000 0.107230
253.000000 252.000000 300.000000 0.217023
252.000000 253.000000 300.000000 0.217023
20.000000 253.000000 300.000000 0.085317
253.000000 20.000000 300.000000 0.085317
11.000000 253.000000 300.000000 0.190923
253.000000 11.000000 300.000000 0.190923
252.000000 253.000000 300.000000 0.217023
253.000000 252.000000 300.000000 0.217023
247.000000 254.000000 300.000000 0.095393
254.000000 247.000000 300.000000 0.095393
28.000000 254.000000 300.000000 0.256337
254.000000 28.000000 300.000000 0.256337
350.000000 254.000000 300.000000 0.496463
254.000000 350.000000 300.000000 0.496463
223.000000 255.000000 300.000000 0.108297
255.000000 223.000000 300.000000 0.108297
5.000000 255.000000 300.000000 0.102327
255.000000 5.000000 300.000000 0.102327
359.000000 255.000000 300.000000 0.222720
255.000000 359.000000 300.000000 0.222720
189.000000 256.000000 300.000000 0.625067
256.000000 189.000000 300.000000 0.625067
258.000000 257.000000 300.000000 0.294277
257.000000 258.000000 300.000000 0.294277
173.000000 257.000000 300.000000 0.044350
257.000000 173.000000 300.000000 0.044350
262.000000 257.000000 300.000000 0.082590
257.000000 262.000000 300.000000 0.082590
257.000000 258.000000 300.000000 0.294277
258.000000 257.000000 300.000000 0.294277
7.000000 259.000000 300.000000 0.251540
259.000000 7.000000 300.000000 0.251540
260.000000 259.000000 300.000000 0.364423
259.000000 260.000000 300.000000 0.364423
189.000000 259.000000 300.000000 0.261900
259.000000 189.000000 300.000000 0.261900
182.000000 259.000000 300.000000 0.140880
259.000000 182.000000 300.000000 0.140880
259.000000 260.000000 300.000000 0.364423
260.000000 259.000000 300.000000 0.364423
261.000000 260.000000 300.000000 0.203907
260.000000 261.000000 300.000000 0.203907
260.000000 261.000000 300.000000 0.203907
261.000000 260.000000 300.000000 0.203907
257.000000 262.000000 300.000000 0.082590
262.000000 257.000000 300.000000 0.082590
263.000000 262.000000 300.000000 0.343547
262.000000 263.000000 300.000000 0.343547
262.000000 263.000000 300.000000 0.343547
263.000000 262.000000 300.000000 0.343547
268.000000 264.000000 300.000000 0.059077
264.000000 268.000000 300.000000 0.059077
265.000000 264.000000 300.000000 0.549200
264.000000 265.000000 300.000000 0.549200
264.000000 265.000000 300.000000 0.549200
265.000000 264.000000 300.000000 0.549200
182.000000 266.000000 300.000000 0.136863
266.000000 182.000000 300.000000 0.136863
179.000000 266.000000 300.000000 0.260517
266.000000 179.000000 300.000000 0.260517
267.000000 266.000000 300.000000 0.646817
266.000000 267.000000 300.000000 0.646817
266.000000 267.000000 300.000000 0.646817
267.000000 266.000000 300.000000 0.646817
264.000000 268.000000 300.000000 0.059077
268.000000 264.000000 300.000000 0.059077
169.000000 268.000000 300.000000 0.238090
268.000000 169.000000 300.000000 0.238090
179.000000 269.000000 300.000000 0.239113
269.000000 179.000000 300.000000 0.239113
174.000000 269.000000 300.000000 0.139613
269.000000 174.000000 300.000000 0.139613
270.000000 269.000000 300.000000 0.088920
269.000000 270.000000 300.000000 0.088920
269.000000 270.000000 300.000000 0.088920
270.000000 269.000000 300.000000 0.088920
7.000000 271.000000 300.000000 0.486557
271.000000 7.000000 300.000000 0.486557
25.000000 271.000000 300.000000 0.075857
271.000000 25.000000 300.000000 0.075857
272.000000 271.000000 300.000000 0.803563
271.000000 272.000000 300.000000 0.803563
271.000000 272.000000 300.000000 0.803563
272.000000 271.000000 300.000000 0.803563
272.000000 50.000000 300.000000 0.256877
30.000000 273.000000 300.000000 0.204210
273.000000 30.000000 300.000000 0.204210
36.000000 273.000000 300.000000 0.082327
273.000000 36.000000 300.000000 0.082327
274.000000 273.000000 300.000000 0.444430
273.000000 274.000000 300.000000 0.444430
57.000000 274.000000 300.000000 0.197083
274.000000 57.000000 300.000000 0.197083
62.000000 274.000000 300.000000 0.384607
274.000000 62.000000 300.000000 0.384607
275.000000 274.000000 300.000000 0.269783
274.000000 275.000000 300.000000 0.269783
273.000000 274.000000 300.000000 0.444430
274.000000 273.000000 300.000000 0.444430
68.000000 275.000000 300.000000 0.198527
275.000000 68.000000 300.000000 0.198527
274.000000 275.000000 300.000000 0.269783
275.000000 274.000000 300.000000 0.269783
213.000000 275.000000 300.000000 0.387597
275.000000 213.000000 300.000000 0.387597
210.000000 276.000000 300.000000 0.198927
276.000000 210.000000 300.000000 0.198927
211.000000 276.000000 300.000000 0.181520
276.000000 211.000000 300.000000 0.181520
277.000000 276.000000 300.000000 0.218857
276.000000 277.000000 300.000000 0.218857
276.000000 277.000000 300.000000 0.218857
277.000000 276.000000 300.000000 0.218857
68.000000 278.000000 300.000000 0.055727
278.000000 68.000000 300.000000 0.055727
57.000000 278.000000 300.000000 0.211937
278.000000 57.000000 300.000000 0.211937
279.000000 278.000000 300.000000 0.334690
278.000000 279.000000 300.000000 0.334690
278.000000 279.000000 300.000000 0.334690
279.000000 278.000000 300.000000 0.334690
49.000000 279.000000 300.000000 0.252200
279.000000 49.000000 300.000000 0.252200
280.000000 279.000000 300.000000 0.530183
279.000000 280.000000 300.000000 0.530183
68.000000 280.000000 300.000000 0.145037
280.000000 68.000000 300.000000 0.145037
347.000000 280.000000 300.000000 0.118650
280.000000 347.000000 300.000000 0.118650
279.000000 280.000000 300.000000 0.530183
280.000000 279.000000 300.000000 0.530183
50.000000 281.000000 300.000000 0.241067
281.000000 50.000000 300.000000 0.241067
193.000000 282.000000 300.000000 0.428690
282.000000 193.000000 300.000000 0.428690
291.000000 282.000000 300.000000 0.393293
282.000000 291.000000 300.000000 0.393293
204.000000 282.000000 300.000000 0.184833
282.000000 204.000000 300.000000 0.184833
283.000000 168.000000 300.000000 0.335357
356.000000 284.000000 300.000000 0.295553
284.000000 356.000000 300.000000 0.295553
170.000000 284.000000 300.000000 0.514247
284.000000 170.000000 300.000000 0.514247
293.000000 284.000000 300.000000 0.216190
284.000000 293.000000 300.000000 0.216190
288.000000 285.000000 300.000000 0.230267
285.000000 288.000000 300.000000 0.230267
286.000000 285.000000 300.000000 0.153320
285.000000 286.000000 300.000000 0.153320
294.000000 285.000000 300.000000 0.162053
285.000000 294.000000 300.000000 0.162053
285.000000 286.000000 300.000000 0.153320
286.000000 285.000000 300.000000 0.153320
295.000000 286.000000 300.000000 0.203837
286.000000 295.000000 300.000000 0.203837
172.000000 286.000000 300.000000 0.326440
286.000000 172.000000 300.000000 0.326440
14.000000 287.000000 300.000000 0.254867
287.000000 14.000000 300.000000 0.254867
351.000000 287.000000 300.000000 0.190410
287.000000 351.000000 300.000000 0.190410
296.000000 287.000000 300.000000 0.436957
287.000000 296.000000 300.000000 0.436957
285.000000 288.000000 300.000000 0.230267
288.000000 285.000000 300.000000 0.230267
297.000000 288.000000 300.000000 0.185817
288.000000 297.000000 300.000000 0.185817
198.000000 288.000000 300.000000 0.383747
288.000000 198.000000 300.000000 0.383747
196.000000 289.000000 300.000000 0.135040
289.000000 196.000000 300.000000 0.135040
188.000000 289.000000 300.000000 0.125873
289.000000 188.000000 300.000000 0.125873
297.000000 289.000000 300.000000 0.177410
289.000000 297.000000 300.000000 0.177410
290.000000 306.000000 300.000000 0.173977
202.000000 290.000000 300.000000 0.247880
290.000000 202.000000 300.000000 0.247880
226.000000 291.000000 300.000000 0.273237
291.000000 226.000000 300.000000 0.273237
282.000000 291.000000 300.000000 0.393293
291.000000 282.000000 300.000000 0.393293
292.000000 291.000000 300.000000 0.320670
291.000000 292.000000 300.000000 0.320670
208.000000 292.000000 300.000000 0.327370
292.000000 208.000000 300.000000 0.327370
291.000000 292.000000 300.000000 0.320670
292.000000 291.000000 300.000000 0.320670
52.000000 292.000000 300.000000 0.239470
292.000000 52.000000 300.000000 0.239470
294.000000 293.000000 300.000000 0.243053
293.000000 294.000000 300.000000 0.243053
284.000000 293.000000 300.000000 0.216190
293.000000 284.000000 300.000000 0.216190
191.000000 293.000000 300.000000 0.610840
293.000000 191.000000 300.000000 0.610840
232.000000 293.000000 300.000000 0.572957
293.000000 232.000000 300.000000 0.572957
285.000000 294.000000 300.000000 0.162053
294.000000 285.000000 300.000000 0.162053
293.000000 294.000000 300.000000 0.243053
294.000000 293.000000 300.000000 0.243053
194.000000 294.000000 300.000000 0.608840
294.000000 194.000000 300.000000 0.608840
233.000000 294.000000 300.000000 0.550363
294.000000 233.000000 300.000000 0.550363
297.000000 295.000000 300.000000 0.375483
295.000000 297.000000 300.000000 0.375483
286.000000 295.000000 300.000000 0.203837
295.000000 286.000000 300.000000 0.203837
177.000000 295.000000 300.000000 0.267033
295.000000 177.000000 300.000000 0.267033
296.000000 295.000000 300.000000 0.163373
295.000000 296.000000 300.000000 0.163373
188.000000 296.000000 300.000000 0.260650
296.000000 188.000000 300.000000 0.260650
235.000000 296.000000 300.000000 0.234013
296.000000 235.000000 300.000000 0.234013
287.000000 296.000000 300.000000 0.436957
296.000000 287.000000 300.000000 0.436957
295.000000 296.000000 300.000000 0.163373
296.000000 295.000000 300.000000 0.163373
200.000000 297.000000 300.000000 0.392973
297.000000 200.000000 300.000000 0.392973
295.000000 297.000000 300.000000 0.375483
297.000000 295.000000 300.000000 0.375483
288.000000 297.000000 300.000000 0.185817
297.000000 288.000000 300.000000 0.185817
289.000000 297.000000 300.000000 0.177410
297.000000 289.000000 300.000000 0.177410
8.000000 298.000000 300.000000 0.356043
298.000000 8.000000 300.000000 0.356043
6.000000 298.000000 300.000000 0.352873
298.000000 6.000000 300.000000 0.352873
18.000000 298.000000 300.000000 0.430050
298.000000 18.000000 300.000000 0.430050
39.000000 299.000000 300.000000 0.211530
299.000000 39.000000 300.000000 0.211530
32.000000 300.000000 300.000000 0.149667
300.000000 32.000000 300.000000 0.149667
304.000000 300.000000 300.000000 0.072520
300.000000 304.000000 300.000000 0.072520
352.000000 300.000000 300.000000 0.136570
300.000000 352.000000 300.000000 0.136570
203.000000 301.000000 300.000000 0.214567
301.000000 203.000000 300.000000 0.214567
303.000000 301.000000 300.000000 0.215477
301.000000 303.000000 300.000000 0.215477
302.000000 301.000000 300.000000 0.157520
301.000000 302.000000 300.000000 0.157520
301.000000 302.000000 300.000000 0.157520
302.000000 301.000000 300.000000 0.157520
201.000000 302.000000 300.000000 0.221147
302.000000 201.000000 300.000000 0.221147
209.000000 302.000000 300.000000 0.235313
302.000000 209.000000 300.000000 0.235313
301.000000 303.000000 300.000000 0.215477
303.000000 301.000000 300.000000 0.215477
300.000000 304.000000 300.000000 0.072520
304.000000 300.000000 300.000000 0.072520
48.000000 305.000000 300.000000 0.096037
305.000000 48.000000 300.000000 0.096037
306.000000 184.000000 300.000000 0.252460
192.000000 306.000000 300.000000 0.198430
306.000000 192.000000 300.000000 0.198430
71.000000 307.000000 300.000000 0.046350
307.000000 71.000000 300.000000 0.046350
307.000000 60.000000 300.000000 0.257773
225.000000 308.000000 300.000000 0.558443
308.000000 225.000000 300.000000 0.558443
308.000000 316.000000 300.000000 0.182343
225.000000 309.000000 300.000000 0.913680
309.000000 225.000000 300.000000 0.913680
309.000000 165.000000 300.000000 0.698620
77.000000 310.000000 300.000000 0.088107
310.000000 77.000000 300.000000 0.088107
86.000000 310.000000 300.000000 0.234620
310.000000 86.000000 300.000000 0.234620
9.000000 311.000000 300.000000 0.103213
311.000000 9.000000 300.000000 0.103213
312.000000 311.000000 300.000000 0.153893
311.000000 312.000000 300.000000 0.153893
224.000000 311.000000 300.000000 0.197560
311.000000 224.000000 300.000000 0.197560
17.000000 312.000000 300.000000 0.172557
312.000000 17.000000 300.000000 0.172557
311.000000 312.000000 300.000000 0.153893
312.000000 311.000000 300.000000 0.153893
9.000000 312.000000 300.000000 0.110203
312.000000 9.000000 300.000000 0.110203
221.000000 313.000000 300.000000 0.078557
313.000000 221.000000 300.000000 0.078557
217.000000 313.000000 300.000000 0.662133
313.000000 217.000000 300.000000 0.662133
219.000000 313.000000 300.000000 0.377697
313.000000 219.000000 300.000000 0.377697
314.000000 75.000000 300.000000 0.243837
350.000000 314.000000 300.000000 0.346920
314.000000 350.000000 300.000000 0.346920
326.000000 314.000000 300.000000 0.338993
314.000000 326.000000 300.000000 0.338993
106.000000 315.000000 300.000000 0.240777
315.000000 106.000000 300.000000 0.240777
117.000000 315.000000 300.000000 0.465867
315.000000 117.000000 300.000000 0.465867
95.000000 315.000000 300.000000 0.315123
315.000000 95.000000 300.000000 0.315123
316.000000 336.000000 300.000000 0.597770
332.000000 317.000000 300.000000 1.227753
317.000000 332.000000 300.000000 1.227753
323.000000 317.000000 300.000000 1.010167
317.000000 323.000000 300.000000 1.010167
317.000000 316.000000 300.000000 0.133633
333.000000 318.000000 300.000000 0.281543
318.000000 333.000000 300.000000 0.281543
332.000000 318.000000 300.000000 0.280763
318.000000 332.000000 300.000000 0.280763
238.000000 318.000000 300.000000 0.285197
318.000000 238.000000 300.000000 0.285197
12.000000 319.000000 300.000000 0.367123
319.000000 12.000000 300.000000 0.367123
320.000000 319.000000 300.000000 0.229573
319.000000 320.000000 300.000000 0.229573
47.000000 319.000000 300.000000 0.651943
319.000000 47.000000 300.000000 0.651943
319.000000 320.000000 300.000000 0.229573
320.000000 319.000000 300.000000 0.229573
55.000000 320.000000 300.000000 0.642263
320.000000 55.000000 300.000000 0.642263
15.000000 320.000000 300.000000 0.494820
320.000000 15.000000 300.000000 0.494820
10.000000 321.000000 300.000000 0.224753
321.000000 10.000000 300.000000 0.224753
322.000000 100.000000 300.000000 0.262853
91.000000 322.000000 300.000000 0.051197
322.000000 91.000000 300.000000 0.051197
84.000000 322.000000 300.000000 0.694170
322.000000 84.000000 300.000000 0.694170
132.000000 323.000000 300.000000 0.173223
323.000000 132.000000 300.000000 0.173223
317.000000 323.000000 300.000000 1.010167
323.000000 317.000000 300.000000 1.010167
128.000000 323.000000 300.000000 0.276343
323.000000 128.000000 300.000000 0.276343
325.000000 324.000000 300.000000 0.226520
324.000000 325.000000 300.000000 0.226520
95.000000 324.000000 300.000000 0.032757
324.000000 95.000000 300.000000 0.032757
83.000000 324.000000 300.000000 0.260520
324.000000 83.000000 300.000000 0.260520
83.000000 325.000000 300.000000 0.121690
325.000000 83.000000 300.000000 0.121690
324.000000 325.000000 300.000000 0.226520
325.000000 324.000000 300.000000 0.226520
90.000000 325.000000 300.000000 0.419977
325.000000 90.000000 300.000000 0.419977
83.000000 326.000000 300.000000 0.042513
326.000000 83.000000 300.000000 0.042513
75.000000 326.000000 300.000000 0.225363
326.000000 75.000000 300.000000 0.225363
314.000000 326.000000 300.000000 0.338993
326.000000 314.000000 300.000000 0.338993
344.000000 327.000000 300.000000 0.114370
327.000000 344.000000 300.000000 0.114370
329.000000 327.000000 300.000000 0.119540
327.000000 329.000000 300.000000 0.119540
328.000000 327.000000 300.000000 0.162083
327.000000 328.000000 300.000000 0.162083
152.000000 328.000000 300.000000 0.109947
328.000000 152.000000 300.000000 0.109947
346.000000 328.000000 300.000000 0.120297
328.000000 346.000000 300.000000 0.120297
327.000000 328.000000 300.000000 0.162083
328.000000 327.000000 300.000000 0.162083
327.000000 329.000000 300.000000 0.119540
329.000000 327.000000 300.000000 0.119540
330.000000 329.000000 300.000000 0.123440
329.000000 330.000000 300.000000 0.123440
346.000000 329.000000 300.000000 0.170627
329.000000 346.000000 300.000000 0.170627
329.000000 330.000000 300.000000 0.123440
330.000000 329.000000 300.000000 0.123440
144.000000 330.000000 300.000000 0.132557
330.000000 144.000000 300.000000 0.132557
331.000000 330.000000 300.000000 0.172793
330.000000 331.000000 300.000000 0.172793
146.000000 331.000000 300.000000 0.109907
331.000000 146.000000 300.000000 0.109907
141.000000 331.000000 300.000000 0.137420
331.000000 141.000000 300.000000 0.137420
330.000000 331.000000 300.000000 0.172793
331.000000 330.000000 300.000000 0.172793
318.000000 332.000000 300.000000 0.280763
332.000000 318.000000 300.000000 0.280763
317.000000 332.000000 300.000000 1.227753
332.000000 317.000000 300.000000 1.227753
333.000000 332.000000 300.000000 0.075407
332.000000 333.000000 300.000000 0.075407
318.000000 333.000000 300.000000 0.281543
333.000000 318.000000 300.000000 0.281543
239.000000 333.000000 300.000000 0.512567
333.000000 239.000000 300.000000 0.512567
332.000000 333.000000 300.000000 0.075407
333.000000 332.000000 300.000000 0.075407
335.000000 334.000000 300.000000 0.239283
334.000000 335.000000 300.000000 0.239283
240.000000 335.000000 300.000000 0.287257
335.000000 240.000000 300.000000 0.287257
334.000000 335.000000 300.000000 0.239283
335.000000 334.000000 300.000000 0.239283
238.000000 335.000000 300.000000 0.286630
335.000000 238.000000 300.000000 0.286630
336.000000 239.000000 300.000000 0.420640
337.000000 336.000000 300.000000 0.264827
337.000000 225.000000 300.000000 0.361023
163.000000 338.000000 300.000000 0.138107
338.000000 163.000000 300.000000 0.138107
160.000000 338.000000 300.000000 0.082340
338.000000 160.000000 300.000000 0.082340
339.000000 338.000000 300.000000 0.101680
338.000000 339.000000 300.000000 0.101680
338.000000 339.000000 300.000000 0.101680
339.000000 338.000000 300.000000 0.101680
164.000000 340.000000 300.000000 0.249713
340.000000 164.000000 300.000000 0.249713
163.000000 340.000000 300.000000 0.192837
340.000000 163.000000 300.000000 0.192837
341.000000 340.000000 300.000000 0.159353
340.000000 341.000000 300.000000 0.159353
340.000000 341.000000 300.000000 0.159353
341.000000 340.000000 300.000000 0.159353
343.000000 342.000000 300.000000 0.180527
342.000000 343.000000 300.000000 0.180527
342.000000 143.000000 300.000000 0.192543
145.000000 343.000000 300.000000 0.122577
343.000000 145.000000 300.000000 0.122577
342.000000 343.000000 300.000000 0.180527
343.000000 342.000000 300.000000 0.180527
143.000000 343.000000 300.000000 0.095520
343.000000 143.000000 300.000000 0.095520
160.000000 344.000000 300.000000 0.137123
344.000000 160.000000 300.000000 0.137123
327.000000 344.000000 300.000000 0.114370
344.000000 327.000000 300.000000 0.114370
152.000000 344.000000 300.000000 0.150723
344.000000 152.000000 300.000000 0.150723
153.000000 345.000000 300.000000 0.314620
345.000000 153.000000 300.000000 0.314620
139.000000 345.000000 300.000000 0.256827
345.000000 139.000000 300.000000 0.256827
148.000000 345.000000 300.000000 0.306060
345.000000 148.000000 300.000000 0.306060
328.000000 346.000000 300.000000 0.120297
346.000000 328.000000 300.000000 0.120297
146.000000 346.000000 300.000000 0.011263
346.000000 146.000000 300.000000 0.011263
329.000000 346.000000 300.000000 0.170627
346.000000 329.000000 300.000000 0.170627
347.000000 72.000000 300.000000 0.533617
280.000000 347.000000 300.000000 0.118650
347.000000 280.000000 300.000000 0.118650
117.000000 348.000000 300.000000 0.153657
348.000000 117.000000 300.000000 0.153657
106.000000 348.000000 300.000000 0.241820
348.000000 106.000000 300.000000 0.241820
358.000000 348.000000 300.000000 0.211827
348.000000 358.000000 300.000000 0.211827
248.000000 349.000000 300.000000 0.104187
349.000000 248.000000 300.000000 0.104187
245.000000 349.000000 300.000000 0.018117
349.000000 245.000000 300.000000 0.018117
244.000000 349.000000 300.000000 0.228847
349.000000 244.000000 300.000000 0.228847
254.000000 350.000000 300.000000 0.496463
350.000000 254.000000 300.000000 0.496463
314.000000 350.000000 300.000000 0.346920
350.000000 314.000000 300.000000 0.346920
287.000000 351.000000 300.000000 0.190410
351.000000 287.000000 300.000000 0.190410
351.000000 4.000000 300.000000 0.044967
300.000000 352.000000 300.000000 0.136570
352.000000 300.000000 300.000000 0.136570
51.000000 353.000000 300.000000 0.096850
353.000000 51.000000 300.000000 0.096850
63.000000 353.000000 300.000000 0.222070
353.000000 63.000000 300.000000 0.222070
354.000000 353.000000 300.000000 0.247307
353.000000 354.000000 300.000000 0.247307
353.000000 354.000000 300.000000 0.247307
354.000000 353.000000 300.000000 0.247307
26.000000 355.000000 300.000000 0.440447
355.000000 26.000000 300.000000 0.440447
284.000000 356.000000 300.000000 0.295553
356.000000 284.000000 300.000000 0.295553
357.000000 356.000000 300.000000 0.200507
356.000000 357.000000 300.000000 0.200507
187.000000 356.000000 300.000000 0.307183
356.000000 187.000000 300.000000 0.307183
356.000000 357.000000 300.000000 0.200507
357.000000 356.000000 300.000000 0.200507
348.000000 358.000000 300.000000 0.211827
358.000000 348.000000 300.000000 0.211827
255.000000 359.000000 300.000000 0.222720
359.000000 255.000000 300.000000 0.222720
143.000000 360.000000 300.000000 0.106147
360.000000 143.000000 300.000000 0.106147
139.000000 361.000000 300.000000 0.144913
361.000000 139.000000 300.000000 0.144913
24.000000 362.000000 300.000000 0.077270
362.000000 24.000000 300.000000 0.077270
34.000000 363.000000 300.000000 0.036023
363.000000 34.000000 300.000000 0.036023
209.000000 364.000000 300.000000 0.133453
364.000000 209.000000 300.000000 0.133453
365.000000 364.000000 300.000000 0.026487
364.000000 365.000000 300.000000 0.026487
48.000000 364.000000 300.000000 0.547550
364.000000 48.000000 300.000000 0.547550
364.000000 365.000000 300.000000 0.026487
365.000000 364.000000 300.000000 0.026487
