37.000000 0.000000 300.000000 0.293940
0.000000 37.000000 300.000000 0.293940
22.000000 0.000000 300.000000 0.376267
0.000000 22.000000 300.000000 0.376267
26.000000 0.000000 300.000000 0.707277
0.000000 26.000000 300.000000 0.707277
33.000000 0.000000 300.000000 0.437420
0.000000 33.000000 300.000000 0.437420
49.000000 1.000000 300.000000 0.135317
1.000000 49.000000 300.000000 0.135317
37.000000 1.000000 300.000000 0.308073
1.000000 37.000000 300.000000 0.308073
38.000000 1.000000 300.000000 0.614763
1.000000 38.000000 300.000000 0.614763
3.000000 2.000000 300.000000 0.143067
2.000000 3.000000 300.000000 0.143067
51.000000 2.000000 300.000000 0.162247
2.000000 51.000000 300.000000 0.162247
63.000000 2.000000 300.000000 0.616777
2.000000 63.000000 300.000000 0.616777
2.000000 3.000000 300.000000 0.143067
3.000000 2.000000 300.000000 0.143067
53.000000 3.000000 300.000000 0.520693
3.000000 53.000000 300.000000 0.520693
78.000000 3.000000 300.000000 0.302167
3.000000 78.000000 300.000000 0.302167
23.000000 4.000000 300.000000 0.311417
4.000000 23.000000 300.000000 0.311417
74.000000 5.000000 300.000000 0.348437
5.000000 74.000000 300.000000 0.348437
5.000000 81.000000 300.000000 0.458333
73.000000 5.000000 300.000000 0.369447
5.000000 73.000000 300.000000 0.369447
18.000000 6.000000 300.000000 0.034853
6.000000 18.000000 300.000000 0.034853
90.000000 6.000000 300.000000 0.300747
6.000000 90.000000 300.000000 0.300747
7.000000 80.000000 300.000000 0.153760
96.000000 8.000000 300.000000 0.058327
8.000000 96.000000 300.000000 0.058327
59.000000 8.000000 300.000000 0.624623
8.000000 59.000000 300.000000 0.624623
57.000000 8.000000 300.000000 0.522273
8.000000 57.000000 300.000000 0.522273
45.000000 9.000000 300.000000 0.078833
9.000000 45.000000 300.000000 0.078833
46.000000 9.000000 300.000000 0.126577
9.000000 46.000000 300.000000 0.126577
39.000000 9.000000 300.000000 0.234467
9.000000 39.000000 300.000000 0.234467
41.000000 10.000000 300.000000 0.191090
10.000000 41.000000 300.000000 0.191090
42.000000 10.000000 300.000000 0.125540
10.000000 42.000000 300.000000 0.125540
11.000000 10.000000 300.000000 0.421660
10.000000 11.000000 300.000000 0.421660
10.000000 11.000000 300.000000 0.421660
11.000000 10.000000 300.000000 0.421660
12.000000 11.000000 300.000000 0.189650
11.000000 12.000000 300.000000 0.189650
16.000000 11.000000 300.000000 0.183240
11.000000 16.000000 300.000000 0.183240
13.000000 11.000000 300.000000 0.522707
11.000000 13.000000 300.000000 0.522707
11.000000 12.000000 300.000000 0.189650
12.000000 11.000000 300.000000 0.189650
58.000000 12.000000 300.000000 0.512353
12.000000 58.000000 300.000000 0.512353
41.000000 12.000000 300.000000 0.356967
12.000000 41.000000 300.000000 0.356967
92.000000 13.000000 300.000000 0.176513
13.000000 92.000000 300.000000 0.176513
58.000000 13.000000 300.000000 0.183397
13.000000 58.000000 300.000000 0.183397
11.000000 13.000000 300.000000 0.522707
13.000000 11.000000 300.000000 0.522707
55.000000 14.000000 300.000000 0.021403
14.000000 55.000000 300.000000 0.021403
58.000000 14.000000 300.000000 0.182070
14.000000 58.000000 300.000000 0.182070
17.000000 14.000000 300.000000 0.230830
14.000000 17.000000 300.000000 0.230830
15.000000 93.000000 300.000000 0.283220
11.000000 16.000000 300.000000 0.183240
16.000000 11.000000 300.000000 0.183240
62.000000 16.000000 300.000000 0.523973
16.000000 62.000000 300.000000 0.523973
50.000000 16.000000 300.000000 0.243007
16.000000 50.000000 300.000000 0.243007
14.000000 17.000000 300.000000 0.230830
17.000000 14.000000 300.000000 0.230830
6.000000 18.000000 300.000000 0.034853
18.000000 6.000000 300.000000 0.034853
76.000000 19.000000 300.000000 0.106210
19.000000 76.000000 300.000000 0.106210
20.000000 19.000000 300.000000 0.337773
19.000000 20.000000 300.000000 0.337773
21.000000 20.000000 300.000000 0.164687
20.000000 21.000000 300.000000 0.164687
23.000000 20.000000 300.000000 0.380193
20.000000 23.000000 300.000000 0.380193
19.000000 20.000000 300.000000 0.337773
20.000000 19.000000 300.000000 0.337773
20.000000 21.000000 300.000000 0.164687
21.000000 20.000000 300.000000 0.164687
25.000000 22.000000 300.000000 0.373733
22.000000 25.000000 300.000000 0.373733
0.000000 22.000000 300.000000 0.376267
22.000000 0.000000 300.000000 0.376267
20.000000 23.000000 300.000000 0.380193
23.000000 20.000000 300.000000 0.380193
26.000000 23.000000 300.000000 0.226457
23.000000 26.000000 300.000000 0.226457
4.000000 23.000000 300.000000 0.311417
23.000000 4.000000 300.000000 0.311417
31.000000 24.000000 300.000000 0.343567
24.000000 31.000000 300.000000 0.343567
30.000000 24.000000 300.000000 0.336970
24.000000 30.000000 300.000000 0.336970
22.000000 25.000000 300.000000 0.373733
25.000000 22.000000 300.000000 0.373733
27.000000 25.000000 300.000000 0.326517
25.000000 27.000000 300.000000 0.326517
33.000000 25.000000 300.000000 0.339350
25.000000 33.000000 300.000000 0.339350
23.000000 26.000000 300.000000 0.226457
26.000000 23.000000 300.000000 0.226457
98.000000 26.000000 300.000000 0.212800
26.000000 98.000000 300.000000 0.212800
0.000000 26.000000 300.000000 0.707277
26.000000 0.000000 300.000000 0.707277
25.000000 27.000000 300.000000 0.326517
27.000000 25.000000 300.000000 0.326517
30.000000 27.000000 300.000000 0.070280
27.000000 30.000000 300.000000 0.070280
31.000000 28.000000 300.000000 0.119100
28.000000 31.000000 300.000000 0.119100
32.000000 29.000000 300.000000 0.535833
29.000000 32.000000 300.000000 0.535833
24.000000 30.000000 300.000000 0.336970
30.000000 24.000000 300.000000 0.336970
27.000000 30.000000 300.000000 0.070280
30.000000 27.000000 300.000000 0.070280
35.000000 30.000000 300.000000 0.332653
30.000000 35.000000 300.000000 0.332653
34.000000 30.000000 300.000000 0.337120
30.000000 34.000000 300.000000 0.337120
24.000000 31.000000 300.000000 0.343567
31.000000 24.000000 300.000000 0.343567
35.000000 31.000000 300.000000 0.340953
31.000000 35.000000 300.000000 0.340953
28.000000 31.000000 300.000000 0.119100
31.000000 28.000000 300.000000 0.119100
29.000000 32.000000 300.000000 0.535833
32.000000 29.000000 300.000000 0.535833
37.000000 32.000000 300.000000 0.664557
32.000000 37.000000 300.000000 0.664557
98.000000 32.000000 300.000000 0.090687
32.000000 98.000000 300.000000 0.090687
38.000000 32.000000 300.000000 0.296623
32.000000 38.000000 300.000000 0.296623
34.000000 33.000000 300.000000 0.133603
33.000000 34.000000 300.000000 0.133603
0.000000 33.000000 300.000000 0.437420
33.000000 0.000000 300.000000 0.437420
84.000000 33.000000 300.000000 0.252703
33.000000 84.000000 300.000000 0.252703
25.000000 33.000000 300.000000 0.339350
33.000000 25.000000 300.000000 0.339350
39.000000 34.000000 300.000000 0.334350
34.000000 39.000000 300.000000 0.334350
33.000000 34.000000 300.000000 0.133603
34.000000 33.000000 300.000000 0.133603
30.000000 34.000000 300.000000 0.337120
34.000000 30.000000 300.000000 0.337120
39.000000 35.000000 300.000000 0.339483
35.000000 39.000000 300.000000 0.339483
31.000000 35.000000 300.000000 0.340953
35.000000 31.000000 300.000000 0.340953
30.000000 35.000000 300.000000 0.332653
35.000000 30.000000 300.000000 0.332653
42.000000 35.000000 300.000000 0.395473
35.000000 42.000000 300.000000 0.395473
36.000000 29.000000 300.000000 0.298613
38.000000 36.000000 300.000000 0.538070
36.000000 38.000000 300.000000 0.538070
1.000000 37.000000 300.000000 0.308073
37.000000 1.000000 300.000000 0.308073
0.000000 37.000000 300.000000 0.293940
37.000000 0.000000 300.000000 0.293940
32.000000 37.000000 300.000000 0.664557
37.000000 32.000000 300.000000 0.664557
84.000000 37.000000 300.000000 0.629360
37.000000 84.000000 300.000000 0.629360
36.000000 38.000000 300.000000 0.538070
38.000000 36.000000 300.000000 0.538070
1.000000 38.000000 300.000000 0.614763
38.000000 1.000000 300.000000 0.614763
32.000000 38.000000 300.000000 0.296623
38.000000 32.000000 300.000000 0.296623
48.000000 38.000000 300.000000 0.301660
38.000000 48.000000 300.000000 0.301660
9.000000 39.000000 300.000000 0.234467
39.000000 9.000000 300.000000 0.234467
34.000000 39.000000 300.000000 0.334350
39.000000 34.000000 300.000000 0.334350
44.000000 39.000000 300.000000 0.333490
39.000000 44.000000 300.000000 0.333490
35.000000 39.000000 300.000000 0.339483
39.000000 35.000000 300.000000 0.339483
41.000000 40.000000 300.000000 0.202493
40.000000 41.000000 300.000000 0.202493
55.000000 40.000000 300.000000 0.762000
40.000000 55.000000 300.000000 0.762000
40.000000 41.000000 300.000000 0.202493
41.000000 40.000000 300.000000 0.202493
10.000000 41.000000 300.000000 0.191090
41.000000 10.000000 300.000000 0.191090
12.000000 41.000000 300.000000 0.356967
41.000000 12.000000 300.000000 0.356967
10.000000 42.000000 300.000000 0.125540
42.000000 10.000000 300.000000 0.125540
43.000000 42.000000 300.000000 0.072547
42.000000 43.000000 300.000000 0.072547
35.000000 42.000000 300.000000 0.395473
42.000000 35.000000 300.000000 0.395473
42.000000 43.000000 300.000000 0.072547
43.000000 42.000000 300.000000 0.072547
45.000000 43.000000 300.000000 0.207133
43.000000 45.000000 300.000000 0.207133
50.000000 43.000000 300.000000 0.250753
43.000000 50.000000 300.000000 0.250753
85.000000 44.000000 300.000000 0.173227
44.000000 85.000000 300.000000 0.173227
96.000000 44.000000 300.000000 0.085993
44.000000 96.000000 300.000000 0.085993
39.000000 44.000000 300.000000 0.333490
44.000000 39.000000 300.000000 0.333490
97.000000 44.000000 300.000000 0.078900
44.000000 97.000000 300.000000 0.078900
43.000000 45.000000 300.000000 0.207133
45.000000 43.000000 300.000000 0.207133
9.000000 45.000000 300.000000 0.078833
45.000000 9.000000 300.000000 0.078833
52.000000 45.000000 300.000000 0.347567
45.000000 52.000000 300.000000 0.347567
9.000000 46.000000 300.000000 0.126577
46.000000 9.000000 300.000000 0.126577
47.000000 46.000000 300.000000 0.202163
46.000000 47.000000 300.000000 0.202163
54.000000 46.000000 300.000000 0.443367
46.000000 54.000000 300.000000 0.443367
46.000000 47.000000 300.000000 0.202163
47.000000 46.000000 300.000000 0.202163
97.000000 47.000000 300.000000 0.033327
47.000000 97.000000 300.000000 0.033327
56.000000 47.000000 300.000000 0.529183
47.000000 56.000000 300.000000 0.529183
51.000000 48.000000 300.000000 0.570283
48.000000 51.000000 300.000000 0.570283
53.000000 48.000000 300.000000 0.295913
48.000000 53.000000 300.000000 0.295913
38.000000 48.000000 300.000000 0.301660
48.000000 38.000000 300.000000 0.301660
51.000000 49.000000 300.000000 0.171180
49.000000 51.000000 300.000000 0.171180
1.000000 49.000000 300.000000 0.135317
49.000000 1.000000 300.000000 0.135317
83.000000 49.000000 300.000000 0.134367
49.000000 83.000000 300.000000 0.134367
43.000000 50.000000 300.000000 0.250753
50.000000 43.000000 300.000000 0.250753
52.000000 50.000000 300.000000 0.184373
50.000000 52.000000 300.000000 0.184373
16.000000 50.000000 300.000000 0.243007
50.000000 16.000000 300.000000 0.243007
2.000000 51.000000 300.000000 0.162247
51.000000 2.000000 300.000000 0.162247
49.000000 51.000000 300.000000 0.171180
51.000000 49.000000 300.000000 0.171180
48.000000 51.000000 300.000000 0.570283
51.000000 48.000000 300.000000 0.570283
64.000000 52.000000 300.000000 0.763440
52.000000 64.000000 300.000000 0.763440
45.000000 52.000000 300.000000 0.347567
52.000000 45.000000 300.000000 0.347567
54.000000 52.000000 300.000000 0.184227
52.000000 54.000000 300.000000 0.184227
50.000000 52.000000 300.000000 0.184373
52.000000 50.000000 300.000000 0.184373
3.000000 53.000000 300.000000 0.520693
53.000000 3.000000 300.000000 0.520693
48.000000 53.000000 300.000000 0.295913
53.000000 48.000000 300.000000 0.295913
89.000000 53.000000 300.000000 0.300777
53.000000 89.000000 300.000000 0.300777
56.000000 54.000000 300.000000 0.182177
54.000000 56.000000 300.000000 0.182177
52.000000 54.000000 300.000000 0.184227
54.000000 52.000000 300.000000 0.184227
66.000000 54.000000 300.000000 0.763617
54.000000 66.000000 300.000000 0.763617
46.000000 54.000000 300.000000 0.443367
54.000000 46.000000 300.000000 0.443367
14.000000 55.000000 300.000000 0.021403
55.000000 14.000000 300.000000 0.021403
40.000000 55.000000 300.000000 0.762000
55.000000 40.000000 300.000000 0.762000
47.000000 56.000000 300.000000 0.529183
56.000000 47.000000 300.000000 0.529183
59.000000 56.000000 300.000000 0.186057
56.000000 59.000000 300.000000 0.186057
54.000000 56.000000 300.000000 0.182177
56.000000 54.000000 300.000000 0.182177
68.000000 56.000000 300.000000 0.771220
56.000000 68.000000 300.000000 0.771220
60.000000 57.000000 300.000000 0.321997
57.000000 60.000000 300.000000 0.321997
8.000000 57.000000 300.000000 0.522273
57.000000 8.000000 300.000000 0.522273
61.000000 57.000000 300.000000 0.344650
57.000000 61.000000 300.000000 0.344650
13.000000 58.000000 300.000000 0.183397
58.000000 13.000000 300.000000 0.183397
12.000000 58.000000 300.000000 0.512353
58.000000 12.000000 300.000000 0.512353
14.000000 58.000000 300.000000 0.182070
58.000000 14.000000 300.000000 0.182070
56.000000 59.000000 300.000000 0.186057
59.000000 56.000000 300.000000 0.186057
8.000000 59.000000 300.000000 0.624623
59.000000 8.000000 300.000000 0.624623
70.000000 59.000000 300.000000 0.764840
59.000000 70.000000 300.000000 0.764840
63.000000 60.000000 300.000000 0.346260
60.000000 63.000000 300.000000 0.346260
57.000000 60.000000 300.000000 0.321997
60.000000 57.000000 300.000000 0.321997
65.000000 60.000000 300.000000 0.343553
60.000000 65.000000 300.000000 0.343553
83.000000 60.000000 300.000000 0.651000
60.000000 83.000000 300.000000 0.651000
67.000000 61.000000 300.000000 0.352083
61.000000 67.000000 300.000000 0.352083
65.000000 61.000000 300.000000 0.325217
61.000000 65.000000 300.000000 0.325217
57.000000 61.000000 300.000000 0.344650
61.000000 57.000000 300.000000 0.344650
64.000000 62.000000 300.000000 0.187780
62.000000 64.000000 300.000000 0.187780
92.000000 62.000000 300.000000 0.010850
62.000000 92.000000 300.000000 0.010850
16.000000 62.000000 300.000000 0.523973
62.000000 16.000000 300.000000 0.523973
95.000000 63.000000 300.000000 0.323643
63.000000 95.000000 300.000000 0.323643
60.000000 63.000000 300.000000 0.346260
63.000000 60.000000 300.000000 0.346260
69.000000 63.000000 300.000000 0.340813
63.000000 69.000000 300.000000 0.340813
2.000000 63.000000 300.000000 0.616777
63.000000 2.000000 300.000000 0.616777
66.000000 64.000000 300.000000 0.184757
64.000000 66.000000 300.000000 0.184757
62.000000 64.000000 300.000000 0.187780
64.000000 62.000000 300.000000 0.187780
52.000000 64.000000 300.000000 0.763440
64.000000 52.000000 300.000000 0.763440
69.000000 65.000000 300.000000 0.340013
65.000000 69.000000 300.000000 0.340013
61.000000 65.000000 300.000000 0.325217
65.000000 61.000000 300.000000 0.325217
60.000000 65.000000 300.000000 0.343553
65.000000 60.000000 300.000000 0.343553
71.000000 65.000000 300.000000 0.346860
65.000000 71.000000 300.000000 0.346860
68.000000 66.000000 300.000000 0.179540
66.000000 68.000000 300.000000 0.179540
64.000000 66.000000 300.000000 0.184757
66.000000 64.000000 300.000000 0.184757
54.000000 66.000000 300.000000 0.763617
66.000000 54.000000 300.000000 0.763617
61.000000 67.000000 300.000000 0.352083
67.000000 61.000000 300.000000 0.352083
72.000000 67.000000 300.000000 0.349890
67.000000 72.000000 300.000000 0.349890
71.000000 67.000000 300.000000 0.321263
67.000000 71.000000 300.000000 0.321263
70.000000 68.000000 300.000000 0.192190
68.000000 70.000000 300.000000 0.192190
66.000000 68.000000 300.000000 0.179540
68.000000 66.000000 300.000000 0.179540
56.000000 68.000000 300.000000 0.771220
68.000000 56.000000 300.000000 0.771220
65.000000 69.000000 300.000000 0.340013
69.000000 65.000000 300.000000 0.340013
73.000000 69.000000 300.000000 0.342030
69.000000 73.000000 300.000000 0.342030
63.000000 69.000000 300.000000 0.340813
69.000000 63.000000 300.000000 0.340813
72.000000 70.000000 300.000000 0.205367
70.000000 72.000000 300.000000 0.205367
68.000000 70.000000 300.000000 0.192190
70.000000 68.000000 300.000000 0.192190
59.000000 70.000000 300.000000 0.764840
70.000000 59.000000 300.000000 0.764840
73.000000 71.000000 300.000000 0.345473
71.000000 73.000000 300.000000 0.345473
67.000000 71.000000 300.000000 0.321263
71.000000 67.000000 300.000000 0.321263
65.000000 71.000000 300.000000 0.346860
71.000000 65.000000 300.000000 0.346860
74.000000 71.000000 300.000000 0.355147
71.000000 74.000000 300.000000 0.355147
74.000000 72.000000 300.000000 0.313123
72.000000 74.000000 300.000000 0.313123
70.000000 72.000000 300.000000 0.205367
72.000000 70.000000 300.000000 0.205367
67.000000 72.000000 300.000000 0.349890
72.000000 67.000000 300.000000 0.349890
81.000000 73.000000 300.000000 0.276353
73.000000 81.000000 300.000000 0.276353
71.000000 73.000000 300.000000 0.345473
73.000000 71.000000 300.000000 0.345473
69.000000 73.000000 300.000000 0.342030
73.000000 69.000000 300.000000 0.342030
5.000000 73.000000 300.000000 0.369447
73.000000 5.000000 300.000000 0.369447
72.000000 74.000000 300.000000 0.313123
74.000000 72.000000 300.000000 0.313123
5.000000 74.000000 300.000000 0.348437
74.000000 5.000000 300.000000 0.348437
71.000000 74.000000 300.000000 0.355147
74.000000 71.000000 300.000000 0.355147
93.000000 75.000000 300.000000 0.042353
75.000000 93.000000 300.000000 0.042353
75.000000 5.000000 300.000000 0.325750
77.000000 76.000000 300.000000 0.211093
76.000000 77.000000 300.000000 0.211093
19.000000 76.000000 300.000000 0.106210
76.000000 19.000000 300.000000 0.106210
76.000000 77.000000 300.000000 0.211093
77.000000 76.000000 300.000000 0.211093
79.000000 78.000000 300.000000 0.306767
78.000000 79.000000 300.000000 0.306767
89.000000 78.000000 300.000000 0.478660
78.000000 89.000000 300.000000 0.478660
3.000000 78.000000 300.000000 0.302167
78.000000 3.000000 300.000000 0.302167
88.000000 78.000000 300.000000 0.402403
78.000000 88.000000 300.000000 0.402403
78.000000 79.000000 300.000000 0.306767
79.000000 78.000000 300.000000 0.306767
90.000000 79.000000 300.000000 0.423897
79.000000 90.000000 300.000000 0.423897
87.000000 79.000000 300.000000 0.303670
79.000000 87.000000 300.000000 0.303670
80.000000 82.000000 300.000000 0.416367
95.000000 80.000000 300.000000 0.562373
80.000000 95.000000 300.000000 0.562373
81.000000 7.000000 300.000000 0.263447
73.000000 81.000000 300.000000 0.276353
81.000000 73.000000 300.000000 0.276353
82.000000 87.000000 300.000000 0.175763
88.000000 82.000000 300.000000 0.479797
82.000000 88.000000 300.000000 0.479797
94.000000 83.000000 300.000000 0.011067
83.000000 94.000000 300.000000 0.011067
49.000000 83.000000 300.000000 0.134367
83.000000 49.000000 300.000000 0.134367
60.000000 83.000000 300.000000 0.651000
83.000000 60.000000 300.000000 0.651000
85.000000 84.000000 300.000000 0.123210
84.000000 85.000000 300.000000 0.123210
33.000000 84.000000 300.000000 0.252703
84.000000 33.000000 300.000000 0.252703
37.000000 84.000000 300.000000 0.629360
84.000000 37.000000 300.000000 0.629360
44.000000 85.000000 300.000000 0.173227
85.000000 44.000000 300.000000 0.173227
86.000000 85.000000 300.000000 0.252907
85.000000 86.000000 300.000000 0.252907
84.000000 85.000000 300.000000 0.123210
85.000000 84.000000 300.000000 0.123210
85.000000 86.000000 300.000000 0.252907
86.000000 85.000000 300.000000 0.252907
79.000000 87.000000 300.000000 0.303670
87.000000 79.000000 300.000000 0.303670
87.000000 6.000000 300.000000 0.370327
95.000000 88.000000 300.000000 0.011790
88.000000 95.000000 300.000000 0.011790
78.000000 88.000000 300.000000 0.402403
88.000000 78.000000 300.000000 0.402403
82.000000 88.000000 300.000000 0.479797
88.000000 82.000000 300.000000 0.479797
78.000000 89.000000 300.000000 0.478660
89.000000 78.000000 300.000000 0.478660
53.000000 89.000000 300.000000 0.300777
89.000000 53.000000 300.000000 0.300777
90.000000 89.000000 300.000000 0.299227
89.000000 90.000000 300.000000 0.299227
79.000000 90.000000 300.000000 0.423897
90.000000 79.000000 300.000000 0.423897
89.000000 90.000000 300.000000 0.299227
90.000000 89.000000 300.000000 0.299227
6.000000 90.000000 300.000000 0.300747
90.000000 6.000000 300.000000 0.300747
91.000000 4.000000 300.000000 0.128347
62.000000 92.000000 300.000000 0.010850
92.000000 62.000000 300.000000 0.010850
13.000000 92.000000 300.000000 0.176513
92.000000 13.000000 300.000000 0.176513
75.000000 93.000000 300.000000 0.042353
93.000000 75.000000 300.000000 0.042353
83.000000 94.000000 300.000000 0.011067
94.000000 83.000000 300.000000 0.011067
63.000000 95.000000 300.000000 0.323643
95.000000 63.000000 300.000000 0.323643
88.000000 95.000000 300.000000 0.011790
95.000000 88.000000 300.000000 0.011790
80.000000 95.000000 300.000000 0.562373
95.000000 80.000000 300.000000 0.562373
8.000000 96.000000 300.000000 0.058327
96.000000 8.000000 300.000000 0.058327
44.000000 96.000000 300.000000 0.085993
96.000000 44.000000 300.000000 0.085993
97.000000 96.000000 300.000000 0.128923
96.000000 97.000000 300.000000 0.128923
47.000000 97.000000 300.000000 0.033327
97.000000 47.000000 300.000000 0.033327
96.000000 97.000000 300.000000 0.128923
97.000000 96.000000 300.000000 0.128923
44.000000 97.000000 300.000000 0.078900
97.000000 44.000000 300.000000 0.078900
26.000000 98.000000 300.000000 0.212800
98.000000 26.000000 300.000000 0.212800
99.000000 98.000000 300.000000 0.021117
98.000000 99.000000 300.000000 0.021117
32.000000 98.000000 300.000000 0.090687
98.000000 32.000000 300.000000 0.090687
98.000000 99.000000 300.000000 0.021117
99.000000 98.000000 300.000000 0.021117
