0.000000 184.000000 300.000000 0.021220
0.000000 201.000000 300.000000 0.024407
80.000000 1.000000 300.000000 0.236907
1.000000 80.000000 300.000000 0.236907
1.000000 0.000000 300.000000 0.311473
2.000000 1.000000 300.000000 0.364973
164.000000 3.000000 300.000000 0.262467
3.000000 164.000000 300.000000 0.262467
3.000000 146.000000 300.000000 0.411563
61.000000 3.000000 300.000000 0.403920
3.000000 61.000000 300.000000 0.403920
4.000000 3.000000 300.000000 0.353860
4.000000 128.000000 300.000000 0.406583
5.000000 4.000000 300.000000 0.363543
67.000000 5.000000 300.000000 0.259997
5.000000 67.000000 300.000000 0.259997
69.000000 5.000000 300.000000 0.407213
5.000000 69.000000 300.000000 0.407213
68.000000 6.000000 300.000000 0.260090
6.000000 68.000000 300.000000 0.260090
70.000000 6.000000 300.000000 0.407980
6.000000 70.000000 300.000000 0.407980
6.000000 5.000000 300.000000 0.372050
54.000000 7.000000 300.000000 0.266090
7.000000 54.000000 300.000000 0.266090
155.000000 7.000000 300.000000 0.403200
7.000000 155.000000 300.000000 0.403200
7.000000 6.000000 300.000000 0.361533
8.000000 7.000000 300.000000 0.368190
42.000000 8.000000 300.000000 0.394380
8.000000 42.000000 300.000000 0.394380
41.000000 8.000000 300.000000 0.270957
8.000000 41.000000 300.000000 0.270957
9.000000 8.000000 300.000000 0.367283
38.000000 9.000000 300.000000 0.404867
9.000000 38.000000 300.000000 0.404867
9.000000 26.000000 300.000000 0.194297
153.000000 10.000000 300.000000 0.044947
10.000000 153.000000 300.000000 0.044947
25.000000 10.000000 300.000000 0.152013
10.000000 25.000000 300.000000 0.152013
10.000000 9.000000 300.000000 0.151067
11.000000 12.000000 300.000000 0.409380
109.000000 11.000000 300.000000 0.143093
11.000000 109.000000 300.000000 0.143093
105.000000 12.000000 300.000000 0.117950
12.000000 105.000000 300.000000 0.117950
12.000000 13.000000 300.000000 0.396810
104.000000 12.000000 300.000000 0.047633
12.000000 104.000000 300.000000 0.047633
110.000000 13.000000 300.000000 0.101793
13.000000 110.000000 300.000000 0.101793
13.000000 14.000000 300.000000 0.414577
14.000000 150.000000 300.000000 0.396443
117.000000 15.000000 300.000000 0.173800
15.000000 117.000000 300.000000 0.173800
15.000000 16.000000 300.000000 0.320033
90.000000 16.000000 300.000000 0.158637
16.000000 90.000000 300.000000 0.158637
16.000000 135.000000 300.000000 0.374413
17.000000 165.000000 300.000000 0.263337
17.000000 62.000000 300.000000 0.367640
82.000000 18.000000 300.000000 0.136697
18.000000 82.000000 300.000000 0.136697
18.000000 17.000000 300.000000 0.165110
58.000000 19.000000 300.000000 0.246700
19.000000 58.000000 300.000000 0.246700
19.000000 179.000000 300.000000 0.186833
204.000000 20.000000 300.000000 0.078870
20.000000 204.000000 300.000000 0.078870
20.000000 19.000000 300.000000 0.330577
21.000000 81.000000 300.000000 0.154933
22.000000 21.000000 300.000000 0.406763
153.000000 23.000000 300.000000 0.257987
23.000000 153.000000 300.000000 0.257987
23.000000 22.000000 300.000000 0.194077
24.000000 23.000000 300.000000 0.211937
24.000000 25.000000 300.000000 0.260590
10.000000 25.000000 300.000000 0.152013
25.000000 10.000000 300.000000 0.152013
71.000000 25.000000 300.000000 0.350690
25.000000 71.000000 300.000000 0.350690
26.000000 22.000000 300.000000 0.262733
27.000000 26.000000 300.000000 0.095013
26.000000 27.000000 300.000000 0.095013
153.000000 26.000000 300.000000 0.198633
26.000000 153.000000 300.000000 0.198633
28.000000 27.000000 300.000000 0.322663
27.000000 28.000000 300.000000 0.322663
26.000000 27.000000 300.000000 0.095013
27.000000 26.000000 300.000000 0.095013
27.000000 41.000000 300.000000 0.311283
28.000000 21.000000 300.000000 0.264697
29.000000 28.000000 300.000000 0.208307
28.000000 29.000000 300.000000 0.208307
27.000000 28.000000 300.000000 0.322663
28.000000 27.000000 300.000000 0.322663
28.000000 29.000000 300.000000 0.208307
29.000000 28.000000 300.000000 0.208307
40.000000 29.000000 300.000000 0.181357
29.000000 40.000000 300.000000 0.181357
39.000000 29.000000 300.000000 0.084373
29.000000 39.000000 300.000000 0.084373
30.000000 142.000000 300.000000 0.157273
31.000000 176.000000 300.000000 0.197717
50.000000 31.000000 300.000000 0.372120
31.000000 50.000000 300.000000 0.372120
32.000000 187.000000 300.000000 0.408860
169.000000 33.000000 300.000000 0.216063
33.000000 169.000000 300.000000 0.216063
34.000000 33.000000 300.000000 0.200263
33.000000 34.000000 300.000000 0.200263
187.000000 33.000000 300.000000 0.412943
33.000000 187.000000 300.000000 0.412943
83.000000 34.000000 300.000000 0.435623
34.000000 83.000000 300.000000 0.435623
35.000000 34.000000 300.000000 0.211093
34.000000 35.000000 300.000000 0.211093
33.000000 34.000000 300.000000 0.200263
34.000000 33.000000 300.000000 0.200263
36.000000 35.000000 300.000000 0.404977
35.000000 36.000000 300.000000 0.404977
34.000000 35.000000 300.000000 0.211093
35.000000 34.000000 300.000000 0.211093
86.000000 35.000000 300.000000 0.459990
35.000000 86.000000 300.000000 0.459990
89.000000 36.000000 300.000000 0.524513
36.000000 89.000000 300.000000 0.524513
37.000000 36.000000 300.000000 0.306450
36.000000 37.000000 300.000000 0.306450
35.000000 36.000000 300.000000 0.404977
36.000000 35.000000 300.000000 0.404977
43.000000 37.000000 300.000000 0.364373
37.000000 43.000000 300.000000 0.364373
38.000000 37.000000 300.000000 0.333793
37.000000 38.000000 300.000000 0.333793
36.000000 37.000000 300.000000 0.306450
37.000000 36.000000 300.000000 0.306450
84.000000 37.000000 300.000000 0.567097
37.000000 84.000000 300.000000 0.567097
9.000000 38.000000 300.000000 0.404867
38.000000 9.000000 300.000000 0.404867
37.000000 38.000000 300.000000 0.333793
38.000000 37.000000 300.000000 0.333793
42.000000 38.000000 300.000000 0.371280
38.000000 42.000000 300.000000 0.371280
71.000000 38.000000 300.000000 0.451140
38.000000 71.000000 300.000000 0.451140
29.000000 39.000000 300.000000 0.084373
39.000000 29.000000 300.000000 0.084373
204.000000 39.000000 300.000000 0.263690
39.000000 204.000000 300.000000 0.263690
56.000000 39.000000 300.000000 0.363450
39.000000 56.000000 300.000000 0.363450
81.000000 39.000000 300.000000 0.258490
39.000000 81.000000 300.000000 0.258490
40.000000 28.000000 300.000000 0.126737
41.000000 40.000000 300.000000 0.259010
40.000000 41.000000 300.000000 0.259010
29.000000 40.000000 300.000000 0.181357
40.000000 29.000000 300.000000 0.181357
8.000000 41.000000 300.000000 0.270957
41.000000 8.000000 300.000000 0.270957
40.000000 41.000000 300.000000 0.259010
41.000000 40.000000 300.000000 0.259010
54.000000 41.000000 300.000000 0.372313
41.000000 54.000000 300.000000 0.372313
155.000000 42.000000 300.000000 0.368897
42.000000 155.000000 300.000000 0.368897
38.000000 42.000000 300.000000 0.371280
42.000000 38.000000 300.000000 0.371280
8.000000 42.000000 300.000000 0.394380
42.000000 8.000000 300.000000 0.394380
43.000000 42.000000 300.000000 0.328373
42.000000 43.000000 300.000000 0.328373
157.000000 43.000000 300.000000 0.377887
43.000000 157.000000 300.000000 0.377887
37.000000 43.000000 300.000000 0.364373
43.000000 37.000000 300.000000 0.364373
158.000000 43.000000 300.000000 1.916170
43.000000 158.000000 300.000000 1.916170
42.000000 43.000000 300.000000 0.328373
43.000000 42.000000 300.000000 0.328373
44.000000 45.000000 300.000000 0.407747
44.000000 158.000000 300.000000 0.374303
45.000000 46.000000 300.000000 0.377860
45.000000 32.000000 300.000000 0.367013
46.000000 47.000000 300.000000 0.268557
94.000000 46.000000 300.000000 0.364767
46.000000 94.000000 300.000000 0.364767
47.000000 48.000000 300.000000 0.403423
48.000000 112.000000 300.000000 0.366567
48.000000 49.000000 300.000000 0.401833
49.000000 177.000000 300.000000 0.145123
111.000000 49.000000 300.000000 0.361737
49.000000 111.000000 300.000000 0.361737
31.000000 50.000000 300.000000 0.372120
50.000000 31.000000 300.000000 0.372120
93.000000 50.000000 300.000000 0.366967
50.000000 93.000000 300.000000 0.366967
50.000000 138.000000 300.000000 0.351167
51.000000 148.000000 300.000000 0.240883
53.000000 195.000000 300.000000 0.110510
53.000000 194.000000 300.000000 0.325233
82.000000 53.000000 300.000000 0.531360
53.000000 82.000000 300.000000 0.531360
55.000000 54.000000 300.000000 0.267273
54.000000 55.000000 300.000000 0.267273
7.000000 54.000000 300.000000 0.266090
54.000000 7.000000 300.000000 0.266090
68.000000 54.000000 300.000000 0.362493
54.000000 68.000000 300.000000 0.362493
41.000000 54.000000 300.000000 0.372313
54.000000 41.000000 300.000000 0.372313
56.000000 55.000000 300.000000 0.263657
55.000000 56.000000 300.000000 0.263657
54.000000 55.000000 300.000000 0.267273
55.000000 54.000000 300.000000 0.267273
55.000000 40.000000 300.000000 0.370120
57.000000 56.000000 300.000000 0.261377
56.000000 57.000000 300.000000 0.261377
55.000000 56.000000 300.000000 0.263657
56.000000 55.000000 300.000000 0.263657
77.000000 56.000000 300.000000 0.373240
56.000000 77.000000 300.000000 0.373240
39.000000 56.000000 300.000000 0.363450
56.000000 39.000000 300.000000 0.363450
58.000000 57.000000 300.000000 0.261103
57.000000 58.000000 300.000000 0.261103
56.000000 57.000000 300.000000 0.261377
57.000000 56.000000 300.000000 0.261377
78.000000 57.000000 300.000000 0.375283
57.000000 78.000000 300.000000 0.375283
204.000000 57.000000 300.000000 0.366880
57.000000 204.000000 300.000000 0.366880
57.000000 58.000000 300.000000 0.261103
58.000000 57.000000 300.000000 0.261103
19.000000 58.000000 300.000000 0.246700
58.000000 19.000000 300.000000 0.246700
199.000000 58.000000 300.000000 0.267193
58.000000 199.000000 300.000000 0.267193
162.000000 58.000000 300.000000 0.454687
58.000000 162.000000 300.000000 0.454687
60.000000 59.000000 300.000000 0.307580
59.000000 60.000000 300.000000 0.307580
106.000000 59.000000 300.000000 0.408593
59.000000 106.000000 300.000000 0.408593
108.000000 59.000000 300.000000 0.365423
59.000000 108.000000 300.000000 0.365423
109.000000 59.000000 300.000000 0.204213
59.000000 109.000000 300.000000 0.204213
168.000000 60.000000 300.000000 0.142717
60.000000 168.000000 300.000000 0.142717
60.000000 182.000000 300.000000 0.214660
59.000000 60.000000 300.000000 0.307580
60.000000 59.000000 300.000000 0.307580
61.000000 60.000000 300.000000 0.338407
60.000000 61.000000 300.000000 0.338407
128.000000 61.000000 300.000000 0.342977
61.000000 128.000000 300.000000 0.342977
3.000000 61.000000 300.000000 0.403920
61.000000 3.000000 300.000000 0.403920
60.000000 61.000000 300.000000 0.338407
61.000000 60.000000 300.000000 0.338407
164.000000 62.000000 300.000000 0.264943
62.000000 164.000000 300.000000 0.264943
62.000000 63.000000 300.000000 0.274937
62.000000 66.000000 300.000000 0.376313
63.000000 53.000000 300.000000 0.264253
82.000000 63.000000 300.000000 0.354960
63.000000 82.000000 300.000000 0.354960
127.000000 63.000000 300.000000 0.374343
63.000000 127.000000 300.000000 0.374343
77.000000 64.000000 300.000000 0.258430
64.000000 77.000000 300.000000 0.258430
68.000000 64.000000 300.000000 0.271037
64.000000 68.000000 300.000000 0.271037
64.000000 55.000000 300.000000 0.367920
65.000000 64.000000 300.000000 0.371080
73.000000 65.000000 300.000000 0.261293
65.000000 73.000000 300.000000 0.261293
67.000000 65.000000 300.000000 0.269900
65.000000 67.000000 300.000000 0.269900
66.000000 65.000000 300.000000 0.358580
66.000000 4.000000 300.000000 0.527483
68.000000 67.000000 300.000000 0.371443
67.000000 68.000000 300.000000 0.371443
65.000000 67.000000 300.000000 0.269900
67.000000 65.000000 300.000000 0.269900
5.000000 67.000000 300.000000 0.259997
67.000000 5.000000 300.000000 0.259997
54.000000 68.000000 300.000000 0.362493
68.000000 54.000000 300.000000 0.362493
67.000000 68.000000 300.000000 0.371443
68.000000 67.000000 300.000000 0.371443
64.000000 68.000000 300.000000 0.271037
68.000000 64.000000 300.000000 0.271037
6.000000 68.000000 300.000000 0.260090
68.000000 6.000000 300.000000 0.260090
128.000000 69.000000 300.000000 0.371487
69.000000 128.000000 300.000000 0.371487
70.000000 69.000000 300.000000 0.367577
69.000000 70.000000 300.000000 0.367577
72.000000 69.000000 300.000000 0.335633
69.000000 72.000000 300.000000 0.335633
5.000000 69.000000 300.000000 0.407213
69.000000 5.000000 300.000000 0.407213
6.000000 70.000000 300.000000 0.407980
70.000000 6.000000 300.000000 0.407980
76.000000 70.000000 300.000000 0.336810
70.000000 76.000000 300.000000 0.336810
69.000000 70.000000 300.000000 0.367577
70.000000 69.000000 300.000000 0.367577
155.000000 70.000000 300.000000 0.360443
70.000000 155.000000 300.000000 0.360443
25.000000 71.000000 300.000000 0.350690
71.000000 25.000000 300.000000 0.350690
38.000000 71.000000 300.000000 0.451140
71.000000 38.000000 300.000000 0.451140
166.000000 72.000000 300.000000 0.222683
72.000000 166.000000 300.000000 0.222683
85.000000 72.000000 300.000000 0.389503
72.000000 85.000000 300.000000 0.389503
69.000000 72.000000 300.000000 0.335633
72.000000 69.000000 300.000000 0.335633
127.000000 73.000000 300.000000 0.352347
73.000000 127.000000 300.000000 0.352347
77.000000 73.000000 300.000000 0.377787
73.000000 77.000000 300.000000 0.377787
74.000000 73.000000 300.000000 0.269230
73.000000 74.000000 300.000000 0.269230
65.000000 73.000000 300.000000 0.261293
73.000000 65.000000 300.000000 0.261293
75.000000 74.000000 300.000000 0.236423
74.000000 75.000000 300.000000 0.236423
73.000000 74.000000 300.000000 0.269230
74.000000 73.000000 300.000000 0.269230
126.000000 74.000000 300.000000 0.353727
74.000000 126.000000 300.000000 0.353727
78.000000 74.000000 300.000000 0.381150
74.000000 78.000000 300.000000 0.381150
79.000000 75.000000 300.000000 0.202383
75.000000 79.000000 300.000000 0.202383
161.000000 75.000000 300.000000 0.279957
75.000000 161.000000 300.000000 0.279957
74.000000 75.000000 300.000000 0.236423
75.000000 74.000000 300.000000 0.236423
70.000000 76.000000 300.000000 0.336810
76.000000 70.000000 300.000000 0.336810
156.000000 76.000000 300.000000 0.114910
76.000000 156.000000 300.000000 0.114910
166.000000 76.000000 300.000000 0.149893
76.000000 166.000000 300.000000 0.149893
157.000000 76.000000 300.000000 0.360893
76.000000 157.000000 300.000000 0.360893
78.000000 77.000000 300.000000 0.268007
77.000000 78.000000 300.000000 0.268007
64.000000 77.000000 300.000000 0.258430
77.000000 64.000000 300.000000 0.258430
73.000000 77.000000 300.000000 0.377787
77.000000 73.000000 300.000000 0.377787
56.000000 77.000000 300.000000 0.373240
77.000000 56.000000 300.000000 0.373240
77.000000 78.000000 300.000000 0.268007
78.000000 77.000000 300.000000 0.268007
74.000000 78.000000 300.000000 0.381150
78.000000 74.000000 300.000000 0.381150
57.000000 78.000000 300.000000 0.375283
78.000000 57.000000 300.000000 0.375283
161.000000 78.000000 300.000000 0.251873
78.000000 161.000000 300.000000 0.251873
75.000000 79.000000 300.000000 0.202383
79.000000 75.000000 300.000000 0.202383
163.000000 79.000000 300.000000 0.382270
79.000000 163.000000 300.000000 0.382270
202.000000 79.000000 300.000000 0.466067
79.000000 202.000000 300.000000 0.466067
163.000000 80.000000 300.000000 0.346340
80.000000 163.000000 300.000000 0.346340
1.000000 80.000000 300.000000 0.236907
80.000000 1.000000 300.000000 0.236907
199.000000 80.000000 300.000000 0.569320
80.000000 199.000000 300.000000 0.569320
81.000000 20.000000 300.000000 0.293860
39.000000 81.000000 300.000000 0.258490
81.000000 39.000000 300.000000 0.258490
63.000000 82.000000 300.000000 0.354960
82.000000 63.000000 300.000000 0.354960
18.000000 82.000000 300.000000 0.136697
82.000000 18.000000 300.000000 0.136697
53.000000 82.000000 300.000000 0.531360
82.000000 53.000000 300.000000 0.531360
34.000000 83.000000 300.000000 0.435623
83.000000 34.000000 300.000000 0.435623
83.000000 86.000000 300.000000 0.208683
37.000000 84.000000 300.000000 0.567097
84.000000 37.000000 300.000000 0.567097
128.000000 85.000000 300.000000 0.179207
85.000000 128.000000 300.000000 0.179207
72.000000 85.000000 300.000000 0.389503
85.000000 72.000000 300.000000 0.389503
108.000000 85.000000 300.000000 0.457247
85.000000 108.000000 300.000000 0.457247
86.000000 89.000000 300.000000 0.417300
35.000000 86.000000 300.000000 0.459990
86.000000 35.000000 300.000000 0.459990
87.000000 88.000000 300.000000 0.234370
169.000000 88.000000 300.000000 0.192957
88.000000 169.000000 300.000000 0.192957
88.000000 83.000000 300.000000 0.194573
36.000000 89.000000 300.000000 0.524513
89.000000 36.000000 300.000000 0.524513
89.000000 84.000000 300.000000 0.313507
91.000000 90.000000 300.000000 0.363520
90.000000 91.000000 300.000000 0.363520
16.000000 90.000000 300.000000 0.158637
90.000000 16.000000 300.000000 0.158637
90.000000 117.000000 300.000000 0.321730
90.000000 91.000000 300.000000 0.363520
91.000000 90.000000 300.000000 0.363520
91.000000 130.000000 300.000000 0.367800
203.000000 91.000000 300.000000 0.366363
91.000000 203.000000 300.000000 0.366363
93.000000 92.000000 300.000000 0.367383
92.000000 93.000000 300.000000 0.367383
203.000000 92.000000 300.000000 0.367587
92.000000 203.000000 300.000000 0.367587
114.000000 92.000000 300.000000 0.339607
92.000000 114.000000 300.000000 0.339607
118.000000 92.000000 300.000000 0.358127
92.000000 118.000000 300.000000 0.358127
50.000000 93.000000 300.000000 0.366967
93.000000 50.000000 300.000000 0.366967
92.000000 93.000000 300.000000 0.367383
93.000000 92.000000 300.000000 0.367383
140.000000 93.000000 300.000000 0.354607
93.000000 140.000000 300.000000 0.354607
111.000000 93.000000 300.000000 0.341783
93.000000 111.000000 300.000000 0.341783
46.000000 94.000000 300.000000 0.364767
94.000000 46.000000 300.000000 0.364767
94.000000 113.000000 300.000000 0.265730
94.000000 95.000000 300.000000 0.367467
95.000000 97.000000 300.000000 0.379593
96.000000 102.000000 300.000000 0.402983
96.000000 145.000000 300.000000 0.362070
97.000000 98.000000 300.000000 0.368823
97.000000 99.000000 300.000000 0.402973
98.000000 94.000000 300.000000 0.378260
98.000000 45.000000 300.000000 0.365730
99.000000 171.000000 300.000000 0.201037
100.000000 101.000000 300.000000 0.369590
108.000000 100.000000 300.000000 1.398270
100.000000 108.000000 300.000000 1.398270
101.000000 102.000000 300.000000 0.356573
101.000000 145.000000 300.000000 0.400770
102.000000 103.000000 300.000000 0.207123
102.000000 122.000000 300.000000 0.405830
103.000000 14.000000 300.000000 0.072240
110.000000 103.000000 300.000000 0.406787
103.000000 110.000000 300.000000 0.406787
12.000000 104.000000 300.000000 0.047633
104.000000 12.000000 300.000000 0.047633
106.000000 105.000000 300.000000 0.199027
105.000000 106.000000 300.000000 0.199027
12.000000 105.000000 300.000000 0.117950
105.000000 12.000000 300.000000 0.117950
109.000000 105.000000 300.000000 0.407000
105.000000 109.000000 300.000000 0.407000
110.000000 105.000000 300.000000 0.401387
105.000000 110.000000 300.000000 0.401387
105.000000 106.000000 300.000000 0.199027
106.000000 105.000000 300.000000 0.199027
59.000000 106.000000 300.000000 0.408593
106.000000 59.000000 300.000000 0.408593
107.000000 106.000000 300.000000 0.371557
106.000000 107.000000 300.000000 0.371557
107.000000 121.000000 300.000000 0.403297
106.000000 107.000000 300.000000 0.371557
107.000000 106.000000 300.000000 0.371557
108.000000 107.000000 300.000000 0.416570
107.000000 108.000000 300.000000 0.416570
59.000000 108.000000 300.000000 0.365423
108.000000 59.000000 300.000000 0.365423
107.000000 108.000000 300.000000 0.416570
108.000000 107.000000 300.000000 0.416570
100.000000 108.000000 300.000000 1.398270
108.000000 100.000000 300.000000 1.398270
85.000000 108.000000 300.000000 0.457247
108.000000 85.000000 300.000000 0.457247
182.000000 109.000000 300.000000 0.308540
109.000000 182.000000 300.000000 0.308540
105.000000 109.000000 300.000000 0.407000
109.000000 105.000000 300.000000 0.407000
11.000000 109.000000 300.000000 0.143093
109.000000 11.000000 300.000000 0.143093
59.000000 109.000000 300.000000 0.204213
109.000000 59.000000 300.000000 0.204213
105.000000 110.000000 300.000000 0.401387
110.000000 105.000000 300.000000 0.401387
13.000000 110.000000 300.000000 0.101793
110.000000 13.000000 300.000000 0.101793
122.000000 110.000000 300.000000 0.200830
110.000000 122.000000 300.000000 0.200830
103.000000 110.000000 300.000000 0.406787
110.000000 103.000000 300.000000 0.406787
114.000000 111.000000 300.000000 0.372623
111.000000 114.000000 300.000000 0.372623
93.000000 111.000000 300.000000 0.341783
111.000000 93.000000 300.000000 0.341783
49.000000 111.000000 300.000000 0.361737
111.000000 49.000000 300.000000 0.361737
112.000000 119.000000 300.000000 0.369000
112.000000 111.000000 300.000000 0.400917
113.000000 47.000000 300.000000 0.372277
113.000000 112.000000 300.000000 0.406380
115.000000 114.000000 300.000000 0.361493
114.000000 115.000000 300.000000 0.361493
111.000000 114.000000 300.000000 0.372623
114.000000 111.000000 300.000000 0.372623
92.000000 114.000000 300.000000 0.339607
114.000000 92.000000 300.000000 0.339607
114.000000 173.000000 300.000000 0.198310
175.000000 115.000000 300.000000 0.079957
115.000000 175.000000 300.000000 0.079957
114.000000 115.000000 300.000000 0.361493
115.000000 114.000000 300.000000 0.361493
203.000000 115.000000 300.000000 0.328440
115.000000 203.000000 300.000000 0.328440
117.000000 116.000000 300.000000 0.362823
116.000000 117.000000 300.000000 0.362823
175.000000 116.000000 300.000000 0.297303
116.000000 175.000000 300.000000 0.297303
116.000000 91.000000 300.000000 0.327703
15.000000 117.000000 300.000000 0.173800
117.000000 15.000000 300.000000 0.173800
116.000000 117.000000 300.000000 0.362823
117.000000 116.000000 300.000000 0.362823
117.000000 132.000000 300.000000 0.403320
92.000000 118.000000 300.000000 0.358127
118.000000 92.000000 300.000000 0.358127
196.000000 118.000000 300.000000 0.031523
118.000000 196.000000 300.000000 0.031523
140.000000 118.000000 300.000000 0.366973
118.000000 140.000000 300.000000 0.366973
119.000000 124.000000 300.000000 0.365577
119.000000 120.000000 300.000000 0.407990
120.000000 95.000000 300.000000 0.274510
120.000000 113.000000 300.000000 0.366297
122.000000 121.000000 300.000000 0.365527
121.000000 122.000000 300.000000 0.365527
121.000000 101.000000 300.000000 0.395867
110.000000 122.000000 300.000000 0.200830
122.000000 110.000000 300.000000 0.200830
121.000000 122.000000 300.000000 0.365527
122.000000 121.000000 300.000000 0.365527
122.000000 106.000000 300.000000 0.400333
123.000000 120.000000 300.000000 0.366433
123.000000 151.000000 300.000000 0.649920
123.000000 124.000000 300.000000 0.411223
124.000000 129.000000 300.000000 0.366033
124.000000 174.000000 300.000000 0.197640
125.000000 203.000000 300.000000 0.361580
160.000000 125.000000 300.000000 0.057090
125.000000 160.000000 300.000000 0.057090
126.000000 127.000000 300.000000 0.274843
74.000000 126.000000 300.000000 0.353727
126.000000 74.000000 300.000000 0.353727
73.000000 127.000000 300.000000 0.352347
127.000000 73.000000 300.000000 0.352347
127.000000 66.000000 300.000000 0.261317
63.000000 127.000000 300.000000 0.374343
127.000000 63.000000 300.000000 0.374343
85.000000 128.000000 300.000000 0.179207
128.000000 85.000000 300.000000 0.179207
61.000000 128.000000 300.000000 0.342977
128.000000 61.000000 300.000000 0.342977
69.000000 128.000000 300.000000 0.371487
128.000000 69.000000 300.000000 0.371487
129.000000 181.000000 300.000000 0.237950
129.000000 180.000000 300.000000 0.176697
130.000000 160.000000 300.000000 0.301217
131.000000 192.000000 300.000000 0.270510
131.000000 144.000000 300.000000 0.367903
132.000000 188.000000 300.000000 0.123370
132.000000 149.000000 300.000000 0.370420
133.000000 90.000000 300.000000 0.373303
133.000000 178.000000 300.000000 0.375040
133.000000 134.000000 300.000000 0.204173
136.000000 134.000000 300.000000 0.374117
134.000000 136.000000 300.000000 0.374117
134.000000 130.000000 300.000000 0.149247
135.000000 133.000000 300.000000 0.155683
135.000000 197.000000 300.000000 0.375717
136.000000 139.000000 300.000000 0.449593
134.000000 136.000000 300.000000 0.374117
136.000000 134.000000 300.000000 0.374117
140.000000 137.000000 300.000000 0.120227
137.000000 140.000000 300.000000 0.120227
138.000000 137.000000 300.000000 0.243137
137.000000 138.000000 300.000000 0.243137
142.000000 137.000000 300.000000 0.368773
137.000000 142.000000 300.000000 0.368773
137.000000 138.000000 300.000000 0.243137
138.000000 137.000000 300.000000 0.243137
138.000000 51.000000 300.000000 0.371637
141.000000 139.000000 300.000000 0.262277
139.000000 141.000000 300.000000 0.262277
139.000000 143.000000 300.000000 0.397203
118.000000 140.000000 300.000000 0.366973
140.000000 118.000000 300.000000 0.366973
137.000000 140.000000 300.000000 0.120227
140.000000 137.000000 300.000000 0.120227
93.000000 140.000000 300.000000 0.354607
140.000000 93.000000 300.000000 0.354607
139.000000 141.000000 300.000000 0.262277
141.000000 139.000000 300.000000 0.262277
142.000000 51.000000 300.000000 0.244267
137.000000 142.000000 300.000000 0.368773
142.000000 137.000000 300.000000 0.368773
143.000000 142.000000 300.000000 0.511883
196.000000 143.000000 300.000000 0.372207
143.000000 196.000000 300.000000 0.372207
144.000000 123.000000 300.000000 0.365110
144.000000 129.000000 300.000000 0.409023
145.000000 151.000000 300.000000 0.374980
146.000000 159.000000 300.000000 0.735630
149.000000 131.000000 300.000000 0.038697
150.000000 96.000000 300.000000 0.252723
150.000000 193.000000 300.000000 0.387277
151.000000 97.000000 300.000000 0.367710
151.000000 100.000000 300.000000 0.401987
152.000000 194.000000 300.000000 0.251967
152.000000 195.000000 300.000000 0.410770
10.000000 153.000000 300.000000 0.044947
153.000000 10.000000 300.000000 0.044947
23.000000 153.000000 300.000000 0.257987
153.000000 23.000000 300.000000 0.257987
26.000000 153.000000 300.000000 0.198633
153.000000 26.000000 300.000000 0.198633
157.000000 154.000000 300.000000 0.156753
154.000000 157.000000 300.000000 0.156753
7.000000 155.000000 300.000000 0.403200
155.000000 7.000000 300.000000 0.403200
157.000000 155.000000 300.000000 0.328253
155.000000 157.000000 300.000000 0.328253
70.000000 155.000000 300.000000 0.360443
155.000000 70.000000 300.000000 0.360443
42.000000 155.000000 300.000000 0.368897
155.000000 42.000000 300.000000 0.368897
76.000000 156.000000 300.000000 0.114910
156.000000 76.000000 300.000000 0.114910
155.000000 157.000000 300.000000 0.328253
157.000000 155.000000 300.000000 0.328253
154.000000 157.000000 300.000000 0.156753
157.000000 154.000000 300.000000 0.156753
43.000000 157.000000 300.000000 0.377887
157.000000 43.000000 300.000000 0.377887
76.000000 157.000000 300.000000 0.360893
157.000000 76.000000 300.000000 0.360893
158.000000 99.000000 300.000000 0.364037
158.000000 98.000000 300.000000 0.406780
43.000000 158.000000 300.000000 1.916170
158.000000 43.000000 300.000000 1.916170
159.000000 11.000000 300.000000 0.310393
160.000000 139.000000 300.000000 0.370730
125.000000 160.000000 300.000000 0.057090
160.000000 125.000000 300.000000 0.057090
75.000000 161.000000 300.000000 0.279957
161.000000 75.000000 300.000000 0.279957
78.000000 161.000000 300.000000 0.251873
161.000000 78.000000 300.000000 0.251873
162.000000 161.000000 300.000000 0.082147
161.000000 162.000000 300.000000 0.082147
58.000000 162.000000 300.000000 0.454687
162.000000 58.000000 300.000000 0.454687
161.000000 162.000000 300.000000 0.082147
162.000000 161.000000 300.000000 0.082147
163.000000 162.000000 300.000000 0.340420
162.000000 163.000000 300.000000 0.340420
79.000000 163.000000 300.000000 0.382270
163.000000 79.000000 300.000000 0.382270
80.000000 163.000000 300.000000 0.346340
163.000000 80.000000 300.000000 0.346340
162.000000 163.000000 300.000000 0.340420
163.000000 162.000000 300.000000 0.340420
62.000000 164.000000 300.000000 0.264943
164.000000 62.000000 300.000000 0.264943
3.000000 164.000000 300.000000 0.262467
164.000000 3.000000 300.000000 0.262467
165.000000 164.000000 300.000000 0.379430
164.000000 165.000000 300.000000 0.379430
165.000000 146.000000 300.000000 0.263513
164.000000 165.000000 300.000000 0.379430
165.000000 164.000000 300.000000 0.379430
72.000000 166.000000 300.000000 0.222683
166.000000 72.000000 300.000000 0.222683
76.000000 166.000000 300.000000 0.149893
166.000000 76.000000 300.000000 0.149893
167.000000 166.000000 300.000000 0.109490
166.000000 167.000000 300.000000 0.109490
166.000000 167.000000 300.000000 0.109490
167.000000 166.000000 300.000000 0.109490
60.000000 168.000000 300.000000 0.142717
168.000000 60.000000 300.000000 0.142717
33.000000 169.000000 300.000000 0.216063
169.000000 33.000000 300.000000 0.216063
88.000000 169.000000 300.000000 0.192957
169.000000 88.000000 300.000000 0.192957
170.000000 169.000000 300.000000 0.187773
169.000000 170.000000 300.000000 0.187773
169.000000 170.000000 300.000000 0.187773
170.000000 169.000000 300.000000 0.187773
172.000000 171.000000 300.000000 0.235523
171.000000 172.000000 300.000000 0.235523
171.000000 100.000000 300.000000 0.165217
171.000000 172.000000 300.000000 0.235523
172.000000 171.000000 300.000000 0.235523
173.000000 119.000000 300.000000 0.194873
174.000000 173.000000 300.000000 0.356543
173.000000 174.000000 300.000000 0.356543
173.000000 174.000000 300.000000 0.356543
174.000000 173.000000 300.000000 0.356543
174.000000 115.000000 300.000000 0.204890
116.000000 175.000000 300.000000 0.297303
175.000000 116.000000 300.000000 0.297303
115.000000 175.000000 300.000000 0.079957
175.000000 115.000000 300.000000 0.079957
180.000000 175.000000 300.000000 0.369483
175.000000 180.000000 300.000000 0.369483
177.000000 176.000000 300.000000 0.372203
176.000000 177.000000 300.000000 0.372203
176.000000 177.000000 300.000000 0.372203
177.000000 176.000000 300.000000 0.372203
177.000000 50.000000 300.000000 0.201933
178.000000 136.000000 300.000000 0.203140
179.000000 198.000000 300.000000 0.135670
181.000000 180.000000 300.000000 0.293520
180.000000 181.000000 300.000000 0.293520
175.000000 180.000000 300.000000 0.369483
180.000000 175.000000 300.000000 0.369483
180.000000 116.000000 300.000000 0.222207
180.000000 181.000000 300.000000 0.293520
181.000000 180.000000 300.000000 0.293520
181.000000 132.000000 300.000000 0.127373
183.000000 182.000000 300.000000 0.356193
182.000000 183.000000 300.000000 0.356193
109.000000 182.000000 300.000000 0.308540
182.000000 109.000000 300.000000 0.308540
182.000000 159.000000 300.000000 0.160123
182.000000 183.000000 300.000000 0.356193
183.000000 182.000000 300.000000 0.356193
184.000000 200.000000 300.000000 0.022693
184.000000 147.000000 300.000000 0.032997
185.000000 202.000000 300.000000 0.673540
187.000000 44.000000 300.000000 0.370760
33.000000 187.000000 300.000000 0.412943
187.000000 33.000000 300.000000 0.412943
188.000000 189.000000 300.000000 0.081790
188.000000 191.000000 300.000000 0.092740
189.000000 191.000000 300.000000 0.085957
189.000000 190.000000 300.000000 0.053497
191.000000 15.000000 300.000000 0.349183
192.000000 193.000000 300.000000 0.241513
192.000000 96.000000 300.000000 0.382083
193.000000 189.000000 300.000000 0.650313
195.000000 126.000000 300.000000 0.243740
118.000000 196.000000 300.000000 0.031523
196.000000 118.000000 300.000000 0.031523
143.000000 196.000000 300.000000 0.372207
196.000000 143.000000 300.000000 0.372207
196.000000 125.000000 300.000000 0.341603
197.000000 178.000000 300.000000 0.156413
198.000000 199.000000 300.000000 0.052937
198.000000 2.000000 300.000000 0.082350
199.000000 2.000000 300.000000 0.063367
58.000000 199.000000 300.000000 0.267193
199.000000 58.000000 300.000000 0.267193
80.000000 199.000000 300.000000 0.569320
199.000000 80.000000 300.000000 0.569320
200.000000 201.000000 300.000000 0.022620
200.000000 185.000000 300.000000 0.561553
201.000000 80.000000 300.000000 0.387523
201.000000 185.000000 300.000000 0.563890
202.000000 152.000000 300.000000 0.009770
79.000000 202.000000 300.000000 0.466067
202.000000 79.000000 300.000000 0.466067
92.000000 203.000000 300.000000 0.367587
203.000000 92.000000 300.000000 0.367587
115.000000 203.000000 300.000000 0.328440
203.000000 115.000000 300.000000 0.328440
91.000000 203.000000 300.000000 0.366363
203.000000 91.000000 300.000000 0.366363
57.000000 204.000000 300.000000 0.366880
204.000000 57.000000 300.000000 0.366880
20.000000 204.000000 300.000000 0.078870
204.000000 20.000000 300.000000 0.078870
39.000000 204.000000 300.000000 0.263690
204.000000 39.000000 300.000000 0.263690
