82.000000 0.000000 300.000000 0.296450
0.000000 82.000000 300.000000 0.296450
63.000000 0.000000 300.000000 0.402990
0.000000 63.000000 300.000000 0.402990
78.000000 0.000000 300.000000 0.334337
0.000000 78.000000 300.000000 0.334337
116.000000 1.000000 300.000000 0.263223
1.000000 116.000000 300.000000 0.263223
121.000000 1.000000 300.000000 0.414780
1.000000 121.000000 300.000000 0.414780
86.000000 1.000000 300.000000 0.789530
1.000000 86.000000 300.000000 0.789530
2.000000 22.000000 300.000000 0.620110
2.000000 107.000000 300.000000 0.256823
3.000000 25.000000 300.000000 0.602430
3.000000 146.000000 300.000000 0.132260
4.000000 176.000000 300.000000 0.008603
5.000000 143.000000 300.000000 0.386950
5.000000 83.000000 300.000000 0.032237
16.000000 6.000000 300.000000 0.283427
6.000000 16.000000 300.000000 0.283427
69.000000 6.000000 300.000000 0.040400
6.000000 69.000000 300.000000 0.040400
6.000000 145.000000 300.000000 0.404867
7.000000 54.000000 300.000000 0.640407
10.000000 7.000000 300.000000 0.697993
7.000000 10.000000 300.000000 0.697993
8.000000 7.000000 300.000000 0.268170
7.000000 8.000000 300.000000 0.268170
9.000000 8.000000 300.000000 0.259677
8.000000 9.000000 300.000000 0.259677
76.000000 8.000000 300.000000 0.658640
8.000000 76.000000 300.000000 0.658640
7.000000 8.000000 300.000000 0.268170
8.000000 7.000000 300.000000 0.268170
73.000000 9.000000 300.000000 0.857893
9.000000 73.000000 300.000000 0.857893
13.000000 9.000000 300.000000 0.267893
9.000000 13.000000 300.000000 0.267893
8.000000 9.000000 300.000000 0.259677
9.000000 8.000000 300.000000 0.259677
55.000000 9.000000 300.000000 0.627033
9.000000 55.000000 300.000000 0.627033
11.000000 10.000000 300.000000 0.259357
10.000000 11.000000 300.000000 0.259357
42.000000 10.000000 300.000000 0.532170
10.000000 42.000000 300.000000 0.532170
7.000000 10.000000 300.000000 0.697993
10.000000 7.000000 300.000000 0.697993
10.000000 11.000000 300.000000 0.259357
11.000000 10.000000 300.000000 0.259357
43.000000 11.000000 300.000000 0.619020
11.000000 43.000000 300.000000 0.619020
12.000000 11.000000 300.000000 0.243597
11.000000 12.000000 300.000000 0.243597
12.000000 178.000000 300.000000 0.300787
11.000000 12.000000 300.000000 0.243597
12.000000 11.000000 300.000000 0.243597
9.000000 13.000000 300.000000 0.267893
13.000000 9.000000 300.000000 0.267893
48.000000 13.000000 300.000000 0.632923
13.000000 48.000000 300.000000 0.632923
115.000000 13.000000 300.000000 0.836060
13.000000 115.000000 300.000000 0.836060
61.000000 13.000000 300.000000 0.613347
13.000000 61.000000 300.000000 0.613347
130.000000 14.000000 300.000000 0.166920
14.000000 130.000000 300.000000 0.166920
15.000000 14.000000 300.000000 0.549533
14.000000 15.000000 300.000000 0.549533
18.000000 14.000000 300.000000 0.301880
14.000000 18.000000 300.000000 0.301880
20.000000 15.000000 300.000000 0.310193
15.000000 20.000000 300.000000 0.310193
62.000000 15.000000 300.000000 0.275420
15.000000 62.000000 300.000000 0.275420
14.000000 15.000000 300.000000 0.549533
15.000000 14.000000 300.000000 0.549533
79.000000 15.000000 300.000000 0.363150
15.000000 79.000000 300.000000 0.363150
6.000000 16.000000 300.000000 0.283427
16.000000 6.000000 300.000000 0.283427
20.000000 16.000000 300.000000 0.308577
16.000000 20.000000 300.000000 0.308577
141.000000 16.000000 300.000000 0.556367
16.000000 141.000000 300.000000 0.556367
17.000000 16.000000 300.000000 0.550003
16.000000 17.000000 300.000000 0.550003
129.000000 17.000000 300.000000 0.079890
17.000000 129.000000 300.000000 0.079890
16.000000 17.000000 300.000000 0.550003
17.000000 16.000000 300.000000 0.550003
151.000000 18.000000 300.000000 0.152953
18.000000 151.000000 300.000000 0.152953
52.000000 18.000000 300.000000 0.493127
18.000000 52.000000 300.000000 0.493127
14.000000 18.000000 300.000000 0.301880
18.000000 14.000000 300.000000 0.301880
51.000000 19.000000 300.000000 0.023713
19.000000 51.000000 300.000000 0.023713
130.000000 19.000000 300.000000 0.139540
19.000000 130.000000 300.000000 0.139540
20.000000 19.000000 300.000000 0.547400
19.000000 20.000000 300.000000 0.547400
21.000000 20.000000 300.000000 0.563360
20.000000 21.000000 300.000000 0.563360
19.000000 20.000000 300.000000 0.547400
20.000000 19.000000 300.000000 0.547400
16.000000 20.000000 300.000000 0.308577
20.000000 16.000000 300.000000 0.308577
15.000000 20.000000 300.000000 0.310193
20.000000 15.000000 300.000000 0.310193
37.000000 21.000000 300.000000 0.101390
21.000000 37.000000 300.000000 0.101390
20.000000 21.000000 300.000000 0.563360
21.000000 20.000000 300.000000 0.563360
141.000000 21.000000 300.000000 0.309060
21.000000 141.000000 300.000000 0.309060
21.000000 142.000000 300.000000 0.102330
22.000000 122.000000 300.000000 0.252960
24.000000 23.000000 300.000000 0.305177
23.000000 24.000000 300.000000 0.305177
39.000000 23.000000 300.000000 0.315050
23.000000 39.000000 300.000000 0.315050
23.000000 28.000000 300.000000 0.472053
23.000000 24.000000 300.000000 0.305177
24.000000 23.000000 300.000000 0.305177
24.000000 57.000000 300.000000 0.443277
25.000000 123.000000 300.000000 0.253490
28.000000 26.000000 300.000000 0.306427
26.000000 28.000000 300.000000 0.306427
26.000000 101.000000 300.000000 0.137763
27.000000 56.000000 300.000000 0.290470
38.000000 27.000000 300.000000 0.449687
27.000000 38.000000 300.000000 0.449687
26.000000 28.000000 300.000000 0.306427
28.000000 26.000000 300.000000 0.306427
40.000000 28.000000 300.000000 0.314603
28.000000 40.000000 300.000000 0.314603
28.000000 111.000000 300.000000 0.453833
40.000000 29.000000 300.000000 0.281027
29.000000 40.000000 300.000000 0.281027
38.000000 29.000000 300.000000 0.485487
29.000000 38.000000 300.000000 0.485487
177.000000 29.000000 300.000000 0.235443
29.000000 177.000000 300.000000 0.235443
30.000000 32.000000 300.000000 0.382870
33.000000 31.000000 300.000000 0.262777
31.000000 33.000000 300.000000 0.262777
98.000000 31.000000 300.000000 0.383243
31.000000 98.000000 300.000000 0.383243
32.000000 31.000000 300.000000 0.286370
31.000000 32.000000 300.000000 0.286370
31.000000 32.000000 300.000000 0.286370
32.000000 31.000000 300.000000 0.286370
32.000000 34.000000 300.000000 0.257370
91.000000 33.000000 300.000000 0.298077
33.000000 91.000000 300.000000 0.298077
31.000000 33.000000 300.000000 0.262777
33.000000 31.000000 300.000000 0.262777
34.000000 33.000000 300.000000 0.303103
33.000000 34.000000 300.000000 0.303103
89.000000 33.000000 300.000000 0.345423
33.000000 89.000000 300.000000 0.345423
33.000000 34.000000 300.000000 0.303103
34.000000 33.000000 300.000000 0.303103
34.000000 44.000000 300.000000 0.303907
38.000000 35.000000 300.000000 0.265177
35.000000 38.000000 300.000000 0.265177
35.000000 166.000000 300.000000 0.094310
36.000000 37.000000 300.000000 0.405333
152.000000 36.000000 300.000000 0.037470
36.000000 152.000000 300.000000 0.037470
141.000000 36.000000 300.000000 0.378403
36.000000 141.000000 300.000000 0.378403
21.000000 37.000000 300.000000 0.101390
37.000000 21.000000 300.000000 0.101390
37.000000 142.000000 300.000000 0.145120
39.000000 38.000000 300.000000 0.288647
38.000000 39.000000 300.000000 0.288647
35.000000 38.000000 300.000000 0.265177
38.000000 35.000000 300.000000 0.265177
29.000000 38.000000 300.000000 0.485487
38.000000 29.000000 300.000000 0.485487
27.000000 38.000000 300.000000 0.449687
38.000000 27.000000 300.000000 0.449687
23.000000 39.000000 300.000000 0.315050
39.000000 23.000000 300.000000 0.315050
38.000000 39.000000 300.000000 0.288647
39.000000 38.000000 300.000000 0.288647
40.000000 39.000000 300.000000 0.474733
39.000000 40.000000 300.000000 0.474733
39.000000 56.000000 300.000000 0.455057
28.000000 40.000000 300.000000 0.314603
40.000000 28.000000 300.000000 0.314603
29.000000 40.000000 300.000000 0.281027
40.000000 29.000000 300.000000 0.281027
39.000000 40.000000 300.000000 0.474733
40.000000 39.000000 300.000000 0.474733
110.000000 40.000000 300.000000 0.465720
40.000000 110.000000 300.000000 0.465720
41.000000 43.000000 300.000000 0.277327
41.000000 50.000000 300.000000 0.645907
10.000000 42.000000 300.000000 0.532170
42.000000 10.000000 300.000000 0.532170
42.000000 7.000000 300.000000 0.273523
53.000000 42.000000 300.000000 0.631920
42.000000 53.000000 300.000000 0.631920
47.000000 43.000000 300.000000 0.636700
43.000000 47.000000 300.000000 0.636700
43.000000 42.000000 300.000000 0.272400
11.000000 43.000000 300.000000 0.619020
43.000000 11.000000 300.000000 0.619020
44.000000 170.000000 300.000000 0.219653
91.000000 44.000000 300.000000 0.324657
44.000000 91.000000 300.000000 0.324657
45.000000 60.000000 300.000000 0.451743
46.000000 23.000000 300.000000 0.454633
46.000000 57.000000 300.000000 0.305767
43.000000 47.000000 300.000000 0.636700
47.000000 43.000000 300.000000 0.636700
47.000000 71.000000 300.000000 0.155087
48.000000 152.000000 300.000000 0.124140
13.000000 48.000000 300.000000 0.632923
48.000000 13.000000 300.000000 0.632923
49.000000 8.000000 300.000000 0.630580
49.000000 55.000000 300.000000 0.253787
50.000000 88.000000 300.000000 0.033287
50.000000 47.000000 300.000000 0.304237
168.000000 51.000000 300.000000 0.038740
51.000000 168.000000 300.000000 0.038740
19.000000 51.000000 300.000000 0.023713
51.000000 19.000000 300.000000 0.023713
18.000000 52.000000 300.000000 0.493127
52.000000 18.000000 300.000000 0.493127
52.000000 88.000000 300.000000 0.407707
53.000000 54.000000 300.000000 0.275457
42.000000 53.000000 300.000000 0.631920
53.000000 42.000000 300.000000 0.631920
54.000000 174.000000 300.000000 0.076737
55.000000 48.000000 300.000000 0.266007
9.000000 55.000000 300.000000 0.627033
55.000000 9.000000 300.000000 0.627033
56.000000 100.000000 300.000000 0.168983
57.000000 72.000000 300.000000 0.042857
57.000000 4.000000 300.000000 0.580367
58.000000 25.000000 300.000000 0.069207
59.000000 45.000000 300.000000 0.231103
59.000000 97.000000 300.000000 0.096113
60.000000 136.000000 300.000000 0.251690
60.000000 144.000000 300.000000 0.276720
136.000000 61.000000 300.000000 0.270053
61.000000 136.000000 300.000000 0.270053
74.000000 61.000000 300.000000 0.652763
61.000000 74.000000 300.000000 0.652763
13.000000 61.000000 300.000000 0.613347
61.000000 13.000000 300.000000 0.613347
15.000000 62.000000 300.000000 0.275420
62.000000 15.000000 300.000000 0.275420
71.000000 62.000000 300.000000 0.036910
62.000000 71.000000 300.000000 0.036910
62.000000 52.000000 300.000000 0.068123
0.000000 63.000000 300.000000 0.402990
63.000000 0.000000 300.000000 0.402990
74.000000 63.000000 300.000000 0.041763
63.000000 74.000000 300.000000 0.041763
63.000000 169.000000 300.000000 0.263357
64.000000 85.000000 300.000000 0.311680
64.000000 107.000000 300.000000 0.041477
68.000000 65.000000 300.000000 0.042773
65.000000 68.000000 300.000000 0.042773
65.000000 147.000000 300.000000 0.130923
66.000000 148.000000 300.000000 0.044203
82.000000 67.000000 300.000000 0.281483
67.000000 82.000000 300.000000 0.281483
65.000000 68.000000 300.000000 0.042773
68.000000 65.000000 300.000000 0.042773
68.000000 2.000000 300.000000 0.266647
6.000000 69.000000 300.000000 0.040400
69.000000 6.000000 300.000000 0.040400
69.000000 3.000000 300.000000 0.122737
171.000000 70.000000 300.000000 0.074140
70.000000 171.000000 300.000000 0.074140
78.000000 70.000000 300.000000 0.607727
70.000000 78.000000 300.000000 0.607727
62.000000 71.000000 300.000000 0.036910
71.000000 62.000000 300.000000 0.036910
71.000000 53.000000 300.000000 0.122393
72.000000 81.000000 300.000000 0.664250
72.000000 133.000000 300.000000 0.259693
9.000000 73.000000 300.000000 0.857893
73.000000 9.000000 300.000000 0.857893
73.000000 158.000000 300.000000 0.629500
63.000000 74.000000 300.000000 0.041763
74.000000 63.000000 300.000000 0.041763
61.000000 74.000000 300.000000 0.652763
74.000000 61.000000 300.000000 0.652763
74.000000 114.000000 300.000000 0.691213
75.000000 60.000000 300.000000 0.040673
75.000000 66.000000 300.000000 0.617250
8.000000 76.000000 300.000000 0.658640
76.000000 8.000000 300.000000 0.658640
77.000000 175.000000 300.000000 0.019747
70.000000 78.000000 300.000000 0.607727
78.000000 70.000000 300.000000 0.607727
0.000000 78.000000 300.000000 0.334337
78.000000 0.000000 300.000000 0.334337
174.000000 79.000000 300.000000 0.035230
79.000000 174.000000 300.000000 0.035230
79.000000 62.000000 300.000000 0.453537
15.000000 79.000000 300.000000 0.363150
79.000000 15.000000 300.000000 0.363150
80.000000 67.000000 300.000000 0.646440
135.000000 81.000000 300.000000 0.251017
81.000000 135.000000 300.000000 0.251017
81.000000 75.000000 300.000000 0.576490
0.000000 82.000000 300.000000 0.296450
82.000000 0.000000 300.000000 0.296450
67.000000 82.000000 300.000000 0.281483
82.000000 67.000000 300.000000 0.281483
83.000000 138.000000 300.000000 0.261253
83.000000 80.000000 300.000000 0.037590
84.000000 45.000000 300.000000 0.140670
84.000000 66.000000 300.000000 0.063657
85.000000 125.000000 300.000000 0.149723
85.000000 65.000000 300.000000 0.225797
86.000000 117.000000 300.000000 0.264073
1.000000 86.000000 300.000000 0.789530
86.000000 1.000000 300.000000 0.789530
88.000000 151.000000 300.000000 0.182463
33.000000 89.000000 300.000000 0.345423
89.000000 33.000000 300.000000 0.345423
135.000000 89.000000 300.000000 0.264397
89.000000 135.000000 300.000000 0.264397
89.000000 105.000000 300.000000 0.663557
90.000000 12.000000 300.000000 0.630540
95.000000 91.000000 300.000000 0.356660
91.000000 95.000000 300.000000 0.356660
33.000000 91.000000 300.000000 0.298077
91.000000 33.000000 300.000000 0.298077
44.000000 91.000000 300.000000 0.324657
91.000000 44.000000 300.000000 0.324657
92.000000 89.000000 300.000000 0.657460
92.000000 98.000000 300.000000 0.379140
93.000000 30.000000 300.000000 0.100250
93.000000 27.000000 300.000000 0.249963
94.000000 119.000000 300.000000 0.170483
94.000000 14.000000 300.000000 0.627473
91.000000 95.000000 300.000000 0.356660
95.000000 91.000000 300.000000 0.356660
95.000000 105.000000 300.000000 0.302377
171.000000 96.000000 300.000000 0.502647
96.000000 171.000000 300.000000 0.502647
96.000000 63.000000 300.000000 0.710443
97.000000 84.000000 300.000000 0.017790
31.000000 98.000000 300.000000 0.383243
98.000000 31.000000 300.000000 0.383243
98.000000 30.000000 300.000000 0.268687
99.000000 46.000000 300.000000 0.039963
99.000000 92.000000 300.000000 0.215197
100.000000 46.000000 300.000000 0.146957
101.000000 102.000000 300.000000 0.261683
103.000000 101.000000 300.000000 0.589573
101.000000 103.000000 300.000000 0.589573
104.000000 102.000000 300.000000 0.583120
102.000000 104.000000 300.000000 0.583120
102.000000 24.000000 300.000000 0.076553
145.000000 103.000000 300.000000 0.043487
103.000000 145.000000 300.000000 0.043487
103.000000 124.000000 300.000000 0.262207
101.000000 103.000000 300.000000 0.589573
103.000000 101.000000 300.000000 0.589573
102.000000 104.000000 300.000000 0.583120
104.000000 102.000000 300.000000 0.583120
104.000000 103.000000 300.000000 0.260620
105.000000 137.000000 300.000000 0.247960
106.000000 109.000000 300.000000 0.329690
107.000000 87.000000 300.000000 0.042740
107.000000 108.000000 300.000000 0.658160
108.000000 22.000000 300.000000 0.078143
108.000000 106.000000 300.000000 0.318770
110.000000 109.000000 300.000000 0.302393
109.000000 110.000000 300.000000 0.302393
109.000000 149.000000 300.000000 1.001077
110.000000 111.000000 300.000000 0.305210
109.000000 110.000000 300.000000 0.302393
110.000000 109.000000 300.000000 0.302393
150.000000 110.000000 300.000000 0.151350
110.000000 150.000000 300.000000 0.151350
40.000000 110.000000 300.000000 0.465720
110.000000 40.000000 300.000000 0.465720
111.000000 58.000000 300.000000 0.309663
111.000000 106.000000 300.000000 0.423450
112.000000 165.000000 300.000000 0.289297
112.000000 90.000000 300.000000 0.055317
113.000000 160.000000 300.000000 0.090233
163.000000 113.000000 300.000000 0.730060
113.000000 163.000000 300.000000 0.730060
114.000000 155.000000 300.000000 0.114803
114.000000 154.000000 300.000000 0.048737
115.000000 73.000000 300.000000 0.264240
13.000000 115.000000 300.000000 0.836060
115.000000 13.000000 300.000000 0.836060
1.000000 116.000000 300.000000 0.263223
116.000000 1.000000 300.000000 0.263223
117.000000 116.000000 300.000000 0.775253
116.000000 117.000000 300.000000 0.775253
117.000000 156.000000 300.000000 0.138223
116.000000 117.000000 300.000000 0.775253
117.000000 116.000000 300.000000 0.775253
118.000000 94.000000 300.000000 0.069870
119.000000 131.000000 300.000000 0.164540
130.000000 119.000000 300.000000 0.577897
119.000000 130.000000 300.000000 0.577897
120.000000 118.000000 300.000000 0.647153
161.000000 121.000000 300.000000 0.105017
121.000000 161.000000 300.000000 0.105017
1.000000 121.000000 300.000000 0.414780
121.000000 1.000000 300.000000 0.414780
122.000000 68.000000 300.000000 0.609467
122.000000 58.000000 300.000000 0.200530
124.000000 123.000000 300.000000 0.602133
123.000000 124.000000 300.000000 0.602133
123.000000 26.000000 300.000000 0.123230
123.000000 124.000000 300.000000 0.602133
124.000000 123.000000 300.000000 0.602133
124.000000 69.000000 300.000000 0.140970
126.000000 125.000000 300.000000 0.368057
125.000000 126.000000 300.000000 0.368057
125.000000 17.000000 300.000000 0.127000
125.000000 126.000000 300.000000 0.368057
126.000000 125.000000 300.000000 0.368057
126.000000 64.000000 300.000000 0.162933
127.000000 126.000000 300.000000 0.151940
128.000000 127.000000 300.000000 0.167113
127.000000 128.000000 300.000000 0.167113
129.000000 128.000000 300.000000 0.303593
128.000000 129.000000 300.000000 0.303593
127.000000 128.000000 300.000000 0.167113
128.000000 127.000000 300.000000 0.167113
173.000000 128.000000 300.000000 0.188090
128.000000 173.000000 300.000000 0.188090
17.000000 129.000000 300.000000 0.079890
129.000000 17.000000 300.000000 0.079890
168.000000 129.000000 300.000000 0.177930
129.000000 168.000000 300.000000 0.177930
128.000000 129.000000 300.000000 0.303593
129.000000 128.000000 300.000000 0.303593
19.000000 130.000000 300.000000 0.139540
130.000000 19.000000 300.000000 0.139540
14.000000 130.000000 300.000000 0.166920
130.000000 14.000000 300.000000 0.166920
119.000000 130.000000 300.000000 0.577897
130.000000 119.000000 300.000000 0.577897
131.000000 127.000000 300.000000 0.166837
173.000000 131.000000 300.000000 0.276887
131.000000 173.000000 300.000000 0.276887
173.000000 132.000000 300.000000 0.040737
132.000000 173.000000 300.000000 0.040737
132.000000 51.000000 300.000000 0.214000
133.000000 99.000000 300.000000 0.045357
136.000000 134.000000 300.000000 0.466087
134.000000 136.000000 300.000000 0.466087
89.000000 135.000000 300.000000 0.264397
135.000000 89.000000 300.000000 0.264397
137.000000 135.000000 300.000000 0.670367
135.000000 137.000000 300.000000 0.670367
135.000000 133.000000 300.000000 0.662413
81.000000 135.000000 300.000000 0.251017
135.000000 81.000000 300.000000 0.251017
138.000000 136.000000 300.000000 0.668247
136.000000 138.000000 300.000000 0.668247
61.000000 136.000000 300.000000 0.270053
136.000000 61.000000 300.000000 0.270053
134.000000 136.000000 300.000000 0.466087
136.000000 134.000000 300.000000 0.466087
135.000000 137.000000 300.000000 0.670367
137.000000 135.000000 300.000000 0.670367
137.000000 167.000000 300.000000 0.314117
169.000000 138.000000 300.000000 0.036667
138.000000 169.000000 300.000000 0.036667
136.000000 138.000000 300.000000 0.668247
138.000000 136.000000 300.000000 0.668247
138.000000 74.000000 300.000000 0.263047
139.000000 41.000000 300.000000 0.282660
141.000000 140.000000 300.000000 0.313810
140.000000 141.000000 300.000000 0.313810
140.000000 77.000000 300.000000 0.614603
140.000000 141.000000 300.000000 0.313810
141.000000 140.000000 300.000000 0.313810
21.000000 141.000000 300.000000 0.309060
141.000000 21.000000 300.000000 0.309060
16.000000 141.000000 300.000000 0.556367
141.000000 16.000000 300.000000 0.556367
36.000000 141.000000 300.000000 0.378403
141.000000 36.000000 300.000000 0.378403
142.000000 79.000000 300.000000 0.288140
144.000000 143.000000 300.000000 0.037517
143.000000 144.000000 300.000000 0.037517
143.000000 75.000000 300.000000 0.277253
143.000000 144.000000 300.000000 0.037517
144.000000 143.000000 300.000000 0.037517
144.000000 83.000000 300.000000 0.387317
145.000000 140.000000 300.000000 0.157630
103.000000 145.000000 300.000000 0.043487
145.000000 103.000000 300.000000 0.043487
147.000000 146.000000 300.000000 0.042543
146.000000 147.000000 300.000000 0.042543
146.000000 68.000000 300.000000 0.129367
146.000000 147.000000 300.000000 0.042543
147.000000 146.000000 300.000000 0.042543
147.000000 6.000000 300.000000 0.252170
148.000000 72.000000 300.000000 0.572760
148.000000 4.000000 300.000000 0.040457
149.000000 35.000000 300.000000 0.507453
110.000000 150.000000 300.000000 0.151350
150.000000 110.000000 300.000000 0.151350
18.000000 151.000000 300.000000 0.152953
151.000000 18.000000 300.000000 0.152953
151.000000 120.000000 300.000000 0.353100
152.000000 59.000000 300.000000 0.385577
36.000000 152.000000 300.000000 0.037470
152.000000 36.000000 300.000000 0.037470
153.000000 5.000000 300.000000 0.200117
154.000000 96.000000 300.000000 0.015493
155.000000 115.000000 300.000000 0.136930
156.000000 154.000000 300.000000 0.110213
156.000000 155.000000 300.000000 0.047913
157.000000 162.000000 300.000000 0.102540
158.000000 159.000000 300.000000 0.075867
158.000000 157.000000 300.000000 0.048867
159.000000 90.000000 300.000000 0.628843
160.000000 157.000000 300.000000 0.077477
160.000000 159.000000 300.000000 0.051167
121.000000 161.000000 300.000000 0.105017
161.000000 121.000000 300.000000 0.105017
162.000000 161.000000 300.000000 0.760547
161.000000 162.000000 300.000000 0.760547
163.000000 161.000000 300.000000 0.261673
161.000000 163.000000 300.000000 0.261673
161.000000 162.000000 300.000000 0.760547
162.000000 161.000000 300.000000 0.760547
162.000000 86.000000 300.000000 0.516400
113.000000 163.000000 300.000000 0.730060
163.000000 113.000000 300.000000 0.730060
164.000000 163.000000 300.000000 0.265310
163.000000 164.000000 300.000000 0.265310
161.000000 163.000000 300.000000 0.261673
163.000000 161.000000 300.000000 0.261673
165.000000 164.000000 300.000000 0.694923
164.000000 165.000000 300.000000 0.694923
163.000000 164.000000 300.000000 0.265310
164.000000 163.000000 300.000000 0.265310
165.000000 113.000000 300.000000 0.260657
164.000000 165.000000 300.000000 0.694923
165.000000 164.000000 300.000000 0.694923
166.000000 93.000000 300.000000 0.331433
167.000000 153.000000 300.000000 0.332073
129.000000 168.000000 300.000000 0.177930
168.000000 129.000000 300.000000 0.177930
51.000000 168.000000 300.000000 0.038740
168.000000 51.000000 300.000000 0.038740
168.000000 132.000000 300.000000 0.215583
138.000000 169.000000 300.000000 0.036667
169.000000 138.000000 300.000000 0.036667
169.000000 80.000000 300.000000 0.262097
170.000000 95.000000 300.000000 0.410960
96.000000 171.000000 300.000000 0.502647
171.000000 96.000000 300.000000 0.502647
70.000000 171.000000 300.000000 0.074140
171.000000 70.000000 300.000000 0.074140
132.000000 173.000000 300.000000 0.040737
173.000000 132.000000 300.000000 0.040737
131.000000 173.000000 300.000000 0.276887
173.000000 131.000000 300.000000 0.276887
128.000000 173.000000 300.000000 0.188090
173.000000 128.000000 300.000000 0.188090
174.000000 49.000000 300.000000 0.187293
79.000000 174.000000 300.000000 0.035230
174.000000 79.000000 300.000000 0.035230
175.000000 97.000000 300.000000 0.099887
175.000000 36.000000 300.000000 0.430770
176.000000 104.000000 300.000000 0.519310
176.000000 77.000000 300.000000 0.042597
29.000000 177.000000 300.000000 0.235443
177.000000 29.000000 300.000000 0.235443
178.000000 139.000000 300.000000 0.138113
