40.000000 0.000000 300.000000 0.581533
0.000000 40.000000 300.000000 0.581533
0.000000 1.000000 300.000000 0.207987
1.000000 3.000000 300.000000 0.153273
1.000000 71.000000 300.000000 0.162777
2.000000 71.000000 300.000000 0.148500
2.000000 3.000000 300.000000 0.134367
79.000000 5.000000 300.000000 0.311880
5.000000 79.000000 300.000000 0.311880
157.000000 5.000000 300.000000 1.625197
5.000000 157.000000 300.000000 1.625197
6.000000 5.000000 300.000000 0.597520
5.000000 6.000000 300.000000 0.597520
7.000000 6.000000 300.000000 0.123260
6.000000 7.000000 300.000000 0.123260
5.000000 6.000000 300.000000 0.597520
6.000000 5.000000 300.000000 0.597520
6.000000 7.000000 300.000000 0.123260
7.000000 6.000000 300.000000 0.123260
9.000000 7.000000 300.000000 0.306403
7.000000 9.000000 300.000000 0.306403
80.000000 7.000000 300.000000 0.331863
7.000000 80.000000 300.000000 0.331863
12.000000 8.000000 300.000000 0.246187
8.000000 12.000000 300.000000 0.246187
11.000000 8.000000 300.000000 0.251020
8.000000 11.000000 300.000000 0.251020
10.000000 8.000000 300.000000 0.718167
8.000000 10.000000 300.000000 0.718167
7.000000 9.000000 300.000000 0.306403
9.000000 7.000000 300.000000 0.306403
15.000000 10.000000 300.000000 0.249020
10.000000 15.000000 300.000000 0.249020
12.000000 10.000000 300.000000 0.486960
10.000000 12.000000 300.000000 0.486960
8.000000 10.000000 300.000000 0.718167
10.000000 8.000000 300.000000 0.718167
79.000000 11.000000 300.000000 0.296737
11.000000 79.000000 300.000000 0.296737
14.000000 11.000000 300.000000 0.549393
11.000000 14.000000 300.000000 0.549393
8.000000 11.000000 300.000000 0.251020
11.000000 8.000000 300.000000 0.251020
16.000000 12.000000 300.000000 0.243470
12.000000 16.000000 300.000000 0.243470
8.000000 12.000000 300.000000 0.246187
12.000000 8.000000 300.000000 0.246187
10.000000 12.000000 300.000000 0.486960
12.000000 10.000000 300.000000 0.486960
17.000000 12.000000 300.000000 0.700410
12.000000 17.000000 300.000000 0.700410
137.000000 13.000000 300.000000 0.169687
13.000000 137.000000 300.000000 0.169687
139.000000 13.000000 300.000000 0.084830
13.000000 139.000000 300.000000 0.084830
138.000000 13.000000 300.000000 0.386230
13.000000 138.000000 300.000000 0.386230
93.000000 14.000000 300.000000 0.169880
14.000000 93.000000 300.000000 0.169880
80.000000 14.000000 300.000000 0.328913
14.000000 80.000000 300.000000 0.328913
17.000000 14.000000 300.000000 0.247023
14.000000 17.000000 300.000000 0.247023
11.000000 14.000000 300.000000 0.549393
14.000000 11.000000 300.000000 0.549393
142.000000 15.000000 300.000000 0.247057
15.000000 142.000000 300.000000 0.247057
10.000000 15.000000 300.000000 0.249020
15.000000 10.000000 300.000000 0.249020
16.000000 15.000000 300.000000 0.488180
15.000000 16.000000 300.000000 0.488180
12.000000 16.000000 300.000000 0.243470
16.000000 12.000000 300.000000 0.243470
15.000000 16.000000 300.000000 0.488180
16.000000 15.000000 300.000000 0.488180
144.000000 16.000000 300.000000 0.170943
16.000000 144.000000 300.000000 0.170943
23.000000 17.000000 300.000000 0.185710
17.000000 23.000000 300.000000 0.185710
12.000000 17.000000 300.000000 0.700410
17.000000 12.000000 300.000000 0.700410
14.000000 17.000000 300.000000 0.247023
17.000000 14.000000 300.000000 0.247023
142.000000 18.000000 300.000000 0.275683
18.000000 142.000000 300.000000 0.275683
22.000000 18.000000 300.000000 0.149613
18.000000 22.000000 300.000000 0.149613
143.000000 18.000000 300.000000 0.324187
18.000000 143.000000 300.000000 0.324187
160.000000 20.000000 300.000000 0.025163
20.000000 160.000000 300.000000 0.025163
93.000000 21.000000 300.000000 0.341800
21.000000 93.000000 300.000000 0.341800
30.000000 21.000000 300.000000 0.408033
21.000000 30.000000 300.000000 0.408033
136.000000 21.000000 300.000000 0.092323
21.000000 136.000000 300.000000 0.092323
25.000000 21.000000 300.000000 0.331657
21.000000 25.000000 300.000000 0.331657
18.000000 22.000000 300.000000 0.149613
22.000000 18.000000 300.000000 0.149613
26.000000 22.000000 300.000000 0.140317
22.000000 26.000000 300.000000 0.140317
28.000000 22.000000 300.000000 0.325403
22.000000 28.000000 300.000000 0.325403
17.000000 23.000000 300.000000 0.185710
23.000000 17.000000 300.000000 0.185710
24.000000 23.000000 300.000000 0.079403
23.000000 24.000000 300.000000 0.079403
167.000000 23.000000 300.000000 0.417713
23.000000 167.000000 300.000000 0.417713
27.000000 23.000000 300.000000 0.343183
23.000000 27.000000 300.000000 0.343183
141.000000 24.000000 300.000000 0.307323
24.000000 141.000000 300.000000 0.307323
23.000000 24.000000 300.000000 0.079403
24.000000 23.000000 300.000000 0.079403
29.000000 24.000000 300.000000 0.383837
24.000000 29.000000 300.000000 0.383837
34.000000 25.000000 300.000000 0.414203
25.000000 34.000000 300.000000 0.414203
21.000000 25.000000 300.000000 0.331657
25.000000 21.000000 300.000000 0.331657
38.000000 25.000000 300.000000 0.751147
25.000000 38.000000 300.000000 0.751147
22.000000 26.000000 300.000000 0.140317
26.000000 22.000000 300.000000 0.140317
31.000000 26.000000 300.000000 0.179253
26.000000 31.000000 300.000000 0.179253
32.000000 26.000000 300.000000 0.295663
26.000000 32.000000 300.000000 0.295663
168.000000 27.000000 300.000000 0.404657
27.000000 168.000000 300.000000 0.404657
93.000000 27.000000 300.000000 0.400137
27.000000 93.000000 300.000000 0.400137
23.000000 27.000000 300.000000 0.343183
27.000000 23.000000 300.000000 0.343183
30.000000 27.000000 300.000000 0.337983
27.000000 30.000000 300.000000 0.337983
32.000000 28.000000 300.000000 0.140310
28.000000 32.000000 300.000000 0.140310
22.000000 28.000000 300.000000 0.325403
28.000000 22.000000 300.000000 0.325403
151.000000 28.000000 300.000000 0.168213
28.000000 151.000000 300.000000 0.168213
167.000000 29.000000 300.000000 0.212767
29.000000 167.000000 300.000000 0.212767
40.000000 29.000000 300.000000 0.499573
29.000000 40.000000 300.000000 0.499573
151.000000 29.000000 300.000000 0.255433
29.000000 151.000000 300.000000 0.255433
24.000000 29.000000 300.000000 0.383837
29.000000 24.000000 300.000000 0.383837
34.000000 30.000000 300.000000 0.334413
30.000000 34.000000 300.000000 0.334413
172.000000 30.000000 300.000000 0.268640
30.000000 172.000000 300.000000 0.268640
21.000000 30.000000 300.000000 0.408033
30.000000 21.000000 300.000000 0.408033
27.000000 30.000000 300.000000 0.337983
30.000000 27.000000 300.000000 0.337983
26.000000 31.000000 300.000000 0.179253
31.000000 26.000000 300.000000 0.179253
35.000000 31.000000 300.000000 0.146810
31.000000 35.000000 300.000000 0.146810
33.000000 31.000000 300.000000 0.259673
31.000000 33.000000 300.000000 0.259673
33.000000 32.000000 300.000000 0.136557
32.000000 33.000000 300.000000 0.136557
28.000000 32.000000 300.000000 0.140310
32.000000 28.000000 300.000000 0.140310
26.000000 32.000000 300.000000 0.295663
32.000000 26.000000 300.000000 0.295663
37.000000 33.000000 300.000000 0.178630
33.000000 37.000000 300.000000 0.178630
32.000000 33.000000 300.000000 0.136557
33.000000 32.000000 300.000000 0.136557
31.000000 33.000000 300.000000 0.259673
33.000000 31.000000 300.000000 0.259673
25.000000 34.000000 300.000000 0.414203
34.000000 25.000000 300.000000 0.414203
30.000000 34.000000 300.000000 0.334413
34.000000 30.000000 300.000000 0.334413
38.000000 34.000000 300.000000 0.337523
34.000000 38.000000 300.000000 0.337523
37.000000 35.000000 300.000000 0.225290
35.000000 37.000000 300.000000 0.225290
31.000000 35.000000 300.000000 0.146810
35.000000 31.000000 300.000000 0.146810
39.000000 35.000000 300.000000 0.173853
35.000000 39.000000 300.000000 0.173853
78.000000 36.000000 300.000000 0.069997
36.000000 78.000000 300.000000 0.069997
36.000000 72.000000 300.000000 3.335130
35.000000 37.000000 300.000000 0.225290
37.000000 35.000000 300.000000 0.225290
33.000000 37.000000 300.000000 0.178630
37.000000 33.000000 300.000000 0.178630
39.000000 37.000000 300.000000 0.382067
37.000000 39.000000 300.000000 0.382067
34.000000 38.000000 300.000000 0.337523
38.000000 34.000000 300.000000 0.337523
41.000000 38.000000 300.000000 0.228220
38.000000 41.000000 300.000000 0.228220
25.000000 38.000000 300.000000 0.751147
38.000000 25.000000 300.000000 0.751147
35.000000 39.000000 300.000000 0.173853
39.000000 35.000000 300.000000 0.173853
78.000000 39.000000 300.000000 0.215920
39.000000 78.000000 300.000000 0.215920
37.000000 39.000000 300.000000 0.382067
39.000000 37.000000 300.000000 0.382067
0.000000 40.000000 300.000000 0.581533
40.000000 0.000000 300.000000 0.581533
29.000000 40.000000 300.000000 0.499573
40.000000 29.000000 300.000000 0.499573
43.000000 40.000000 300.000000 0.327997
40.000000 43.000000 300.000000 0.327997
38.000000 41.000000 300.000000 0.228220
41.000000 38.000000 300.000000 0.228220
42.000000 41.000000 300.000000 0.408870
41.000000 42.000000 300.000000 0.408870
74.000000 41.000000 300.000000 0.947180
41.000000 74.000000 300.000000 0.947180
147.000000 42.000000 300.000000 0.506180
42.000000 147.000000 300.000000 0.506180
48.000000 42.000000 300.000000 0.214110
42.000000 48.000000 300.000000 0.214110
41.000000 42.000000 300.000000 0.408870
42.000000 41.000000 300.000000 0.408870
167.000000 43.000000 300.000000 0.478830
43.000000 167.000000 300.000000 0.478830
40.000000 43.000000 300.000000 0.327997
43.000000 40.000000 300.000000 0.327997
45.000000 43.000000 300.000000 0.332187
43.000000 45.000000 300.000000 0.332187
146.000000 44.000000 300.000000 0.427943
44.000000 146.000000 300.000000 0.427943
46.000000 44.000000 300.000000 0.233397
44.000000 46.000000 300.000000 0.233397
169.000000 44.000000 300.000000 0.217763
44.000000 169.000000 300.000000 0.217763
168.000000 45.000000 300.000000 0.465817
45.000000 168.000000 300.000000 0.465817
43.000000 45.000000 300.000000 0.332187
45.000000 43.000000 300.000000 0.332187
46.000000 45.000000 300.000000 0.336603
45.000000 46.000000 300.000000 0.336603
45.000000 46.000000 300.000000 0.336603
46.000000 45.000000 300.000000 0.336603
145.000000 46.000000 300.000000 0.432553
46.000000 145.000000 300.000000 0.432553
44.000000 46.000000 300.000000 0.233397
46.000000 44.000000 300.000000 0.233397
56.000000 47.000000 300.000000 0.308657
47.000000 56.000000 300.000000 0.308657
54.000000 47.000000 300.000000 0.393853
47.000000 54.000000 300.000000 0.393853
49.000000 47.000000 300.000000 0.204817
47.000000 49.000000 300.000000 0.204817
146.000000 48.000000 300.000000 0.522597
48.000000 146.000000 300.000000 0.522597
145.000000 48.000000 300.000000 0.706103
48.000000 145.000000 300.000000 0.706103
42.000000 48.000000 300.000000 0.214110
48.000000 42.000000 300.000000 0.214110
57.000000 49.000000 300.000000 0.271610
49.000000 57.000000 300.000000 0.271610
135.000000 49.000000 300.000000 0.108247
49.000000 135.000000 300.000000 0.108247
47.000000 49.000000 300.000000 0.204817
49.000000 47.000000 300.000000 0.204817
52.000000 50.000000 300.000000 0.132410
50.000000 52.000000 300.000000 0.132410
61.000000 50.000000 300.000000 0.386960
50.000000 61.000000 300.000000 0.386960
51.000000 50.000000 300.000000 0.176283
50.000000 51.000000 300.000000 0.176283
54.000000 51.000000 300.000000 0.144043
51.000000 54.000000 300.000000 0.144043
62.000000 51.000000 300.000000 0.394090
51.000000 62.000000 300.000000 0.394090
50.000000 51.000000 300.000000 0.176283
51.000000 50.000000 300.000000 0.176283
53.000000 52.000000 300.000000 0.172823
52.000000 53.000000 300.000000 0.172823
50.000000 52.000000 300.000000 0.132410
52.000000 50.000000 300.000000 0.132410
60.000000 52.000000 300.000000 0.342947
52.000000 60.000000 300.000000 0.342947
52.000000 53.000000 300.000000 0.172823
53.000000 52.000000 300.000000 0.172823
59.000000 53.000000 300.000000 0.277580
53.000000 59.000000 300.000000 0.277580
58.000000 53.000000 300.000000 0.373813
53.000000 58.000000 300.000000 0.373813
51.000000 54.000000 300.000000 0.144043
54.000000 51.000000 300.000000 0.144043
55.000000 54.000000 300.000000 0.035583
54.000000 55.000000 300.000000 0.035583
47.000000 54.000000 300.000000 0.393853
54.000000 47.000000 300.000000 0.393853
54.000000 55.000000 300.000000 0.035583
55.000000 54.000000 300.000000 0.035583
56.000000 55.000000 300.000000 0.123887
55.000000 56.000000 300.000000 0.123887
134.000000 55.000000 300.000000 0.082333
55.000000 134.000000 300.000000 0.082333
55.000000 56.000000 300.000000 0.123887
56.000000 55.000000 300.000000 0.123887
57.000000 56.000000 300.000000 0.168207
56.000000 57.000000 300.000000 0.168207
47.000000 56.000000 300.000000 0.308657
56.000000 47.000000 300.000000 0.308657
56.000000 57.000000 300.000000 0.168207
57.000000 56.000000 300.000000 0.168207
133.000000 57.000000 300.000000 0.082637
57.000000 133.000000 300.000000 0.082637
49.000000 57.000000 300.000000 0.271610
57.000000 49.000000 300.000000 0.271610
59.000000 58.000000 300.000000 0.158517
58.000000 59.000000 300.000000 0.158517
53.000000 58.000000 300.000000 0.373813
58.000000 53.000000 300.000000 0.373813
126.000000 58.000000 300.000000 0.385043
58.000000 126.000000 300.000000 0.385043
53.000000 59.000000 300.000000 0.277580
59.000000 53.000000 300.000000 0.277580
60.000000 59.000000 300.000000 0.160057
59.000000 60.000000 300.000000 0.160057
58.000000 59.000000 300.000000 0.158517
59.000000 58.000000 300.000000 0.158517
52.000000 60.000000 300.000000 0.342947
60.000000 52.000000 300.000000 0.342947
61.000000 60.000000 300.000000 0.123280
60.000000 61.000000 300.000000 0.123280
59.000000 60.000000 300.000000 0.160057
60.000000 59.000000 300.000000 0.160057
50.000000 61.000000 300.000000 0.386960
61.000000 50.000000 300.000000 0.386960
62.000000 61.000000 300.000000 0.168170
61.000000 62.000000 300.000000 0.168170
60.000000 61.000000 300.000000 0.123280
61.000000 60.000000 300.000000 0.123280
51.000000 62.000000 300.000000 0.394090
62.000000 51.000000 300.000000 0.394090
63.000000 62.000000 300.000000 0.184320
62.000000 63.000000 300.000000 0.184320
61.000000 62.000000 300.000000 0.168170
62.000000 61.000000 300.000000 0.168170
128.000000 63.000000 300.000000 0.090013
63.000000 128.000000 300.000000 0.090013
64.000000 63.000000 300.000000 0.208237
63.000000 64.000000 300.000000 0.208237
62.000000 63.000000 300.000000 0.184320
63.000000 62.000000 300.000000 0.184320
65.000000 64.000000 300.000000 0.112943
64.000000 65.000000 300.000000 0.112943
154.000000 64.000000 300.000000 0.031480
64.000000 154.000000 300.000000 0.031480
63.000000 64.000000 300.000000 0.208237
64.000000 63.000000 300.000000 0.208237
124.000000 64.000000 300.000000 0.070037
64.000000 124.000000 300.000000 0.070037
66.000000 65.000000 300.000000 0.171050
65.000000 66.000000 300.000000 0.171050
64.000000 65.000000 300.000000 0.112943
65.000000 64.000000 300.000000 0.112943
65.000000 66.000000 300.000000 0.171050
66.000000 65.000000 300.000000 0.171050
123.000000 66.000000 300.000000 0.063070
66.000000 123.000000 300.000000 0.063070
67.000000 69.000000 300.000000 0.282210
68.000000 70.000000 300.000000 0.174380
69.000000 68.000000 300.000000 0.107330
69.000000 155.000000 300.000000 0.277607
71.000000 36.000000 300.000000 0.370213
72.000000 73.000000 300.000000 0.231143
160.000000 74.000000 300.000000 0.220823
74.000000 160.000000 300.000000 0.220823
41.000000 74.000000 300.000000 0.947180
74.000000 41.000000 300.000000 0.947180
75.000000 161.000000 300.000000 0.022917
76.000000 77.000000 300.000000 0.330053
86.000000 76.000000 300.000000 0.197007
76.000000 86.000000 300.000000 0.197007
77.000000 162.000000 300.000000 1.222573
36.000000 78.000000 300.000000 0.069997
78.000000 36.000000 300.000000 0.069997
149.000000 78.000000 300.000000 0.086680
78.000000 149.000000 300.000000 0.086680
39.000000 78.000000 300.000000 0.215920
78.000000 39.000000 300.000000 0.215920
11.000000 79.000000 300.000000 0.296737
79.000000 11.000000 300.000000 0.296737
5.000000 79.000000 300.000000 0.311880
79.000000 5.000000 300.000000 0.311880
80.000000 79.000000 300.000000 0.628960
79.000000 80.000000 300.000000 0.628960
14.000000 80.000000 300.000000 0.328913
80.000000 14.000000 300.000000 0.328913
79.000000 80.000000 300.000000 0.628960
80.000000 79.000000 300.000000 0.628960
7.000000 80.000000 300.000000 0.331863
80.000000 7.000000 300.000000 0.331863
116.000000 81.000000 300.000000 0.301617
81.000000 116.000000 300.000000 0.301617
81.000000 75.000000 300.000000 0.401663
90.000000 82.000000 300.000000 0.144860
82.000000 90.000000 300.000000 0.144860
112.000000 82.000000 300.000000 0.142630
82.000000 112.000000 300.000000 0.142630
90.000000 83.000000 300.000000 0.218123
83.000000 90.000000 300.000000 0.218123
92.000000 83.000000 300.000000 0.310607
83.000000 92.000000 300.000000 0.310607
115.000000 84.000000 300.000000 0.261453
84.000000 115.000000 300.000000 0.261453
161.000000 84.000000 300.000000 0.490463
84.000000 161.000000 300.000000 0.490463
107.000000 85.000000 300.000000 0.108493
85.000000 107.000000 300.000000 0.108493
106.000000 85.000000 300.000000 0.234543
85.000000 106.000000 300.000000 0.234543
115.000000 85.000000 300.000000 0.460903
85.000000 115.000000 300.000000 0.460903
101.000000 86.000000 300.000000 0.893700
86.000000 101.000000 300.000000 0.893700
76.000000 86.000000 300.000000 0.197007
86.000000 76.000000 300.000000 0.197007
89.000000 87.000000 300.000000 0.264510
87.000000 89.000000 300.000000 0.264510
101.000000 87.000000 300.000000 0.314573
87.000000 101.000000 300.000000 0.314573
179.000000 87.000000 300.000000 0.812170
87.000000 179.000000 300.000000 0.812170
96.000000 88.000000 300.000000 0.288333
88.000000 96.000000 300.000000 0.288333
179.000000 88.000000 300.000000 0.268307
88.000000 179.000000 300.000000 0.268307
87.000000 89.000000 300.000000 0.264510
89.000000 87.000000 300.000000 0.264510
94.000000 89.000000 300.000000 0.259413
89.000000 94.000000 300.000000 0.259413
83.000000 90.000000 300.000000 0.218123
90.000000 83.000000 300.000000 0.218123
82.000000 90.000000 300.000000 0.144860
90.000000 82.000000 300.000000 0.144860
91.000000 90.000000 300.000000 0.399497
90.000000 91.000000 300.000000 0.399497
92.000000 91.000000 300.000000 0.233763
91.000000 92.000000 300.000000 0.233763
113.000000 91.000000 300.000000 0.099233
91.000000 113.000000 300.000000 0.099233
90.000000 91.000000 300.000000 0.399497
91.000000 90.000000 300.000000 0.399497
83.000000 92.000000 300.000000 0.310607
92.000000 83.000000 300.000000 0.310607
114.000000 92.000000 300.000000 0.395917
92.000000 114.000000 300.000000 0.395917
91.000000 92.000000 300.000000 0.233763
92.000000 91.000000 300.000000 0.233763
14.000000 93.000000 300.000000 0.169880
93.000000 14.000000 300.000000 0.169880
21.000000 93.000000 300.000000 0.341800
93.000000 21.000000 300.000000 0.341800
27.000000 93.000000 300.000000 0.400137
93.000000 27.000000 300.000000 0.400137
89.000000 94.000000 300.000000 0.259413
94.000000 89.000000 300.000000 0.259413
95.000000 94.000000 300.000000 0.225597
94.000000 95.000000 300.000000 0.225597
96.000000 94.000000 300.000000 0.266923
94.000000 96.000000 300.000000 0.266923
94.000000 95.000000 300.000000 0.225597
95.000000 94.000000 300.000000 0.225597
88.000000 96.000000 300.000000 0.288333
96.000000 88.000000 300.000000 0.288333
94.000000 96.000000 300.000000 0.266923
96.000000 94.000000 300.000000 0.266923
98.000000 96.000000 300.000000 0.182627
96.000000 98.000000 300.000000 0.182627
98.000000 97.000000 300.000000 0.103907
97.000000 98.000000 300.000000 0.103907
97.000000 98.000000 300.000000 0.103907
98.000000 97.000000 300.000000 0.103907
170.000000 98.000000 300.000000 0.024510
98.000000 170.000000 300.000000 0.024510
96.000000 98.000000 300.000000 0.182627
98.000000 96.000000 300.000000 0.182627
100.000000 99.000000 300.000000 0.565080
99.000000 100.000000 300.000000 0.565080
99.000000 100.000000 300.000000 0.565080
100.000000 99.000000 300.000000 0.565080
101.000000 100.000000 300.000000 0.268150
100.000000 101.000000 300.000000 0.268150
100.000000 101.000000 300.000000 0.268150
101.000000 100.000000 300.000000 0.268150
87.000000 101.000000 300.000000 0.314573
101.000000 87.000000 300.000000 0.314573
86.000000 101.000000 300.000000 0.893700
101.000000 86.000000 300.000000 0.893700
105.000000 102.000000 300.000000 0.188683
102.000000 105.000000 300.000000 0.188683
105.000000 103.000000 300.000000 0.202717
103.000000 105.000000 300.000000 0.202717
176.000000 104.000000 300.000000 0.266390
104.000000 176.000000 300.000000 0.266390
105.000000 104.000000 300.000000 0.099890
104.000000 105.000000 300.000000 0.099890
103.000000 105.000000 300.000000 0.202717
105.000000 103.000000 300.000000 0.202717
102.000000 105.000000 300.000000 0.188683
105.000000 102.000000 300.000000 0.188683
104.000000 105.000000 300.000000 0.099890
105.000000 104.000000 300.000000 0.099890
85.000000 106.000000 300.000000 0.234543
106.000000 85.000000 300.000000 0.234543
108.000000 106.000000 300.000000 0.240683
106.000000 108.000000 300.000000 0.240683
85.000000 107.000000 300.000000 0.108493
107.000000 85.000000 300.000000 0.108493
110.000000 108.000000 300.000000 0.248550
108.000000 110.000000 300.000000 0.248550
109.000000 108.000000 300.000000 0.315610
108.000000 109.000000 300.000000 0.315610
106.000000 108.000000 300.000000 0.240683
108.000000 106.000000 300.000000 0.240683
108.000000 109.000000 300.000000 0.315610
109.000000 108.000000 300.000000 0.315610
108.000000 110.000000 300.000000 0.248550
110.000000 108.000000 300.000000 0.248550
111.000000 110.000000 300.000000 0.280957
110.000000 111.000000 300.000000 0.280957
110.000000 111.000000 300.000000 0.280957
111.000000 110.000000 300.000000 0.280957
82.000000 112.000000 300.000000 0.142630
112.000000 82.000000 300.000000 0.142630
116.000000 112.000000 300.000000 0.135407
112.000000 116.000000 300.000000 0.135407
91.000000 113.000000 300.000000 0.099233
113.000000 91.000000 300.000000 0.099233
92.000000 114.000000 300.000000 0.395917
114.000000 92.000000 300.000000 0.395917
84.000000 115.000000 300.000000 0.261453
115.000000 84.000000 300.000000 0.261453
85.000000 115.000000 300.000000 0.460903
115.000000 85.000000 300.000000 0.460903
177.000000 115.000000 300.000000 0.732107
115.000000 177.000000 300.000000 0.732107
112.000000 116.000000 300.000000 0.135407
116.000000 112.000000 300.000000 0.135407
81.000000 116.000000 300.000000 0.301617
116.000000 81.000000 300.000000 0.301617
177.000000 116.000000 300.000000 0.052477
116.000000 177.000000 300.000000 0.052477
117.000000 81.000000 300.000000 0.163320
120.000000 122.000000 300.000000 0.158170
121.000000 120.000000 300.000000 0.186820
120.000000 121.000000 300.000000 0.186820
120.000000 121.000000 300.000000 0.186820
121.000000 120.000000 300.000000 0.186820
158.000000 121.000000 300.000000 0.642637
121.000000 158.000000 300.000000 0.642637
122.000000 121.000000 300.000000 0.372707
121.000000 122.000000 300.000000 0.372707
122.000000 155.000000 300.000000 0.057097
121.000000 122.000000 300.000000 0.372707
122.000000 121.000000 300.000000 0.372707
123.000000 124.000000 300.000000 0.237627
66.000000 123.000000 300.000000 0.063070
123.000000 66.000000 300.000000 0.063070
124.000000 125.000000 300.000000 0.067923
64.000000 124.000000 300.000000 0.070037
124.000000 64.000000 300.000000 0.070037
154.000000 125.000000 300.000000 0.054047
125.000000 154.000000 300.000000 0.054047
125.000000 135.000000 300.000000 0.631357
58.000000 126.000000 300.000000 0.385043
126.000000 58.000000 300.000000 0.385043
154.000000 127.000000 300.000000 0.057340
127.000000 154.000000 300.000000 0.057340
129.000000 127.000000 300.000000 0.070800
127.000000 129.000000 300.000000 0.070800
128.000000 127.000000 300.000000 0.230017
127.000000 128.000000 300.000000 0.230017
130.000000 128.000000 300.000000 0.071920
128.000000 130.000000 300.000000 0.071920
63.000000 128.000000 300.000000 0.090013
128.000000 63.000000 300.000000 0.090013
127.000000 128.000000 300.000000 0.230017
128.000000 127.000000 300.000000 0.230017
127.000000 129.000000 300.000000 0.070800
129.000000 127.000000 300.000000 0.070800
131.000000 129.000000 300.000000 0.083310
129.000000 131.000000 300.000000 0.083310
130.000000 129.000000 300.000000 0.247140
129.000000 130.000000 300.000000 0.247140
132.000000 130.000000 300.000000 0.078667
130.000000 132.000000 300.000000 0.078667
128.000000 130.000000 300.000000 0.071920
130.000000 128.000000 300.000000 0.071920
129.000000 130.000000 300.000000 0.247140
130.000000 129.000000 300.000000 0.247140
129.000000 131.000000 300.000000 0.083310
131.000000 129.000000 300.000000 0.083310
133.000000 131.000000 300.000000 0.074490
131.000000 133.000000 300.000000 0.074490
132.000000 131.000000 300.000000 0.268497
131.000000 132.000000 300.000000 0.268497
134.000000 132.000000 300.000000 0.069337
132.000000 134.000000 300.000000 0.069337
130.000000 132.000000 300.000000 0.078667
132.000000 130.000000 300.000000 0.078667
131.000000 132.000000 300.000000 0.268497
132.000000 131.000000 300.000000 0.268497
131.000000 133.000000 300.000000 0.074490
133.000000 131.000000 300.000000 0.074490
57.000000 133.000000 300.000000 0.082637
133.000000 57.000000 300.000000 0.082637
134.000000 133.000000 300.000000 0.281047
133.000000 134.000000 300.000000 0.281047
55.000000 134.000000 300.000000 0.082333
134.000000 55.000000 300.000000 0.082333
132.000000 134.000000 300.000000 0.069337
134.000000 132.000000 300.000000 0.069337
133.000000 134.000000 300.000000 0.281047
134.000000 133.000000 300.000000 0.281047
49.000000 135.000000 300.000000 0.108247
135.000000 49.000000 300.000000 0.108247
135.000000 0.000000 300.000000 0.231220
21.000000 136.000000 300.000000 0.092323
136.000000 21.000000 300.000000 0.092323
137.000000 136.000000 300.000000 0.136603
136.000000 137.000000 300.000000 0.136603
174.000000 136.000000 300.000000 0.278497
136.000000 174.000000 300.000000 0.278497
136.000000 137.000000 300.000000 0.136603
137.000000 136.000000 300.000000 0.136603
13.000000 137.000000 300.000000 0.169687
137.000000 13.000000 300.000000 0.169687
152.000000 137.000000 300.000000 0.275043
137.000000 152.000000 300.000000 0.275043
13.000000 138.000000 300.000000 0.386230
138.000000 13.000000 300.000000 0.386230
13.000000 139.000000 300.000000 0.084830
139.000000 13.000000 300.000000 0.084830
140.000000 139.000000 300.000000 0.356207
139.000000 140.000000 300.000000 0.356207
139.000000 140.000000 300.000000 0.356207
140.000000 139.000000 300.000000 0.356207
144.000000 141.000000 300.000000 0.080420
141.000000 144.000000 300.000000 0.080420
24.000000 141.000000 300.000000 0.307323
141.000000 24.000000 300.000000 0.307323
151.000000 141.000000 300.000000 0.298997
141.000000 151.000000 300.000000 0.298997
165.000000 142.000000 300.000000 0.271500
142.000000 165.000000 300.000000 0.271500
15.000000 142.000000 300.000000 0.247057
142.000000 15.000000 300.000000 0.247057
18.000000 142.000000 300.000000 0.275683
142.000000 18.000000 300.000000 0.275683
151.000000 143.000000 300.000000 0.063630
143.000000 151.000000 300.000000 0.063630
18.000000 143.000000 300.000000 0.324187
143.000000 18.000000 300.000000 0.324187
144.000000 143.000000 300.000000 0.275820
143.000000 144.000000 300.000000 0.275820
141.000000 144.000000 300.000000 0.080420
144.000000 141.000000 300.000000 0.080420
16.000000 144.000000 300.000000 0.170943
144.000000 16.000000 300.000000 0.170943
143.000000 144.000000 300.000000 0.275820
144.000000 143.000000 300.000000 0.275820
46.000000 145.000000 300.000000 0.432553
145.000000 46.000000 300.000000 0.432553
146.000000 145.000000 300.000000 0.214667
145.000000 146.000000 300.000000 0.214667
48.000000 145.000000 300.000000 0.706103
145.000000 48.000000 300.000000 0.706103
44.000000 146.000000 300.000000 0.427943
146.000000 44.000000 300.000000 0.427943
48.000000 146.000000 300.000000 0.522597
146.000000 48.000000 300.000000 0.522597
147.000000 146.000000 300.000000 0.216753
146.000000 147.000000 300.000000 0.216753
145.000000 146.000000 300.000000 0.214667
146.000000 145.000000 300.000000 0.214667
169.000000 147.000000 300.000000 0.424373
147.000000 169.000000 300.000000 0.424373
42.000000 147.000000 300.000000 0.506180
147.000000 42.000000 300.000000 0.506180
146.000000 147.000000 300.000000 0.216753
147.000000 146.000000 300.000000 0.216753
148.000000 171.000000 300.000000 0.417870
165.000000 149.000000 300.000000 0.408253
149.000000 165.000000 300.000000 0.408253
78.000000 149.000000 300.000000 0.086680
149.000000 78.000000 300.000000 0.086680
150.000000 149.000000 300.000000 0.215517
149.000000 150.000000 300.000000 0.215517
149.000000 150.000000 300.000000 0.215517
150.000000 149.000000 300.000000 0.215517
29.000000 151.000000 300.000000 0.255433
151.000000 29.000000 300.000000 0.255433
143.000000 151.000000 300.000000 0.063630
151.000000 143.000000 300.000000 0.063630
28.000000 151.000000 300.000000 0.168213
151.000000 28.000000 300.000000 0.168213
141.000000 151.000000 300.000000 0.298997
151.000000 141.000000 300.000000 0.298997
163.000000 152.000000 300.000000 0.064620
152.000000 163.000000 300.000000 0.064620
174.000000 152.000000 300.000000 0.132520
152.000000 174.000000 300.000000 0.132520
137.000000 152.000000 300.000000 0.275043
152.000000 137.000000 300.000000 0.275043
174.000000 153.000000 300.000000 0.062233
153.000000 174.000000 300.000000 0.062233
64.000000 154.000000 300.000000 0.031480
154.000000 64.000000 300.000000 0.031480
127.000000 154.000000 300.000000 0.057340
154.000000 127.000000 300.000000 0.057340
125.000000 154.000000 300.000000 0.054047
154.000000 125.000000 300.000000 0.054047
155.000000 123.000000 300.000000 0.602693
156.000000 120.000000 300.000000 0.074567
156.000000 70.000000 300.000000 0.266960
5.000000 157.000000 300.000000 1.625197
157.000000 5.000000 300.000000 1.625197
159.000000 157.000000 300.000000 0.573040
157.000000 159.000000 300.000000 0.573040
121.000000 158.000000 300.000000 0.642637
158.000000 121.000000 300.000000 0.642637
157.000000 159.000000 300.000000 0.573040
159.000000 157.000000 300.000000 0.573040
74.000000 160.000000 300.000000 0.220823
160.000000 74.000000 300.000000 0.220823
20.000000 160.000000 300.000000 0.025163
160.000000 20.000000 300.000000 0.025163
84.000000 161.000000 300.000000 0.490463
161.000000 84.000000 300.000000 0.490463
179.000000 162.000000 300.000000 0.011517
162.000000 179.000000 300.000000 0.011517
162.000000 19.000000 300.000000 1.361780
152.000000 163.000000 300.000000 0.064620
163.000000 152.000000 300.000000 0.064620
165.000000 164.000000 300.000000 0.425353
164.000000 165.000000 300.000000 0.425353
149.000000 165.000000 300.000000 0.408253
165.000000 149.000000 300.000000 0.408253
142.000000 165.000000 300.000000 0.271500
165.000000 142.000000 300.000000 0.271500
164.000000 165.000000 300.000000 0.425353
165.000000 164.000000 300.000000 0.425353
166.000000 67.000000 300.000000 0.345860
43.000000 167.000000 300.000000 0.478830
167.000000 43.000000 300.000000 0.478830
29.000000 167.000000 300.000000 0.212767
167.000000 29.000000 300.000000 0.212767
168.000000 167.000000 300.000000 0.332717
167.000000 168.000000 300.000000 0.332717
23.000000 167.000000 300.000000 0.417713
167.000000 23.000000 300.000000 0.417713
45.000000 168.000000 300.000000 0.465817
168.000000 45.000000 300.000000 0.465817
27.000000 168.000000 300.000000 0.404657
168.000000 27.000000 300.000000 0.404657
167.000000 168.000000 300.000000 0.332717
168.000000 167.000000 300.000000 0.332717
169.000000 168.000000 300.000000 0.337613
168.000000 169.000000 300.000000 0.337613
168.000000 169.000000 300.000000 0.337613
169.000000 168.000000 300.000000 0.337613
147.000000 169.000000 300.000000 0.424373
169.000000 147.000000 300.000000 0.424373
44.000000 169.000000 300.000000 0.217763
169.000000 44.000000 300.000000 0.217763
172.000000 169.000000 300.000000 0.136270
169.000000 172.000000 300.000000 0.136270
98.000000 170.000000 300.000000 0.024510
170.000000 98.000000 300.000000 0.024510
171.000000 166.000000 300.000000 0.520410
169.000000 172.000000 300.000000 0.136270
172.000000 169.000000 300.000000 0.136270
30.000000 172.000000 300.000000 0.268640
172.000000 30.000000 300.000000 0.268640
173.000000 172.000000 300.000000 0.164330
172.000000 173.000000 300.000000 0.164330
172.000000 173.000000 300.000000 0.164330
173.000000 172.000000 300.000000 0.164330
152.000000 174.000000 300.000000 0.132520
174.000000 152.000000 300.000000 0.132520
153.000000 174.000000 300.000000 0.062233
174.000000 153.000000 300.000000 0.062233
136.000000 174.000000 300.000000 0.278497
174.000000 136.000000 300.000000 0.278497
176.000000 175.000000 300.000000 0.173823
175.000000 176.000000 300.000000 0.173823
104.000000 176.000000 300.000000 0.266390
176.000000 104.000000 300.000000 0.266390
175.000000 176.000000 300.000000 0.173823
176.000000 175.000000 300.000000 0.173823
116.000000 177.000000 300.000000 0.052477
177.000000 116.000000 300.000000 0.052477
178.000000 177.000000 300.000000 0.114323
177.000000 178.000000 300.000000 0.114323
115.000000 177.000000 300.000000 0.732107
177.000000 115.000000 300.000000 0.732107
177.000000 178.000000 300.000000 0.114323
178.000000 177.000000 300.000000 0.114323
162.000000 179.000000 300.000000 0.011517
179.000000 162.000000 300.000000 0.011517
88.000000 179.000000 300.000000 0.268307
179.000000 88.000000 300.000000 0.268307
87.000000 179.000000 300.000000 0.812170
179.000000 87.000000 300.000000 0.812170
