169 0 300.00 0.639853
0 169 300.00 0.639853
0 1 300.00 0.263170
0 180 300.00 0.398407
1 0 300.00 0.263170
1 2 300.00 0.472203
180 0 300.00 0.398407
180 175 300.00 0.476340
2 1 300.00 0.472203
2 67 300.00 0.043073
67 2 300.00 0.043073
67 178 300.00 0.256563
178 3 300.00 0.047657
178 214 300.00 0.366240
178 150 300.00 0.266763
3 178 300.00 0.047657
3 2 300.00 0.259843
194 4 300.00 0.270403
194 8 300.00 0.476320
194 193 300.00 0.265100
4 194 300.00 0.270403
4 7 300.00 0.482367
4 195 300.00 0.288063
7 4 300.00 0.482367
7 6 300.00 0.299557
7 68 300.00 0.042337
195 4 300.00 0.288063
195 6 300.00 0.478800
5 3 300.00 0.264003
5 150 300.00 0.044310
150 5 300.00 0.044310
150 151 300.00 0.252317
150 179 300.00 0.251897
6 5 300.00 0.252680
6 195 300.00 0.478800
6 151 300.00 0.045047
151 6 300.00 0.045047
151 9 300.00 0.515973
151 68 300.00 0.300290
68 7 300.00 0.042337
68 11 300.00 0.512210
68 152 300.00 0.262707
8 7 300.00 0.262087
8 194 300.00 0.476320
8 152 300.00 0.039000
152 8 300.00 0.039000
152 13 300.00 0.515657
152 69 300.00 0.268627
11 9 300.00 0.313127
11 13 300.00 0.259310
11 19 300.00 0.506943
11 68 300.00 0.512210
9 11 300.00 0.313127
9 151 300.00 0.515973
9 148 300.00 0.255093
9 16 300.00 0.519723
148 9 300.00 0.255093
148 147 300.00 0.493290
148 179 300.00 0.271370
16 9 300.00 0.519723
16 71 300.00 0.204337
16 19 300.00 0.295587
16 89 300.00 0.391160
10 8 300.00 0.269877
10 69 300.00 0.040247
10 193 300.00 0.470677
69 10 300.00 0.040247
69 17 300.00 0.512093
69 153 300.00 0.267013
193 10 300.00 0.470677
193 194 300.00 0.265100
13 11 300.00 0.259310
13 17 300.00 0.269557
13 152 300.00 0.515657
13 22 300.00 0.496213
19 11 300.00 0.506943
19 16 300.00 0.295587
19 22 300.00 0.256563
19 88 300.00 0.419710
12 10 300.00 0.266680
12 153 300.00 0.039697
153 12 300.00 0.039697
153 20 300.00 0.504000
153 70 300.00 0.263347
17 13 300.00 0.269557
17 215 300.00 0.128407
17 69 300.00 0.512093
17 30 300.00 0.852657
22 13 300.00 0.496213
22 19 300.00 0.256563
22 28 300.00 0.378683
14 12 300.00 0.264287
14 70 300.00 0.038413
14 192 300.00 0.476317
70 14 300.00 0.038413
70 23 300.00 0.500880
70 187 300.00 0.124040
192 14 300.00 0.476317
192 191 300.00 0.262720
190 15 300.00 0.268477
190 197 300.00 0.481627
190 191 300.00 0.255140
15 190 300.00 0.268477
71 16 300.00 0.204337
89 16 300.00 0.391160
89 101 300.00 0.163380
89 205 300.00 0.261443
89 90 300.00 0.149627
215 17 300.00 0.128407
215 20 300.00 0.133557
215 216 300.00 0.133263
30 17 300.00 0.852657
30 28 300.00 0.273153
30 32 300.00 0.273673
196 18 300.00 0.035097
196 191 300.00 0.478067
196 14 300.00 0.259517
18 196 300.00 0.035097
18 25 300.00 0.502350
18 21 300.00 0.260557
25 18 300.00 0.502350
25 72 300.00 0.094907
25 74 300.00 0.080583
21 197 300.00 0.037417
21 29 300.00 0.506607
21 24 300.00 0.285807
88 19 300.00 0.419710
20 215 300.00 0.133557
20 23 300.00 0.256790
20 153 300.00 0.504000
20 32 300.00 0.839327
23 20 300.00 0.256790
23 72 300.00 0.177573
23 76 300.00 0.385123
23 70 300.00 0.500880
32 20 300.00 0.839327
32 30 300.00 0.273673
32 36 300.00 0.257730
197 21 300.00 0.037417
197 190 300.00 0.481627
197 196 300.00 0.261727
29 21 300.00 0.506607
29 74 300.00 0.166083
29 80 300.00 0.186947
29 33 300.00 0.523400
24 26 300.00 0.236790
28 22 300.00 0.378683
28 30 300.00 0.273153
28 103 300.00 0.174553
72 23 300.00 0.177573
72 25 300.00 0.094907
72 73 300.00 0.273837
76 23 300.00 0.385123
76 36 300.00 0.435953
76 77 300.00 0.302400
26 33 300.00 0.510773
74 25 300.00 0.080583
74 29 300.00 0.166083
74 75 300.00 0.275203
33 26 300.00 0.510773
33 29 300.00 0.523400
33 42 300.00 0.798820
31 27 300.00 0.454360
31 189 300.00 0.396270
31 141 300.00 0.263947
31 35 300.00 0.412753
27 31 300.00 0.454360
103 28 300.00 0.174553
103 101 300.00 0.138793
103 102 300.00 0.299063
80 29 300.00 0.186947
80 34 300.00 0.184960
80 81 300.00 0.417677
189 31 300.00 0.396270
189 63 300.00 1.421883
141 31 300.00 0.263947
141 210 300.00 0.160880
141 211 300.00 0.222707
141 149 300.00 0.406523
35 31 300.00 0.412753
35 140 300.00 0.169670
35 155 300.00 0.272520
36 32 300.00 0.257730
36 37 300.00 0.206440
36 76 300.00 0.435953
42 33 300.00 0.798820
42 174 300.00 0.229557
42 51 300.00 0.726923
34 80 300.00 0.184960
34 39 300.00 0.413127
34 43 300.00 0.783617
39 34 300.00 0.413127
39 172 300.00 0.215060
39 78 300.00 0.267940
43 34 300.00 0.783617
140 35 300.00 0.169670
140 138 300.00 0.151797
140 156 300.00 0.273943
155 35 300.00 0.272520
155 177 300.00 0.254410
155 211 300.00 0.187603
155 156 300.00 0.153147
37 36 300.00 0.206440
37 78 300.00 0.058083
37 65 300.00 0.288240
78 37 300.00 0.058083
78 39 300.00 0.267940
78 79 300.00 0.315500
65 37 300.00 0.288240
65 44 300.00 0.231347
65 158 300.00 0.268023
65 182 300.00 0.627600
96 38 300.00 0.112443
96 97 300.00 0.079400
96 98 300.00 0.240530
38 96 300.00 0.112443
38 41 300.00 0.253660
38 184 300.00 0.172297
41 38 300.00 0.253660
41 185 300.00 0.173793
41 138 300.00 0.473213
184 38 300.00 0.172297
184 116 300.00 0.145293
184 185 300.00 0.259367
172 39 300.00 0.215060
172 45 300.00 0.212207
172 173 300.00 0.308093
116 40 300.00 0.117647
116 184 300.00 0.145293
116 154 300.00 0.176803
116 204 300.00 0.259613
40 116 300.00 0.117647
40 202 300.00 0.174527
40 46 300.00 0.259020
40 115 300.00 0.174153
202 40 300.00 0.174527
202 118 300.00 0.248863
202 203 300.00 0.258733
46 40 300.00 0.259020
46 203 300.00 0.162587
46 125 300.00 0.266000
46 204 300.00 0.115857
115 40 300.00 0.174153
115 154 300.00 0.125677
115 183 300.00 0.367770
185 41 300.00 0.173793
185 184 300.00 0.259367
185 204 300.00 0.137073
138 41 300.00 0.473213
138 140 300.00 0.151797
138 157 300.00 0.277197
174 42 300.00 0.229557
51 42 300.00 0.726923
51 82 300.00 0.212883
51 199 300.00 0.307443
48 44 300.00 0.515707
48 45 300.00 0.288777
48 162 300.00 0.243873
44 48 300.00 0.515707
44 65 300.00 0.231347
44 111 300.00 0.262750
111 44 300.00 0.262750
111 50 300.00 0.157633
111 158 300.00 0.229653
111 162 300.00 0.503607
87 45 300.00 0.214547
87 83 300.00 0.218083
87 86 300.00 0.389587
87 171 300.00 0.299930
45 87 300.00 0.214547
45 172 300.00 0.212207
45 48 300.00 0.288777
45 85 300.00 0.300423
85 45 300.00 0.300423
203 46 300.00 0.162587
203 167 300.00 0.258433
203 202 300.00 0.258733
125 46 300.00 0.266000
125 104 300.00 0.275247
125 106 300.00 0.197563
204 46 300.00 0.115857
204 116 300.00 0.259613
204 185 300.00 0.137073
207 47 300.00 0.151377
207 177 300.00 0.106170
207 208 300.00 0.410420
47 207 300.00 0.151377
47 139 300.00 0.146763
139 47 300.00 0.146763
139 137 300.00 0.143873
139 156 300.00 0.515843
162 48 300.00 0.243873
162 53 300.00 0.145680
162 108 300.00 0.818890
162 111 300.00 0.503607
158 49 300.00 0.162737
158 65 300.00 0.268023
158 111 300.00 0.229653
158 183 300.00 0.639893
49 158 300.00 0.162737
49 112 300.00 0.181500
49 50 300.00 0.218650
112 49 300.00 0.181500
112 123 300.00 0.203130
112 120 300.00 0.127837
50 49 300.00 0.218650
50 52 300.00 0.410870
50 55 300.00 0.269870
50 111 300.00 0.157633
52 50 300.00 0.410870
52 57 300.00 0.263740
52 53 300.00 0.088970
55 50 300.00 0.269870
55 113 300.00 0.407233
55 57 300.00 0.406910
55 164 300.00 0.258503
82 51 300.00 0.212883
82 83 300.00 0.210303
82 200 300.00 0.306780
82 198 300.00 0.275413
199 51 300.00 0.307443
199 108 300.00 0.172383
199 200 300.00 0.200733
57 52 300.00 0.263740
57 55 300.00 0.406910
57 110 300.00 0.408040
57 165 300.00 0.264853
53 52 300.00 0.088970
53 162 300.00 0.145680
53 109 300.00 0.321470
109 53 300.00 0.321470
109 59 300.00 0.484237
109 110 300.00 0.263410
163 54 300.00 0.264207
163 58 300.00 0.253197
163 132 300.00 0.406297
163 168 300.00 0.209627
54 163 300.00 0.264207
54 121 300.00 0.133580
54 124 300.00 0.211187
54 106 300.00 0.217210
121 54 300.00 0.133580
121 167 300.00 0.126660
121 161 300.00 0.212377
124 54 300.00 0.211187
124 161 300.00 0.132100
124 126 300.00 0.201093
106 54 300.00 0.217210
106 125 300.00 0.197563
106 168 300.00 0.271047
113 55 300.00 0.407233
113 160 300.00 0.201160
113 122 300.00 0.131597
113 120 300.00 0.132700
164 55 300.00 0.258503
164 126 300.00 0.412323
164 166 300.00 0.270237
164 165 300.00 0.405680
104 56 300.00 0.246557
104 125 300.00 0.275247
104 107 300.00 0.102377
104 168 300.00 0.204643
56 104 300.00 0.246557
56 105 300.00 0.199997
56 133 300.00 0.798290
105 56 300.00 0.199997
105 58 300.00 0.212227
105 168 300.00 0.247567
133 56 300.00 0.798290
133 137 300.00 0.143143
133 135 300.00 0.145407
110 57 300.00 0.408040
110 60 300.00 0.456617
110 109 300.00 0.263410
110 127 300.00 0.258957
165 57 300.00 0.264853
165 127 300.00 0.413967
165 131 300.00 0.264270
165 164 300.00 0.405680
58 163 300.00 0.253197
58 105 300.00 0.212227
58 114 300.00 0.404917
114 58 300.00 0.404917
114 61 300.00 0.419697
114 132 300.00 0.251357
59 109 300.00 0.484237
59 60 300.00 0.266027
59 108 300.00 0.152850
60 59 300.00 0.266027
60 110 300.00 0.456617
60 128 300.00 0.255643
108 59 300.00 0.152850
108 199 300.00 0.172383
108 162 300.00 0.818890
128 60 300.00 0.255643
128 127 300.00 0.421413
128 129 300.00 0.268383
61 114 300.00 0.419697
61 62 300.00 0.412913
61 166 300.00 0.249667
62 61 300.00 0.412913
62 131 300.00 0.263740
166 61 300.00 0.249667
166 131 300.00 0.411283
166 132 300.00 0.415840
166 164 300.00 0.270237
131 62 300.00 0.263740
131 130 300.00 0.404290
131 165 300.00 0.264270
131 166 300.00 0.411283
63 142 300.00 0.205933
142 145 300.00 0.346637
142 144 300.00 0.404987
176 64 300.00 0.409133
176 208 300.00 0.116467
176 210 300.00 0.099187
176 212 300.00 0.224730
64 176 300.00 0.409133
64 149 300.00 0.262980
149 64 300.00 0.262980
149 141 300.00 0.406523
182 65 300.00 0.627600
182 181 300.00 0.479553
182 183 300.00 0.284857
66 180 300.00 0.074333
187 186 300.00 0.205560
187 18 300.00 0.137417
73 72 300.00 0.273837
75 74 300.00 0.275203
77 76 300.00 0.302400
79 78 300.00 0.315500
81 80 300.00 0.417677
83 82 300.00 0.210303
83 201 300.00 0.236117
83 87 300.00 0.218083
83 84 300.00 0.294457
200 82 300.00 0.306780
200 170 300.00 0.068173
200 199 300.00 0.200733
198 82 300.00 0.275413
201 83 300.00 0.236117
84 83 300.00 0.294457
86 87 300.00 0.389587
171 87 300.00 0.299930
101 89 300.00 0.163380
101 100 300.00 0.311030
101 103 300.00 0.138793
205 89 300.00 0.261443
90 89 300.00 0.149627
90 92 300.00 0.157997
90 91 300.00 0.227107
92 90 300.00 0.157997
92 99 300.00 0.015160
92 93 300.00 0.255860
91 90 300.00 0.227107
99 92 300.00 0.015160
99 94 300.00 0.117447
99 100 300.00 0.165987
93 92 300.00 0.255860
94 99 300.00 0.117447
94 97 300.00 0.166823
94 188 300.00 0.150157
94 117 300.00 0.346137
97 94 300.00 0.166823
97 96 300.00 0.079400
97 98 300.00 0.155940
97 154 300.00 0.326630
188 94 300.00 0.150157
188 95 300.00 0.122467
188 98 300.00 0.167410
117 94 300.00 0.346137
117 154 300.00 0.142900
117 181 300.00 0.143690
95 188 300.00 0.122467
98 96 300.00 0.240530
98 97 300.00 0.155940
98 188 300.00 0.167410
154 97 300.00 0.326630
154 115 300.00 0.125677
154 116 300.00 0.176803
154 117 300.00 0.142900
100 99 300.00 0.165987
100 102 300.00 0.135110
100 101 300.00 0.311030
102 100 300.00 0.135110
102 181 300.00 0.060327
102 103 300.00 0.299063
181 102 300.00 0.060327
181 117 300.00 0.143690
181 182 300.00 0.479553
107 104 300.00 0.102377
168 104 300.00 0.204643
168 105 300.00 0.247567
168 106 300.00 0.271047
168 163 300.00 0.209627
127 110 300.00 0.258957
127 165 300.00 0.413967
127 130 300.00 0.263653
127 128 300.00 0.421413
123 112 300.00 0.203130
123 118 300.00 0.213087
123 159 300.00 0.136223
120 112 300.00 0.127837
120 113 300.00 0.132700
120 159 300.00 0.202730
160 113 300.00 0.201160
160 159 300.00 0.128260
160 167 300.00 0.212507
160 161 300.00 0.129643
122 113 300.00 0.131597
122 126 300.00 0.127120
122 161 300.00 0.201333
132 114 300.00 0.251357
132 126 300.00 0.270037
132 166 300.00 0.415840
132 163 300.00 0.406297
183 115 300.00 0.367770
183 158 300.00 0.639893
183 182 300.00 0.284857
118 202 300.00 0.248863
118 123 300.00 0.213087
118 119 300.00 0.129653
119 118 300.00 0.129653
119 167 300.00 0.128547
119 159 300.00 0.208777
167 119 300.00 0.128547
167 121 300.00 0.126660
167 160 300.00 0.212507
167 203 300.00 0.258433
159 119 300.00 0.208777
159 120 300.00 0.202730
159 123 300.00 0.136223
159 160 300.00 0.128260
161 121 300.00 0.212377
161 122 300.00 0.201333
161 124 300.00 0.132100
161 160 300.00 0.129643
126 122 300.00 0.127120
126 124 300.00 0.201093
126 132 300.00 0.270037
126 164 300.00 0.412323
130 127 300.00 0.263653
130 129 300.00 0.391197
130 131 300.00 0.404290
129 128 300.00 0.268383
129 130 300.00 0.391197
137 133 300.00 0.143143
137 139 300.00 0.143873
137 157 300.00 0.514640
135 133 300.00 0.145407
135 134 300.00 0.325417
135 136 300.00 0.365267
134 135 300.00 0.325417
136 135 300.00 0.365267
157 137 300.00 0.514640
157 138 300.00 0.277197
157 156 300.00 0.145703
156 139 300.00 0.515843
156 140 300.00 0.273943
156 155 300.00 0.153147
156 157 300.00 0.145703
210 141 300.00 0.160880
210 176 300.00 0.099187
210 209 300.00 0.224247
211 141 300.00 0.222707
211 155 300.00 0.187603
211 209 300.00 0.143667
145 142 300.00 0.346637
145 143 300.00 0.256993
145 206 300.00 0.591380
144 143 300.00 0.187480
144 66 300.00 1.028527
143 145 300.00 0.256993
143 147 300.00 0.598687
143 144 300.00 0.187480
147 143 300.00 0.598687
147 206 300.00 0.256813
147 148 300.00 0.493290
206 145 300.00 0.591380
206 146 300.00 0.219367
206 147 300.00 0.256813
146 206 300.00 0.219367
179 148 300.00 0.271370
179 150 300.00 0.251897
179 214 300.00 0.151280
177 155 300.00 0.254410
177 207 300.00 0.106170
177 212 300.00 0.188270
170 200 300.00 0.068173
173 172 300.00 0.308093
208 176 300.00 0.116467
208 207 300.00 0.410420
212 176 300.00 0.224730
212 177 300.00 0.188270
212 209 300.00 0.115767
214 178 300.00 0.366240
214 179 300.00 0.151280
214 213 300.00 0.081897
186 187 300.00 0.205560
191 190 300.00 0.255140
191 192 300.00 0.262720
191 196 300.00 0.478067
209 210 300.00 0.224247
209 211 300.00 0.143667
209 212 300.00 0.115767
213 214 300.00 0.081897
216 215 300.00 0.133263
