57.000000 0.000000 300.000000 0.528047
0.000000 57.000000 300.000000 0.528047
51.000000 0.000000 300.000000 0.396153
0.000000 51.000000 300.000000 0.396153
0.000000 1.000000 300.000000 0.197047
103.000000 1.000000 300.000000 0.292203
1.000000 103.000000 300.000000 0.292203
24.000000 1.000000 300.000000 0.403697
1.000000 24.000000 300.000000 0.403697
1.000000 99.000000 300.000000 0.148147
2.000000 108.000000 300.000000 0.019660
2.000000 56.000000 300.000000 0.519473
4.000000 3.000000 300.000000 0.243527
3.000000 4.000000 300.000000 0.243527
29.000000 3.000000 300.000000 0.411640
3.000000 29.000000 300.000000 0.411640
62.000000 4.000000 300.000000 0.409163
4.000000 62.000000 300.000000 0.409163
3.000000 4.000000 300.000000 0.243527
4.000000 3.000000 300.000000 0.243527
15.000000 5.000000 300.000000 1.291210
5.000000 15.000000 300.000000 1.291210
5.000000 6.000000 300.000000 0.347270
6.000000 7.000000 300.000000 0.388920
7.000000 86.000000 300.000000 0.157067
7.000000 20.000000 300.000000 0.402993
8.000000 87.000000 300.000000 0.044757
18.000000 8.000000 300.000000 0.405520
8.000000 18.000000 300.000000 0.405520
9.000000 112.000000 300.000000 0.018190
9.000000 10.000000 300.000000 0.403257
111.000000 10.000000 300.000000 0.018950
10.000000 111.000000 300.000000 0.018950
10.000000 22.000000 300.000000 0.409867
10.000000 12.000000 300.000000 0.407663
109.000000 11.000000 300.000000 0.020970
11.000000 109.000000 300.000000 0.020970
24.000000 11.000000 300.000000 0.411150
11.000000 24.000000 300.000000 0.411150
11.000000 2.000000 300.000000 0.404283
110.000000 12.000000 300.000000 0.019613
12.000000 110.000000 300.000000 0.019613
23.000000 12.000000 300.000000 0.406360
12.000000 23.000000 300.000000 0.406360
12.000000 11.000000 300.000000 0.402293
5.000000 15.000000 300.000000 1.291210
15.000000 5.000000 300.000000 1.291210
16.000000 67.000000 300.000000 0.106927
65.000000 16.000000 300.000000 0.104147
16.000000 65.000000 300.000000 0.104147
17.000000 64.000000 300.000000 0.026670
17.000000 52.000000 300.000000 0.230663
21.000000 18.000000 300.000000 0.352720
18.000000 21.000000 300.000000 0.352720
20.000000 18.000000 300.000000 0.305040
18.000000 20.000000 300.000000 0.305040
8.000000 18.000000 300.000000 0.405520
18.000000 8.000000 300.000000 0.405520
19.000000 17.000000 300.000000 0.195927
18.000000 20.000000 300.000000 0.305040
20.000000 18.000000 300.000000 0.305040
20.000000 53.000000 300.000000 0.624427
65.000000 20.000000 300.000000 0.222693
20.000000 65.000000 300.000000 0.222693
22.000000 21.000000 300.000000 0.401323
21.000000 22.000000 300.000000 0.401323
18.000000 21.000000 300.000000 0.352720
21.000000 18.000000 300.000000 0.352720
21.000000 9.000000 300.000000 0.404053
54.000000 22.000000 300.000000 0.201840
22.000000 54.000000 300.000000 0.201840
23.000000 22.000000 300.000000 0.403190
22.000000 23.000000 300.000000 0.403190
21.000000 22.000000 300.000000 0.401323
22.000000 21.000000 300.000000 0.401323
24.000000 23.000000 300.000000 0.408623
23.000000 24.000000 300.000000 0.408623
22.000000 23.000000 300.000000 0.403190
23.000000 22.000000 300.000000 0.403190
50.000000 23.000000 300.000000 0.203407
23.000000 50.000000 300.000000 0.203407
12.000000 23.000000 300.000000 0.406360
23.000000 12.000000 300.000000 0.406360
1.000000 24.000000 300.000000 0.403697
24.000000 1.000000 300.000000 0.403697
23.000000 24.000000 300.000000 0.408623
24.000000 23.000000 300.000000 0.408623
11.000000 24.000000 300.000000 0.411150
24.000000 11.000000 300.000000 0.411150
51.000000 24.000000 300.000000 0.197743
24.000000 51.000000 300.000000 0.197743
25.000000 115.000000 300.000000 0.406503
100.000000 25.000000 300.000000 0.152960
25.000000 100.000000 300.000000 0.152960
25.000000 85.000000 300.000000 0.450893
26.000000 73.000000 300.000000 0.173617
27.000000 26.000000 300.000000 0.406037
26.000000 27.000000 300.000000 0.406037
26.000000 59.000000 300.000000 0.358803
111.000000 27.000000 300.000000 0.401150
27.000000 111.000000 300.000000 0.401150
61.000000 27.000000 300.000000 0.298177
27.000000 61.000000 300.000000 0.298177
26.000000 27.000000 300.000000 0.406037
27.000000 26.000000 300.000000 0.406037
72.000000 27.000000 300.000000 0.271163
27.000000 72.000000 300.000000 0.271163
110.000000 28.000000 300.000000 0.399703
28.000000 110.000000 300.000000 0.399703
48.000000 28.000000 300.000000 0.277203
28.000000 48.000000 300.000000 0.277203
72.000000 28.000000 300.000000 0.129367
28.000000 72.000000 300.000000 0.129367
69.000000 28.000000 300.000000 0.135457
28.000000 69.000000 300.000000 0.135457
62.000000 29.000000 300.000000 0.258340
29.000000 62.000000 300.000000 0.258340
109.000000 29.000000 300.000000 0.397667
29.000000 109.000000 300.000000 0.397667
69.000000 29.000000 300.000000 0.267430
29.000000 69.000000 300.000000 0.267430
3.000000 29.000000 300.000000 0.411640
29.000000 3.000000 300.000000 0.411640
31.000000 30.000000 300.000000 0.360903
30.000000 31.000000 300.000000 0.360903
120.000000 30.000000 300.000000 0.229823
30.000000 120.000000 300.000000 0.229823
94.000000 30.000000 300.000000 0.129197
30.000000 94.000000 300.000000 0.129197
98.000000 31.000000 300.000000 0.824813
31.000000 98.000000 300.000000 0.824813
92.000000 31.000000 300.000000 0.284413
31.000000 92.000000 300.000000 0.284413
30.000000 31.000000 300.000000 0.360903
31.000000 30.000000 300.000000 0.360903
95.000000 33.000000 300.000000 0.060700
33.000000 95.000000 300.000000 0.060700
35.000000 34.000000 300.000000 0.549523
34.000000 35.000000 300.000000 0.549523
34.000000 35.000000 300.000000 0.549523
35.000000 34.000000 300.000000 0.549523
37.000000 35.000000 300.000000 0.267350
35.000000 37.000000 300.000000 0.267350
36.000000 35.000000 300.000000 0.250367
35.000000 36.000000 300.000000 0.250367
35.000000 36.000000 300.000000 0.250367
36.000000 35.000000 300.000000 0.250367
37.000000 32.000000 300.000000 0.206147
35.000000 37.000000 300.000000 0.267350
37.000000 35.000000 300.000000 0.267350
84.000000 38.000000 300.000000 0.292557
38.000000 84.000000 300.000000 0.292557
40.000000 38.000000 300.000000 0.312527
38.000000 40.000000 300.000000 0.312527
42.000000 38.000000 300.000000 0.382677
38.000000 42.000000 300.000000 0.382677
79.000000 39.000000 300.000000 0.228710
39.000000 79.000000 300.000000 0.228710
46.000000 39.000000 300.000000 0.389540
39.000000 46.000000 300.000000 0.389540
81.000000 39.000000 300.000000 0.297537
39.000000 81.000000 300.000000 0.297537
38.000000 40.000000 300.000000 0.312527
40.000000 38.000000 300.000000 0.312527
42.000000 40.000000 300.000000 0.673163
40.000000 42.000000 300.000000 0.673163
116.000000 41.000000 300.000000 0.015773
41.000000 116.000000 300.000000 0.015773
41.000000 98.000000 300.000000 0.133713
46.000000 42.000000 300.000000 0.368557
42.000000 46.000000 300.000000 0.368557
38.000000 42.000000 300.000000 0.382677
42.000000 38.000000 300.000000 0.382677
83.000000 42.000000 300.000000 0.291690
42.000000 83.000000 300.000000 0.291690
40.000000 42.000000 300.000000 0.673163
42.000000 40.000000 300.000000 0.673163
103.000000 43.000000 300.000000 0.233407
43.000000 103.000000 300.000000 0.233407
57.000000 43.000000 300.000000 0.212450
43.000000 57.000000 300.000000 0.212450
56.000000 43.000000 300.000000 0.408207
43.000000 56.000000 300.000000 0.408207
46.000000 44.000000 300.000000 0.456097
44.000000 46.000000 300.000000 0.456097
119.000000 45.000000 300.000000 0.017773
45.000000 119.000000 300.000000 0.017773
45.000000 47.000000 300.000000 0.365190
39.000000 46.000000 300.000000 0.389540
46.000000 39.000000 300.000000 0.389540
42.000000 46.000000 300.000000 0.368557
46.000000 42.000000 300.000000 0.368557
82.000000 46.000000 300.000000 0.298163
46.000000 82.000000 300.000000 0.298163
44.000000 46.000000 300.000000 0.456097
46.000000 44.000000 300.000000 0.456097
118.000000 47.000000 300.000000 0.018577
47.000000 118.000000 300.000000 0.018577
47.000000 88.000000 300.000000 0.207300
62.000000 48.000000 300.000000 0.404680
48.000000 62.000000 300.000000 0.404680
71.000000 48.000000 300.000000 0.128573
48.000000 71.000000 300.000000 0.128573
28.000000 48.000000 300.000000 0.277203
48.000000 28.000000 300.000000 0.277203
54.000000 49.000000 300.000000 0.408310
49.000000 54.000000 300.000000 0.408310
102.000000 49.000000 300.000000 0.336820
49.000000 102.000000 300.000000 0.336820
49.000000 21.000000 300.000000 0.200427
23.000000 50.000000 300.000000 0.203407
50.000000 23.000000 300.000000 0.203407
51.000000 50.000000 300.000000 0.415237
50.000000 51.000000 300.000000 0.415237
0.000000 51.000000 300.000000 0.396153
51.000000 0.000000 300.000000 0.396153
50.000000 51.000000 300.000000 0.415237
51.000000 50.000000 300.000000 0.415237
24.000000 51.000000 300.000000 0.197743
51.000000 24.000000 300.000000 0.197743
52.000000 16.000000 300.000000 0.639220
53.000000 52.000000 300.000000 0.230860
52.000000 53.000000 300.000000 0.230860
53.000000 19.000000 300.000000 0.234710
101.000000 53.000000 300.000000 0.344670
53.000000 101.000000 300.000000 0.344670
52.000000 53.000000 300.000000 0.230860
53.000000 52.000000 300.000000 0.230860
22.000000 54.000000 300.000000 0.201840
54.000000 22.000000 300.000000 0.201840
49.000000 54.000000 300.000000 0.408310
54.000000 49.000000 300.000000 0.408310
55.000000 101.000000 300.000000 0.015327
43.000000 56.000000 300.000000 0.408207
56.000000 43.000000 300.000000 0.408207
0.000000 57.000000 300.000000 0.528047
57.000000 0.000000 300.000000 0.528047
43.000000 57.000000 300.000000 0.212450
57.000000 43.000000 300.000000 0.212450
121.000000 58.000000 300.000000 0.160907
58.000000 121.000000 300.000000 0.160907
60.000000 58.000000 300.000000 0.358427
58.000000 60.000000 300.000000 0.358427
59.000000 25.000000 300.000000 0.305810
59.000000 74.000000 300.000000 0.167837
75.000000 60.000000 300.000000 0.161013
60.000000 75.000000 300.000000 0.161013
58.000000 60.000000 300.000000 0.358427
60.000000 58.000000 300.000000 0.358427
71.000000 61.000000 300.000000 0.278383
61.000000 71.000000 300.000000 0.278383
75.000000 61.000000 300.000000 0.244673
61.000000 75.000000 300.000000 0.244673
27.000000 61.000000 300.000000 0.298177
61.000000 27.000000 300.000000 0.298177
4.000000 62.000000 300.000000 0.409163
62.000000 4.000000 300.000000 0.409163
48.000000 62.000000 300.000000 0.404680
62.000000 48.000000 300.000000 0.404680
29.000000 62.000000 300.000000 0.258340
62.000000 29.000000 300.000000 0.258340
121.000000 63.000000 300.000000 0.127530
63.000000 121.000000 300.000000 0.127530
68.000000 65.000000 300.000000 0.103197
65.000000 68.000000 300.000000 0.103197
20.000000 65.000000 300.000000 0.222693
65.000000 20.000000 300.000000 0.222693
16.000000 65.000000 300.000000 0.104147
65.000000 16.000000 300.000000 0.104147
66.000000 6.000000 300.000000 0.214363
68.000000 66.000000 300.000000 0.217833
66.000000 68.000000 300.000000 0.217833
67.000000 66.000000 300.000000 0.089950
68.000000 67.000000 300.000000 0.117603
67.000000 68.000000 300.000000 0.117603
67.000000 68.000000 300.000000 0.117603
68.000000 67.000000 300.000000 0.117603
66.000000 68.000000 300.000000 0.217833
68.000000 66.000000 300.000000 0.217833
65.000000 68.000000 300.000000 0.103197
68.000000 65.000000 300.000000 0.103197
70.000000 69.000000 300.000000 0.195667
69.000000 70.000000 300.000000 0.195667
28.000000 69.000000 300.000000 0.135457
69.000000 28.000000 300.000000 0.135457
29.000000 69.000000 300.000000 0.267430
69.000000 29.000000 300.000000 0.267430
69.000000 70.000000 300.000000 0.195667
70.000000 69.000000 300.000000 0.195667
48.000000 71.000000 300.000000 0.128573
71.000000 48.000000 300.000000 0.128573
61.000000 71.000000 300.000000 0.278383
71.000000 61.000000 300.000000 0.278383
72.000000 71.000000 300.000000 0.281910
71.000000 72.000000 300.000000 0.281910
71.000000 72.000000 300.000000 0.281910
72.000000 71.000000 300.000000 0.281910
27.000000 72.000000 300.000000 0.271163
72.000000 27.000000 300.000000 0.271163
28.000000 72.000000 300.000000 0.129367
72.000000 28.000000 300.000000 0.129367
76.000000 73.000000 300.000000 0.152613
73.000000 76.000000 300.000000 0.152613
74.000000 73.000000 300.000000 0.361510
73.000000 74.000000 300.000000 0.361510
73.000000 60.000000 300.000000 0.144893
73.000000 74.000000 300.000000 0.361510
74.000000 73.000000 300.000000 0.361510
74.000000 58.000000 300.000000 0.164963
60.000000 75.000000 300.000000 0.161013
75.000000 60.000000 300.000000 0.161013
61.000000 75.000000 300.000000 0.244673
75.000000 61.000000 300.000000 0.244673
76.000000 75.000000 300.000000 0.137230
75.000000 76.000000 300.000000 0.137230
123.000000 76.000000 300.000000 0.138783
76.000000 123.000000 300.000000 0.138783
73.000000 76.000000 300.000000 0.152613
76.000000 73.000000 300.000000 0.152613
75.000000 76.000000 300.000000 0.137230
76.000000 75.000000 300.000000 0.137230
114.000000 77.000000 300.000000 0.167843
77.000000 114.000000 300.000000 0.167843
79.000000 78.000000 300.000000 0.273320
78.000000 79.000000 300.000000 0.273320
39.000000 79.000000 300.000000 0.228710
79.000000 39.000000 300.000000 0.228710
85.000000 79.000000 300.000000 0.551257
79.000000 85.000000 300.000000 0.551257
78.000000 79.000000 300.000000 0.273320
79.000000 78.000000 300.000000 0.273320
117.000000 80.000000 300.000000 0.279053
80.000000 117.000000 300.000000 0.279053
82.000000 80.000000 300.000000 0.203520
80.000000 82.000000 300.000000 0.203520
81.000000 80.000000 300.000000 0.209040
80.000000 81.000000 300.000000 0.209040
116.000000 81.000000 300.000000 0.283867
81.000000 116.000000 300.000000 0.283867
39.000000 81.000000 300.000000 0.297537
81.000000 39.000000 300.000000 0.297537
80.000000 81.000000 300.000000 0.209040
81.000000 80.000000 300.000000 0.209040
118.000000 82.000000 300.000000 0.281727
82.000000 118.000000 300.000000 0.281727
46.000000 82.000000 300.000000 0.298163
82.000000 46.000000 300.000000 0.298163
83.000000 82.000000 300.000000 0.370297
82.000000 83.000000 300.000000 0.370297
80.000000 82.000000 300.000000 0.203520
82.000000 80.000000 300.000000 0.203520
119.000000 83.000000 300.000000 0.283617
83.000000 119.000000 300.000000 0.283617
42.000000 83.000000 300.000000 0.291690
83.000000 42.000000 300.000000 0.291690
84.000000 83.000000 300.000000 0.378943
83.000000 84.000000 300.000000 0.378943
82.000000 83.000000 300.000000 0.370297
83.000000 82.000000 300.000000 0.370297
38.000000 84.000000 300.000000 0.292557
84.000000 38.000000 300.000000 0.292557
83.000000 84.000000 300.000000 0.378943
84.000000 83.000000 300.000000 0.378943
100.000000 85.000000 300.000000 0.555570
85.000000 100.000000 300.000000 0.555570
79.000000 85.000000 300.000000 0.551257
85.000000 79.000000 300.000000 0.551257
114.000000 86.000000 300.000000 0.016547
86.000000 114.000000 300.000000 0.016547
86.000000 8.000000 300.000000 0.123473
87.000000 113.000000 300.000000 0.017207
87.000000 9.000000 300.000000 0.334960
117.000000 88.000000 300.000000 0.016683
88.000000 117.000000 300.000000 0.016683
88.000000 41.000000 300.000000 0.241010
89.000000 90.000000 300.000000 0.726753
100.000000 91.000000 300.000000 0.011083
91.000000 100.000000 300.000000 0.011083
91.000000 63.000000 300.000000 0.188790
31.000000 92.000000 300.000000 0.284413
92.000000 31.000000 300.000000 0.284413
93.000000 92.000000 300.000000 0.206643
92.000000 93.000000 300.000000 0.206643
92.000000 93.000000 300.000000 0.206643
93.000000 92.000000 300.000000 0.206643
95.000000 94.000000 300.000000 0.207803
94.000000 95.000000 300.000000 0.207803
30.000000 94.000000 300.000000 0.129197
94.000000 30.000000 300.000000 0.129197
105.000000 94.000000 300.000000 0.023353
94.000000 105.000000 300.000000 0.023353
94.000000 95.000000 300.000000 0.207803
95.000000 94.000000 300.000000 0.207803
33.000000 95.000000 300.000000 0.060700
95.000000 33.000000 300.000000 0.060700
96.000000 95.000000 300.000000 0.126630
95.000000 96.000000 300.000000 0.126630
104.000000 95.000000 300.000000 0.045753
95.000000 104.000000 300.000000 0.045753
95.000000 96.000000 300.000000 0.126630
96.000000 95.000000 300.000000 0.126630
98.000000 5.000000 300.000000 0.187277
31.000000 98.000000 300.000000 0.824813
98.000000 31.000000 300.000000 0.824813
99.000000 2.000000 300.000000 0.263270
106.000000 99.000000 300.000000 0.031723
99.000000 106.000000 300.000000 0.031723
91.000000 100.000000 300.000000 0.011083
100.000000 91.000000 300.000000 0.011083
25.000000 100.000000 300.000000 0.152960
100.000000 25.000000 300.000000 0.152960
85.000000 100.000000 300.000000 0.555570
100.000000 85.000000 300.000000 0.555570
101.000000 102.000000 300.000000 0.402107
53.000000 101.000000 300.000000 0.344670
101.000000 53.000000 300.000000 0.344670
49.000000 102.000000 300.000000 0.336820
102.000000 49.000000 300.000000 0.336820
102.000000 18.000000 300.000000 0.198733
43.000000 103.000000 300.000000 0.233407
103.000000 43.000000 300.000000 0.233407
1.000000 103.000000 300.000000 0.292203
103.000000 1.000000 300.000000 0.292203
107.000000 103.000000 300.000000 0.071723
103.000000 107.000000 300.000000 0.071723
95.000000 104.000000 300.000000 0.045753
104.000000 95.000000 300.000000 0.045753
94.000000 105.000000 300.000000 0.023353
105.000000 94.000000 300.000000 0.023353
99.000000 106.000000 300.000000 0.031723
106.000000 99.000000 300.000000 0.031723
103.000000 107.000000 300.000000 0.071723
107.000000 103.000000 300.000000 0.071723
108.000000 3.000000 300.000000 0.393423
108.000000 109.000000 300.000000 0.403003
11.000000 109.000000 300.000000 0.020970
109.000000 11.000000 300.000000 0.020970
109.000000 110.000000 300.000000 0.402150
29.000000 109.000000 300.000000 0.397667
109.000000 29.000000 300.000000 0.397667
12.000000 110.000000 300.000000 0.019613
110.000000 12.000000 300.000000 0.019613
110.000000 111.000000 300.000000 0.408980
28.000000 110.000000 300.000000 0.399703
110.000000 28.000000 300.000000 0.399703
10.000000 111.000000 300.000000 0.018950
111.000000 10.000000 300.000000 0.018950
111.000000 112.000000 300.000000 0.403667
27.000000 111.000000 300.000000 0.401150
111.000000 27.000000 300.000000 0.401150
112.000000 26.000000 300.000000 0.401880
112.000000 113.000000 300.000000 0.335400
113.000000 59.000000 300.000000 0.408920
113.000000 114.000000 300.000000 0.167853
86.000000 114.000000 300.000000 0.016547
114.000000 86.000000 300.000000 0.016547
77.000000 114.000000 300.000000 0.167843
114.000000 77.000000 300.000000 0.167843
114.000000 115.000000 300.000000 0.156980
115.000000 7.000000 300.000000 0.017667
115.000000 116.000000 300.000000 1.059477
41.000000 116.000000 300.000000 0.015773
116.000000 41.000000 300.000000 0.015773
116.000000 117.000000 300.000000 0.239320
81.000000 116.000000 300.000000 0.283867
116.000000 81.000000 300.000000 0.283867
88.000000 117.000000 300.000000 0.016683
117.000000 88.000000 300.000000 0.016683
117.000000 118.000000 300.000000 0.206020
80.000000 117.000000 300.000000 0.279053
117.000000 80.000000 300.000000 0.279053
47.000000 118.000000 300.000000 0.018577
118.000000 47.000000 300.000000 0.018577
118.000000 119.000000 300.000000 0.365750
82.000000 118.000000 300.000000 0.281727
118.000000 82.000000 300.000000 0.281727
45.000000 119.000000 300.000000 0.017773
119.000000 45.000000 300.000000 0.017773
83.000000 119.000000 300.000000 0.283617
119.000000 83.000000 300.000000 0.283617
30.000000 120.000000 300.000000 0.229823
120.000000 30.000000 300.000000 0.229823
58.000000 121.000000 300.000000 0.160907
121.000000 58.000000 300.000000 0.160907
63.000000 121.000000 300.000000 0.127530
121.000000 63.000000 300.000000 0.127530
122.000000 121.000000 300.000000 0.132580
121.000000 122.000000 300.000000 0.132580
121.000000 122.000000 300.000000 0.132580
122.000000 121.000000 300.000000 0.132580
76.000000 123.000000 300.000000 0.138783
123.000000 76.000000 300.000000 0.138783
