0 236 258.00 0.378333
0 239 329.00 0.482933
0 336 1494.00 2.188167
0 101 934.00 1.367933
1 31 969.00 1.419483
1 107 917.00 1.343050
1 21 3965.00 2.903633
2 32 915.00 1.341433
2 49 981.00 1.437450
2 33 4372.00 3.201783
3 269 619.00 0.907900
3 47 958.00 1.404200
3 57 499.00 0.731800
4 45 5690.00 4.167083
4 330 965.00 1.414367
5 46 1068.00 1.564200
5 4 808.00 0.591717
6 51 2182.00 3.195817
6 240 584.00 0.855883
6 49 939.00 1.375850
6 7 930.00 1.362183
7 6 930.00 1.362183
7 58 2182.00 3.196850
7 8 923.00 1.351917
7 71 2175.00 3.186383
8 7 923.00 1.351917
8 10 905.00 1.326767
8 65 2184.00 3.199183
8 79 2179.00 3.191917
9 119 626.00 0.917783
9 125 415.00 0.608383
9 120 1279.00 1.873400
10 8 905.00 1.326767
10 12 1261.00 1.847617
10 73 2196.00 3.217083
10 315 2172.00 3.182017
11 230 575.00 0.842250
11 14 3041.00 1.484600
12 10 1261.00 1.847617
12 15 155.00 0.228167
12 83 2040.00 2.988583
13 140 118.00 0.173283
13 142 789.00 1.155617
13 85 515.00 0.754233
14 315 1699.00 2.488617
14 89 1362.00 1.994650
15 12 155.00 0.228167
15 88 876.00 1.283667
15 226 2134.00 3.126400
16 88 925.00 1.354883
16 157 556.00 0.814833
16 17 2189.00 3.205783
17 16 2189.00 3.205783
17 225 3285.00 1.603867
18 320 1657.00 1.213650
18 20 924.00 1.354250
18 99 917.00 1.344133
19 22 927.00 1.358867
19 102 908.00 1.329900
19 18 3884.00 2.844650
20 18 924.00 1.354250
20 23 918.00 1.344533
20 22 3902.00 2.857400
21 25 959.00 1.405633
21 104 925.00 1.355183
21 19 3818.00 2.796283
22 19 927.00 1.358867
22 25 3820.00 2.797750
22 28 920.00 1.348683
23 20 918.00 1.344533
23 30 929.00 1.361617
23 266 795.00 1.165150
23 328 702.00 1.029200
24 29 2081.00 3.047667
24 354 944.00 1.382517
24 346 997.00 1.461250
25 21 959.00 1.405633
25 34 916.00 1.341483
25 31 3952.00 2.894250
26 38 1088.00 1.594783
27 1 3795.00 2.779483
27 36 968.00 1.418550
28 22 920.00 1.348683
28 35 923.00 1.353050
28 328 1202.00 1.761367
28 34 1921.00 2.814400
29 24 2081.00 3.047667
29 375 964.00 1.412750
29 350 900.00 1.318717
29 355 957.00 1.402650
30 23 929.00 1.361617
30 267 454.00 0.665717
30 329 1395.00 2.043250
30 39 911.00 1.335300
31 1 969.00 1.419483
31 40 926.00 1.356283
31 36 3824.00 2.800133
32 2 915.00 1.341433
32 345 846.00 1.239283
32 343 602.00 0.882433
33 111 937.00 1.373217
33 27 4333.00 3.173300
34 25 916.00 1.341483
34 28 1921.00 2.814400
34 41 907.00 1.328417
34 40 1971.00 2.887167
35 28 923.00 1.353050
35 329 577.00 0.845900
35 43 916.00 1.342683
35 41 1873.00 2.743350
36 42 4327.00 3.168917
36 44 925.00 1.355850
37 343 1508.00 2.209117
37 45 912.00 1.336717
37 350 67.00 0.098850
38 26 1088.00 1.594783
38 375 1836.00 2.688883
38 46 1014.00 1.485083
39 30 911.00 1.335300
39 301 439.00 0.644333
39 43 2009.00 2.943200
39 47 876.00 1.283050
40 31 926.00 1.356283
40 34 1971.00 2.887167
40 48 915.00 1.340000
40 44 1921.00 2.814350
41 34 907.00 1.328417
41 35 1873.00 2.743350
41 48 1955.00 2.863950
41 50 947.00 1.387667
42 49 4363.00 3.194967
42 33 973.00 1.425367
43 35 916.00 1.342683
43 39 2009.00 2.943200
43 53 889.00 1.302783
43 50 1821.00 2.667583
44 40 1921.00 2.814350
44 51 2162.00 3.166400
44 52 907.00 1.328417
45 37 912.00 1.336717
45 54 1020.00 1.494450
45 2 4288.00 3.140167
46 5 1068.00 1.564200
46 38 1014.00 1.485083
46 330 528.00 0.774417
47 3 958.00 1.404200
47 39 876.00 1.283050
47 268 566.00 0.829483
47 323 991.00 1.452417
48 40 915.00 1.340000
48 41 1955.00 2.863950
48 52 1937.00 2.837567
48 55 926.00 1.356367
49 2 981.00 1.437450
49 6 939.00 1.375850
49 241 1171.00 0.857517
50 41 947.00 1.387667
50 43 1821.00 2.667583
50 55 1969.00 2.884483
50 56 915.00 1.340683
51 6 2182.00 3.195817
51 44 2162.00 3.166400
51 42 932.00 1.366000
52 48 1937.00 2.837567
52 58 2165.00 3.171583
52 59 928.00 1.359250
53 43 889.00 1.302783
53 361 820.00 1.202283
53 56 1769.00 2.592033
53 60 1726.00 2.527950
54 45 1020.00 1.494450
54 233 935.00 1.369283
54 234 4570.00 3.346733
55 48 926.00 1.356367
55 50 1969.00 2.884483
55 59 1928.00 2.823567
55 61 922.00 1.350650
56 50 915.00 1.340683
56 53 1769.00 2.592033
56 61 1983.00 2.904250
56 67 1360.00 1.991767
57 3 499.00 0.731800
57 348 476.00 0.698483
57 360 607.00 0.889617
58 7 2182.00 3.196850
58 52 2165.00 3.171583
58 51 914.00 1.339483
59 55 1928.00 2.823567
59 68 917.00 1.343883
59 65 2177.00 3.188150
60 53 1726.00 2.527950
60 70 929.00 1.361433
60 362 487.00 0.713233
60 67 2180.00 3.193217
61 55 922.00 1.350650
61 56 1983.00 2.904250
61 64 1101.00 1.612733
61 72 1318.00 1.931167
62 364 489.00 0.716783
62 66 763.00 1.118467
62 348 454.00 0.666267
63 232 3091.00 1.508950
64 61 1101.00 1.612733
64 68 838.00 1.228433
64 75 1284.00 1.881750
65 8 2184.00 3.199183
65 59 2177.00 3.188150
65 58 925.00 1.355950
66 62 763.00 1.118467
66 325 474.00 0.695233
66 270 1064.00 1.559617
67 56 1360.00 1.991767
67 60 2180.00 3.193217
67 74 877.00 1.284867
67 72 2083.00 3.050733
68 64 838.00 1.228433
68 73 2178.00 3.190567
68 78 1293.00 1.894417
69 70 611.00 0.895083
70 60 929.00 1.361433
70 69 611.00 0.895083
70 74 2178.00 3.190417
70 76 818.00 1.198317
71 7 2175.00 3.186383
71 231 1595.00 2.337150
71 79 923.00 1.351767
71 233 924.00 1.353500
72 61 1318.00 1.931167
72 67 2083.00 3.050733
72 80 903.00 1.322617
72 75 1148.00 1.681333
73 10 2196.00 3.217083
73 68 2178.00 3.190567
73 65 903.00 1.322833
73 314 1310.00 1.919267
74 67 877.00 1.284867
74 70 2178.00 3.190417
74 80 2011.00 2.945033
74 81 881.00 1.291233
75 64 1284.00 1.881750
75 72 1148.00 1.681333
75 82 907.00 1.329433
75 78 1030.00 1.509350
76 70 818.00 1.198317
76 123 413.00 0.605750
76 118 848.00 1.243083
76 122 1105.00 1.618550
77 11 3109.00 1.518150
77 231 1044.00 1.529850
78 68 1293.00 1.894417
78 75 1030.00 1.509350
78 314 2125.00 3.112400
78 84 888.00 1.300650
79 8 2179.00 3.191917
79 71 923.00 1.351767
79 315 907.00 1.329550
79 230 1590.00 2.328667
80 72 903.00 1.322617
80 74 2011.00 2.945033
80 82 1178.00 1.726450
80 85 845.00 1.238650
81 74 881.00 1.291233
81 126 49.00 0.072033
81 128 434.00 0.636383
82 75 907.00 1.329433
82 80 1178.00 1.726450
82 84 1058.00 1.550600
82 142 947.00 1.387150
83 12 2040.00 2.988583
83 86 864.00 1.265333
83 314 67.00 0.098867
84 78 888.00 1.300650
84 82 1058.00 1.550600
84 87 955.00 1.398750
84 86 2189.00 3.206183
85 13 515.00 0.754233
85 80 845.00 1.238650
85 128 1527.00 2.237083
86 83 864.00 1.265333
86 84 2189.00 3.206183
86 88 2178.00 3.189850
86 90 978.00 1.432767
87 84 955.00 1.398750
87 142 1025.00 1.502167
87 219 291.00 0.427267
87 159 1487.00 2.177967
88 15 876.00 1.283667
88 16 925.00 1.354883
88 86 2178.00 3.189850
88 227 2110.00 3.090500
89 228 851.00 1.247133
89 306 833.00 0.305117
90 86 978.00 1.432767
90 356 95.00 0.139933
90 157 1598.00 2.340900
91 227 517.00 0.758317
91 17 2940.00 1.435417
92 158 1913.00 2.802300
92 167 893.00 1.308067
92 159 555.00 0.813417
93 200 2308.00 3.381250
93 94 928.00 1.359667
94 93 928.00 1.359667
94 340 435.00 0.637733
94 95 1909.00 2.795800
94 201 1339.00 1.960967
95 94 1909.00 2.795800
95 99 943.00 1.382300
95 97 1973.00 2.890650
96 100 909.00 1.331450
96 98 1921.00 2.814200
97 95 1973.00 2.890650
97 102 923.00 1.352600
97 334 1112.00 1.629600
98 96 1921.00 2.814200
98 103 915.00 1.340617
99 18 917.00 1.344133
99 95 943.00 1.382300
99 336 438.00 0.642117
99 102 1936.00 2.836617
100 96 909.00 1.331450
100 104 905.00 1.326383
100 334 781.00 1.144833
100 103 1928.00 2.824333
101 0 934.00 1.367933
101 105 939.00 1.376383
101 202 4701.00 3.442267
102 19 908.00 1.329900
102 97 923.00 1.352600
102 99 1936.00 2.836617
102 104 1916.00 2.806100
103 98 915.00 1.340617
103 100 1928.00 2.824333
103 107 900.00 1.318567
103 106 1935.00 2.834950
104 21 925.00 1.355183
104 100 905.00 1.326383
104 102 1916.00 2.806100
104 107 1966.00 2.879767
105 101 939.00 1.376383
105 261 664.00 0.486617
105 300 902.00 1.322267
106 103 1935.00 2.834950
106 109 925.00 1.355633
106 108 2179.00 3.191533
107 1 917.00 1.343050
107 103 900.00 1.318567
107 104 1966.00 2.879767
107 109 1905.00 2.789800
108 106 2179.00 3.191533
108 353 923.00 1.351833
108 346 1276.00 1.869300
109 107 1905.00 2.789800
109 331 1205.00 1.765800
109 27 931.00 1.364350
110 338 1770.00 2.593167
110 263 1075.00 1.574300
110 112 942.00 1.380417
110 300 906.00 1.327000
111 108 913.00 1.337183
111 331 972.00 1.423667
111 345 1342.00 1.965967
112 110 942.00 1.380417
112 204 2361.00 3.457883
112 264 1101.00 1.612600
112 113 901.00 1.320767
113 112 901.00 1.320767
113 302 1050.00 1.539133
113 342 449.00 0.657700
113 205 2363.00 3.460917
114 265 983.00 1.440900
114 253 589.00 0.862983
114 246 934.00 1.369017
114 342 483.00 0.707400
115 117 182.00 0.266967
115 365 249.00 0.365900
115 324 731.00 1.070800
116 208 206.00 0.302817
116 256 1309.00 1.918383
116 273 741.00 1.085833
117 115 182.00 0.266967
117 286 195.00 0.286700
117 119 934.00 1.368700
118 76 848.00 1.243083
119 9 626.00 0.917783
119 117 934.00 1.368700
119 324 461.00 0.675833
120 9 1279.00 1.873400
120 288 188.00 0.276083
120 286 206.00 0.302600
121 123 251.00 0.367600
121 152 1781.00 2.608500
121 294 1941.00 2.842983
122 76 1105.00 1.618550
122 212 404.00 0.593017
122 126 1040.00 1.524050
123 76 413.00 0.605750
123 121 251.00 0.367600
123 129 503.00 0.737933
123 212 1133.00 1.659333
124 130 460.00 0.674083
124 288 237.00 0.348117
124 127 1473.00 2.158233
125 9 415.00 0.608383
125 127 176.00 0.257900
125 135 908.00 1.330850
126 81 49.00 0.072033
126 122 1040.00 1.524050
126 131 327.00 0.479900
127 124 1473.00 2.158233
127 125 176.00 0.257900
127 132 447.00 0.655167
128 81 434.00 0.636383
128 85 1527.00 2.237083
128 137 564.00 0.826550
129 123 503.00 0.737933
129 134 417.00 0.611317
129 133 1152.00 1.687850
130 124 460.00 0.674083
130 144 750.00 1.098583
130 284 485.00 0.710783
131 126 327.00 0.479900
131 136 323.00 0.474117
131 212 1115.00 1.633883
132 127 447.00 0.655167
132 280 416.00 0.609833
132 282 398.00 0.583467
132 146 598.00 0.876683
133 129 1152.00 1.687850
133 139 392.00 0.575350
133 212 473.00 0.693833
133 136 1194.00 1.749333
134 129 417.00 0.611317
134 141 356.00 0.522550
134 358 1005.00 1.472450
135 125 908.00 1.330850
135 143 207.00 0.304317
135 280 298.00 0.437383
136 131 323.00 0.474117
136 133 1194.00 1.749333
136 153 616.00 0.903117
136 137 408.00 0.598100
137 128 564.00 0.826550
137 136 408.00 0.598100
137 138 707.00 1.036217
138 137 707.00 1.036217
139 133 392.00 0.575350
139 358 73.00 0.107883
139 296 168.00 0.246333
140 13 118.00 0.173283
140 155 1167.00 1.709717
141 134 356.00 0.522550
141 313 779.00 1.141950
141 295 297.00 0.436200
142 13 789.00 1.155617
142 82 947.00 1.387150
142 87 1025.00 1.502167
142 156 1393.00 2.040683
143 135 207.00 0.304317
143 373 171.00 0.250867
143 149 461.00 0.676533
143 275 1185.00 1.735733
144 130 750.00 1.098583
144 285 112.00 0.164900
145 146 147.00 0.216183
145 283 272.00 0.398417
145 279 397.00 0.581667
146 132 598.00 0.876683
146 145 147.00 0.216183
146 281 420.00 0.616183
147 151 409.00 0.600050
147 311 1009.00 1.478717
147 373 439.00 0.644350
148 295 407.00 0.596117
148 358 683.00 1.000250
149 143 461.00 0.676533
149 278 393.00 0.576500
149 370 112.00 0.164083
149 281 424.00 0.621783
150 152 399.00 0.585150
150 293 206.00 0.302300
150 294 1043.00 1.528000
151 147 409.00 0.600050
151 154 423.00 0.619550
151 310 933.00 1.367600
152 121 1781.00 2.608500
152 150 399.00 0.585150
153 136 616.00 0.903117
153 218 199.00 0.291433
154 151 423.00 0.619550
154 277 437.00 0.641367
154 276 593.00 0.868850
155 140 1167.00 1.709717
155 156 888.00 1.300450
155 158 504.00 0.738100
156 142 1393.00 2.040683
156 155 888.00 1.300450
156 159 1015.00 1.487467
157 16 556.00 0.814833
157 90 1598.00 2.340900
157 224 509.00 0.746367
158 155 504.00 0.738100
158 164 914.00 1.339800
159 87 1487.00 2.177967
159 92 555.00 0.813417
159 156 1015.00 1.487467
160 163 559.00 0.818650
160 298 947.00 1.387217
160 162 650.00 0.952700
161 297 1472.00 2.156283
162 160 650.00 0.952700
162 222 594.00 0.870850
162 166 1054.00 1.543567
162 220 993.00 1.455417
163 160 559.00 0.818650
164 158 914.00 1.339800
164 168 867.00 1.270167
164 167 1905.00 2.790583
165 224 976.00 1.429700
165 170 1982.00 2.903183
165 169 964.00 1.412400
165 222 1109.00 1.625017
166 162 1054.00 1.543567
166 171 903.00 1.323100
166 92 1908.00 2.795000
167 92 893.00 1.308067
167 171 1913.00 2.802467
167 172 917.00 1.343150
168 164 867.00 1.270167
168 172 1863.00 2.729417
168 173 891.00 1.305767
169 165 964.00 1.412400
169 175 898.00 1.315250
169 166 1642.00 2.404900
170 165 1982.00 2.903183
170 174 2684.00 1.310300
171 166 903.00 1.323100
171 175 1632.00 2.390717
171 327 710.00 1.039900
172 167 917.00 1.343150
172 168 1863.00 2.729417
172 351 66.00 0.096900
173 168 891.00 1.305767
173 176 1843.00 2.699350
173 178 693.00 1.015533
174 169 1661.00 2.433117
174 179 2768.00 1.351483
175 169 898.00 1.315250
175 326 897.00 1.315050
175 179 1348.00 1.974100
176 173 1843.00 2.699350
176 351 675.00 0.989700
176 180 708.00 1.037500
177 181 768.00 1.125117
177 178 74.00 0.108817
178 173 693.00 1.015533
178 177 74.00 0.108817
178 180 1802.00 2.640133
179 187 8475.00 4.137467
180 176 708.00 1.037500
180 178 1802.00 2.640133
180 182 734.00 1.075500
180 352 1725.00 2.526350
181 177 768.00 1.125117
181 182 1932.00 2.830717
182 180 734.00 1.075500
182 181 1932.00 2.830717
182 186 942.00 1.379650
182 185 1722.00 2.522317
183 185 763.00 1.117717
183 352 82.00 0.121533
183 217 1400.00 2.051300
184 188 1842.00 2.698817
185 182 1722.00 2.522317
185 183 763.00 1.117717
185 189 985.00 1.443433
185 191 1993.00 2.918883
186 182 942.00 1.379650
186 189 1767.00 2.588983
186 188 840.00 1.230283
187 191 2130.00 1.040150
187 217 826.00 1.210567
188 184 1842.00 2.698817
188 186 840.00 1.230283
188 193 946.00 1.386517
188 213 568.00 0.832050
189 185 985.00 1.443433
189 186 1767.00 2.588983
189 190 100.00 0.146717
190 189 100.00 0.146717
190 195 1576.00 2.308483
190 194 866.00 1.269450
191 185 1993.00 2.918883
191 195 3155.00 1.540583
192 197 1928.00 2.823717
193 188 946.00 1.386517
193 198 1888.00 2.765333
193 197 980.00 1.435633
194 190 866.00 1.269450
194 198 951.00 1.392917
194 215 803.00 1.177283
194 196 1351.00 1.979317
195 190 1576.00 2.308483
195 196 2574.00 1.256917
196 194 1351.00 1.979317
196 304 2015.00 0.983667
197 192 1928.00 2.823717
197 193 980.00 1.435633
198 193 1888.00 2.765333
198 194 951.00 1.392917
198 199 1069.00 1.566500
199 198 1069.00 1.566500
200 93 2308.00 3.381250
201 94 1339.00 1.960967
201 237 996.00 1.459517
201 236 1477.00 2.164317
202 210 930.00 1.362033
203 338 589.00 0.863600
203 299 917.00 1.342983
204 112 2361.00 3.457883
204 203 897.00 1.314250
205 113 2363.00 3.460917
205 204 931.00 1.364117
206 249 594.00 0.871250
206 205 901.00 1.319550
207 254 921.00 1.349333
207 257 1466.00 2.147817
208 116 206.00 0.302817
208 259 637.00 0.934050
208 257 849.00 1.244300
209 272 905.00 1.325883
209 274 3104.00 4.546650
210 238 829.00 1.214267
210 239 2002.00 2.932317
211 105 4686.00 3.431533
211 202 942.00 1.380817
212 122 404.00 0.593017
212 123 1133.00 1.659333
212 131 1115.00 1.633883
212 133 473.00 0.693833
213 188 568.00 0.832050
213 214 557.00 0.816767
213 215 526.00 0.771183
214 213 557.00 0.816767
215 194 803.00 1.177283
215 213 526.00 0.771183
215 216 549.00 0.805233
216 215 549.00 0.805233
217 183 1400.00 2.051300
217 187 826.00 1.210567
217 326 1926.00 2.820950
218 153 199.00 0.291433
219 87 291.00 0.427267
219 356 1820.00 2.666667
219 297 503.00 0.736683
220 162 993.00 1.455417
220 357 126.00 0.185583
220 298 632.00 0.926067
221 222 1055.00 1.545917
221 224 1228.00 1.798917
221 357 448.00 0.656767
222 162 594.00 0.870850
222 165 1109.00 1.625017
222 221 1055.00 1.545917
222 223 490.00 0.717933
223 222 490.00 0.717933
224 157 509.00 0.746367
224 165 976.00 1.429700
224 221 1228.00 1.798917
224 225 2348.00 3.438650
225 224 2348.00 3.438650
225 170 3057.00 1.492633
226 15 2134.00 3.126400
226 228 82.00 0.120150
226 227 930.00 1.362333
227 88 2110.00 3.090500
227 91 517.00 0.758317
227 226 930.00 1.362333
228 89 851.00 1.247133
228 226 82.00 0.120150
228 229 581.00 0.851283
229 228 581.00 0.851283
230 11 575.00 0.842250
230 79 1590.00 2.328667
230 231 927.00 1.357883
231 71 1595.00 2.337150
231 77 1044.00 1.529850
231 230 927.00 1.357883
232 235 851.00 1.246333
232 307 1650.00 0.805617
233 54 935.00 1.369283
233 71 924.00 1.353500
233 235 2279.00 3.338800
233 244 566.00 0.829250
234 235 921.00 1.348867
234 63 2684.00 1.965717
235 232 851.00 1.246333
235 233 2279.00 3.338800
235 234 921.00 1.348867
236 0 258.00 0.378333
236 201 1477.00 2.164317
236 340 198.00 0.290383
237 201 996.00 1.459517
237 200 828.00 1.212917
238 237 172.00 0.253300
238 239 2158.00 3.161583
239 0 329.00 0.482933
239 210 2002.00 2.932317
239 238 2158.00 3.161583
240 6 584.00 0.855883
240 242 524.00 0.768667
240 241 937.00 1.373250
241 240 937.00 1.373250
241 243 1054.00 0.772233
242 240 524.00 0.768667
242 244 495.00 0.725217
242 243 937.00 1.372433
243 242 937.00 1.372433
243 245 984.00 0.720883
244 233 566.00 0.829250
244 242 495.00 0.725217
244 245 936.00 1.372033
245 244 936.00 1.372033
245 54 1110.00 0.813467
246 114 934.00 1.369017
246 255 880.00 1.288883
246 252 549.00 0.805367
246 247 936.00 1.370750
247 246 936.00 1.370750
247 265 995.00 1.458167
247 256 878.00 1.287033
248 303 589.00 0.863367
248 368 543.00 0.796100
248 249 901.00 1.319683
249 206 594.00 0.871250
249 248 901.00 1.319683
249 369 532.00 0.780083
250 368 102.00 0.150783
250 252 527.00 0.772133
250 366 464.00 0.680583
251 253 550.00 0.806167
251 369 85.00 0.124600
252 246 549.00 0.805367
252 250 527.00 0.772133
252 253 900.00 1.318100
253 114 589.00 0.862983
253 251 550.00 0.806167
253 252 900.00 1.318100
254 303 910.00 1.332750
254 255 2350.00 3.441917
255 246 880.00 1.288883
255 254 2350.00 3.441917
255 259 278.00 0.407300
255 256 621.00 0.910683
256 116 1309.00 1.918383
256 247 878.00 1.287033
256 255 621.00 0.910683
257 207 1466.00 2.147817
257 208 849.00 1.244300
257 258 609.00 0.892250
258 257 609.00 0.892250
259 208 637.00 0.934050
259 255 278.00 0.407300
259 260 351.00 0.515250
260 259 351.00 0.515250
261 316 833.00 0.610500
261 262 1097.00 1.607933
262 261 1097.00 1.607933
262 300 831.00 1.217950
262 266 304.00 0.445517
262 263 990.00 1.449867
263 110 1075.00 1.574300
263 262 990.00 1.449867
263 267 387.00 0.567233
263 264 908.00 1.330050
264 112 1101.00 1.612600
264 263 908.00 1.330050
264 301 381.00 0.558183
264 302 893.00 1.307850
265 114 983.00 1.440900
265 247 995.00 1.458167
265 269 293.00 0.429533
265 302 946.00 1.386767
266 23 795.00 1.165150
266 262 304.00 0.445517
266 267 992.00 1.453250
267 30 454.00 0.665717
267 263 387.00 0.567233
267 266 992.00 1.453250
267 301 930.00 1.362350
268 47 566.00 0.829483
268 302 324.00 0.475533
268 269 953.00 1.396633
268 301 892.00 1.307333
269 3 619.00 0.907900
269 265 293.00 0.429533
269 268 953.00 1.396633
269 270 789.00 1.156900
270 66 1064.00 1.559617
270 269 789.00 1.156900
270 348 406.00 0.594633
271 325 951.00 1.393783
271 275 784.00 1.149483
272 207 925.00 1.355100
272 273 2176.00 3.187700
273 116 741.00 1.085833
273 272 2176.00 3.187700
273 274 66.00 0.096933
274 209 3104.00 4.546650
274 273 66.00 0.096933
274 275 171.00 0.250767
275 143 1185.00 1.735733
275 271 784.00 1.149483
275 274 171.00 0.250767
276 154 593.00 0.868850
276 277 317.00 0.465283
276 308 431.00 0.632467
277 154 437.00 0.641367
277 276 317.00 0.465283
277 309 424.00 0.621417
278 149 393.00 0.576500
278 374 451.00 0.661283
278 279 986.00 1.444017
278 371 109.00 0.159983
279 145 397.00 0.581667
279 278 986.00 1.444017
280 132 416.00 0.609833
280 135 298.00 0.437383
280 281 602.00 0.882800
281 146 420.00 0.616183
281 149 424.00 0.621783
281 280 602.00 0.882800
282 132 398.00 0.583467
282 284 416.00 0.610383
282 283 611.00 0.895217
283 145 272.00 0.398417
283 282 611.00 0.895217
283 285 379.00 0.555717
284 130 485.00 0.710783
284 282 416.00 0.610383
284 285 620.00 0.908467
285 144 112.00 0.164900
285 283 379.00 0.555717
285 284 620.00 0.908467
286 117 195.00 0.286700
286 120 206.00 0.302600
286 287 511.00 0.748667
287 286 511.00 0.748667
288 120 188.00 0.276083
288 124 237.00 0.348117
288 289 347.00 0.509517
289 288 347.00 0.509517
290 363 131.00 0.192617
291 363 815.00 1.194117
291 364 297.00 0.436300
291 292 271.00 0.397033
292 291 271.00 0.397033
293 150 206.00 0.302300
293 312 560.00 0.821150
293 294 978.00 1.432650
294 121 1941.00 2.842983
294 150 1043.00 1.528000
294 293 978.00 1.432650
295 141 297.00 0.436200
295 148 407.00 0.596117
296 139 168.00 0.246333
297 161 1472.00 2.156283
297 219 503.00 0.736683
297 298 680.00 0.996500
298 160 947.00 1.387217
298 220 632.00 0.926067
298 297 680.00 0.996500
299 211 894.00 1.309883
299 300 2385.00 3.493267
300 105 902.00 1.322267
300 110 906.00 1.327000
300 262 831.00 1.217950
300 299 2385.00 3.493267
301 39 439.00 0.644333
301 264 381.00 0.558183
301 267 930.00 1.362350
301 268 892.00 1.307333
302 113 1050.00 1.539133
302 264 893.00 1.307850
302 265 946.00 1.386767
302 268 324.00 0.475533
303 248 589.00 0.863367
303 206 925.00 1.355183
304 199 993.00 0.484983
305 91 800.00 0.293183
306 305 1733.00 0.846050
307 77 1383.00 0.675233
308 276 431.00 0.632467
309 277 424.00 0.621417
309 308 421.00 0.617650
310 151 933.00 1.367600
310 309 406.00 0.595300
311 147 1009.00 1.478717
311 310 442.00 0.648533
312 293 560.00 0.821150
313 141 779.00 1.141950
314 73 1310.00 1.919267
314 78 2125.00 3.112400
314 83 67.00 0.098867
315 10 2172.00 3.182017
315 14 1699.00 2.488617
315 79 907.00 1.329550
316 321 693.00 0.507700
316 318 544.00 0.798050
317 101 613.00 0.449100
317 318 501.00 0.734467
318 316 544.00 0.798050
318 317 501.00 0.734467
318 319 637.00 0.934133
319 318 637.00 0.934133
319 349 471.00 0.690333
319 321 468.00 0.685533
319 320 457.00 0.669717
320 319 457.00 0.669717
320 317 1595.00 1.167933
321 319 468.00 0.685533
321 20 1655.00 1.212550
322 360 265.00 0.388250
322 362 259.00 0.380033
322 359 853.00 1.250133
323 47 991.00 1.452417
323 361 207.00 0.303967
323 359 595.00 0.871767
324 115 731.00 1.070800
324 119 461.00 0.675833
324 325 290.00 0.424783
325 66 474.00 0.695233
325 271 951.00 1.393783
325 324 290.00 0.424783
326 175 897.00 1.315050
326 217 1926.00 2.820950
326 327 1690.00 2.475117
327 171 710.00 1.039900
327 326 1690.00 2.475117
327 347 331.00 0.485200
328 23 702.00 1.029200
328 28 1202.00 1.761367
328 329 1226.00 1.796283
329 30 1395.00 2.043250
329 35 577.00 0.845900
329 328 1226.00 1.796283
330 4 965.00 1.414367
330 46 528.00 0.774417
330 350 2554.00 3.741550
331 109 1205.00 1.765800
331 111 972.00 1.423667
331 332 470.00 0.688983
332 331 470.00 0.688983
333 334 514.00 0.752983
334 97 1112.00 1.629600
334 100 781.00 1.144833
334 333 514.00 0.752983
335 336 243.00 0.356850
336 0 1494.00 2.188167
336 99 438.00 0.642117
336 335 243.00 0.356850
337 338 425.00 0.622783
338 110 1770.00 2.593167
338 203 589.00 0.863600
338 337 425.00 0.622783
339 340 868.00 1.271533
340 94 435.00 0.637733
340 236 198.00 0.290383
340 339 868.00 1.271533
341 342 539.00 0.790317
342 113 449.00 0.657700
342 114 483.00 0.707400
342 341 539.00 0.790317
343 32 602.00 0.882433
343 37 1508.00 2.209117
343 344 432.00 0.633867
344 343 432.00 0.633867
345 32 846.00 1.239283
345 111 1342.00 1.965967
345 346 929.00 1.361750
346 24 997.00 1.461250
346 108 1276.00 1.869300
346 345 929.00 1.361750
347 327 331.00 0.485200
347 352 1355.00 1.984533
347 351 1868.00 2.736383
348 57 476.00 0.698483
348 62 454.00 0.666267
348 270 406.00 0.594633
349 319 471.00 0.690333
350 29 900.00 1.318717
350 37 67.00 0.098850
350 330 2554.00 3.741550
351 172 66.00 0.096900
351 176 675.00 0.989700
351 347 1868.00 2.736383
352 180 1725.00 2.526350
352 183 82.00 0.121533
352 347 1355.00 1.984533
353 354 2272.00 3.327633
354 24 944.00 1.382517
354 353 2272.00 3.327633
354 355 2053.00 3.007383
355 29 957.00 1.402650
355 354 2053.00 3.007383
356 90 95.00 0.139933
356 219 1820.00 2.666667
356 357 168.00 0.246467
357 220 126.00 0.185583
357 221 448.00 0.656767
357 356 168.00 0.246467
358 134 1005.00 1.472450
358 139 73.00 0.107883
358 148 683.00 1.000250
359 322 853.00 1.250133
359 323 595.00 0.871767
359 360 1244.00 1.823100
360 57 607.00 0.889617
360 322 265.00 0.388250
360 359 1244.00 1.823100
361 53 820.00 1.202283
361 323 207.00 0.303967
361 362 1433.00 2.100000
362 60 487.00 0.713233
362 322 259.00 0.380033
362 361 1433.00 2.100000
363 290 131.00 0.192617
363 291 815.00 1.194117
363 365 262.00 0.384833
364 62 489.00 0.716783
364 291 297.00 0.436300
364 365 873.00 1.279533
365 115 249.00 0.365900
365 363 262.00 0.384833
365 364 873.00 1.279533
366 251 444.00 0.651033
366 367 93.00 0.137517
367 366 93.00 0.137517
367 368 465.00 0.681933
368 248 543.00 0.796100
368 250 102.00 0.150783
369 249 532.00 0.780083
369 251 85.00 0.124600
369 367 442.00 0.647583
370 149 112.00 0.164083
370 371 395.00 0.578550
370 373 342.00 0.500867
371 278 109.00 0.159983
371 370 395.00 0.578550
371 372 445.00 0.652600
372 371 445.00 0.652600
372 311 400.00 0.585900
373 143 171.00 0.250867
373 147 439.00 0.644350
373 370 342.00 0.500867
374 278 451.00 0.661283
374 372 102.00 0.150617
375 29 964.00 1.412750
375 38 1836.00 2.688883
