0 1 300.00 0.771737
0 450 300.00 0.161353
0 451 300.00 0.025150
1 0 300.00 0.771737
2 3 300.00 0.169827
2 8 300.00 0.251297
2 244 300.00 0.316163
3 2 300.00 0.169827
3 4 300.00 0.378697
3 5 300.00 0.079277
3 6 300.00 0.175530
4 3 300.00 0.378697
4 244 300.00 0.141490
4 55 300.00 0.146950
4 11 300.00 0.155070
5 3 300.00 0.079277
5 10 300.00 0.418513
5 226 300.00 0.113860
6 3 300.00 0.175530
6 11 300.00 0.381893
6 12 300.00 0.025637
7 8 300.00 0.085217
7 259 300.00 0.149587
7 611 300.00 0.137033
8 7 300.00 0.085217
8 2 300.00 0.251297
8 9 300.00 0.188803
8 10 300.00 0.288010
9 8 300.00 0.188803
9 240 300.00 0.134640
9 241 300.00 0.274083
10 8 300.00 0.288010
10 222 300.00 0.177513
10 5 300.00 0.418513
11 6 300.00 0.381893
11 53 300.00 0.382867
11 4 300.00 0.155070
11 28 300.00 0.157140
12 6 300.00 0.025637
12 234 300.00 0.122597
12 245 300.00 0.128020
13 14 300.00 0.290403
13 39 300.00 0.298913
13 237 300.00 0.312817
14 13 300.00 0.290403
14 15 300.00 0.296047
14 16 300.00 0.388520
15 14 300.00 0.296047
15 237 300.00 0.283343
16 14 300.00 0.388520
16 265 300.00 0.112980
17 18 300.00 0.150233
17 21 300.00 0.241573
17 22 300.00 0.334487
18 17 300.00 0.150233
18 19 300.00 0.024563
18 20 300.00 0.129243
19 18 300.00 0.024563
19 231 300.00 0.377250
19 235 300.00 0.139117
20 18 300.00 0.129243
20 228 300.00 0.383063
20 245 300.00 0.020170
21 17 300.00 0.241573
21 27 300.00 0.158557
21 28 300.00 0.152940
21 29 300.00 0.386673
22 17 300.00 0.334487
22 261 300.00 0.173927
22 47 300.00 0.306387
23 24 300.00 0.171370
23 44 300.00 0.133053
23 282 300.00 0.235113
24 23 300.00 0.171370
24 25 300.00 0.101743
24 26 300.00 0.545373
25 24 300.00 0.101743
25 42 300.00 0.151183
25 263 300.00 0.167207
26 24 300.00 0.545373
26 248 300.00 0.199723
26 249 300.00 0.133897
27 21 300.00 0.158557
27 59 300.00 0.156600
27 68 300.00 0.388127
28 21 300.00 0.152940
28 11 300.00 0.157140
28 245 300.00 0.391507
28 61 300.00 0.384277
29 21 300.00 0.386673
29 67 300.00 0.377073
29 68 300.00 0.161573
29 61 300.00 0.149723
30 31 300.00 0.025783
30 39 300.00 0.296803
30 48 300.00 0.182547
31 30 300.00 0.025783
31 32 300.00 0.295313
31 33 300.00 0.119763
32 31 300.00 0.295313
32 250 300.00 0.211073
32 47 300.00 0.181443
33 31 300.00 0.119763
33 252 300.00 0.114140
33 251 300.00 0.208070
33 271 300.00 0.196803
34 35 300.00 0.058193
34 260 300.00 0.195340
34 258 300.00 0.099583
35 34 300.00 0.058193
35 36 300.00 0.090397
35 37 300.00 0.380663
36 35 300.00 0.090397
36 267 300.00 0.216630
36 285 300.00 0.138920
36 286 300.00 0.227053
37 35 300.00 0.380663
37 53 300.00 0.158427
37 54 300.00 0.105937
37 55 300.00 0.209963
38 39 300.00 0.198703
38 65 300.00 0.231220
38 49 300.00 0.151807
38 66 300.00 0.123530
39 38 300.00 0.198703
39 13 300.00 0.298913
39 30 300.00 0.296803
39 40 300.00 0.240790
40 39 300.00 0.240790
40 51 300.00 0.217787
40 52 300.00 0.248690
41 42 300.00 0.018743
41 282 300.00 0.134703
41 608 300.00 0.092117
42 41 300.00 0.018743
42 43 300.00 0.143230
42 25 300.00 0.151183
43 42 300.00 0.143230
43 268 300.00 0.175447
43 633 300.00 0.150850
44 23 300.00 0.133053
44 45 300.00 0.106320
44 46 300.00 0.225353
45 44 300.00 0.106320
45 278 300.00 0.112233
45 291 300.00 0.029500
46 44 300.00 0.225353
46 282 300.00 0.142677
46 297 300.00 0.037203
47 48 300.00 0.314573
47 32 300.00 0.181443
47 22 300.00 0.306387
47 281 300.00 0.084743
48 47 300.00 0.314573
48 49 300.00 0.149437
48 30 300.00 0.182547
48 50 300.00 0.082947
49 48 300.00 0.149437
49 38 300.00 0.151807
49 652 300.00 0.088507
49 73 300.00 0.230157
50 48 300.00 0.082947
50 74 300.00 0.147747
50 281 300.00 0.314537
51 40 300.00 0.217787
52 40 300.00 0.248690
52 62 300.00 0.101493
52 64 300.00 0.496813
53 37 300.00 0.158427
53 60 300.00 0.361437
53 11 300.00 0.382867
53 61 300.00 0.158410
54 37 300.00 0.105937
54 78 300.00 0.250810
54 286 300.00 0.138140
55 37 300.00 0.209963
55 4 300.00 0.146950
55 258 300.00 0.388190
56 57 300.00 0.382270
56 80 300.00 0.372507
56 81 300.00 0.152377
56 82 300.00 0.156930
57 56 300.00 0.382270
57 58 300.00 0.155283
57 59 300.00 0.161583
58 57 300.00 0.155283
58 74 300.00 0.308760
58 281 300.00 0.148327
58 81 300.00 0.382023
59 57 300.00 0.161583
59 27 300.00 0.156600
59 82 300.00 0.382077
60 53 300.00 0.361437
60 78 300.00 0.151433
60 83 300.00 0.354990
60 84 300.00 0.158077
61 53 300.00 0.158410
61 29 300.00 0.149723
61 28 300.00 0.384277
61 84 300.00 0.370783
62 52 300.00 0.101493
62 63 300.00 0.019160
62 64 300.00 0.580230
63 62 300.00 0.019160
63 301 300.00 0.102497
63 302 300.00 0.340507
63 303 300.00 0.703933
64 62 300.00 0.580230
64 265 300.00 0.078070
64 52 300.00 0.496813
65 38 300.00 0.231220
65 76 300.00 0.459160
65 73 300.00 0.148063
65 66 300.00 0.290023
66 38 300.00 0.123530
66 65 300.00 0.290023
66 302 300.00 0.080707
67 29 300.00 0.377073
67 88 300.00 0.377103
67 84 300.00 0.158237
67 89 300.00 0.159167
68 29 300.00 0.161573
68 27 300.00 0.388127
68 82 300.00 0.156113
68 89 300.00 0.380480
69 70 300.00 0.145487
69 291 300.00 0.150533
69 293 300.00 0.256173
70 69 300.00 0.145487
70 71 300.00 0.026903
70 72 300.00 0.278383
71 70 300.00 0.026903
71 285 300.00 0.145107
71 610 300.00 0.111547
72 70 300.00 0.278383
72 85 300.00 0.172437
72 86 300.00 0.147773
72 87 300.00 0.173103
73 74 300.00 0.157583
73 65 300.00 0.148063
73 49 300.00 0.230157
74 73 300.00 0.157583
74 58 300.00 0.308760
74 50 300.00 0.147747
74 75 300.00 0.374220
75 74 300.00 0.374220
75 90 300.00 0.153680
75 91 300.00 0.102647
76 65 300.00 0.459160
76 101 300.00 0.234097
76 102 300.00 0.259870
77 78 300.00 0.138940
77 85 300.00 0.296207
77 610 300.00 0.015000
78 77 300.00 0.138940
78 60 300.00 0.151433
78 79 300.00 0.325833
78 54 300.00 0.250810
79 78 300.00 0.325833
79 96 300.00 0.013503
79 85 300.00 0.151290
80 56 300.00 0.372507
80 97 300.00 0.378680
80 98 300.00 0.154087
80 99 300.00 0.153153
81 56 300.00 0.152377
81 58 300.00 0.382023
81 90 300.00 0.154280
81 99 300.00 0.371897
82 56 300.00 0.156930
82 59 300.00 0.382077
82 68 300.00 0.156113
82 98 300.00 0.376610
83 60 300.00 0.354990
83 100 300.00 0.022480
83 96 300.00 0.135293
84 60 300.00 0.158077
84 67 300.00 0.158237
84 61 300.00 0.370783
84 336 300.00 0.373613
85 72 300.00 0.172437
85 79 300.00 0.151290
85 77 300.00 0.296207
86 72 300.00 0.147773
86 293 300.00 0.014047
86 316 300.00 0.179793
87 72 300.00 0.173103
87 322 300.00 0.140257
87 325 300.00 0.163323
87 326 300.00 0.150790
88 67 300.00 0.377103
88 103 300.00 0.158513
88 104 300.00 0.149950
89 67 300.00 0.159167
89 68 300.00 0.380480
89 98 300.00 0.151367
89 103 300.00 0.369953
90 75 300.00 0.153680
90 81 300.00 0.154280
90 107 300.00 0.374987
91 75 300.00 0.102647
91 106 300.00 0.277180
91 108 300.00 0.363727
92 93 300.00 0.316350
92 270 300.00 0.326473
92 279 300.00 0.562100
92 117 300.00 0.714347
93 92 300.00 0.316350
93 94 300.00 0.720570
93 95 300.00 0.310970
94 93 300.00 0.720570
94 117 300.00 0.306353
94 118 300.00 0.322290
94 119 300.00 0.708000
95 93 300.00 0.310970
95 333 300.00 0.227333
95 288 300.00 0.204063
95 334 300.00 0.367357
96 79 300.00 0.013503
96 83 300.00 0.135293
96 331 300.00 0.156187
97 80 300.00 0.378680
97 111 300.00 0.154677
97 112 300.00 0.151963
97 113 300.00 0.408563
98 80 300.00 0.154087
98 82 300.00 0.376610
98 89 300.00 0.151367
98 112 300.00 0.380243
99 80 300.00 0.153153
99 81 300.00 0.371897
99 107 300.00 0.154297
99 111 300.00 0.377193
100 83 300.00 0.022480
100 336 300.00 0.139950
100 337 300.00 0.159637
101 76 300.00 0.234097
101 109 300.00 0.066877
101 642 300.00 0.431600
102 76 300.00 0.259870
102 303 300.00 0.341067
102 302 300.00 0.688203
103 88 300.00 0.158513
103 89 300.00 0.369953
103 112 300.00 0.148280
104 88 300.00 0.149950
104 336 300.00 0.008333
104 344 300.00 0.112860
105 106 300.00 0.386623
105 114 300.00 0.160843
105 115 300.00 0.153150
105 116 300.00 0.378520
106 105 300.00 0.386623
106 91 300.00 0.277180
106 107 300.00 0.155933
106 108 300.00 0.090503
107 106 300.00 0.155933
107 90 300.00 0.374987
107 99 300.00 0.154297
107 115 300.00 0.380247
108 106 300.00 0.090503
108 109 300.00 0.128030
108 91 300.00 0.363727
109 101 300.00 0.066877
109 108 300.00 0.128030
109 110 300.00 0.393553
110 109 300.00 0.393553
110 114 300.00 0.149930
110 120 300.00 0.170137
110 121 300.00 0.386977
111 97 300.00 0.154677
111 99 300.00 0.377193
111 115 300.00 0.159580
111 373 300.00 0.439477
112 97 300.00 0.151963
112 98 300.00 0.380243
112 103 300.00 0.148280
112 356 300.00 0.225513
113 97 300.00 0.408563
113 130 300.00 0.473950
113 380 300.00 0.153773
113 373 300.00 0.149943
114 105 300.00 0.160843
114 110 300.00 0.149930
114 126 300.00 0.382123
115 105 300.00 0.153150
115 107 300.00 0.380247
115 111 300.00 0.159580
115 377 300.00 0.451957
116 105 300.00 0.378520
116 126 300.00 0.164043
116 127 300.00 0.384563
117 94 300.00 0.306353
117 92 300.00 0.714347
117 359 300.00 0.193563
117 376 300.00 0.461763
118 94 300.00 0.322290
118 383 300.00 0.305397
118 392 300.00 0.705130
118 334 300.00 0.352550
119 94 300.00 0.708000
119 577 300.00 0.028710
120 110 300.00 0.170137
120 128 300.00 0.389283
120 399 300.00 0.170217
120 400 300.00 0.287073
121 110 300.00 0.386977
121 128 300.00 0.157703
121 126 300.00 0.152023
121 129 300.00 0.378277
122 123 300.00 0.212963
122 371 300.00 0.248817
122 389 300.00 0.165537
123 122 300.00 0.212963
123 124 300.00 0.221970
123 125 300.00 0.253307
124 123 300.00 0.221970
124 358 300.00 0.038437
124 597 300.00 0.128017
125 123 300.00 0.253307
125 588 300.00 0.380793
125 593 300.00 0.222060
125 420 300.00 0.246900
126 116 300.00 0.164043
126 121 300.00 0.152023
126 114 300.00 0.382123
126 133 300.00 0.381453
127 116 300.00 0.384563
127 133 300.00 0.167713
127 134 300.00 0.256560
128 121 300.00 0.157703
128 120 300.00 0.389283
128 417 300.00 0.150447
128 135 300.00 0.375080
129 121 300.00 0.378277
129 133 300.00 0.153030
129 135 300.00 0.158900
129 136 300.00 0.141927
130 113 300.00 0.473950
130 131 300.00 0.118287
130 132 300.00 0.152797
131 130 300.00 0.118287
131 415 300.00 0.017923
131 443 300.00 0.415563
132 130 300.00 0.152797
132 433 300.00 0.305750
132 413 300.00 0.152140
132 373 300.00 0.484957
133 127 300.00 0.167713
133 129 300.00 0.153030
133 126 300.00 0.381453
133 138 300.00 0.321200
134 127 300.00 0.256560
134 137 300.00 0.097750
134 138 300.00 0.194643
135 129 300.00 0.158900
135 128 300.00 0.375080
135 422 300.00 0.149493
135 136 300.00 0.302640
136 129 300.00 0.141927
136 147 300.00 0.232070
136 135 300.00 0.302640
137 134 300.00 0.097750
137 413 300.00 0.140737
137 445 300.00 0.189717
138 134 300.00 0.194643
138 147 300.00 0.161167
138 133 300.00 0.321200
138 463 300.00 0.065937
139 140 300.00 0.274733
139 141 300.00 0.029303
139 142 300.00 0.751183
140 143 300.00 0.267580
140 166 300.00 0.782480
140 465 300.00 0.031440
141 139 300.00 0.029303
141 428 300.00 0.371140
142 139 300.00 0.751183
142 644 300.00 0.027933
143 144 300.00 0.174740
143 145 300.00 0.030157
143 146 300.00 0.787147
144 432 300.00 0.030090
144 149 300.00 0.084687
145 143 300.00 0.030157
145 427 300.00 0.077297
146 143 300.00 0.787147
146 166 300.00 0.262690
147 138 300.00 0.161167
147 148 300.00 0.126873
147 136 300.00 0.232070
148 147 300.00 0.126873
148 473 300.00 0.355480
148 474 300.00 0.204140
149 150 300.00 0.268047
149 151 300.00 0.782747
149 152 300.00 0.030763
150 153 300.00 0.148303
150 154 300.00 0.029383
150 155 300.00 0.780313
151 149 300.00 0.782747
151 146 300.00 0.263950
152 149 300.00 0.030763
152 432 300.00 0.085163
153 462 300.00 0.028577
153 156 300.00 0.111867
154 150 300.00 0.029383
154 435 300.00 0.100513
155 150 300.00 0.780313
155 151 300.00 0.263987
156 157 300.00 0.132330
156 158 300.00 0.309377
157 484 300.00 0.130837
157 620 300.00 0.031643
157 619 300.00 0.316940
158 156 300.00 0.309377
158 619 300.00 0.127353
158 618 300.00 0.216137
159 160 300.00 0.265183
159 161 300.00 0.030567
159 162 300.00 0.783800
160 163 300.00 0.262087
160 164 300.00 0.030843
160 165 300.00 0.782917
161 159 300.00 0.030567
161 594 300.00 0.069853
162 159 300.00 0.783800
162 173 300.00 0.258087
163 501 300.00 0.027220
163 595 300.00 0.168813
164 160 300.00 0.030843
164 161 300.00 0.265727
165 160 300.00 0.782917
165 162 300.00 0.263283
166 140 300.00 0.782480
166 510 300.00 0.258720
167 168 300.00 0.218737
167 174 300.00 0.478463
167 526 300.00 0.253813
167 508 300.00 0.272283
168 167 300.00 0.218737
168 169 300.00 0.094283
168 170 300.00 0.028650
169 168 300.00 0.094283
169 509 300.00 0.198787
169 584 300.00 0.433743
170 168 300.00 0.028650
170 520 300.00 0.274407
170 521 300.00 0.237697
171 155 300.00 0.263023
171 172 300.00 0.170890
172 171 300.00 0.170890
172 618 300.00 0.090490
172 619 300.00 0.426717
173 171 300.00 0.262563
173 486 300.00 0.455060
174 167 300.00 0.478463
174 175 300.00 0.076877
174 176 300.00 0.340887
175 174 300.00 0.076877
175 521 300.00 0.178017
175 530 300.00 0.147653
176 174 300.00 0.340887
176 532 300.00 0.112653
176 533 300.00 0.067993
177 178 300.00 0.274410
177 181 300.00 0.040340
177 183 300.00 0.504370
178 177 300.00 0.274410
178 179 300.00 0.580010
179 178 300.00 0.580010
179 183 300.00 0.280763
179 184 300.00 0.426820
180 181 300.00 0.075633
181 180 300.00 0.075633
181 177 300.00 0.040340
181 182 300.00 0.230900
182 181 300.00 0.230900
182 187 300.00 0.523613
183 179 300.00 0.280763
183 177 300.00 0.504370
183 187 300.00 0.222480
184 179 300.00 0.426820
184 185 300.00 0.522073
184 186 300.00 0.053190
185 184 300.00 0.522073
185 187 300.00 0.416837
185 190 300.00 0.416927
185 196 300.00 0.218233
186 184 300.00 0.053190
186 192 300.00 0.301273
187 183 300.00 0.222480
187 185 300.00 0.416837
187 182 300.00 0.523613
188 189 300.00 0.431000
188 194 300.00 0.340477
188 195 300.00 0.482703
189 188 300.00 0.431000
190 191 300.00 0.541840
190 185 300.00 0.416927
190 203 300.00 0.218503
191 190 300.00 0.541840
191 192 300.00 0.073340
191 193 300.00 0.396127
192 191 300.00 0.073340
192 186 300.00 0.301273
193 191 300.00 0.396127
193 197 300.00 0.304300
193 198 300.00 0.425600
194 188 300.00 0.340477
194 196 300.00 0.127507
194 199 300.00 0.384480
195 188 300.00 0.482703
195 207 300.00 0.017340
196 185 300.00 0.218233
196 194 300.00 0.127507
196 200 300.00 0.245230
197 193 300.00 0.304300
197 201 300.00 0.137130
197 202 300.00 0.266533
198 193 300.00 0.425600
199 194 300.00 0.384480
199 207 300.00 0.334023
199 206 300.00 0.323730
199 210 300.00 0.553853
200 196 300.00 0.245230
200 203 300.00 0.162863
200 206 300.00 0.283383
201 197 300.00 0.137130
201 204 300.00 0.202483
201 205 300.00 0.171130
202 197 300.00 0.266533
202 211 300.00 0.258660
202 213 300.00 0.363440
203 190 300.00 0.218503
203 200 300.00 0.162863
203 209 300.00 0.229297
204 201 300.00 0.202483
204 225 300.00 0.549547
204 562 300.00 0.187250
205 201 300.00 0.171130
205 211 300.00 0.149003
205 212 300.00 0.603077
206 200 300.00 0.283383
206 199 300.00 0.323730
206 219 300.00 0.166410
207 195 300.00 0.017340
207 199 300.00 0.334023
207 208 300.00 0.558220
208 207 300.00 0.558220
208 210 300.00 0.328057
208 612 300.00 0.340567
209 203 300.00 0.229297
209 218 300.00 0.102817
209 651 300.00 0.454913
210 199 300.00 0.553853
210 229 300.00 0.194713
210 208 300.00 0.328057
210 230 300.00 0.391600
211 205 300.00 0.149003
211 202 300.00 0.258660
211 220 300.00 0.047017
212 205 300.00 0.603077
212 225 300.00 0.147450
212 227 300.00 0.102897
213 202 300.00 0.363440
214 215 300.00 0.247460
214 223 300.00 0.069377
214 224 300.00 0.026837
215 214 300.00 0.247460
215 216 300.00 0.090847
215 217 300.00 0.306880
216 215 300.00 0.090847
216 217 300.00 0.243047
216 561 300.00 0.249963
216 558 300.00 0.080020
217 215 300.00 0.306880
217 555 300.00 0.083593
217 216 300.00 0.243047
218 209 300.00 0.102817
219 206 300.00 0.166410
220 211 300.00 0.047017
220 221 300.00 0.696557
220 222 300.00 0.179287
221 220 300.00 0.696557
221 227 300.00 0.148447
221 234 300.00 0.141130
222 220 300.00 0.179287
222 226 300.00 0.472973
222 10 300.00 0.177513
223 214 300.00 0.069377
223 561 300.00 0.018767
223 569 300.00 0.174607
224 214 300.00 0.026837
224 225 300.00 0.104023
224 571 300.00 0.174800
225 224 300.00 0.104023
225 204 300.00 0.549547
225 212 300.00 0.147450
226 222 300.00 0.472973
226 5 300.00 0.113860
226 234 300.00 0.202383
227 212 300.00 0.102897
227 221 300.00 0.148447
227 228 300.00 0.162413
228 227 300.00 0.162413
228 20 300.00 0.383063
228 231 300.00 0.142400
229 210 300.00 0.194713
230 210 300.00 0.391600
230 262 300.00 0.636310
230 612 300.00 0.284627
231 228 300.00 0.142400
231 19 300.00 0.377250
231 232 300.00 0.157303
231 233 300.00 0.226513
232 231 300.00 0.157303
232 235 300.00 0.383053
232 236 300.00 0.148123
233 231 300.00 0.226513
233 570 300.00 0.059160
233 569 300.00 0.292697
234 221 300.00 0.141130
234 226 300.00 0.202383
234 12 300.00 0.122597
235 232 300.00 0.383053
235 19 300.00 0.139117
235 238 300.00 0.162177
236 232 300.00 0.148123
236 238 300.00 0.379433
236 239 300.00 0.165667
237 15 300.00 0.283343
237 13 300.00 0.312817
237 252 300.00 0.157153
237 253 300.00 0.366730
238 236 300.00 0.379433
238 235 300.00 0.162177
238 261 300.00 0.012687
239 236 300.00 0.165667
239 242 300.00 0.161323
239 243 300.00 0.311620
240 9 300.00 0.134640
241 9 300.00 0.274083
241 249 300.00 0.138150
241 260 300.00 0.131917
242 239 300.00 0.161323
242 250 300.00 0.195560
242 251 300.00 0.296530
243 239 300.00 0.311620
243 252 300.00 0.190487
243 251 300.00 0.145297
244 2 300.00 0.316163
244 259 300.00 0.251923
244 4 300.00 0.141490
245 12 300.00 0.128020
245 20 300.00 0.020170
245 28 300.00 0.391507
246 247 300.00 0.206440
246 256 300.00 0.153213
246 262 300.00 0.148393
247 246 300.00 0.206440
248 26 300.00 0.199723
249 26 300.00 0.133897
249 241 300.00 0.138150
249 254 300.00 0.350583
249 255 300.00 0.189670
250 242 300.00 0.195560
250 261 300.00 0.088673
250 32 300.00 0.211073
251 242 300.00 0.296530
251 33 300.00 0.208070
251 243 300.00 0.145297
252 237 300.00 0.157153
252 243 300.00 0.190487
252 33 300.00 0.114140
253 237 300.00 0.366730
253 570 300.00 0.587900
253 574 300.00 0.075607
254 249 300.00 0.350583
255 249 300.00 0.189670
256 257 300.00 0.197393
256 246 300.00 0.153213
256 268 300.00 0.150343
256 263 300.00 0.143873
257 256 300.00 0.197393
258 259 300.00 0.149380
258 34 300.00 0.099583
258 55 300.00 0.388190
259 258 300.00 0.149380
259 7 300.00 0.149587
259 244 300.00 0.251923
260 241 300.00 0.131917
260 34 300.00 0.195340
260 267 300.00 0.155503
261 250 300.00 0.088673
261 238 300.00 0.012687
261 22 300.00 0.173927
262 246 300.00 0.148393
262 268 300.00 0.156267
262 230 300.00 0.636310
262 274 300.00 0.305710
263 264 300.00 0.180687
263 256 300.00 0.143873
263 25 300.00 0.167207
264 263 300.00 0.180687
265 16 300.00 0.112980
265 64 300.00 0.078070
265 266 300.00 0.294950
266 265 300.00 0.294950
266 269 300.00 0.036950
266 270 300.00 0.714887
267 260 300.00 0.155503
267 36 300.00 0.216630
267 278 300.00 0.125973
268 256 300.00 0.150343
268 262 300.00 0.156267
268 43 300.00 0.175447
268 277 300.00 0.250310
269 266 300.00 0.036950
269 280 300.00 0.336940
270 266 300.00 0.714887
270 301 300.00 0.191173
270 92 300.00 0.326473
270 312 300.00 0.713397
271 33 300.00 0.196803
272 273 300.00 0.823513
272 275 300.00 0.212380
272 310 300.00 0.210483
272 311 300.00 0.344487
273 272 300.00 0.823513
274 262 300.00 0.305710
275 276 300.00 0.641503
275 283 300.00 0.212803
275 272 300.00 0.212380
275 308 300.00 0.348013
276 275 300.00 0.641503
277 268 300.00 0.250310
278 267 300.00 0.125973
278 45 300.00 0.112233
278 285 300.00 0.280760
279 280 300.00 0.140593
279 92 300.00 0.562100
279 641 300.00 0.279287
280 279 300.00 0.140593
280 269 300.00 0.336940
281 47 300.00 0.084743
281 58 300.00 0.148327
281 287 300.00 0.104150
281 50 300.00 0.314537
282 23 300.00 0.235113
282 46 300.00 0.142677
282 41 300.00 0.134703
283 284 300.00 0.283647
283 298 300.00 0.285130
283 300 300.00 0.343540
283 275 300.00 0.212803
284 283 300.00 0.283647
285 36 300.00 0.138920
285 278 300.00 0.280760
285 71 300.00 0.145107
286 36 300.00 0.227053
286 610 300.00 0.242567
286 54 300.00 0.138140
287 281 300.00 0.104150
288 289 300.00 0.495170
288 95 300.00 0.204063
288 640 300.00 0.079817
289 288 300.00 0.495170
289 290 300.00 0.125333
290 289 300.00 0.125333
290 294 300.00 0.091817
290 636 300.00 0.142397
291 45 300.00 0.029500
291 69 300.00 0.150533
291 292 300.00 0.239877
292 291 300.00 0.239877
292 299 300.00 0.017227
292 297 300.00 0.127703
293 69 300.00 0.256173
293 86 300.00 0.014047
293 299 300.00 0.136087
294 295 300.00 0.105003
294 635 300.00 0.136623
294 290 300.00 0.091817
295 294 300.00 0.105003
295 296 300.00 0.702933
296 295 300.00 0.702933
296 333 300.00 0.085437
296 345 300.00 0.304097
296 346 300.00 0.236947
297 46 300.00 0.037203
297 292 300.00 0.127703
297 306 300.00 0.218047
298 283 300.00 0.285130
299 292 300.00 0.017227
299 293 300.00 0.136087
299 315 300.00 0.194277
300 283 300.00 0.343540
300 320 300.00 0.589523
300 308 300.00 0.213833
301 63 300.00 0.102497
301 270 300.00 0.191173
301 309 300.00 0.708810
302 63 300.00 0.340507
302 102 300.00 0.688203
302 66 300.00 0.080707
303 63 300.00 0.703933
303 102 300.00 0.341067
303 309 300.00 0.104487
304 305 300.00 0.138153
304 602 300.00 0.084000
304 604 300.00 0.265247
305 304 300.00 0.138153
305 306 300.00 0.099670
305 307 300.00 0.146573
306 305 300.00 0.099670
306 315 300.00 0.150773
306 297 300.00 0.218047
307 305 300.00 0.146573
307 318 300.00 0.092463
307 319 300.00 0.307033
308 275 300.00 0.348013
308 300 300.00 0.213833
308 311 300.00 0.213560
308 329 300.00 0.586683
309 301 300.00 0.708810
309 303 300.00 0.104487
309 312 300.00 0.179143
310 272 300.00 0.210483
310 313 300.00 0.213710
310 314 300.00 0.441260
311 272 300.00 0.344487
311 308 300.00 0.213560
311 335 300.00 0.589820
311 328 300.00 0.210680
312 270 300.00 0.713397
312 309 300.00 0.179143
312 359 300.00 0.150243
312 360 300.00 1.127733
313 310 300.00 0.213710
313 327 300.00 0.438780
313 328 300.00 0.132263
314 310 300.00 0.441260
314 616 300.00 0.159823
314 617 300.00 0.158207
315 306 300.00 0.150773
315 316 300.00 0.136003
315 317 300.00 0.144917
315 299 300.00 0.194277
316 315 300.00 0.136003
316 322 300.00 0.012693
316 86 300.00 0.179793
317 315 300.00 0.144917
317 318 300.00 0.164343
317 323 300.00 0.146903
317 324 300.00 0.303760
318 307 300.00 0.092463
318 317 300.00 0.164343
318 321 300.00 0.300430
319 307 300.00 0.307033
319 321 300.00 0.081990
319 339 300.00 0.144580
320 300 300.00 0.589523
320 329 300.00 0.209333
320 384 300.00 0.250337
320 385 300.00 0.340697
321 318 300.00 0.300430
321 319 300.00 0.081990
321 341 300.00 0.075880
322 316 300.00 0.012693
322 87 300.00 0.140257
322 323 300.00 0.149877
323 322 300.00 0.149877
323 317 300.00 0.146903
323 326 300.00 0.145020
323 330 300.00 0.292520
324 317 300.00 0.303760
324 341 300.00 0.056597
324 330 300.00 0.147560
325 87 300.00 0.163323
325 331 300.00 0.158737
325 332 300.00 0.165927
326 87 300.00 0.150790
326 323 300.00 0.145020
326 332 300.00 0.156830
326 338 300.00 0.283073
327 313 300.00 0.438780
327 339 300.00 0.483367
327 643 300.00 0.262570
328 313 300.00 0.132263
328 311 300.00 0.210680
328 340 300.00 0.585773
329 308 300.00 0.586683
329 320 300.00 0.209333
329 335 300.00 0.217740
330 323 300.00 0.292520
330 324 300.00 0.147560
330 338 300.00 0.148523
331 325 300.00 0.158737
331 337 300.00 0.155490
331 96 300.00 0.156187
331 342 300.00 0.160470
332 325 300.00 0.165927
332 326 300.00 0.156830
332 342 300.00 0.157560
332 347 300.00 0.263960
333 95 300.00 0.227333
333 296 300.00 0.085437
333 634 300.00 0.096253
334 95 300.00 0.367357
334 118 300.00 0.352550
334 639 300.00 0.149103
335 311 300.00 0.589820
335 329 300.00 0.217740
335 387 300.00 0.157213
336 100 300.00 0.139950
336 104 300.00 0.008333
336 84 300.00 0.373613
337 100 300.00 0.159637
337 331 300.00 0.155490
337 348 300.00 0.151460
337 349 300.00 0.147527
338 326 300.00 0.283073
338 330 300.00 0.148523
338 347 300.00 0.139710
339 319 300.00 0.144580
339 327 300.00 0.483367
339 343 300.00 0.134313
339 350 300.00 0.150027
340 328 300.00 0.585773
340 387 300.00 0.056817
340 391 300.00 0.190073
341 321 300.00 0.075880
341 324 300.00 0.056597
341 343 300.00 0.130503
342 331 300.00 0.160470
342 332 300.00 0.157560
342 349 300.00 0.145710
342 351 300.00 0.148407
343 341 300.00 0.130503
343 339 300.00 0.134313
343 361 300.00 0.022663
344 104 300.00 0.112860
344 348 300.00 0.072573
344 352 300.00 0.138477
345 296 300.00 0.304097
345 369 300.00 0.306343
346 296 300.00 0.236947
346 367 300.00 0.068993
346 637 300.00 0.149313
347 332 300.00 0.263960
347 338 300.00 0.139710
347 357 300.00 0.152130
347 358 300.00 0.207443
348 337 300.00 0.151460
348 344 300.00 0.072573
348 353 300.00 0.141960
348 354 300.00 0.144193
349 337 300.00 0.147527
349 342 300.00 0.145710
349 353 300.00 0.152700
349 355 300.00 0.148967
350 339 300.00 0.150027
351 342 300.00 0.148407
351 355 300.00 0.146413
351 357 300.00 0.092570
352 344 300.00 0.138477
352 356 300.00 0.348557
352 354 300.00 0.070810
353 348 300.00 0.141960
353 349 300.00 0.152700
353 365 300.00 0.145417
353 366 300.00 0.330070
354 348 300.00 0.144193
354 374 300.00 0.180710
354 352 300.00 0.070810
355 349 300.00 0.148967
355 351 300.00 0.146413
355 365 300.00 0.146960
355 371 300.00 0.266723
356 112 300.00 0.225513
356 375 300.00 0.079453
356 352 300.00 0.348557
357 351 300.00 0.092570
357 347 300.00 0.152130
357 372 300.00 0.184870
358 347 300.00 0.207443
358 372 300.00 0.120010
358 124 300.00 0.038437
359 312 300.00 0.150243
359 117 300.00 0.193563
359 370 300.00 0.540547
360 312 300.00 1.127733
360 430 300.00 0.150400
360 437 300.00 0.360257
360 438 300.00 0.487113
361 362 300.00 0.138630
361 363 300.00 0.217767
361 343 300.00 0.022663
362 361 300.00 0.138630
362 363 300.00 0.104437
362 364 300.00 0.563340
363 362 300.00 0.104437
363 600 300.00 0.125427
363 361 300.00 0.217767
364 362 300.00 0.563340
364 401 300.00 0.247113
364 411 300.00 0.132217
364 412 300.00 0.249893
365 353 300.00 0.145417
365 355 300.00 0.146960
365 378 300.00 0.149067
365 379 300.00 0.326983
366 353 300.00 0.330070
366 374 300.00 0.139887
366 386 300.00 0.198793
366 379 300.00 0.146987
367 346 300.00 0.068993
367 368 300.00 0.120160
367 369 300.00 0.303577
368 367 300.00 0.120160
368 382 300.00 0.081857
368 638 300.00 0.147177
369 367 300.00 0.303577
369 381 300.00 0.200850
370 359 300.00 0.540547
371 355 300.00 0.266723
371 372 300.00 0.093570
371 122 300.00 0.248817
372 357 300.00 0.184870
372 358 300.00 0.120010
372 371 300.00 0.093570
373 111 300.00 0.439477
373 377 300.00 0.154530
373 132 300.00 0.484957
373 113 300.00 0.149943
374 354 300.00 0.180710
374 375 300.00 0.180537
374 366 300.00 0.139887
375 374 300.00 0.180537
375 356 300.00 0.079453
375 380 300.00 0.074110
376 117 300.00 0.461763
377 115 300.00 0.451957
377 373 300.00 0.154530
377 413 300.00 0.509340
378 365 300.00 0.149067
378 388 300.00 0.099433
378 389 300.00 0.288370
379 365 300.00 0.326983
379 366 300.00 0.146987
379 396 300.00 0.141120
379 397 300.00 0.214530
380 375 300.00 0.074110
380 386 300.00 0.072987
380 113 300.00 0.153773
381 382 300.00 0.297743
381 395 300.00 0.205770
382 381 300.00 0.297743
382 368 300.00 0.081857
382 383 300.00 0.202577
383 382 300.00 0.202577
383 118 300.00 0.305397
383 395 300.00 0.301837
383 405 300.00 0.711363
384 320 300.00 0.250337
384 398 300.00 0.250493
384 390 300.00 0.581550
385 320 300.00 0.340697
386 366 300.00 0.198793
386 397 300.00 0.146707
386 380 300.00 0.072987
387 335 300.00 0.157213
387 340 300.00 0.056817
387 390 300.00 0.245750
388 378 300.00 0.099433
388 396 300.00 0.231380
388 586 300.00 0.232103
389 378 300.00 0.288370
389 122 300.00 0.165537
389 410 300.00 0.037590
390 387 300.00 0.245750
390 384 300.00 0.581550
390 409 300.00 0.252690
391 340 300.00 0.190073
391 393 300.00 0.006507
391 394 300.00 0.497903
392 118 300.00 0.705130
392 436 300.00 0.031257
392 119 300.00 0.306493
393 391 300.00 0.006507
393 404 300.00 0.055933
393 632 300.00 0.172117
394 391 300.00 0.497903
394 409 300.00 0.247913
394 403 300.00 0.256113
394 427 300.00 0.494770
395 383 300.00 0.301837
395 624 300.00 0.230923
396 379 300.00 0.141120
396 388 300.00 0.231380
396 407 300.00 0.232873
397 379 300.00 0.214530
397 386 300.00 0.146707
397 407 300.00 0.147560
398 384 300.00 0.250493
398 408 300.00 0.370350
398 409 300.00 0.585210
398 414 300.00 0.245883
399 120 300.00 0.170217
400 120 300.00 0.287073
400 417 300.00 0.242233
400 421 300.00 0.329583
401 402 300.00 0.247053
401 364 300.00 0.247113
401 406 300.00 0.492563
402 401 300.00 0.247053
402 403 300.00 0.493900
402 404 300.00 0.185207
403 402 300.00 0.493900
403 394 300.00 0.256113
403 406 300.00 0.249617
403 432 300.00 0.498263
404 402 300.00 0.185207
404 631 300.00 0.169243
404 393 300.00 0.055933
405 383 300.00 0.711363
405 452 300.00 0.031827
405 392 300.00 0.304383
406 401 300.00 0.492563
406 403 300.00 0.249617
406 419 300.00 0.243193
406 435 300.00 0.497517
407 396 300.00 0.232873
407 397 300.00 0.147560
407 415 300.00 0.097517
408 385 300.00 0.504810
408 398 300.00 0.370350
409 390 300.00 0.252690
409 398 300.00 0.585210
409 394 300.00 0.247913
409 418 300.00 0.247030
410 389 300.00 0.037590
410 586 300.00 0.080307
410 589 300.00 0.109443
411 364 300.00 0.132217
411 593 300.00 0.217733
411 599 300.00 0.391917
412 364 300.00 0.249893
412 419 300.00 0.238857
412 420 300.00 0.567143
413 377 300.00 0.509340
413 132 300.00 0.152140
413 137 300.00 0.140737
414 398 300.00 0.245883
414 428 300.00 0.249477
414 418 300.00 0.585960
415 407 300.00 0.097517
415 131 300.00 0.017923
415 416 300.00 0.263443
416 415 300.00 0.263443
416 586 300.00 0.191167
416 425 300.00 0.124293
417 128 300.00 0.150447
417 421 300.00 0.128597
417 422 300.00 0.368817
417 400 300.00 0.242233
418 409 300.00 0.247030
418 414 300.00 0.585960
418 439 300.00 0.246690
419 412 300.00 0.238857
419 406 300.00 0.243193
419 441 300.00 0.569407
419 442 300.00 0.252097
420 412 300.00 0.567143
420 446 300.00 0.365380
420 125 300.00 0.246900
420 441 300.00 0.242890
421 417 300.00 0.128597
421 429 300.00 0.025723
421 400 300.00 0.329583
422 417 300.00 0.368817
422 135 300.00 0.149493
422 431 300.00 0.159330
422 454 300.00 0.377750
423 424 300.00 0.105833
423 587 300.00 0.172960
423 425 300.00 0.246520
424 423 300.00 0.105833
424 425 300.00 0.124790
424 426 300.00 0.237167
425 424 300.00 0.124790
425 416 300.00 0.124293
425 423 300.00 0.246520
426 444 300.00 0.018390
426 447 300.00 0.028640
427 394 300.00 0.494770
427 465 300.00 0.189697
428 414 300.00 0.249477
428 450 300.00 0.025167
428 451 300.00 0.160387
429 421 300.00 0.025723
429 430 300.00 0.142797
429 431 300.00 0.360103
430 429 300.00 0.142797
430 360 300.00 0.150400
430 434 300.00 0.357267
431 429 300.00 0.360103
431 422 300.00 0.159330
431 434 300.00 0.146940
431 460 300.00 0.368317
432 403 300.00 0.498263
432 144 300.00 0.030090
432 145 300.00 0.174643
433 132 300.00 0.305750
433 443 300.00 0.257323
433 445 300.00 0.265113
433 459 300.00 0.794597
434 430 300.00 0.357267
434 431 300.00 0.146940
434 437 300.00 0.149247
434 466 300.00 0.361220
435 406 300.00 0.497517
435 152 300.00 0.166437
436 392 300.00 0.031257
436 440 300.00 0.190627
436 452 300.00 0.305133
437 360 300.00 0.360257
437 434 300.00 0.149247
437 438 300.00 0.135820
437 470 300.00 0.363547
438 360 300.00 0.487113
438 437 300.00 0.135820
438 471 300.00 0.156740
438 472 300.00 0.133727
439 418 300.00 0.246690
439 141 300.00 0.219950
440 436 300.00 0.190627
441 419 300.00 0.569407
441 449 300.00 0.628837
441 420 300.00 0.242890
441 461 300.00 0.243937
442 419 300.00 0.252097
442 461 300.00 0.570463
442 462 300.00 0.247670
443 444 300.00 0.259607
443 433 300.00 0.257323
443 131 300.00 0.415563
443 453 300.00 0.796307
444 443 300.00 0.259607
444 426 300.00 0.018390
444 424 300.00 0.236760
445 137 300.00 0.189717
445 433 300.00 0.265113
445 463 300.00 0.265973
445 464 300.00 0.789597
446 447 300.00 0.280077
446 420 300.00 0.365380
446 591 300.00 0.154037
447 446 300.00 0.280077
447 448 300.00 0.018067
447 449 300.00 0.240437
448 447 300.00 0.018067
448 444 300.00 0.027203
449 441 300.00 0.628837
449 467 300.00 0.022677
449 468 300.00 0.244040
450 428 300.00 0.025167
450 139 300.00 0.371630
451 0 300.00 0.025150
452 405 300.00 0.031827
452 455 300.00 0.424453
452 456 300.00 0.313993
453 443 300.00 0.796307
453 500 300.00 0.780520
453 501 300.00 0.258100
453 459 300.00 0.261403
454 422 300.00 0.377750
454 474 300.00 0.089587
454 460 300.00 0.152427
455 452 300.00 0.424453
455 477 300.00 0.071083
455 478 300.00 0.294197
456 579 300.00 0.271050
457 458 300.00 0.037907
458 405 300.00 0.313920
458 456 300.00 0.029520
459 433 300.00 0.794597
459 453 300.00 0.261403
459 503 300.00 0.777980
459 464 300.00 0.261167
460 431 300.00 0.368317
460 454 300.00 0.152427
460 479 300.00 0.142423
460 466 300.00 0.152100
461 442 300.00 0.570463
461 468 300.00 0.609663
461 594 300.00 0.252567
461 441 300.00 0.243937
462 442 300.00 0.247670
462 153 300.00 0.028577
462 154 300.00 0.148287
463 445 300.00 0.265973
463 138 300.00 0.065937
463 469 300.00 0.403920
464 445 300.00 0.789597
464 459 300.00 0.261167
464 512 300.00 0.275823
464 522 300.00 0.778587
465 140 300.00 0.031440
465 439 300.00 0.056157
466 434 300.00 0.361220
466 460 300.00 0.152100
466 489 300.00 0.195950
466 470 300.00 0.146573
467 449 300.00 0.022677
467 448 300.00 0.244283
468 461 300.00 0.609663
468 480 300.00 0.023433
468 481 300.00 0.253873
469 463 300.00 0.403920
469 512 300.00 0.367280
469 473 300.00 0.260753
470 437 300.00 0.363547
470 466 300.00 0.146573
470 491 300.00 0.146087
471 438 300.00 0.156740
471 475 300.00 0.128920
471 476 300.00 0.172193
472 438 300.00 0.133727
472 491 300.00 0.229507
472 475 300.00 0.152333
473 148 300.00 0.355480
473 514 300.00 0.346637
473 469 300.00 0.260753
474 148 300.00 0.204140
474 454 300.00 0.089587
474 482 300.00 0.072097
475 471 300.00 0.128920
475 493 300.00 0.136687
475 472 300.00 0.152333
476 471 300.00 0.172193
477 455 300.00 0.071083
477 487 300.00 0.295900
477 488 300.00 0.212487
478 455 300.00 0.294197
478 487 300.00 0.075230
479 460 300.00 0.142423
479 482 300.00 0.087213
479 489 300.00 0.158473
480 468 300.00 0.023433
480 467 300.00 0.241770
481 164 300.00 0.262300
481 163 300.00 0.030333
482 474 300.00 0.072097
482 490 300.00 0.592367
482 479 300.00 0.087213
483 484 300.00 0.030257
483 620 300.00 0.130920
484 483 300.00 0.030257
484 485 300.00 0.193317
484 486 300.00 0.327653
485 594 300.00 0.031237
485 159 300.00 0.069640
486 484 300.00 0.327653
486 173 300.00 0.455060
486 619 300.00 0.129350
487 477 300.00 0.295900
487 495 300.00 0.209673
488 477 300.00 0.212487
488 495 300.00 0.304977
488 576 300.00 0.264440
489 466 300.00 0.195950
489 479 300.00 0.158473
489 499 300.00 0.040223
490 482 300.00 0.592367
490 514 300.00 0.267930
490 518 300.00 0.793917
490 519 300.00 0.259243
491 470 300.00 0.146087
491 496 300.00 0.116000
491 472 300.00 0.229507
491 494 300.00 0.142860
492 493 300.00 0.091500
492 584 300.00 0.047173
492 648 300.00 0.159583
493 492 300.00 0.091500
493 494 300.00 0.094297
493 475 300.00 0.136687
494 493 300.00 0.094297
494 491 300.00 0.142860
494 498 300.00 0.142710
495 488 300.00 0.304977
495 504 300.00 0.039353
496 491 300.00 0.116000
496 497 300.00 0.070660
496 498 300.00 0.124320
497 496 300.00 0.070660
498 494 300.00 0.142710
498 496 300.00 0.124320
498 502 300.00 0.103183
499 489 300.00 0.040223
499 509 300.00 0.285797
499 519 300.00 0.465757
500 453 300.00 0.780520
500 527 300.00 0.262477
501 453 300.00 0.258100
501 481 300.00 0.033953
501 480 300.00 0.276520
502 498 300.00 0.103183
503 459 300.00 0.777980
503 500 300.00 0.265890
504 505 300.00 0.172147
505 516 300.00 0.089717
505 576 300.00 0.211023
506 507 300.00 0.136970
506 521 300.00 0.324713
506 530 300.00 0.648670
506 520 300.00 0.172120
507 506 300.00 0.136970
508 509 300.00 0.342783
508 519 300.00 0.262870
508 167 300.00 0.272283
508 543 300.00 0.125937
509 508 300.00 0.342783
509 499 300.00 0.285797
509 169 300.00 0.198787
510 142 300.00 0.025253
510 644 300.00 0.030213
511 512 300.00 0.785843
511 522 300.00 0.270643
512 511 300.00 0.785843
512 464 300.00 0.275823
512 513 300.00 0.123513
512 469 300.00 0.367280
513 512 300.00 0.123513
513 514 300.00 0.138513
513 585 300.00 0.384947
514 473 300.00 0.346637
514 513 300.00 0.138513
514 490 300.00 0.267930
514 515 300.00 0.793367
515 514 300.00 0.793367
515 511 300.00 0.258247
516 517 300.00 0.103853
517 576 300.00 0.368547
517 535 300.00 0.519727
518 490 300.00 0.793917
518 515 300.00 0.261890
519 490 300.00 0.259243
519 499 300.00 0.465757
519 508 300.00 0.262870
519 523 300.00 0.800837
520 170 300.00 0.274407
520 506 300.00 0.172120
520 584 300.00 0.296893
521 170 300.00 0.237697
521 506 300.00 0.324713
521 175 300.00 0.178017
522 464 300.00 0.778587
522 503 300.00 0.261980
523 519 300.00 0.800837
523 518 300.00 0.257733
524 525 300.00 0.327583
524 530 300.00 0.312330
524 533 300.00 0.165320
524 528 300.00 0.300920
525 524 300.00 0.327583
526 167 300.00 0.253813
526 531 300.00 0.258727
526 532 300.00 0.794953
527 625 300.00 0.107027
527 626 300.00 0.027033
528 529 300.00 0.285977
528 524 300.00 0.300920
528 534 300.00 0.262107
528 535 300.00 0.160357
529 528 300.00 0.285977
530 506 300.00 0.648670
530 175 300.00 0.147653
530 524 300.00 0.312330
531 526 300.00 0.258727
531 537 300.00 0.803950
531 538 300.00 0.293067
532 526 300.00 0.794953
532 176 300.00 0.112653
532 536 300.00 0.047870
533 524 300.00 0.165320
533 176 300.00 0.067993
533 534 300.00 0.318013
534 528 300.00 0.262107
534 533 300.00 0.318013
534 539 300.00 0.165950
534 541 300.00 0.074697
535 528 300.00 0.160357
535 539 300.00 0.306577
536 532 300.00 0.047870
536 537 300.00 0.223803
536 582 300.00 0.175853
537 531 300.00 0.803950
537 542 300.00 0.028113
537 536 300.00 0.223803
538 531 300.00 0.293067
538 544 300.00 0.274820
539 540 300.00 0.196940
539 534 300.00 0.165950
540 583 300.00 0.167293
540 575 300.00 0.121180
541 534 300.00 0.074697
541 582 300.00 0.177820
541 583 300.00 0.182417
542 537 300.00 0.028113
542 545 300.00 0.242337
542 546 300.00 0.168233
543 544 300.00 0.675593
543 508 300.00 0.125937
543 646 300.00 0.119757
544 543 300.00 0.675593
544 523 300.00 0.263837
545 542 300.00 0.242337
545 538 300.00 0.807613
546 542 300.00 0.168233
546 582 300.00 0.243323
546 583 300.00 0.165517
547 548 300.00 0.046407
547 555 300.00 0.085797
547 556 300.00 0.289140
548 547 300.00 0.046407
548 549 300.00 0.045240
548 550 300.00 0.287500
549 548 300.00 0.045240
549 551 300.00 0.099253
549 552 300.00 0.310907
550 548 300.00 0.287500
551 549 300.00 0.099253
552 549 300.00 0.310907
552 554 300.00 0.251583
552 556 300.00 0.082453
553 554 300.00 0.080150
553 557 300.00 0.023520
553 556 300.00 0.246627
554 553 300.00 0.080150
554 552 300.00 0.251583
555 547 300.00 0.085797
555 217 300.00 0.083593
555 558 300.00 0.266027
556 547 300.00 0.289140
556 553 300.00 0.246627
556 552 300.00 0.082453
556 558 300.00 0.081753
557 553 300.00 0.023520
557 559 300.00 0.059893
557 563 300.00 0.165123
558 555 300.00 0.266027
558 559 300.00 0.248237
558 556 300.00 0.081753
558 216 300.00 0.080020
559 557 300.00 0.059893
559 560 300.00 0.021090
559 558 300.00 0.248237
560 559 300.00 0.021090
560 561 300.00 0.061680
560 565 300.00 0.172387
561 560 300.00 0.061680
561 223 300.00 0.018767
561 216 300.00 0.249963
562 204 300.00 0.187250
563 557 300.00 0.165123
563 564 300.00 0.250290
563 565 300.00 0.082537
564 563 300.00 0.250290
565 560 300.00 0.172387
565 563 300.00 0.082537
565 568 300.00 0.324583
565 569 300.00 0.082610
566 567 300.00 0.065567
566 568 300.00 0.431370
566 574 300.00 0.069290
567 566 300.00 0.065567
567 568 300.00 0.384297
568 567 300.00 0.384297
568 565 300.00 0.324583
568 566 300.00 0.431370
569 223 300.00 0.174607
569 233 300.00 0.292697
569 571 300.00 0.093507
569 565 300.00 0.082610
570 233 300.00 0.059160
570 253 300.00 0.587900
570 573 300.00 0.603080
571 224 300.00 0.174800
571 572 300.00 0.109127
571 569 300.00 0.093507
572 571 300.00 0.109127
573 570 300.00 0.603080
574 253 300.00 0.075607
574 649 300.00 0.119487
574 566 300.00 0.069290
574 650 300.00 0.083150
575 545 300.00 0.522180
576 505 300.00 0.211023
576 488 300.00 0.264440
576 517 300.00 0.368547
577 578 300.00 0.336397
577 119 300.00 0.028710
577 436 300.00 0.307157
578 577 300.00 0.336397
579 478 300.00 0.153047
580 581 300.00 0.278073
581 580 300.00 0.278073
581 457 300.00 0.264240
582 536 300.00 0.175853
582 546 300.00 0.243323
582 541 300.00 0.177820
583 546 300.00 0.165517
583 540 300.00 0.167293
583 541 300.00 0.182417
584 520 300.00 0.296893
584 169 300.00 0.433743
584 492 300.00 0.047173
585 513 300.00 0.384947
586 388 300.00 0.232103
586 410 300.00 0.080307
586 416 300.00 0.191167
587 423 300.00 0.172960
587 588 300.00 0.012597
587 589 300.00 0.135150
588 587 300.00 0.012597
588 125 300.00 0.380793
588 591 300.00 0.100923
589 587 300.00 0.135150
589 410 300.00 0.109443
589 590 300.00 0.101850
590 589 300.00 0.101850
591 588 300.00 0.100923
591 446 300.00 0.154037
591 592 300.00 0.104093
592 591 300.00 0.104093
593 125 300.00 0.222060
593 411 300.00 0.217733
593 596 300.00 0.336027
594 461 300.00 0.252567
594 485 300.00 0.031237
594 483 300.00 0.192600
595 627 300.00 0.240020
595 629 300.00 0.025063
596 593 300.00 0.336027
596 597 300.00 0.176830
596 599 300.00 0.126137
597 598 300.00 0.142937
597 600 300.00 0.126707
597 124 300.00 0.128017
597 596 300.00 0.176830
598 597 300.00 0.142937
599 411 300.00 0.391917
599 600 300.00 0.179327
599 596 300.00 0.126137
600 601 300.00 0.177577
600 597 300.00 0.126707
600 363 300.00 0.125427
600 599 300.00 0.179327
601 600 300.00 0.177577
602 603 300.00 0.068603
602 304 300.00 0.084000
602 608 300.00 0.145007
602 606 300.00 0.268257
603 602 300.00 0.068603
604 304 300.00 0.265247
604 605 300.00 0.092243
604 606 300.00 0.068490
605 604 300.00 0.092243
606 607 300.00 0.029967
606 602 300.00 0.268257
606 604 300.00 0.068490
607 606 300.00 0.029967
608 602 300.00 0.145007
608 41 300.00 0.092117
608 609 300.00 0.161360
609 608 300.00 0.161360
610 71 300.00 0.111547
610 77 300.00 0.015000
610 286 300.00 0.242567
611 7 300.00 0.137033
612 208 300.00 0.340567
612 613 300.00 0.114270
612 230 300.00 0.284627
613 612 300.00 0.114270
613 614 300.00 0.211563
613 615 300.00 0.842460
614 613 300.00 0.211563
614 615 300.00 0.701893
615 613 300.00 0.842460
615 614 300.00 0.701893
616 314 300.00 0.159823
617 314 300.00 0.158207
618 172 300.00 0.090490
618 158 300.00 0.216137
618 621 300.00 0.077237
619 172 300.00 0.426717
619 157 300.00 0.316940
619 158 300.00 0.127353
619 486 300.00 0.129350
620 157 300.00 0.031643
620 462 300.00 0.245303
621 618 300.00 0.077237
621 622 300.00 0.078353
621 623 300.00 0.067297
622 621 300.00 0.078353
623 621 300.00 0.067297
624 581 300.00 0.178433
625 628 300.00 0.261963
625 630 300.00 0.024487
626 165 300.00 0.262867
627 628 300.00 0.025117
627 630 300.00 0.262120
628 627 300.00 0.025117
628 629 300.00 0.240700
629 595 300.00 0.025063
629 501 300.00 0.176647
630 625 300.00 0.024487
630 626 300.00 0.109020
631 404 300.00 0.169243
632 393 300.00 0.172117
633 43 300.00 0.150850
634 333 300.00 0.096253
635 294 300.00 0.136623
636 290 300.00 0.142397
637 346 300.00 0.149313
638 368 300.00 0.147177
639 334 300.00 0.149103
640 288 300.00 0.079817
641 279 300.00 0.279287
642 101 300.00 0.431600
642 642 300.00 0.691297
643 327 300.00 0.262570
644 1 300.00 0.527177
645 646 300.00 0.045997
646 645 300.00 0.045997
646 647 300.00 0.057287
646 543 300.00 0.119757
647 646 300.00 0.057287
648 492 300.00 0.159583
649 574 300.00 0.119487
650 574 300.00 0.083150
651 209 300.00 0.454913
652 49 300.00 0.088507
