0 2 300.00 0.090123
0 39 300.00 0.080687
1 2 300.00 0.084867
1 3 300.00 0.089357
2 1 300.00 0.084867
2 0 300.00 0.090123
3 1 300.00 0.089357
3 4 300.00 0.156760
3 5 300.00 1.143590
4 3 300.00 0.156760
4 27 300.00 0.196210
4 20 300.00 0.038490
5 3 300.00 1.143590
5 15 300.00 0.108447
6 7 300.00 0.081787
6 10 300.00 0.085600
6 11 300.00 1.143697
7 6 300.00 0.081787
7 8 300.00 0.084643
7 9 300.00 1.137060
8 7 300.00 0.084643
8 16 300.00 0.086250
8 19 300.00 1.138003
9 7 300.00 1.137060
9 19 300.00 0.085253
10 6 300.00 0.085600
10 12 300.00 1.151090
10 13 300.00 0.089023
11 6 300.00 1.143697
11 9 300.00 0.086673
12 10 300.00 1.151090
12 11 300.00 0.083827
13 10 300.00 0.089023
13 14 300.00 1.164600
13 15 300.00 0.097660
14 13 300.00 1.164600
14 12 300.00 0.087997
15 13 300.00 0.097660
15 20 300.00 1.215110
15 5 300.00 0.108447
16 8 300.00 0.086250
16 17 300.00 0.091367
16 18 300.00 1.144627
17 16 300.00 0.091367
17 59 300.00 1.209703
17 55 300.00 0.110863
18 16 300.00 1.144627
18 59 300.00 0.091677
19 8 300.00 1.138003
19 18 300.00 0.086157
20 14 300.00 0.083110
20 15 300.00 1.215110
20 21 300.00 0.201617
21 20 300.00 0.201617
21 25 300.00 1.174470
21 27 300.00 0.037903
22 23 300.00 1.132280
22 21 300.00 0.086683
23 22 300.00 1.132280
23 24 300.00 0.083553
23 25 300.00 0.090717
24 23 300.00 0.083553
24 31 300.00 1.124883
24 29 300.00 0.087397
25 23 300.00 0.090717
25 26 300.00 0.112843
25 21 300.00 1.174470
26 25 300.00 0.112843
26 28 300.00 0.017757
27 4 300.00 0.196210
27 57 300.00 0.337400
28 26 300.00 0.017757
28 45 300.00 0.082087
28 57 300.00 0.938350
29 30 300.00 1.120737
29 24 300.00 0.087397
29 51 300.00 0.083817
30 29 300.00 1.120737
30 11 300.00 0.213980
30 31 300.00 0.084043
31 22 300.00 0.087097
31 24 300.00 1.124883
32 33 300.00 0.088820
32 60 300.00 0.625360
33 32 300.00 0.088820
33 34 300.00 0.095607
33 35 300.00 0.659233
34 33 300.00 0.095607
34 44 300.00 0.067567
35 33 300.00 0.659233
35 60 300.00 0.083817
36 37 300.00 0.089837
36 44 300.00 0.026647
37 36 300.00 0.089837
37 38 300.00 0.058150
38 37 300.00 0.058150
38 52 300.00 0.033627
38 53 300.00 0.346987
39 0 300.00 0.080687
39 40 300.00 0.034770
40 39 300.00 0.034770
40 61 300.00 0.321273
41 42 300.00 1.185010
41 50 300.00 0.086523
42 41 300.00 1.185010
42 43 300.00 0.101873
43 50 300.00 1.104703
43 47 300.00 0.085250
44 34 300.00 0.067567
44 36 300.00 0.026647
45 28 300.00 0.082087
45 46 300.00 0.906200
46 45 300.00 0.906200
46 57 300.00 0.091357
46 58 300.00 0.092290
47 48 300.00 0.083317
47 49 300.00 1.110877
48 30 300.00 0.088133
48 51 300.00 1.113183
49 47 300.00 1.110877
49 50 300.00 0.088207
49 51 300.00 0.084023
50 49 300.00 0.088207
50 41 300.00 0.086523
50 43 300.00 1.104703
51 49 300.00 0.084023
51 48 300.00 1.113183
51 29 300.00 0.083817
52 38 300.00 0.033627
52 56 300.00 0.091990
53 38 300.00 0.346987
53 61 300.00 0.185177
54 55 300.00 1.329000
55 54 300.00 1.329000
55 17 300.00 0.110863
56 52 300.00 0.091990
56 58 300.00 0.092510
57 28 300.00 0.938350
57 46 300.00 0.091357
57 27 300.00 0.337400
58 46 300.00 0.092290
58 56 300.00 0.092510
59 54 300.00 0.101363
59 42 300.00 0.117690
59 17 300.00 1.209703
60 32 300.00 0.625360
60 35 300.00 0.083817
61 53 300.00 0.185177
61 40 300.00 0.321273
