0 1 300.00 0.425970
1 2 300.00 0.418547
2 3 300.00 0.046137
2 4 300.00 0.416130
3 8 300.00 0.423020
3 34 300.00 0.281370
4 5 300.00 0.256067
4 6 300.00 0.048947
4 7 300.00 0.302813
5 15 300.00 0.451490
5 18 300.00 0.090937
6 4 300.00 0.048947
6 35 300.00 0.167557
6 3 300.00 0.412930
7 4 300.00 0.302813
7 13 300.00 0.320233
7 19 300.00 0.475770
8 9 300.00 0.216160
8 10 300.00 0.422523
9 30 300.00 0.152353
9 51 300.00 0.254533
10 0 300.00 0.041260
11 59 300.00 0.022567
11 16 300.00 0.250320
12 46 300.00 0.390737
12 45 300.00 0.187187
13 7 300.00 0.320233
13 14 300.00 0.365590
13 15 300.00 0.496453
14 13 300.00 0.365590
15 5 300.00 0.451490
15 16 300.00 0.293920
15 17 300.00 0.249207
16 15 300.00 0.293920
16 14 300.00 0.688250
17 11 300.00 0.281537
18 57 300.00 0.181370
18 58 300.00 0.173023
19 7 300.00 0.475770
19 33 300.00 0.072490
20 21 300.00 0.246290
20 22 300.00 0.464600
21 20 300.00 0.246290
22 23 300.00 0.217663
22 24 300.00 0.406227
23 22 300.00 0.217663
23 29 300.00 0.211183
23 25 300.00 0.405807
24 10 300.00 0.358967
24 25 300.00 0.216487
25 23 300.00 0.405807
25 30 300.00 0.210583
26 27 300.00 0.212373
27 20 300.00 0.218583
28 29 300.00 0.260377
29 28 300.00 0.260377
29 23 300.00 0.211183
29 26 300.00 0.516583
30 31 300.00 0.157680
30 32 300.00 0.194413
31 49 300.00 0.413747
31 29 300.00 0.236770
32 30 300.00 0.194413
33 2 300.00 0.457660
33 62 300.00 0.101180
34 3 300.00 0.281370
34 47 300.00 0.127887
34 51 300.00 0.156550
35 6 300.00 0.167557
35 42 300.00 0.425997
35 44 300.00 0.833420
36 26 300.00 0.413570
36 37 300.00 0.448573
37 36 300.00 0.448573
37 49 300.00 0.351730
37 54 300.00 0.211843
38 39 300.00 0.514180
38 40 300.00 0.186003
39 45 300.00 0.196600
40 41 300.00 0.190263
40 45 300.00 0.509080
41 42 300.00 0.022723
42 43 300.00 0.383093
42 35 300.00 0.425997
43 56 300.00 0.045957
43 55 300.00 0.382627
44 35 300.00 0.833420
44 48 300.00 0.025977
44 50 300.00 0.217903
45 39 300.00 0.196600
45 12 300.00 0.187187
45 40 300.00 0.509080
46 41 300.00 0.112873
46 65 300.00 0.153577
47 34 300.00 0.127887
47 48 300.00 0.667653
47 49 300.00 0.176017
48 47 300.00 0.667653
48 44 300.00 0.025977
48 64 300.00 0.088540
49 47 300.00 0.176017
49 31 300.00 0.413747
49 37 300.00 0.351730
50 44 300.00 0.217903
51 34 300.00 0.156550
51 9 300.00 0.254533
51 52 300.00 0.109903
51 53 300.00 0.102500
52 51 300.00 0.109903
53 51 300.00 0.102500
54 37 300.00 0.211843
55 38 300.00 0.406570
56 43 300.00 0.045957
56 57 300.00 0.056793
56 58 300.00 0.036417
57 17 300.00 0.295763
58 43 300.00 0.046193
58 6 300.00 0.509680
59 60 300.00 0.013760
59 61 300.00 0.040487
60 61 300.00 0.048843
61 16 300.00 0.213750
62 63 300.00 0.087087
62 33 300.00 0.101180
62 68 300.00 0.078280
63 62 300.00 0.087087
64 48 300.00 0.088540
65 46 300.00 0.153577
65 66 300.00 0.068863
65 67 300.00 0.039037
66 65 300.00 0.068863
67 65 300.00 0.039037
68 62 300.00 0.078280
