0 246 522.00 0.765717
1 250 798.00 0.584667
1 2 711.00 0.521250
2 1 711.00 0.521250
2 4 1689.00 2.474333
3 257 2077.00 3.042883
3 232 1150.00 1.684383
3 6 1146.00 1.678533
4 2 1689.00 2.474333
5 242 1079.00 1.581133
5 252 3131.00 2.292650
6 3 1146.00 1.678533
6 7 1153.00 1.688983
6 258 2089.00 3.059867
6 241 1069.00 1.565850
7 6 1153.00 1.688983
7 9 2079.00 3.045950
7 242 1053.00 1.543283
8 257 2064.00 3.022650
8 195 642.00 0.940467
8 228 1189.00 1.741450
9 7 2079.00 3.045950
9 258 1150.00 1.684800
9 198 1133.00 1.660633
9 197 3014.00 4.414200
10 227 732.00 1.072433
10 11 2350.00 1.721267
11 10 2350.00 1.721267
11 216 1909.00 2.796083
12 197 80.00 0.117617
12 264 1139.00 1.668667
12 263 1134.00 1.661517
13 289 435.00 0.638167
13 287 261.00 0.383283
13 18 979.00 1.434833
14 200 554.00 0.812033
14 197 1101.00 1.613800
14 21 1158.00 1.696333
14 199 1103.00 1.616117
15 28 2159.00 3.162233
15 207 887.00 1.299517
15 208 2653.00 3.885717
16 291 215.00 0.315150
16 133 370.00 0.542800
16 24 968.00 1.418483
17 31 1132.00 1.658850
17 206 1159.00 1.697817
17 200 634.00 0.928600
17 203 687.00 1.006933
18 13 979.00 1.434833
18 125 1095.00 1.604917
18 20 439.00 0.642950
19 218 333.00 0.488667
19 23 912.00 1.336100
19 208 850.00 1.245867
20 18 439.00 0.642950
20 33 1090.00 1.596550
20 132 71.00 0.105217
21 14 1158.00 1.696333
21 263 1166.00 1.708817
21 31 1170.00 1.713917
21 180 1163.00 1.703450
22 187 107.00 0.157167
22 137 441.00 0.646200
22 32 951.00 1.392783
23 19 912.00 1.336100
23 44 2423.00 3.549667
23 261 1182.00 1.731117
23 222 747.00 1.094567
24 16 968.00 1.418483
24 131 241.00 0.353300
24 135 129.00 0.189467
25 39 1095.00 1.603700
25 135 354.00 0.519850
25 136 39.00 0.057300
26 35 666.00 0.975983
26 207 1086.00 1.591800
26 302 1190.00 1.743850
27 29 249.00 0.365383
27 37 1321.00 1.935367
27 225 479.00 0.702783
28 15 2159.00 3.162233
28 208 783.00 1.147583
28 36 847.00 1.240900
29 27 249.00 0.365383
29 222 162.00 0.237700
29 209 2421.00 3.545783
30 34 466.00 0.683333
30 187 1171.00 1.715667
30 184 675.00 0.988550
30 43 1061.00 1.554167
31 17 1132.00 1.658850
31 21 1170.00 1.713917
31 40 1165.00 1.707250
31 50 2226.00 3.260483
32 22 951.00 1.392783
32 41 1098.00 1.608000
32 136 416.00 0.610417
33 20 1090.00 1.596550
33 125 423.00 0.620867
34 30 466.00 0.683333
34 38 563.00 0.824700
34 138 978.00 1.432533
35 26 666.00 0.975983
35 47 1135.00 1.662200
35 280 1102.00 1.613917
35 206 1160.00 1.699933
36 28 847.00 1.240900
36 44 913.00 1.337900
36 302 56.00 0.083100
37 27 1321.00 1.935367
37 213 1752.00 1.283100
38 34 563.00 0.824700
38 45 807.00 1.183200
38 48 938.00 1.374400
39 25 1095.00 1.603700
39 301 76.00 0.112667
40 31 1165.00 1.707250
40 50 1117.00 1.636083
40 47 1129.00 1.653850
41 32 1098.00 1.608000
41 276 159.00 0.234067
41 39 492.00 0.721033
42 46 279.00 0.408833
42 45 205.00 0.301600
42 180 1102.00 1.614717
43 30 1061.00 1.554167
43 52 1010.00 1.480533
43 138 410.00 0.601167
44 23 2423.00 3.549667
44 36 913.00 1.337900
44 281 176.00 0.258467
45 38 807.00 1.183200
45 42 205.00 0.301600
45 51 928.00 1.359083
46 42 279.00 0.408833
46 49 466.00 0.683533
46 58 945.00 1.383933
47 35 1135.00 1.662200
47 40 1129.00 1.653850
47 59 1059.00 1.552033
47 54 1134.00 1.661600
48 38 938.00 1.374400
48 62 1121.00 1.641883
48 138 605.00 0.886750
49 46 466.00 0.683533
49 145 242.00 0.354833
49 141 944.00 1.382533
50 31 2226.00 3.260483
50 40 1117.00 1.636083
50 55 406.00 0.595550
51 45 928.00 1.359083
51 63 1050.00 1.538683
51 57 417.00 0.611733
52 43 1010.00 1.480533
52 56 170.00 0.249217
52 275 452.00 0.662483
53 60 840.00 1.230833
53 145 444.00 0.650917
53 158 383.00 0.561133
54 47 1134.00 1.661600
54 280 1111.00 1.628317
54 176 1194.00 1.749583
54 68 1470.00 2.153483
55 50 406.00 0.595550
55 60 688.00 1.008350
55 68 2302.00 3.372500
56 52 170.00 0.249217
56 119 712.00 1.042967
56 140 523.00 0.766667
57 51 417.00 0.611733
57 66 1065.00 1.560117
57 58 61.00 0.089983
58 46 945.00 1.383933
58 57 61.00 0.089983
58 142 298.00 0.436917
59 47 1059.00 1.552033
60 53 840.00 1.230833
60 55 688.00 1.008350
60 64 293.00 0.430067
61 69 1062.00 1.556433
61 141 270.00 0.395750
61 144 66.00 0.097900
62 48 1121.00 1.641883
62 139 507.00 0.742600
63 51 1050.00 1.538683
63 284 153.00 0.225400
63 62 260.00 0.381100
64 60 293.00 0.430067
64 147 1078.00 1.579367
64 265 365.00 0.535333
65 150 442.00 0.647667
65 156 303.00 0.444717
65 144 437.00 0.640467
65 152 1145.00 1.677550
66 57 1065.00 1.560117
66 63 453.00 0.663800
67 117 296.00 0.434067
67 116 1332.00 1.950833
67 292 1921.00 2.814417
67 77 1374.00 2.012733
68 54 1470.00 2.153483
68 55 2302.00 3.372500
68 178 1144.00 1.675833
68 174 723.00 1.060000
69 61 1062.00 1.556433
69 143 452.00 0.663033
70 285 195.00 0.285600
70 148 322.00 0.472083
70 69 503.00 0.737583
71 174 282.00 0.413800
71 147 632.00 0.925617
71 82 1984.00 2.906417
72 117 452.00 0.663350
72 74 778.00 1.140333
72 80 1346.00 1.971933
72 119 1415.00 2.073050
73 114 106.00 0.156350
73 77 735.00 1.076583
73 292 274.00 0.402000
74 72 778.00 1.140333
74 75 123.00 0.180817
74 84 1349.00 1.976617
75 74 123.00 0.180817
75 78 660.00 0.967517
75 119 2198.00 3.220250
76 268 335.00 0.491567
76 70 1131.00 1.656517
77 67 1374.00 2.012733
77 73 735.00 1.076583
77 80 752.00 1.102500
77 93 2450.00 3.587917
78 75 660.00 0.967517
78 83 838.00 1.228500
78 88 1344.00 1.969433
79 173 1138.00 1.667200
79 161 1090.00 1.596667
79 269 373.00 0.546567
80 72 1346.00 1.971933
80 77 752.00 1.102500
80 84 823.00 1.205300
80 96 2433.00 3.563267
81 86 1092.00 1.600217
81 166 199.00 0.292200
81 168 271.00 0.397517
82 71 1984.00 2.906417
82 85 169.00 0.247533
82 146 628.00 0.920867
83 78 838.00 1.228500
83 87 802.00 1.175767
83 91 1359.00 1.991017
84 74 1349.00 1.976617
84 80 823.00 1.205300
84 88 792.00 1.159983
84 100 2424.00 3.550583
85 82 169.00 0.247533
85 297 528.00 0.774417
85 296 1559.00 2.284450
86 81 1092.00 1.600217
86 90 1129.00 1.653700
86 272 291.00 0.426333
86 271 193.00 0.283367
87 83 802.00 1.175767
87 89 785.00 1.149633
87 95 1366.00 2.001833
88 78 1344.00 1.969433
88 84 792.00 1.159983
88 91 809.00 1.186083
88 103 2385.00 3.494167
89 87 785.00 1.149633
89 94 825.00 1.209267
89 99 1381.00 2.023333
90 86 1129.00 1.653700
90 169 280.00 0.411200
90 167 193.00 0.282800
91 83 1359.00 1.991017
91 88 809.00 1.186083
91 95 805.00 1.178950
91 105 2332.00 3.415383
92 273 357.00 0.523683
92 160 1104.00 1.617483
93 77 2450.00 3.587917
93 96 792.00 1.160100
94 89 825.00 1.209267
94 98 849.00 1.244350
94 102 1393.00 2.040100
95 87 1366.00 2.001833
95 91 805.00 1.178950
95 99 792.00 1.160050
95 108 2284.00 3.345733
96 80 2433.00 3.563267
96 93 792.00 1.160100
96 100 811.00 1.188367
97 171 376.00 0.551117
97 92 1108.00 1.623483
97 279 147.00 0.215683
98 94 849.00 1.244350
98 101 766.00 1.121833
98 106 1404.00 2.056617
98 297 1597.00 2.339450
99 89 1381.00 2.023333
99 95 792.00 1.160050
99 110 2270.00 3.324467
99 102 855.00 1.253000
100 84 2424.00 3.550583
100 96 811.00 1.188367
100 103 808.00 1.183567
101 98 766.00 1.121833
101 104 745.00 1.092467
101 109 1382.00 2.025117
102 94 1393.00 2.040100
102 99 855.00 1.253000
102 106 797.00 1.167867
103 88 2385.00 3.494167
103 100 808.00 1.183567
103 105 785.00 1.149733
104 101 745.00 1.092467
104 107 742.00 1.087450
104 111 1351.00 1.979833
105 91 2332.00 3.415383
105 103 785.00 1.149733
105 108 857.00 1.255567
106 98 1404.00 2.056617
106 102 797.00 1.167867
106 109 800.00 1.172383
106 113 2495.00 3.654017
107 104 742.00 1.087450
107 298 641.00 0.939167
107 112 1307.00 1.914233
108 95 2284.00 3.345733
108 105 857.00 1.255567
108 110 805.00 1.179083
109 101 1382.00 2.025117
109 106 800.00 1.172383
109 111 805.00 1.178917
110 99 2270.00 3.324467
110 108 805.00 1.179083
111 104 1351.00 1.979833
111 109 805.00 1.178917
111 112 671.00 0.983400
112 107 1307.00 1.914233
112 111 671.00 0.983400
112 120 181.00 0.265667
112 121 999.00 1.463167
113 106 2495.00 3.654017
114 73 106.00 0.156350
114 115 879.00 1.288600
114 294 1141.00 1.671833
115 114 879.00 1.288600
116 67 1332.00 1.950833
117 67 296.00 0.434067
117 72 452.00 0.663350
117 118 546.00 0.800150
118 117 546.00 0.800150
119 56 712.00 1.042967
119 72 1415.00 2.073050
119 75 2198.00 3.220250
120 112 181.00 0.265667
120 120 1348.00 1.974400
121 112 999.00 1.463167
121 122 463.00 0.678717
122 121 463.00 0.678717
123 298 4038.00 5.914300
124 123 543.00 0.397600
124 306 1281.00 1.876983
125 18 1095.00 1.604917
125 300 1350.00 1.977650
126 85 450.00 0.659633
126 127 745.00 1.091750
127 126 745.00 1.091750
128 124 3294.00 2.412483
129 128 2014.00 2.950117
129 277 131.00 0.192150
130 33 201.00 0.294417
130 131 1093.00 1.601150
131 24 241.00 0.353300
131 130 1093.00 1.601150
131 132 114.00 0.168233
132 20 71.00 0.105217
132 131 114.00 0.168233
132 133 972.00 1.424117
133 16 370.00 0.542800
133 132 972.00 1.424117
133 289 77.00 0.113067
134 130 343.00 0.503200
134 135 1098.00 1.608133
135 24 129.00 0.189467
135 25 354.00 0.519850
135 134 1098.00 1.608133
136 25 39.00 0.057300
136 32 416.00 0.610417
136 137 970.00 1.421083
137 22 441.00 0.646200
137 136 970.00 1.421083
137 291 273.00 0.400833
138 34 978.00 1.432533
138 43 410.00 0.601167
138 48 605.00 0.886750
138 295 1077.00 1.577700
139 295 117.00 0.171900
139 140 160.00 0.234983
140 139 160.00 0.234983
140 284 738.00 1.081450
141 49 944.00 1.382533
141 61 270.00 0.395750
141 142 76.00 0.112750
142 58 298.00 0.436917
142 141 76.00 0.112750
142 143 1105.00 1.619217
143 142 1105.00 1.619217
143 66 231.00 0.339133
144 61 66.00 0.097900
144 65 437.00 0.640467
144 145 918.00 1.345017
145 49 242.00 0.354833
145 53 444.00 0.650917
145 144 918.00 1.345017
146 76 1082.00 1.585667
146 149 338.00 0.495933
147 64 1078.00 1.579367
147 71 632.00 0.925617
147 159 391.00 0.573117
148 70 322.00 0.472083
148 150 260.00 0.381733
148 268 1136.00 1.665033
149 146 338.00 0.495933
149 151 258.00 0.379033
149 268 1098.00 1.608933
150 65 442.00 0.647667
150 148 260.00 0.381733
150 267 1141.00 1.671750
151 149 258.00 0.379033
151 154 298.00 0.436867
151 267 1092.00 1.600117
152 65 1145.00 1.677550
152 153 181.00 0.266433
152 266 298.00 0.436917
152 155 1088.00 1.594100
153 152 181.00 0.266433
153 267 279.00 0.409250
153 154 1093.00 1.601917
154 151 298.00 0.436867
154 153 1093.00 1.601917
154 155 175.00 0.257650
155 152 1088.00 1.594100
155 154 175.00 0.257650
155 157 273.00 0.400433
156 65 303.00 0.444717
156 158 263.00 0.386233
156 266 1138.00 1.667933
157 155 273.00 0.400433
157 159 250.00 0.367167
157 266 1089.00 1.595067
158 53 383.00 0.561133
158 156 263.00 0.386233
158 265 1130.00 1.656217
159 147 391.00 0.573117
159 157 250.00 0.367167
159 265 1087.00 1.592000
160 82 615.00 0.901250
160 170 356.00 0.522683
161 79 1090.00 1.596667
161 174 316.00 0.464217
161 162 383.00 0.561483
162 161 383.00 0.561483
162 164 230.00 0.337283
162 269 1095.00 1.604067
163 165 253.00 0.371033
163 173 377.00 0.552783
163 269 1136.00 1.664900
164 162 230.00 0.337283
164 166 302.00 0.442933
164 270 1110.00 1.625733
165 163 253.00 0.371033
165 167 281.00 0.411633
165 270 1135.00 1.662667
166 81 199.00 0.292200
166 164 302.00 0.442933
166 271 1096.00 1.605100
167 90 193.00 0.282800
167 165 281.00 0.411633
167 271 1133.00 1.659833
168 81 271.00 0.397517
168 170 258.00 0.378783
168 272 1092.00 1.600417
169 90 280.00 0.411200
169 171 263.00 0.385350
169 272 1131.00 1.657500
170 160 356.00 0.522683
170 168 258.00 0.378783
170 273 1090.00 1.597467
171 97 376.00 0.551117
171 169 263.00 0.385350
171 273 1124.00 1.647417
172 178 1408.00 2.062917
172 304 348.00 0.509833
172 173 725.00 1.062317
173 79 1138.00 1.667200
173 163 377.00 0.552783
173 172 725.00 1.062317
174 68 723.00 1.060000
174 71 282.00 0.413800
174 161 316.00 0.464217
175 176 3272.00 4.791700
175 283 900.00 1.318433
175 282 2453.00 3.593367
176 54 1194.00 1.749583
176 175 3272.00 4.791700
176 177 1065.00 1.560783
177 176 1065.00 1.560783
177 178 392.00 0.574167
177 179 403.00 0.591233
178 68 1144.00 1.675833
178 172 1408.00 2.062917
178 177 392.00 0.574167
179 177 403.00 0.591233
180 21 1163.00 1.703450
180 42 1102.00 1.614717
180 196 1124.00 1.647150
181 260 1163.00 1.703917
181 187 1112.00 1.628550
181 189 1110.00 1.626700
181 182 1157.00 1.695367
182 181 1157.00 1.695367
182 184 455.00 0.667267
182 196 1183.00 1.732683
182 183 1170.00 1.714550
183 182 1170.00 1.714550
183 260 1164.00 1.705300
183 263 1102.00 1.615150
183 264 1156.00 1.693067
184 30 675.00 0.988550
184 182 455.00 0.667267
184 185 623.00 0.912367
185 184 623.00 0.912367
186 189 1229.00 1.800050
186 191 1354.00 1.984033
186 259 2128.00 3.116650
187 22 107.00 0.157167
187 30 1171.00 1.715667
187 181 1112.00 1.628550
188 264 1127.00 1.651367
188 190 1162.00 1.702450
188 260 1119.00 1.639983
189 181 1110.00 1.626700
189 186 1229.00 1.800050
189 259 1181.00 1.729650
190 188 1162.00 1.702450
190 194 783.00 1.146817
190 193 63.00 0.092467
191 186 1354.00 1.984033
191 287 102.00 0.150650
192 193 910.00 1.333617
193 190 63.00 0.092467
193 192 910.00 1.333617
193 259 1042.00 1.526467
194 190 783.00 1.146817
195 8 642.00 0.940467
195 264 1078.00 1.579033
195 258 2488.00 3.643633
196 180 1124.00 1.647150
196 182 1183.00 1.732683
196 263 1157.00 1.695000
197 9 3014.00 4.414200
197 12 80.00 0.117617
197 14 1101.00 1.613800
198 9 1133.00 1.660633
198 199 1712.00 2.507717
198 202 877.00 1.284767
199 14 1103.00 1.616117
199 198 1712.00 2.507717
199 201 104.00 0.153083
200 14 554.00 0.812033
200 17 634.00 0.928600
200 201 684.00 1.002733
201 199 104.00 0.153083
201 200 684.00 1.002733
201 203 676.00 0.990250
202 198 877.00 1.284767
203 17 687.00 1.006933
203 201 676.00 0.990250
203 205 250.00 0.366167
204 205 905.00 1.325333
205 203 250.00 0.366167
205 204 905.00 1.325333
205 207 908.00 1.330833
206 17 1159.00 1.697817
206 35 1160.00 1.699933
206 207 644.00 0.943717
207 15 887.00 1.299517
207 26 1086.00 1.591800
207 205 908.00 1.330833
207 206 644.00 0.943717
208 15 2653.00 3.885717
208 19 850.00 1.245867
208 28 783.00 1.147583
209 29 2421.00 3.545783
209 281 728.00 1.066533
209 210 2399.00 3.513267
210 209 2399.00 3.513267
210 283 273.00 0.200500
211 210 1571.00 1.150383
211 212 1627.00 2.383767
212 211 1627.00 2.383767
213 211 1664.00 1.218750
213 214 1353.00 1.981533
214 213 1353.00 1.981533
215 218 921.00 1.349800
216 262 1188.00 1.740800
216 37 3897.00 2.853983
217 261 1168.00 1.711917
217 221 70.00 0.103950
217 218 749.00 1.097617
218 19 333.00 0.488667
218 215 921.00 1.349800
218 217 749.00 1.097617
219 221 2516.00 3.685150
219 252 2049.00 1.500917
220 221 810.00 1.187383
221 217 70.00 0.103950
221 219 2516.00 3.685150
221 220 810.00 1.187383
222 23 747.00 1.094567
222 29 162.00 0.237700
222 224 337.00 0.494817
223 262 749.00 1.096983
223 225 326.00 0.477683
223 224 729.00 1.068983
224 222 337.00 0.494817
224 223 729.00 1.068983
224 225 406.00 0.595117
225 27 479.00 0.702783
225 223 326.00 0.477683
225 224 406.00 0.595117
226 261 1171.00 1.715633
226 227 1149.00 1.683517
227 10 732.00 1.072433
227 226 1149.00 1.683517
227 262 1191.00 1.745283
228 8 1189.00 1.741450
228 229 604.00 0.885667
228 256 2063.00 3.021217
228 255 2831.00 4.146267
229 228 604.00 0.885667
230 244 1049.00 1.536717
230 253 2110.00 3.091117
230 237 1488.00 2.179167
230 232 1217.00 1.782500
231 255 480.00 0.703650
232 3 1150.00 1.684383
232 230 1217.00 1.782500
232 249 2113.00 3.095167
232 256 2116.00 3.099800
233 234 849.00 1.243667
234 233 849.00 1.243667
234 235 104.00 0.152700
234 256 730.00 1.069083
235 234 104.00 0.152700
235 255 352.00 0.516400
235 238 655.00 0.959350
236 238 267.00 0.392167
237 230 1488.00 2.179167
237 239 262.00 0.384933
237 238 356.00 0.522117
238 235 655.00 0.959350
238 236 267.00 0.392167
238 237 356.00 0.522117
239 237 262.00 0.384933
239 255 399.00 0.585317
239 240 578.00 0.847367
240 239 578.00 0.847367
241 6 1069.00 1.565850
241 242 1154.00 1.691300
242 5 1079.00 1.581133
242 7 1053.00 1.543283
242 241 1154.00 1.691300
243 244 554.00 0.811933
243 246 1837.00 2.690983
243 245 1219.00 1.785200
244 230 1049.00 1.536717
244 243 554.00 0.811933
244 245 1456.00 2.132600
245 243 1219.00 1.785200
245 244 1456.00 2.132600
245 254 2276.00 3.334133
246 0 522.00 0.765717
246 243 1837.00 2.690983
246 247 1071.00 1.569683
247 246 1071.00 1.569683
247 248 979.00 1.434800
248 247 979.00 1.434800
249 232 2113.00 3.095167
249 253 1180.00 1.729317
249 250 1592.00 1.166067
250 1 798.00 0.584667
250 249 1592.00 1.166067
250 251 1688.00 2.473117
251 250 1688.00 2.473117
252 5 3131.00 2.292650
252 219 2049.00 1.500917
253 230 2110.00 3.091117
253 249 1180.00 1.729317
254 245 2276.00 3.334133
255 228 2831.00 4.146267
255 231 480.00 0.703650
255 235 352.00 0.516400
255 239 399.00 0.585317
256 228 2063.00 3.021217
256 232 2116.00 3.099800
256 234 730.00 1.069083
256 257 1135.00 1.663583
257 3 2077.00 3.042883
257 8 2064.00 3.022650
257 256 1135.00 1.663583
257 258 1150.00 1.684500
258 6 2089.00 3.059867
258 9 1150.00 1.684800
258 195 2488.00 3.643633
258 257 1150.00 1.684500
259 186 2128.00 3.116650
259 189 1181.00 1.729650
259 193 1042.00 1.526467
259 260 1128.00 1.652667
260 181 1163.00 1.703917
260 183 1164.00 1.705300
260 188 1119.00 1.639983
260 259 1128.00 1.652667
261 23 1182.00 1.731117
261 217 1168.00 1.711917
261 226 1171.00 1.715633
261 262 1125.00 1.647650
262 216 1188.00 1.740800
262 223 749.00 1.096983
262 227 1191.00 1.745283
262 261 1125.00 1.647650
263 12 1134.00 1.661517
263 21 1166.00 1.708817
263 183 1102.00 1.615150
263 196 1157.00 1.695000
264 12 1139.00 1.668667
264 183 1156.00 1.693067
264 188 1127.00 1.651367
264 195 1078.00 1.579033
265 64 365.00 0.535333
265 158 1130.00 1.656217
265 159 1087.00 1.592000
265 266 260.00 0.380917
266 152 298.00 0.436917
266 156 1138.00 1.667933
266 157 1089.00 1.595067
266 265 260.00 0.380917
267 150 1141.00 1.671750
267 151 1092.00 1.600117
267 153 279.00 0.409250
267 268 254.00 0.372900
268 76 335.00 0.491567
268 148 1136.00 1.665033
268 149 1098.00 1.608933
268 267 254.00 0.372900
269 79 373.00 0.546567
269 162 1095.00 1.604067
269 163 1136.00 1.664900
269 270 258.00 0.377983
270 164 1110.00 1.625733
270 165 1135.00 1.662667
270 269 258.00 0.377983
270 271 270.00 0.396633
271 86 193.00 0.283367
271 166 1096.00 1.605100
271 167 1133.00 1.659833
271 270 270.00 0.396633
272 86 291.00 0.426333
272 168 1092.00 1.600417
272 169 1131.00 1.657500
272 273 264.00 0.386883
273 92 357.00 0.523683
273 170 1090.00 1.597467
273 171 1124.00 1.647417
273 272 264.00 0.386883
274 56 479.00 0.702133
274 275 165.00 0.243017
275 274 165.00 0.243017
275 41 1340.00 1.963767
276 41 159.00 0.234067
276 274 1337.00 1.959150
277 129 131.00 0.192150
277 97 1150.00 1.685350
278 128 379.00 0.278083
278 277 1980.00 2.900300
279 97 147.00 0.215683
279 129 1167.00 1.710467
280 35 1102.00 1.613917
280 54 1111.00 1.628317
280 303 798.00 1.169483
280 302 660.00 0.966733
281 44 176.00 0.258467
281 209 728.00 1.066533
281 282 655.00 0.960450
282 175 2453.00 3.593367
282 281 655.00 0.960450
282 303 340.00 0.498200
283 175 900.00 1.318433
283 278 11081.00 8.113917
284 63 153.00 0.225400
284 285 1654.00 2.422400
285 70 195.00 0.285600
285 126 2363.00 3.460900
286 287 592.00 0.867917
287 13 261.00 0.383283
287 191 102.00 0.150650
287 286 592.00 0.867917
288 289 548.00 0.802750
289 13 435.00 0.638167
289 133 77.00 0.113067
289 288 548.00 0.802750
290 291 547.00 0.802383
291 16 215.00 0.315150
291 137 273.00 0.400833
291 290 547.00 0.802383
292 67 1921.00 2.814417
292 114 271.00 0.397200
293 73 1151.00 1.686717
293 294 125.00 0.183950
294 293 125.00 0.183950
295 138 1077.00 1.577700
295 52 420.00 0.616517
296 279 1288.00 1.886267
296 297 2121.00 3.107233
297 85 528.00 0.774417
297 98 1597.00 2.339450
297 296 2121.00 3.107233
298 107 641.00 0.939167
298 123 4038.00 5.914300
298 299 1150.00 1.684700
299 298 1150.00 1.684700
300 276 569.00 0.833883
300 301 172.00 0.252467
301 300 172.00 0.252467
301 134 260.00 0.381517
302 26 1190.00 1.743850
302 36 56.00 0.083100
302 280 660.00 0.966733
303 280 798.00 1.169483
303 282 340.00 0.498200
303 305 659.00 0.965900
304 172 348.00 0.509833
305 303 659.00 0.965900
306 124 1281.00 1.876983
