0 4 268.00 0.196350
0 177 2740.00 1.337633
1 0 368.00 0.270150
1 246 4563.00 2.227650
2 243 143.00 0.209717
2 0 4298.00 2.098083
3 26 1077.00 1.578350
3 4 1797.00 1.316350
4 28 1079.00 1.580667
4 67 1828.00 1.338533
5 259 169.00 0.247717
5 249 1019.00 0.746633
6 7 733.00 0.537150
7 18 4881.00 3.574367
7 87 1047.00 1.534283
8 164 374.00 0.273867
9 163 1016.00 1.489067
9 10 1800.00 1.318367
10 1 299.00 0.219567
10 205 1765.00 1.292383
11 175 894.00 1.310300
11 280 1517.00 2.222283
12 188 560.00 0.821333
12 8 1180.00 1.728483
12 271 75.00 0.109900
13 12 132.00 0.194650
14 281 202.00 0.148350
14 115 1166.00 1.708200
15 16 1775.00 1.299817
15 273 216.00 0.316567
16 270 188.00 0.275983
16 269 143.00 0.210283
17 18 1127.00 1.650967
17 76 4767.00 3.491083
18 252 249.00 0.182767
19 17 3650.00 2.673217
20 181 888.00 1.300483
20 119 3438.00 2.517800
21 20 1969.00 1.441983
21 146 1393.00 1.020050
22 255 1431.00 2.096900
22 77 990.00 1.450350
23 99 1393.00 2.040767
23 279 1452.00 2.127717
23 88 806.00 1.181467
24 92 1563.00 2.289033
24 54 1340.00 1.963600
24 47 857.00 1.256217
24 89 1482.00 2.171383
25 75 1329.00 1.947517
25 224 4226.00 1.547483
26 3 1077.00 1.578350
26 109 1414.00 2.070767
26 28 896.00 1.313000
27 61 1387.00 2.031250
27 91 1416.00 2.075067
27 36 1420.00 2.079800
27 107 1391.00 2.037800
28 100 901.00 1.320517
28 29 1420.00 2.080383
29 89 736.00 1.078800
29 47 1431.00 2.096433
29 109 878.00 1.286550
30 103 663.00 0.971100
30 55 1057.00 1.549350
30 219 653.00 0.956950
31 210 855.00 0.626067
32 82 446.00 0.654017
33 90 1377.00 2.017967
33 49 664.00 0.972483
33 88 667.00 0.977467
34 38 1426.00 2.089317
34 92 224.00 0.328800
34 61 1186.00 1.738233
35 222 1471.00 2.154550
35 84 1284.00 1.881567
35 75 1432.00 2.097817
35 97 1365.00 2.000200
36 27 1420.00 2.079800
36 59 1454.00 2.129733
36 94 1414.00 2.071050
36 99 1414.00 2.071517
37 233 90.00 0.131967
37 237 276.00 0.404600
37 68 979.00 1.433950
38 34 1426.00 2.089317
38 77 454.00 0.665250
38 279 1275.00 1.867917
39 53 426.00 0.624117
39 85 666.00 0.975367
39 173 657.00 0.962217
39 49 1388.00 2.033550
40 237 456.00 0.669033
40 81 1442.00 2.112750
40 229 977.00 1.431083
40 98 926.00 1.356900
41 63 893.00 1.307833
41 58 954.00 1.397550
41 288 506.00 0.741700
41 82 1422.00 2.082800
42 65 1406.00 2.060017
42 98 898.00 1.316450
42 80 912.00 1.335750
42 70 1325.00 1.940500
43 91 1437.00 2.104467
43 96 1404.00 2.056233
43 64 1398.00 2.047833
43 105 1397.00 2.046383
44 58 1350.00 1.977350
44 251 1401.00 2.052600
44 244 5231.00 7.661867
45 108 671.00 0.982817
45 105 1479.00 2.166200
45 73 986.00 1.445167
45 101 1434.00 2.101000
46 65 875.00 1.282567
46 81 949.00 1.390800
46 98 1432.00 2.097283
46 288 897.00 1.314633
47 24 857.00 1.256217
47 63 882.00 1.292117
47 71 1403.00 2.055267
48 225 708.00 1.038267
49 33 664.00 0.972483
49 39 1388.00 2.033550
49 174 711.00 1.041733
50 73 402.00 0.588933
50 86 933.00 1.367800
50 108 1032.00 1.511400
51 241 40.00 0.059417
51 276 644.00 0.944433
51 251 1693.00 2.480317
52 103 1049.00 1.537150
53 39 426.00 0.624117
53 104 959.00 1.405483
53 56 1068.00 1.565283
54 24 1340.00 1.963600
54 107 1550.00 2.270883
54 71 884.00 1.294900
54 101 1373.00 2.010883
55 30 1057.00 1.549350
55 64 1422.00 2.083350
56 53 1068.00 1.565283
57 211 427.00 0.626550
57 173 711.00 1.042217
58 41 954.00 1.397550
58 44 1350.00 1.977350
58 81 1371.00 2.008833
59 36 1454.00 2.129733
59 294 44.00 0.064900
59 214 556.00 0.815517
60 222 1198.00 1.754683
61 27 1387.00 2.031250
61 34 1186.00 1.738233
61 99 1434.00 2.101033
61 279 1412.00 2.068100
62 66 1317.00 1.929133
62 275 920.00 0.674333
62 253 1417.00 2.075917
63 41 893.00 1.307833
63 47 882.00 1.292117
63 289 476.00 0.697900
63 109 1426.00 2.089450
64 43 1398.00 2.047833
64 55 1422.00 2.083350
64 225 728.00 1.067150
64 93 1392.00 2.038633
65 42 1406.00 2.060017
65 46 875.00 1.282567
65 289 918.00 1.344633
65 71 914.00 1.338950
66 62 1317.00 1.929133
66 110 759.00 1.112583
66 83 1423.00 2.085183
67 177 133.00 0.195383
67 5 5969.00 4.371333
68 37 979.00 1.433950
68 98 1062.00 1.556317
68 86 948.00 1.388950
69 88 1391.00 2.038383
69 260 790.00 1.158167
69 261 1429.00 2.093783
70 42 1325.00 1.940500
70 86 92.00 0.135267
70 73 893.00 1.307900
71 47 1403.00 2.055267
71 54 884.00 1.294900
71 65 914.00 1.338950
71 80 1376.00 2.016100
72 206 675.00 0.988917
72 100 1109.00 1.625317
73 45 986.00 1.445167
73 50 402.00 0.588933
73 70 893.00 1.307900
73 80 1357.00 1.988350
74 107 1407.00 2.061533
74 105 1435.00 2.102050
74 101 1532.00 2.244383
74 91 1385.00 2.029350
75 25 1329.00 1.947517
75 35 1432.00 2.097817
75 83 1392.00 2.038900
75 104 1389.00 2.035450
76 25 4450.00 1.629283
77 22 990.00 1.450350
77 38 454.00 0.665250
77 206 900.00 1.319417
78 221 110.00 0.161383
78 223 818.00 1.198100
78 95 2061.00 3.019550
79 82 538.00 0.788383
80 42 912.00 1.335750
80 71 1376.00 2.016100
80 73 1357.00 1.988350
80 101 906.00 1.327050
81 40 1442.00 2.112750
81 46 949.00 1.390800
81 58 1371.00 2.008833
81 251 1058.00 1.549583
82 32 446.00 0.654017
82 41 1422.00 2.082800
82 79 538.00 0.788383
82 109 887.00 1.299233
83 66 1423.00 2.085183
83 75 1392.00 2.038900
83 253 1333.00 1.952583
83 85 708.00 1.037433
84 35 1284.00 1.881567
84 262 650.00 0.238150
85 39 666.00 0.975367
85 83 708.00 1.037433
85 110 1423.00 2.084083
86 50 933.00 1.367800
86 68 948.00 1.388950
86 70 92.00 0.135267
87 110 637.00 0.933917
87 57 65.00 0.096083
88 23 806.00 1.181467
88 33 667.00 0.977467
88 69 1391.00 2.038383
89 29 736.00 1.078800
89 72 354.00 0.519350
90 33 1377.00 2.017967
90 99 1488.00 2.180550
90 104 1977.00 2.895833
90 294 1360.00 1.992950
91 27 1416.00 2.075067
91 43 1437.00 2.104467
91 74 1385.00 2.029350
91 94 1431.00 2.096633
92 24 1563.00 2.289033
92 34 224.00 0.328800
92 107 1360.00 1.992533
93 64 1392.00 2.038633
93 105 1391.00 2.037250
93 296 767.00 1.124317
94 36 1414.00 2.071050
94 91 1431.00 2.096633
94 96 1414.00 2.070850
94 95 1339.00 1.961900
95 78 2061.00 3.019550
95 94 1339.00 1.961900
95 214 885.00 1.297383
95 102 1409.00 2.064283
96 43 1404.00 2.056233
96 94 1414.00 2.070850
96 102 1187.00 1.738533
96 55 1422.00 2.083683
97 35 1365.00 2.000200
97 293 54.00 0.080500
97 215 214.00 0.313750
98 40 926.00 1.356900
98 42 898.00 1.316450
98 46 1432.00 2.097283
98 68 1062.00 1.556317
99 36 1414.00 2.071517
99 61 1434.00 2.101033
99 90 1488.00 2.180550
100 67 1080.00 1.582417
100 22 1527.00 2.237600
101 45 1434.00 2.101000
101 54 1373.00 2.010883
101 74 1532.00 2.244383
101 80 906.00 1.327050
102 95 1409.00 2.064283
102 96 1187.00 1.738533
102 219 767.00 1.123767
103 30 663.00 0.971100
103 52 1049.00 1.537150
104 53 959.00 1.405483
104 75 1389.00 2.035450
104 90 1977.00 2.895833
104 293 1416.00 2.074483
105 43 1397.00 2.046383
105 45 1479.00 2.166200
105 74 1435.00 2.102050
105 93 1391.00 2.037250
106 221 419.00 0.613967
106 220 997.00 1.460817
106 217 848.00 1.242667
107 27 1391.00 2.037800
107 54 1550.00 2.270883
107 74 1407.00 2.061533
107 92 1360.00 1.992533
108 45 671.00 0.982817
108 50 1032.00 1.511400
108 296 1022.00 1.498117
108 295 645.00 0.946000
109 26 1414.00 2.070767
109 29 878.00 1.286550
109 63 1426.00 2.089450
109 82 887.00 1.299233
110 66 759.00 1.112583
110 85 1423.00 2.084083
110 87 637.00 0.933917
111 192 212.00 0.311900
111 134 273.00 0.400433
111 183 836.00 1.224983
112 292 617.00 0.904083
112 115 2535.00 1.856733
112 165 1364.00 0.999467
113 117 741.00 1.085417
113 270 1165.00 1.706650
113 115 1223.00 1.791183
113 187 567.00 0.831667
114 282 1108.00 1.622683
115 14 1166.00 1.708200
115 112 2535.00 1.856733
115 113 1223.00 1.791183
116 112 1111.00 1.628167
116 117 676.00 0.991000
116 183 895.00 1.312000
117 113 741.00 1.085417
117 116 676.00 0.991000
117 118 705.00 1.033517
117 277 1709.00 2.503200
118 117 705.00 1.033517
119 20 3438.00 2.517800
119 190 962.00 1.409667
119 149 2348.00 1.719683
120 121 981.00 1.436883
120 153 908.00 1.329850
120 162 1362.00 1.994983
121 120 981.00 1.436883
121 137 949.00 1.389933
121 127 1491.00 2.184000
122 131 1208.00 1.770200
122 158 312.00 0.457450
122 156 886.00 1.298533
123 156 1205.00 1.765133
123 148 1048.00 1.535567
123 131 891.00 1.305967
124 133 1100.00 1.611233
124 139 435.00 0.638150
124 161 451.00 0.661083
125 126 1989.00 2.913017
125 254 3410.00 2.497283
126 125 1989.00 2.913017
126 142 1284.00 1.880483
126 196 2275.00 3.332033
126 139 1108.00 1.623067
126 160 1437.00 2.105767
127 121 1491.00 2.184000
127 135 450.00 0.660050
127 162 951.00 1.393533
128 202 717.00 1.050933
128 144 486.00 0.712267
128 151 655.00 0.959733
129 179 1018.00 1.491717
129 114 1748.00 1.280533
130 196 341.00 0.499883
130 194 472.00 0.691650
130 248 3364.00 4.927650
131 122 1208.00 1.770200
131 123 891.00 1.305967
131 143 896.00 1.313350
131 257 769.00 1.127133
132 287 1933.00 2.831233
132 148 992.00 1.453617
133 124 1100.00 1.611233
133 142 582.00 0.853567
133 159 218.00 0.319950
134 111 273.00 0.400433
134 248 1078.00 1.579900
134 185 439.00 0.644200
135 127 450.00 0.660050
135 199 771.00 1.129983
135 161 463.00 0.678567
136 163 796.00 1.166300
137 121 949.00 1.389933
137 144 458.00 0.672083
137 161 1592.00 2.331417
138 159 814.00 1.193233
138 145 1851.00 2.710900
138 199 1003.00 1.469783
139 124 435.00 0.638150
139 126 1108.00 1.623067
139 141 1249.00 1.830317
140 159 1049.00 1.537150
141 139 1249.00 1.830317
141 160 190.00 0.278650
141 144 623.00 0.912983
142 126 1284.00 1.880483
142 133 582.00 0.853567
142 152 1130.00 1.654950
143 131 896.00 1.313350
143 287 317.00 0.464983
143 256 758.00 1.111383
144 128 486.00 0.712267
144 137 458.00 0.672083
144 141 623.00 0.912983
145 138 1851.00 2.710900
145 198 2167.00 3.173700
145 149 2978.00 2.180733
146 21 1393.00 1.020050
146 165 384.00 0.281900
146 179 637.00 0.933583
147 150 876.00 1.284100
147 148 769.00 1.127317
147 153 898.00 1.315150
148 123 1048.00 1.535567
148 132 992.00 1.453617
148 147 769.00 1.127317
148 150 627.00 0.919550
149 119 2348.00 1.719683
149 145 2978.00 2.180733
149 248 1935.00 2.835083
150 147 876.00 1.284100
150 148 627.00 0.919550
150 155 809.00 1.185583
151 128 655.00 0.959733
151 155 407.00 0.596383
151 153 1721.00 2.521200
152 142 1130.00 1.654950
153 120 908.00 1.329850
153 147 898.00 1.315150
153 151 1721.00 2.521200
154 157 2759.00 2.020367
154 160 2696.00 3.948683
155 150 809.00 1.185583
155 151 407.00 0.596383
155 156 412.00 0.604033
156 122 886.00 1.298533
156 123 1205.00 1.765133
156 155 412.00 0.604033
157 200 1393.00 2.040833
157 9 2629.00 1.925283
158 122 312.00 0.457450
159 133 218.00 0.319950
159 138 814.00 1.193233
159 140 1049.00 1.537150
160 126 1437.00 2.105767
160 141 190.00 0.278650
160 154 2696.00 3.948683
161 124 451.00 0.661083
161 135 463.00 0.678567
161 137 1592.00 2.331417
162 120 1362.00 1.994983
162 127 951.00 1.393533
162 198 778.00 1.140267
163 136 796.00 1.166300
163 257 514.00 0.753750
164 283 691.00 0.506233
164 194 2145.00 3.141883
165 112 1364.00 0.999467
165 146 384.00 0.281900
165 166 1055.00 1.545517
166 165 1055.00 1.545517
166 116 668.00 0.978583
167 168 1136.00 1.664667
167 114 698.00 1.022300
168 167 1136.00 1.664667
168 115 1014.00 1.484967
169 170 904.00 1.324333
169 172 715.00 1.048183
169 290 131.00 0.193050
170 169 904.00 1.324333
170 175 723.00 1.058900
171 172 880.00 1.290100
171 11 980.00 1.435300
172 169 715.00 1.048183
172 171 880.00 1.290100
172 175 918.00 1.344500
173 39 657.00 0.962217
173 57 711.00 1.042217
173 174 1381.00 2.022467
174 49 711.00 1.041733
174 173 1381.00 2.022467
174 261 693.00 1.015083
175 11 894.00 1.310300
175 170 723.00 1.058900
175 172 918.00 1.344500
176 9 152.00 0.223133
176 1 2721.00 1.328417
177 176 180.00 0.264700
177 259 8982.00 4.384883
178 179 873.00 1.278733
178 167 309.00 0.453467
179 129 1018.00 1.491717
179 146 637.00 0.933583
179 178 873.00 1.278733
179 180 657.00 0.962300
180 179 657.00 0.962300
180 21 1237.00 0.906267
181 182 485.00 0.711433
181 166 124.00 0.182750
182 181 485.00 0.711433
183 111 836.00 1.224983
183 116 895.00 1.312000
183 186 683.00 1.000417
184 186 450.00 0.660133
185 134 439.00 0.644200
185 190 328.00 0.480867
185 186 836.00 1.225250
186 183 683.00 1.000417
186 184 450.00 0.660133
186 185 836.00 1.225250
187 113 567.00 0.831667
187 277 2013.00 2.948350
187 188 1359.00 1.991050
188 12 560.00 0.821333
188 187 1359.00 1.991050
188 189 420.00 0.615683
189 188 420.00 0.615683
190 119 962.00 1.409667
190 185 328.00 0.480867
190 191 580.00 0.849767
191 190 580.00 0.849767
192 111 212.00 0.311900
192 193 497.00 0.728417
192 277 487.00 0.713517
193 192 497.00 0.728417
194 130 472.00 0.691650
194 164 2145.00 3.141883
194 195 963.00 1.410533
195 194 963.00 1.410533
195 197 1417.00 1.038033
196 126 2275.00 3.332033
196 130 341.00 0.499883
196 197 1212.00 1.776133
197 196 1212.00 1.776133
197 264 896.00 0.656083
198 145 2167.00 3.173700
198 162 778.00 1.140267
198 199 1484.00 2.173600
199 135 771.00 1.129983
199 138 1003.00 1.469783
199 198 1484.00 2.173600
200 157 1393.00 2.040833
200 202 1142.00 1.672683
200 201 599.00 0.877717
201 200 599.00 0.877717
202 128 717.00 1.050933
202 200 1142.00 1.672683
202 203 748.00 1.096050
203 202 748.00 1.096050
204 205 1582.00 2.318150
204 256 890.00 1.303733
204 290 1779.00 2.606050
205 204 1582.00 2.318150
205 245 1274.00 0.933133
206 72 675.00 0.988917
206 77 900.00 1.319417
206 298 174.00 0.254867
207 23 708.00 1.037883
207 208 488.00 0.715300
208 207 488.00 0.715300
209 210 1111.00 1.628083
209 211 565.00 0.827500
209 261 380.00 0.556817
210 209 1111.00 1.628083
210 6 1103.00 0.808083
211 57 427.00 0.626550
211 209 565.00 0.827500
211 6 1110.00 1.626917
212 293 919.00 1.346833
212 294 1013.00 1.484750
212 213 828.00 1.213550
213 212 828.00 1.213550
214 59 556.00 0.815517
214 95 885.00 1.297383
214 215 1977.00 2.895717
215 97 214.00 0.313750
215 214 1977.00 2.895717
215 223 347.00 0.508767
216 218 841.00 1.232317
216 219 1208.00 1.769650
216 217 1862.00 2.728033
217 106 848.00 1.242667
217 216 1862.00 2.728033
217 218 1017.00 1.489467
218 216 841.00 1.232317
218 217 1017.00 1.489467
218 220 874.00 1.280167
219 30 653.00 0.956950
219 102 767.00 1.123767
219 216 1208.00 1.769650
220 106 997.00 1.460817
220 218 874.00 1.280167
221 78 110.00 0.161383
221 106 419.00 0.613967
221 222 1233.00 1.806633
222 35 1471.00 2.154550
222 60 1198.00 1.754683
222 221 1233.00 1.806633
223 78 818.00 1.198100
223 215 347.00 0.508767
223 300 53.00 0.079033
224 84 1593.00 0.583500
224 299 115.00 0.169033
225 48 708.00 1.038267
225 64 728.00 1.067150
225 227 649.00 0.951200
226 227 264.00 0.388050
227 225 649.00 0.951200
227 226 264.00 0.388050
227 228 444.00 0.651350
228 227 444.00 0.651350
229 40 977.00 1.431083
229 234 376.00 0.551550
229 230 845.00 1.238900
230 229 845.00 1.238900
231 240 1702.00 2.492750
231 247 522.00 0.764617
231 239 644.00 0.943600
232 242 545.00 0.799450
232 241 610.00 0.894417
232 276 226.00 0.331700
232 235 1821.00 2.667983
233 37 90.00 0.131967
233 247 1910.00 2.797550
233 240 315.00 0.462350
234 229 376.00 0.551550
234 241 543.00 0.796067
234 236 354.00 0.519433
235 232 1821.00 2.667983
235 242 1305.00 1.912317
235 239 581.00 0.851883
236 234 354.00 0.519433
236 242 308.00 0.452433
236 237 1379.00 2.020483
237 37 276.00 0.404600
237 40 456.00 0.669033
237 236 1379.00 2.020483
238 239 1324.00 1.939700
238 240 560.00 0.821533
238 242 530.00 0.776850
239 231 644.00 0.943600
239 235 581.00 0.851883
239 238 1324.00 1.939700
240 231 1702.00 2.492750
240 233 315.00 0.462350
240 238 560.00 0.821533
241 51 40.00 0.059417
241 232 610.00 0.894417
241 234 543.00 0.796067
242 232 545.00 0.799450
242 235 1305.00 1.912317
242 236 308.00 0.452433
242 238 530.00 0.776850
243 2 143.00 0.209717
243 3 1087.00 0.796400
244 44 5231.00 7.661867
244 243 2632.00 3.855667
245 246 155.00 0.227967
245 171 2555.00 1.871550
246 245 155.00 0.227967
247 231 522.00 0.764617
247 233 1910.00 2.797550
248 130 3364.00 4.927650
248 134 1078.00 1.579900
248 149 1935.00 2.835083
249 267 5691.00 4.167550
249 278 158.00 0.231500
249 250 1102.00 1.613850
250 249 1102.00 1.613850
250 255 427.00 0.626300
250 260 1023.00 1.498483
251 44 1401.00 2.052600
251 51 1693.00 2.480317
251 81 1058.00 1.549583
252 275 694.00 1.017650
253 83 1333.00 1.952583
253 76 240.00 0.352850
254 154 621.00 0.455000
255 22 1431.00 2.096900
255 250 427.00 0.626300
255 5 1050.00 1.538200
256 143 758.00 1.111383
256 204 890.00 1.303733
256 10 3125.00 2.288217
257 131 769.00 1.127133
257 256 1758.00 1.287867
258 254 155.00 0.227200
258 176 9004.00 4.395683
259 258 174.00 0.255733
259 278 1503.00 0.733900
260 69 790.00 1.158167
260 250 1023.00 1.498483
260 207 684.00 1.001950
261 69 1429.00 2.093783
261 174 693.00 1.015083
261 209 380.00 0.556817
261 31 1113.00 1.630000
262 263 395.00 0.578583
263 274 4763.00 1.744017
264 265 285.00 0.208933
264 125 3427.00 2.509433
265 264 285.00 0.208933
265 258 10269.00 5.013017
266 267 285.00 0.209100
266 284 5245.00 2.560583
267 266 285.00 0.209100
267 31 784.00 0.574250
268 8 407.00 0.298250
268 271 1198.00 1.755783
269 13 64.00 0.094033
269 270 163.00 0.240033
270 113 1165.00 1.706650
270 13 203.00 0.297517
271 273 1870.00 1.369283
271 269 171.00 0.251700
272 268 1784.00 1.306717
273 272 1248.00 1.827667
273 19 587.00 0.430300
274 25 589.00 0.862617
275 62 920.00 0.674333
276 51 644.00 0.944433
276 232 226.00 0.331700
277 117 1709.00 2.503200
277 187 2013.00 2.948350
277 192 487.00 0.713517
278 249 158.00 0.231500
278 266 8543.00 4.170667
279 23 1452.00 2.127717
279 38 1275.00 1.867917
279 61 1412.00 2.068100
279 255 2860.00 2.094183
280 11 1517.00 2.222283
281 15 501.00 0.367317
281 19 1169.00 0.856367
282 14 4203.00 3.078133
282 168 560.00 0.820933
283 286 2000.00 1.464583
284 7 289.00 0.212167
285 284 403.00 0.295650
285 265 5045.00 2.462883
286 195 605.00 0.886667
286 285 310.00 0.227067
287 132 1933.00 2.831233
287 143 317.00 0.464983
287 290 6333.00 9.275650
288 41 506.00 0.741700
288 46 897.00 1.314633
288 289 887.00 1.299850
289 63 476.00 0.697900
289 65 918.00 1.344633
289 288 887.00 1.299850
290 169 131.00 0.193050
290 204 1779.00 2.606050
290 287 6333.00 9.275650
291 292 427.00 0.626717
292 291 427.00 0.626717
292 178 31.00 0.045433
293 97 54.00 0.080500
293 104 1416.00 2.074483
293 212 919.00 1.346833
294 59 44.00 0.064900
294 90 1360.00 1.992950
294 212 1013.00 1.484750
295 108 645.00 0.946000
296 93 767.00 1.124317
296 108 1022.00 1.498117
296 297 67.00 0.099367
297 296 67.00 0.099367
298 206 174.00 0.254867
299 224 115.00 0.169033
300 223 53.00 0.079033
