0 2 715.00 0.349200
1 23 1297.00 1.900267
1 159 3627.00 1.770567
2 195 413.00 0.302850
3 208 744.00 0.545433
3 175 328.00 0.481683
4 8 982.00 1.439550
4 24 1999.00 1.463767
4 22 1260.00 1.846467
5 1 639.00 0.312150
5 12 1106.00 1.619767
6 149 2361.00 1.728867
6 91 1076.00 1.575767
7 205 157.00 0.115267
7 27 1175.00 1.720933
8 4 982.00 1.439550
9 20 955.00 1.399183
9 24 1419.00 2.078933
9 22 675.00 0.989133
9 16 1289.00 1.887767
10 114 1902.00 1.392983
10 23 1404.00 2.056700
11 12 800.00 0.586117
11 21 1311.00 1.920700
11 197 210.00 0.308383
12 5 1106.00 1.619767
12 16 2781.00 2.036567
12 19 1271.00 1.862400
13 18 692.00 1.013650
14 21 776.00 1.137200
14 196 4745.00 2.316400
15 109 739.00 1.083633
16 9 1289.00 1.887767
16 18 2856.00 2.091567
16 23 1306.00 1.912583
17 163 174.00 0.127900
17 154 7672.00 5.617900
18 13 692.00 1.013650
18 10 2566.00 1.879483
19 12 1271.00 1.862400
19 21 751.00 1.101100
19 20 465.00 0.681500
20 9 955.00 1.399183
20 19 465.00 0.681500
20 110 1851.00 2.712117
21 11 1311.00 1.920700
21 14 776.00 1.137200
21 19 751.00 1.101100
21 161 974.00 1.427633
22 9 675.00 0.989133
22 108 1398.00 2.047817
23 1 1297.00 1.900267
23 10 1404.00 2.056700
23 16 1306.00 1.912583
24 9 1419.00 2.078933
24 18 2559.00 1.873783
25 28 1396.00 2.044933
25 147 80.00 0.117400
26 42 1089.00 1.595083
26 148 1085.00 0.794567
27 7 1175.00 1.720933
27 202 1120.00 0.410217
28 25 1396.00 2.044933
28 100 1415.00 2.073383
28 43 1134.00 1.661967
29 103 1147.00 1.681150
29 41 2173.00 1.591250
29 97 2800.00 2.050333
30 37 165.00 0.121400
30 142 4554.00 3.334617
31 137 524.00 0.768417
31 138 819.00 0.599700
32 59 3600.00 2.636083
32 73 1163.00 1.704383
33 48 2891.00 2.117117
34 33 152.00 0.111683
34 55 2297.00 1.682567
35 104 134.00 0.197333
35 113 2834.00 2.075200
36 133 3270.00 2.394983
36 116 555.00 0.406667
37 145 299.00 0.219133
37 35 2860.00 2.094400
38 199 1444.00 1.057767
39 43 2777.00 2.033517
39 25 2284.00 1.672667
40 146 2303.00 1.686333
40 138 2827.00 2.070117
41 29 2173.00 1.591250
41 26 2287.00 1.674967
42 26 1089.00 1.595083
42 95 1387.00 2.031617
42 29 1152.00 1.688200
43 28 1134.00 1.661967
43 39 2777.00 2.033517
43 104 1164.00 1.704883
43 101 2834.00 2.075300
44 168 1716.00 1.256983
44 45 1129.00 1.653783
45 44 1129.00 1.653783
45 47 1181.00 1.729900
45 191 1384.00 1.013717
46 47 511.00 0.374550
46 105 504.00 0.739083
46 49 1542.00 2.258250
47 45 1181.00 1.729900
47 46 511.00 0.374550
47 182 521.00 0.381883
48 50 2302.00 1.685617
48 44 2824.00 2.067983
49 46 1542.00 2.258250
49 119 57.00 0.083667
49 53 3185.00 2.332833
50 48 2302.00 1.685617
50 191 1448.00 1.060417
50 52 2331.00 1.707500
50 54 2853.00 2.089717
51 119 827.00 1.212233
51 56 1580.00 2.314167
51 184 1521.00 2.228650
52 50 2331.00 1.707500
52 53 2653.00 1.942917
52 57 2800.00 2.050617
52 182 2309.00 1.690867
53 49 3185.00 2.332833
53 52 2653.00 1.942917
53 56 2106.00 1.542617
53 61 2787.00 2.040783
54 50 2853.00 2.089717
54 33 2276.00 1.666883
55 58 2334.00 1.709667
55 62 2811.00 2.058383
56 51 1580.00 2.314167
56 53 2106.00 1.542617
56 60 2367.00 1.733367
56 64 1365.00 1.999100
57 52 2800.00 2.050617
57 58 168.00 0.123650
57 54 2336.00 1.710583
58 57 168.00 0.123650
58 66 2842.00 2.081483
58 122 2406.00 1.762067
59 62 2280.00 1.669817
59 34 2816.00 2.062567
60 56 2367.00 1.733367
60 63 2246.00 1.645000
60 67 1423.00 2.085100
60 184 1465.00 2.146250
61 53 2787.00 2.040783
61 57 2332.00 1.707767
62 55 2811.00 2.058383
62 59 2280.00 1.669817
62 66 2317.00 1.696750
62 73 3605.00 2.640000
63 60 2246.00 1.645000
63 70 1402.00 2.053700
64 56 1365.00 1.999100
64 188 942.00 0.689850
64 65 105.00 0.154167
65 64 105.00 0.154167
65 72 1297.00 1.899667
65 167 1897.00 1.389350
66 58 2842.00 2.081483
66 62 2317.00 1.696750
66 75 3590.00 2.629367
66 69 2371.00 1.736617
67 60 1423.00 2.085100
67 166 410.00 0.300433
67 68 97.00 0.142833
68 67 97.00 0.142833
68 71 2274.00 1.665550
68 74 1288.00 1.886433
69 66 2371.00 1.736617
69 78 3715.00 2.720750
69 121 182.00 0.133533
70 63 1402.00 2.053700
70 71 93.00 0.136533
70 67 2285.00 1.673367
71 70 93.00 0.136533
71 77 3640.00 2.665817
72 65 1297.00 1.899667
72 121 2107.00 1.542867
72 81 1497.00 2.192617
72 74 2324.00 1.702067
73 32 1163.00 1.704383
73 62 3605.00 2.640000
73 79 2566.00 1.879133
73 75 1134.00 1.661600
74 68 1288.00 1.886433
74 72 2324.00 1.702067
74 77 1170.00 0.856917
75 66 3590.00 2.629367
75 73 1134.00 1.661600
75 83 2586.00 1.894250
75 78 1156.00 1.693000
76 32 2610.00 1.911700
76 79 1160.00 1.698900
77 71 3640.00 2.665817
77 74 1170.00 0.856917
77 82 803.00 1.176450
78 69 3715.00 2.720750
78 75 1156.00 1.693000
78 84 2484.00 1.819150
78 80 394.00 0.577350
79 73 2566.00 1.879133
79 76 1160.00 1.698900
79 123 2604.00 1.907017
79 193 456.00 0.668683
80 78 394.00 0.577350
80 81 1226.00 1.795917
80 157 1094.00 1.603233
81 72 1497.00 2.192617
81 80 1226.00 1.795917
81 82 1787.00 2.617467
81 85 1007.00 1.475383
82 77 803.00 1.176450
82 81 1787.00 2.617467
82 86 1020.00 1.494833
83 75 2586.00 1.894250
83 210 268.00 0.392633
83 84 1160.00 1.699083
83 125 2620.00 1.918517
84 78 2484.00 1.819150
84 83 1160.00 1.699083
84 157 493.00 0.722500
84 126 2656.00 1.945300
85 81 1007.00 1.475383
85 158 774.00 1.133933
85 209 430.00 0.630783
85 86 1810.00 2.650683
86 82 1020.00 1.494833
86 85 1810.00 2.650683
87 88 335.00 0.491433
87 89 670.00 0.981667
88 90 1136.00 1.663817
88 150 1081.00 1.583783
88 89 570.00 0.835317
89 87 670.00 0.981667
89 88 570.00 0.835317
89 176 416.00 0.609933
90 91 1181.00 1.730900
90 92 1361.00 1.993650
90 149 1067.00 1.563783
91 6 1076.00 1.575767
91 42 1119.00 1.640067
91 93 1386.00 2.031117
92 90 1361.00 1.993650
92 93 1138.00 1.667183
92 94 1269.00 1.859383
93 91 1386.00 2.031117
93 92 1138.00 1.667183
93 95 1163.00 1.703317
93 98 1409.00 2.064200
94 92 1269.00 1.859383
95 42 1387.00 2.031617
95 93 1163.00 1.703317
95 100 1400.00 2.050533
95 97 1137.00 1.665533
96 98 967.00 1.416633
97 29 2800.00 2.050333
97 95 1137.00 1.665533
97 99 1148.00 1.682167
97 101 2794.00 2.046317
98 93 1409.00 2.064200
98 96 967.00 1.416633
98 100 1163.00 1.704033
99 97 1148.00 1.682167
99 170 428.00 0.313800
99 171 143.00 0.210817
100 28 1415.00 2.073383
100 95 1400.00 2.050533
100 98 1163.00 1.704033
100 101 1148.00 1.681767
101 43 2834.00 2.075300
101 97 2794.00 2.046317
101 102 1133.00 1.659367
102 104 2792.00 2.045033
102 113 147.00 0.216550
103 38 143.00 0.209633
103 172 2219.00 1.625317
104 35 134.00 0.197333
104 43 1164.00 1.704883
104 145 2782.00 2.037300
105 46 504.00 0.739083
105 213 686.00 1.004967
105 106 2833.00 4.150067
106 105 2833.00 4.150067
106 118 1604.00 1.174583
106 119 2211.00 1.619217
107 108 2314.00 1.694950
107 4 2858.00 2.093017
108 22 1398.00 2.047817
108 110 2292.00 1.678867
109 15 739.00 1.083633
109 107 3435.00 1.677267
110 20 1851.00 2.712117
110 112 2386.00 1.747267
111 162 1872.00 0.914283
112 161 588.00 0.861800
112 111 1847.00 1.352933
113 153 96.00 0.141783
113 181 2826.00 4.139867
114 17 909.00 0.665833
114 115 1209.00 1.771533
115 114 1209.00 1.771533
116 36 555.00 0.406667
116 127 362.00 0.265783
116 198 211.00 0.309717
117 118 2840.00 2.079867
118 106 1604.00 1.174583
118 117 2840.00 2.079867
118 120 675.00 0.494583
119 49 57.00 0.083667
119 51 827.00 1.212233
119 106 2211.00 1.619217
120 118 675.00 0.494583
120 185 640.00 0.468817
120 141 2283.00 1.671733
121 69 182.00 0.133533
121 72 2107.00 1.542867
121 122 2702.00 1.979117
122 121 2702.00 1.979117
122 189 1365.00 1.000200
123 79 2604.00 1.907017
123 124 1154.00 1.691000
123 125 1156.00 1.693133
124 123 1154.00 1.691000
124 76 2578.00 1.887850
125 83 2620.00 1.918517
125 123 1156.00 1.693133
125 126 1140.00 1.670167
126 84 2656.00 1.945300
126 125 1140.00 1.670167
127 116 362.00 0.265783
127 130 1275.00 0.934200
127 140 1399.00 1.024533
128 129 1639.00 1.200367
129 128 1639.00 1.200367
129 141 355.00 0.520617
129 131 1712.00 1.254267
130 127 1275.00 0.934200
130 140 332.00 0.486233
130 131 1644.00 1.204367
131 129 1712.00 1.254267
131 130 1644.00 1.204367
131 144 798.00 0.584650
132 133 287.00 0.210417
132 138 2295.00 1.680517
133 132 287.00 0.210417
133 30 2817.00 2.063350
133 134 2331.00 1.707250
134 133 2331.00 1.707250
134 135 2236.00 1.637650
134 143 1047.00 1.534400
135 134 2236.00 1.637650
135 136 917.00 0.671633
135 139 1676.00 1.227933
135 142 2819.00 2.064417
136 135 917.00 0.671633
137 31 524.00 0.768417
137 138 789.00 0.577800
138 31 819.00 0.599700
138 40 2827.00 2.070117
138 132 2295.00 1.680517
138 137 789.00 0.577800
139 135 1676.00 1.227933
139 144 963.00 0.705167
139 141 692.00 0.506867
140 127 1399.00 1.024533
140 130 332.00 0.486233
140 143 417.00 0.305800
141 120 2283.00 1.671733
141 129 355.00 0.520617
141 139 692.00 0.506867
142 135 2819.00 2.064417
142 200 1216.00 0.890667
143 134 1047.00 1.534400
143 140 417.00 0.305800
143 144 1331.00 0.975217
144 131 798.00 0.584650
144 139 963.00 0.705167
144 143 1331.00 0.975217
145 146 179.00 0.131467
145 39 2314.00 1.694733
146 30 316.00 0.231700
146 132 2881.00 2.109717
147 25 80.00 0.117400
147 40 2273.00 1.664633
148 6 1154.00 0.845617
149 90 1067.00 1.563783
149 150 2266.00 1.659283
150 88 1081.00 1.583783
151 174 2148.00 3.147033
151 156 130.00 0.191567
152 37 5512.00 4.036517
153 169 2188.00 1.602150
153 102 191.00 0.279800
154 152 264.00 0.193383
154 211 1185.00 1.736383
155 203 7050.00 5.162633
155 178 132.00 0.194483
156 177 24.00 0.036550
157 80 1094.00 1.603233
157 84 493.00 0.722500
157 158 800.00 1.172717
158 85 774.00 1.133933
158 157 800.00 1.172717
159 175 1910.00 2.797483
159 195 5842.00 2.852150
160 0 356.00 0.261250
160 192 669.00 0.489933
161 21 974.00 1.427633
161 112 588.00 0.861800
161 162 882.00 1.292200
162 161 882.00 1.292200
162 14 2390.00 1.167017
163 201 6576.00 4.815267
164 165 230.00 0.338033
164 207 1004.00 0.735333
165 185 3121.00 2.285867
165 207 663.00 0.971867
166 64 1901.00 1.392517
166 167 192.00 0.140633
167 166 192.00 0.140633
167 68 419.00 0.307300
168 194 304.00 0.223050
169 171 430.00 0.315217
169 170 143.00 0.210483
170 102 2421.00 1.773183
171 99 143.00 0.210817
171 173 588.00 0.430633
172 99 586.00 0.429683
172 173 138.00 0.202217
173 38 2207.00 1.616283
174 211 119.00 0.175333
174 152 1189.00 1.741400
175 159 1910.00 2.797483
175 208 659.00 0.966483
176 89 416.00 0.609933
177 180 82.00 0.120267
178 179 26.00 0.039200
179 153 2811.00 4.117183
179 181 125.00 0.183850
180 155 10.00 0.015933
181 151 15.00 0.022117
182 47 521.00 0.381883
182 52 2309.00 1.690867
182 183 1005.00 1.472183
183 182 1005.00 1.472183
184 51 1521.00 2.228650
184 60 1465.00 2.146250
185 120 640.00 0.468817
185 165 3121.00 2.285867
185 186 95.00 0.139133
186 185 95.00 0.139133
187 206 60.00 0.088067
187 164 2696.00 1.974433
188 61 1446.00 1.059417
188 189 190.00 0.139183
189 188 190.00 0.139183
189 65 935.00 0.685050
190 201 1621.00 2.374217
190 215 1754.00 2.568883
191 45 1384.00 1.013717
191 50 1448.00 1.060417
191 212 1003.00 1.469300
192 0 376.00 0.275750
193 79 456.00 0.668683
194 36 265.00 0.194233
194 198 237.00 0.347100
195 160 655.00 0.320167
195 3 5666.00 4.149000
196 197 668.00 0.326250
196 11 219.00 0.321700
197 5 3146.00 1.536117
198 116 211.00 0.309717
198 194 237.00 0.347100
198 213 1029.00 1.507267
199 204 5911.00 4.328617
200 154 82.00 0.121217
200 187 2971.00 2.175883
201 190 1621.00 2.374217
201 160 201.00 0.147533
202 27 1120.00 0.410217
203 202 262.00 0.192283
204 203 228.00 0.167050
204 178 7044.00 5.157883
205 109 2608.00 1.909733
206 187 60.00 0.088067
207 163 1056.00 0.773350
208 17 161.00 0.118067
209 85 430.00 0.630783
210 83 268.00 0.392633
211 174 119.00 0.175333
211 156 2176.00 3.186950
212 191 1003.00 1.469300
213 105 686.00 1.004967
213 198 1029.00 1.507267
213 214 512.00 0.750750
214 213 512.00 0.750750
215 190 1754.00 2.568883
