0 32 300.00 0.177530
0 1 300.00 0.309413
1 19 300.00 0.186707
1 0 300.00 0.309413
2 3 300.00 0.159373
2 21 300.00 0.696730
2 23 300.00 0.166270
3 2 300.00 0.159373
3 4 300.00 0.175187
3 5 300.00 0.493147
3 6 300.00 0.167877
4 3 300.00 0.175187
4 13 300.00 0.202927
4 23 300.00 0.152183
5 3 300.00 0.493147
5 7 300.00 0.627963
5 8 300.00 0.155097
5 9 300.00 0.159030
6 3 300.00 0.167877
6 9 300.00 0.468377
6 20 300.00 0.881233
7 5 300.00 0.627963
7 10 300.00 0.127740
8 5 300.00 0.155097
8 11 300.00 0.251557
8 10 300.00 0.624533
8 13 300.00 0.304690
9 5 300.00 0.159030
9 6 300.00 0.468377
10 7 300.00 0.127740
10 16 300.00 0.246940
10 8 300.00 0.624533
11 12 300.00 0.312700
11 15 300.00 0.129940
11 8 300.00 0.251557
11 16 300.00 0.637107
12 11 300.00 0.312700
12 13 300.00 0.211890
12 14 300.00 0.477937
13 12 300.00 0.211890
13 4 300.00 0.202927
13 8 300.00 0.304690
14 12 300.00 0.477937
14 28 300.00 0.124983
14 29 300.00 0.578433
15 11 300.00 0.129940
15 17 300.00 0.100053
15 58 300.00 0.375920
16 11 300.00 0.637107
16 10 300.00 0.246940
17 18 300.00 0.355083
17 30 300.00 0.103337
17 15 300.00 0.100053
17 31 300.00 0.369403
18 17 300.00 0.355083
18 19 300.00 0.250800
19 18 300.00 0.250800
19 1 300.00 0.186707
19 32 300.00 0.327740
20 6 300.00 0.881233
20 21 300.00 0.129053
20 22 300.00 0.388413
21 20 300.00 0.129053
21 2 300.00 0.696730
21 24 300.00 0.365127
21 25 300.00 0.207253
22 20 300.00 0.388413
22 24 300.00 0.044390
22 59 300.00 0.172963
23 4 300.00 0.152183
23 25 300.00 0.702727
23 2 300.00 0.166270
24 21 300.00 0.365127
24 26 300.00 0.136387
24 22 300.00 0.044390
24 27 300.00 0.196630
25 21 300.00 0.207253
25 29 300.00 0.152287
25 23 300.00 0.702727
25 27 300.00 0.329043
26 24 300.00 0.136387
26 59 300.00 0.037543
26 60 300.00 0.194700
27 24 300.00 0.196630
27 25 300.00 0.329043
27 60 300.00 0.153833
28 14 300.00 0.124983
28 36 300.00 0.149353
28 58 300.00 0.421113
28 34 300.00 0.590353
29 14 300.00 0.578433
29 33 300.00 0.017027
29 25 300.00 0.152287
30 17 300.00 0.103337
30 32 300.00 0.156267
31 17 300.00 0.369403
31 36 300.00 0.435770
31 58 300.00 0.110987
32 19 300.00 0.327740
32 30 300.00 0.156267
32 0 300.00 0.177530
32 37 300.00 0.810230
33 29 300.00 0.017027
33 34 300.00 0.084033
33 35 300.00 0.550787
34 33 300.00 0.084033
34 28 300.00 0.590353
34 45 300.00 0.046107
35 33 300.00 0.550787
35 52 300.00 0.563137
35 61 300.00 0.195213
35 43 300.00 0.264283
36 28 300.00 0.149353
36 31 300.00 0.435770
36 37 300.00 0.206800
36 38 300.00 0.601043
37 36 300.00 0.206800
37 32 300.00 0.810230
37 46 300.00 0.039387
38 36 300.00 0.601043
38 43 300.00 0.506433
38 44 300.00 0.196193
38 45 300.00 0.150273
39 40 300.00 0.222970
39 42 300.00 0.058970
39 62 300.00 0.387870
40 39 300.00 0.222970
40 41 300.00 0.400177
40 42 300.00 0.222317
41 40 300.00 0.400177
41 49 300.00 0.144700
42 40 300.00 0.222317
42 63 300.00 0.392903
42 39 300.00 0.058970
43 38 300.00 0.506433
43 35 300.00 0.264283
43 57 300.00 0.550290
44 38 300.00 0.196193
44 46 300.00 0.597627
44 48 300.00 0.143237
44 50 300.00 1.031333
45 38 300.00 0.150273
45 34 300.00 0.046107
46 37 300.00 0.039387
46 47 300.00 0.139060
46 44 300.00 0.597627
47 46 300.00 0.139060
47 48 300.00 0.600563
48 47 300.00 0.600563
48 44 300.00 0.143237
49 41 300.00 0.144700
49 51 300.00 0.073127
50 44 300.00 1.031333
50 55 300.00 0.662297
51 49 300.00 0.073127
51 52 300.00 0.632970
51 53 300.00 0.071260
52 51 300.00 0.632970
52 35 300.00 0.563137
52 57 300.00 0.246457
53 51 300.00 0.071260
53 54 300.00 0.055883
54 53 300.00 0.055883
54 56 300.00 0.042813
55 50 300.00 0.662297
55 56 300.00 0.081923
56 54 300.00 0.042813
56 55 300.00 0.081923
56 57 300.00 0.647593
57 56 300.00 0.647593
57 43 300.00 0.550290
57 50 300.00 0.163823
58 15 300.00 0.375920
58 31 300.00 0.110987
58 28 300.00 0.421113
59 26 300.00 0.037543
59 22 300.00 0.172963
59 62 300.00 0.271623
60 26 300.00 0.194700
60 27 300.00 0.153833
60 61 300.00 0.058713
61 60 300.00 0.058713
61 63 300.00 0.234350
61 35 300.00 0.195213
62 63 300.00 0.123767
62 39 300.00 0.387870
62 59 300.00 0.271623
63 62 300.00 0.123767
63 61 300.00 0.234350
63 42 300.00 0.392903
