0 251 300.00 0.485160
1 123 300.00 0.467913
1 2 300.00 0.351677
2 3 300.00 0.551850
2 4 300.00 0.394913
3 92 300.00 0.396507
3 300 300.00 0.495460
4 2 300.00 0.394913
4 92 300.00 0.556520
4 123 300.00 0.551887
4 95 300.00 0.591293
5 6 300.00 0.400640
5 86 300.00 0.548997
5 122 300.00 0.547493
5 266 300.00 0.409493
6 5 300.00 0.400640
6 7 300.00 0.320380
7 122 300.00 0.487953
7 8 300.00 0.190380
8 0 300.00 0.786083
9 10 300.00 0.026613
9 11 300.00 0.590703
10 241 300.00 0.046980
10 118 300.00 0.399203
11 12 300.00 0.028737
11 13 300.00 0.554630
12 37 300.00 0.401737
12 10 300.00 0.591377
13 14 300.00 0.395210
13 15 300.00 0.722307
14 60 300.00 0.405533
14 62 300.00 0.543567
14 63 300.00 0.555990
15 16 300.00 0.380000
16 17 300.00 0.386923
16 18 300.00 0.373960
17 181 300.00 0.377657
17 185 300.00 0.377217
17 186 300.00 0.376717
18 30 300.00 0.029033
18 20 300.00 0.379920
19 20 300.00 0.378250
19 196 300.00 0.384183
19 199 300.00 0.112603
19 22 300.00 0.381820
20 19 300.00 0.378250
20 21 300.00 0.375523
21 22 300.00 0.376447
21 23 300.00 0.375870
22 21 300.00 0.376447
22 24 300.00 0.366970
22 19 300.00 0.381820
22 200 300.00 0.378497
23 24 300.00 0.377967
23 25 300.00 0.179453
24 23 300.00 0.377967
24 27 300.00 0.383877
24 189 300.00 0.381783
24 22 300.00 0.366970
25 26 300.00 0.199427
26 27 300.00 0.382643
27 191 300.00 0.256777
27 24 300.00 0.383877
27 192 300.00 0.367357
28 29 300.00 0.546143
28 48 300.00 0.267087
28 50 300.00 0.563117
29 28 300.00 0.546143
29 30 300.00 0.166437
30 52 300.00 0.097347
31 16 300.00 0.027283
31 32 300.00 0.364903
32 33 300.00 0.782203
32 34 300.00 0.299703
33 32 300.00 0.782203
33 278 300.00 0.086783
33 280 300.00 0.026337
34 35 300.00 0.063420
34 36 300.00 0.455830
35 34 300.00 0.063420
35 152 300.00 1.177517
35 116 300.00 0.560407
36 13 300.00 0.028373
36 12 300.00 0.554180
37 117 300.00 0.277387
37 118 300.00 0.595560
37 119 300.00 0.399110
38 39 300.00 0.417913
38 261 300.00 0.276120
38 262 300.00 0.390410
39 38 300.00 0.417913
39 40 300.00 0.089820
39 41 300.00 0.163707
39 42 300.00 0.221130
40 39 300.00 0.089820
41 39 300.00 0.163707
42 39 300.00 0.221130
42 176 300.00 0.247830
42 302 300.00 0.187503
43 44 300.00 0.030440
43 49 300.00 0.300813
43 264 300.00 0.045150
44 43 300.00 0.030440
44 45 300.00 0.045983
45 261 300.00 0.233233
45 264 300.00 0.029363
45 176 300.00 0.396083
46 47 300.00 0.351003
46 51 300.00 0.563743
46 252 300.00 0.297280
47 46 300.00 0.351003
47 48 300.00 0.564323
47 49 300.00 0.661233
47 50 300.00 0.263390
48 47 300.00 0.564323
48 51 300.00 0.302820
48 28 300.00 0.267087
48 52 300.00 0.542620
49 47 300.00 0.661233
49 177 300.00 0.419907
49 43 300.00 0.300813
50 47 300.00 0.263390
50 28 300.00 0.563117
50 110 300.00 0.227700
51 48 300.00 0.302820
51 31 300.00 0.543247
51 46 300.00 0.563743
52 48 300.00 0.542620
52 31 300.00 0.272820
53 54 300.00 0.050947
54 239 300.00 0.070183
55 56 300.00 0.238813
56 69 300.00 0.374730
56 61 300.00 0.367740
57 58 300.00 0.549637
57 66 300.00 0.406237
57 59 300.00 0.405360
58 57 300.00 0.549637
58 55 300.00 0.113387
59 60 300.00 0.540803
59 63 300.00 0.400470
59 98 300.00 0.590033
60 59 300.00 0.540803
60 58 300.00 0.398407
60 61 300.00 0.320637
61 185 300.00 0.387890
61 186 300.00 0.376613
62 14 300.00 0.543567
62 15 300.00 0.304733
63 14 300.00 0.555990
63 124 300.00 0.592753
63 11 300.00 0.397103
64 65 300.00 0.032970
65 64 300.00 0.032970
65 66 300.00 0.227553
66 57 300.00 0.406237
66 97 300.00 0.037903
66 98 300.00 0.467937
67 68 300.00 0.271230
68 67 300.00 0.271230
68 69 300.00 0.137300
69 68 300.00 0.137300
69 56 300.00 0.374730
69 183 300.00 0.253757
70 71 300.00 0.137340
70 72 300.00 0.029093
71 306 300.00 0.034627
71 297 300.00 0.351230
72 70 300.00 0.029093
73 74 300.00 0.288840
73 78 300.00 0.365703
73 276 300.00 0.230017
74 73 300.00 0.288840
74 75 300.00 0.203460
74 76 300.00 0.547360
74 77 300.00 0.325550
75 74 300.00 0.203460
76 74 300.00 0.547360
76 249 300.00 0.297947
77 74 300.00 0.325550
77 271 300.00 0.235543
77 273 300.00 0.292837
78 73 300.00 0.365703
78 79 300.00 0.494177
78 80 300.00 0.321853
78 81 300.00 0.394780
79 78 300.00 0.494177
79 247 300.00 0.402867
80 78 300.00 0.321853
80 170 300.00 0.107787
80 275 300.00 0.331203
81 78 300.00 0.394780
81 83 300.00 0.398003
81 137 300.00 0.552557
81 247 300.00 0.496943
82 83 300.00 0.227410
82 250 300.00 0.198700
83 82 300.00 0.227410
83 84 300.00 0.401547
83 81 300.00 0.398003
83 85 300.00 0.545743
84 83 300.00 0.401547
84 86 300.00 0.405327
84 266 300.00 0.553890
85 83 300.00 0.545743
85 137 300.00 0.395273
85 145 300.00 0.553187
85 266 300.00 0.401103
86 84 300.00 0.405327
86 87 300.00 0.400947
86 5 300.00 0.548997
86 88 300.00 0.497763
87 86 300.00 0.400947
87 6 300.00 0.549750
88 86 300.00 0.497763
88 241 300.00 0.400210
89 90 300.00 0.204597
89 93 300.00 0.126400
89 94 300.00 0.658650
90 89 300.00 0.204597
90 91 300.00 0.496573
90 92 300.00 0.402853
91 90 300.00 0.496573
91 94 300.00 0.402823
92 90 300.00 0.402853
92 4 300.00 0.556520
92 204 300.00 0.490233
92 3 300.00 0.396507
93 89 300.00 0.126400
93 95 300.00 0.540447
93 96 300.00 0.796670
94 89 300.00 0.658650
94 97 300.00 0.080877
95 93 300.00 0.540447
95 4 300.00 0.591293
95 267 300.00 0.236117
96 93 300.00 0.796670
96 64 300.00 0.097700
97 66 300.00 0.037903
97 96 300.00 0.122427
98 59 300.00 0.590033
98 124 300.00 0.405423
99 100 300.00 0.035330
99 165 300.00 0.270050
100 99 300.00 0.035330
100 101 300.00 0.272137
100 102 300.00 0.378460
101 166 300.00 0.195837
102 100 300.00 0.378460
102 103 300.00 0.197893
102 104 300.00 0.273873
102 105 300.00 0.272130
103 102 300.00 0.197893
103 106 300.00 0.205633
103 309 300.00 0.023547
104 102 300.00 0.273873
104 109 300.00 0.230393
104 301 300.00 0.121197
104 166 300.00 0.184807
105 102 300.00 0.272130
105 129 300.00 0.213200
105 144 300.00 0.388240
105 108 300.00 0.398920
106 103 300.00 0.205633
106 107 300.00 0.198587
106 108 300.00 0.283547
107 106 300.00 0.198587
108 106 300.00 0.283547
108 126 300.00 0.209880
108 105 300.00 0.398920
108 152 300.00 0.387537
109 104 300.00 0.230393
110 50 300.00 0.227700
111 112 300.00 0.266123
111 115 300.00 0.124487
111 116 300.00 0.092437
112 111 300.00 0.266123
112 113 300.00 0.388023
112 114 300.00 0.036113
113 112 300.00 0.388023
113 152 300.00 0.275973
113 151 300.00 0.267757
114 112 300.00 0.036113
115 111 300.00 0.124487
115 117 300.00 0.152260
115 243 300.00 0.187223
116 35 300.00 0.560407
116 36 300.00 0.315720
117 37 300.00 0.277387
117 115 300.00 0.152260
117 243 300.00 0.114117
118 37 300.00 0.595560
118 120 300.00 0.397273
119 154 300.00 0.276150
119 149 300.00 0.401170
119 242 300.00 0.140227
120 155 300.00 0.313087
120 156 300.00 0.048340
121 122 300.00 0.398553
121 145 300.00 0.410150
122 121 300.00 0.398553
122 5 300.00 0.547493
122 7 300.00 0.487953
123 4 300.00 0.551887
123 1 300.00 0.467913
123 260 300.00 0.591770
124 63 300.00 0.592753
124 204 300.00 0.046653
124 9 300.00 0.400610
125 126 300.00 0.199357
125 129 300.00 0.196193
125 308 300.00 0.229127
126 125 300.00 0.199357
126 127 300.00 0.332147
126 108 300.00 0.209880
127 126 300.00 0.332147
127 150 300.00 0.271590
127 151 300.00 0.401523
128 129 300.00 0.204227
128 245 300.00 0.231863
128 160 300.00 0.182240
129 128 300.00 0.204227
129 125 300.00 0.196193
129 105 300.00 0.213200
129 130 300.00 0.333377
130 129 300.00 0.333377
130 143 300.00 0.269163
130 127 300.00 0.400453
131 132 300.00 0.268660
131 165 300.00 0.336613
132 131 300.00 0.268660
132 133 300.00 0.063560
132 134 300.00 0.359547
133 132 300.00 0.063560
133 136 300.00 0.215060
133 244 300.00 0.204097
134 132 300.00 0.359547
134 135 300.00 0.277270
135 134 300.00 0.277270
135 136 300.00 0.356157
136 157 300.00 0.340947
136 133 300.00 0.215060
136 158 300.00 0.545823
137 81 300.00 0.552557
137 138 300.00 0.556730
137 139 300.00 0.180547
137 85 300.00 0.395273
138 137 300.00 0.556730
138 167 300.00 0.390600
138 147 300.00 0.472627
138 145 300.00 0.401537
139 137 300.00 0.180547
139 171 300.00 0.219917
139 274 300.00 0.234143
140 141 300.00 0.380660
140 142 300.00 0.604223
141 173 300.00 0.302737
141 174 300.00 0.028350
142 143 300.00 0.274123
142 246 300.00 0.190743
143 130 300.00 0.269163
143 150 300.00 0.404767
143 142 300.00 0.274123
144 105 300.00 0.388240
144 165 300.00 0.034473
144 100 300.00 0.269793
145 146 300.00 0.466963
145 138 300.00 0.401537
145 85 300.00 0.553187
145 121 300.00 0.410150
146 145 300.00 0.466963
146 147 300.00 0.394237
147 138 300.00 0.472627
147 168 300.00 0.404667
148 140 300.00 0.405427
148 149 300.00 0.603440
149 148 300.00 0.603440
149 142 300.00 0.398797
149 150 300.00 0.273893
150 149 300.00 0.273893
150 127 300.00 0.271590
150 154 300.00 0.398143
150 143 300.00 0.404767
151 154 300.00 0.272753
151 113 300.00 0.267757
151 111 300.00 0.389697
152 108 300.00 0.387537
152 113 300.00 0.275973
152 153 300.00 0.157240
152 35 300.00 1.177517
153 152 300.00 0.157240
154 151 300.00 0.272753
154 243 300.00 0.284870
154 119 300.00 0.276150
154 150 300.00 0.398143
155 148 300.00 0.087057
155 242 300.00 0.559313
156 84 300.00 0.497093
156 88 300.00 0.397827
157 159 300.00 0.026017
157 164 300.00 0.542473
158 136 300.00 0.545823
158 162 300.00 0.605077
158 164 300.00 0.343650
159 160 300.00 0.327200
159 161 300.00 0.193337
160 128 300.00 0.182240
160 304 300.00 0.032083
160 144 300.00 0.220080
161 130 300.00 0.193347
161 246 300.00 0.542137
162 158 300.00 0.605077
162 163 300.00 0.392447
163 208 300.00 0.764977
163 206 300.00 0.257810
163 240 300.00 0.045343
164 158 300.00 0.343650
164 303 300.00 0.302047
165 131 300.00 0.336613
165 144 300.00 0.034473
165 304 300.00 0.221893
166 101 300.00 0.195837
166 104 300.00 0.184807
166 307 300.00 0.023423
167 168 300.00 0.481603
167 235 300.00 0.228877
167 138 300.00 0.390600
168 167 300.00 0.481603
168 169 300.00 0.468640
169 234 300.00 0.270033
170 80 300.00 0.107787
170 171 300.00 0.128520
170 172 300.00 0.242167
171 170 300.00 0.128520
171 235 300.00 0.317057
171 139 300.00 0.219917
172 170 300.00 0.242167
172 237 300.00 0.863620
172 236 300.00 0.042803
173 303 300.00 0.026520
173 175 300.00 0.302503
174 162 300.00 0.338410
175 164 300.00 0.029947
175 159 300.00 0.541567
176 42 300.00 0.247830
176 177 300.00 0.285563
177 176 300.00 0.285563
177 281 300.00 0.237707
177 49 300.00 0.419907
178 179 300.00 0.115300
178 210 300.00 0.182033
179 178 300.00 0.115300
180 181 300.00 0.167957
180 199 300.00 0.096703
180 295 300.00 0.031277
181 180 300.00 0.167957
181 18 300.00 0.378590
181 17 300.00 0.377657
182 183 300.00 0.122763
182 184 300.00 0.375333
183 69 300.00 0.253757
183 68 300.00 0.238753
184 186 300.00 0.376410
184 257 300.00 0.189027
184 258 300.00 0.231917
185 17 300.00 0.377217
185 62 300.00 0.076293
186 61 300.00 0.376613
186 184 300.00 0.376410
186 69 300.00 0.378250
187 188 300.00 0.369453
187 192 300.00 0.387423
188 187 300.00 0.369453
188 189 300.00 0.380833
188 190 300.00 0.192783
189 188 300.00 0.380833
189 24 300.00 0.381783
189 200 300.00 0.372080
189 259 300.00 0.075687
190 254 300.00 0.185953
190 293 300.00 0.024877
191 290 300.00 0.331733
191 188 300.00 0.120900
192 27 300.00 0.367357
193 194 300.00 0.270697
193 292 300.00 0.162710
193 259 300.00 0.032920
194 193 300.00 0.270697
194 195 300.00 0.366533
195 197 300.00 0.383720
195 200 300.00 0.382487
195 201 300.00 0.280663
196 197 300.00 0.372167
196 19 300.00 0.384183
196 200 300.00 0.379523
196 258 300.00 0.147463
197 196 300.00 0.372167
197 198 300.00 0.147373
198 297 300.00 0.109307
198 298 300.00 0.022793
199 19 300.00 0.112603
199 294 300.00 0.033110
199 180 300.00 0.096703
200 195 300.00 0.382487
200 22 300.00 0.378497
200 196 300.00 0.379523
200 189 300.00 0.372080
201 202 300.00 0.430330
201 203 300.00 0.258457
202 265 300.00 0.365273
203 201 300.00 0.258457
203 255 300.00 0.603753
203 265 300.00 0.415053
204 124 300.00 0.046653
204 92 300.00 0.490233
204 91 300.00 0.405520
205 206 300.00 0.238777
205 209 300.00 0.354770
206 205 300.00 0.238777
206 207 300.00 0.095860
207 224 300.00 0.134400
207 225 300.00 0.119650
208 209 300.00 0.267903
208 163 300.00 0.764977
209 208 300.00 0.267903
209 205 300.00 0.354770
210 178 300.00 0.182033
210 212 300.00 0.294653
210 238 300.00 0.162783
211 212 300.00 0.278740
211 217 300.00 0.303767
211 218 300.00 0.553750
211 219 300.00 0.534400
212 211 300.00 0.278740
212 213 300.00 0.559410
212 214 300.00 0.551763
212 210 300.00 0.294653
213 212 300.00 0.559410
213 218 300.00 0.279447
214 212 300.00 0.551763
214 238 300.00 0.087717
215 216 300.00 0.631227
215 231 300.00 0.713680
215 226 300.00 0.279380
215 227 300.00 0.250657
216 215 300.00 0.631227
217 211 300.00 0.303767
217 223 300.00 0.359357
217 219 300.00 0.258217
218 211 300.00 0.553750
218 239 300.00 0.265527
219 211 300.00 0.534400
219 217 300.00 0.258217
219 226 300.00 0.268563
220 221 300.00 0.863767
220 227 300.00 0.262810
220 232 300.00 0.236137
221 220 300.00 0.863767
221 222 300.00 0.244510
222 221 300.00 0.244510
223 217 300.00 0.359357
223 229 300.00 0.206867
223 230 300.00 0.541260
224 207 300.00 0.134400
224 225 300.00 0.084983
225 224 300.00 0.084983
225 253 300.00 0.044407
225 53 300.00 0.282533
226 219 300.00 0.268563
226 215 300.00 0.279380
226 269 300.00 0.540460
227 228 300.00 0.263603
227 215 300.00 0.250657
227 220 300.00 0.262810
228 227 300.00 0.263603
229 223 300.00 0.206867
230 223 300.00 0.541260
230 240 300.00 0.383773
231 215 300.00 0.713680
231 233 300.00 0.093313
231 271 300.00 0.228357
232 220 300.00 0.236137
232 222 300.00 0.861873
233 231 300.00 0.093313
233 234 300.00 0.674883
233 235 300.00 0.757603
234 233 300.00 0.674883
234 232 300.00 0.718630
235 233 300.00 0.757603
235 171 300.00 0.317057
235 167 300.00 0.228877
236 237 300.00 0.189030
236 172 300.00 0.042803
237 236 300.00 0.189030
237 172 300.00 0.863620
238 210 300.00 0.162783
238 214 300.00 0.087717
238 270 300.00 0.193063
239 253 300.00 0.276620
240 163 300.00 0.045343
240 76 300.00 0.170327
241 300 300.00 0.026647
241 87 300.00 0.494823
242 155 300.00 0.559313
242 120 300.00 0.458843
243 115 300.00 0.187223
243 117 300.00 0.114117
243 154 300.00 0.284870
244 133 300.00 0.204097
245 128 300.00 0.231863
246 161 300.00 0.542137
246 175 300.00 0.192637
247 140 300.00 0.046360
247 248 300.00 0.405470
248 250 300.00 0.075947
248 156 300.00 0.401330
249 79 300.00 0.265207
249 277 300.00 0.052353
250 248 300.00 0.075947
250 82 300.00 0.198700
251 146 300.00 0.215157
252 46 300.00 0.297280
252 281 300.00 0.192933
252 283 300.00 0.021693
253 225 300.00 0.044407
253 230 300.00 0.097047
254 194 300.00 0.381593
254 285 300.00 0.322567
255 256 300.00 0.246347
255 203 300.00 0.603753
256 310 300.00 0.016637
257 181 300.00 0.190827
257 296 300.00 0.205150
258 184 300.00 0.231917
258 196 300.00 0.147463
258 299 300.00 0.022180
259 189 300.00 0.075687
259 291 300.00 0.250370
259 193 300.00 0.032920
260 123 300.00 0.591770
260 267 300.00 0.168350
261 38 300.00 0.276120
261 45 300.00 0.233233
261 263 300.00 0.386520
262 38 300.00 0.390410
262 263 300.00 0.306987
263 261 300.00 0.386520
263 262 300.00 0.306987
264 45 300.00 0.029363
264 176 300.00 0.403703
265 203 300.00 0.415053
265 255 300.00 0.238637
266 85 300.00 0.401103
266 5 300.00 0.409493
266 121 300.00 0.540057
266 84 300.00 0.553890
267 268 300.00 0.314440
267 95 300.00 0.236117
267 260 300.00 0.168350
268 267 300.00 0.314440
269 226 300.00 0.540460
270 238 300.00 0.193063
271 231 300.00 0.228357
271 77 300.00 0.235543
271 272 300.00 0.357857
272 271 300.00 0.357857
273 77 300.00 0.292837
274 139 300.00 0.234143
275 80 300.00 0.331203
276 73 300.00 0.230017
277 249 300.00 0.052353
278 33 300.00 0.086783
278 279 300.00 0.025253
279 278 300.00 0.025253
280 33 300.00 0.026337
281 177 300.00 0.237707
281 252 300.00 0.192933
281 282 300.00 0.022383
282 281 300.00 0.022383
283 252 300.00 0.021693
284 285 300.00 0.286843
285 284 300.00 0.286843
285 286 300.00 0.757520
286 287 300.00 0.056397
286 201 300.00 0.347800
287 286 300.00 0.056397
287 288 300.00 0.064747
287 289 300.00 0.127727
288 287 300.00 0.064747
289 287 300.00 0.127727
290 191 300.00 0.331733
291 259 300.00 0.250370
292 193 300.00 0.162710
293 190 300.00 0.024877
294 199 300.00 0.033110
295 180 300.00 0.031277
296 257 300.00 0.205150
297 305 300.00 0.037093
298 198 300.00 0.022793
299 258 300.00 0.022180
300 204 300.00 0.397870
300 9 300.00 0.046997
301 104 300.00 0.121197
302 42 300.00 0.187503
303 174 300.00 0.304240
303 173 300.00 0.026520
304 160 300.00 0.032083
304 157 300.00 0.324530
305 306 300.00 0.343283
305 182 300.00 0.083900
306 71 300.00 0.034627
306 72 300.00 0.136070
307 166 300.00 0.023423
308 125 300.00 0.229127
309 103 300.00 0.023547
310 70 300.00 0.106963
