0 105 2681.00 1.963483
0 84 3372.00 2.469467
1 5 1849.00 2.708633
1 0 1875.00 1.373533
2 113 117.00 0.171683
2 44 716.00 1.049300
3 6 952.00 1.394333
3 0 3676.00 2.692300
3 5 1879.00 1.375917
4 120 280.00 0.410350
4 119 132.00 0.194150
5 1 1849.00 2.708633
5 44 944.00 1.383283
6 3 952.00 1.394333
6 84 1028.00 1.505900
6 59 621.00 0.910700
7 56 108.00 0.159583
7 110 1416.00 1.037117
8 7 5336.00 3.907667
8 11 2014.00 1.475317
8 57 174.00 0.128033
9 52 148.00 0.216817
9 30 1234.00 1.808067
9 53 2792.00 2.044883
10 4 1646.00 2.410550
11 8 2014.00 1.475317
11 12 2045.00 1.497767
11 42 2678.00 3.922567
11 14 3693.00 5.408517
12 11 2045.00 1.497767
12 14 2673.00 3.915717
12 15 2002.00 1.466600
12 41 1609.00 2.357550
13 15 1963.00 2.875100
14 11 3693.00 5.408517
14 12 2673.00 3.915717
14 17 1181.00 1.730950
15 12 2002.00 1.466600
15 13 1963.00 2.875100
15 17 2482.00 3.635200
15 112 1479.00 1.083600
16 76 1586.00 2.322883
16 18 1510.00 2.211667
16 128 4348.00 3.183967
17 14 1181.00 1.730950
17 15 2482.00 3.635200
17 19 1348.00 1.975450
18 16 1510.00 2.211667
18 98 1392.00 2.038850
18 22 1430.00 2.095350
18 20 2844.00 4.165133
19 17 1348.00 1.975450
19 20 1396.00 2.044917
19 21 953.00 1.395767
20 18 2844.00 4.165133
20 19 1396.00 2.044917
20 22 1450.00 2.124717
20 23 991.00 1.451700
21 19 953.00 1.395767
21 123 71.00 0.104067
21 23 1377.00 2.017967
22 18 1430.00 2.095350
22 20 1450.00 2.124717
22 24 1428.00 2.091283
22 86 718.00 1.052433
23 20 991.00 1.451700
23 21 1377.00 2.017967
23 26 916.00 1.342333
23 55 919.00 1.347250
24 22 1428.00 2.091283
24 27 1408.00 2.062100
24 98 1410.00 2.065567
24 126 972.00 1.424583
25 76 1920.00 2.812300
25 83 2497.00 3.658067
25 78 1654.00 2.423000
26 23 916.00 1.342333
26 28 972.00 1.424650
26 55 893.00 1.309067
27 24 1408.00 2.062100
27 104 737.00 1.079600
27 29 1464.00 2.144567
27 99 1416.00 2.074317
28 26 972.00 1.424650
28 51 1284.00 1.880900
28 86 714.00 1.046150
28 30 1371.00 2.009217
29 27 1464.00 2.144567
29 100 1795.00 2.630050
29 33 1579.00 2.312433
30 9 1234.00 1.808067
30 28 1371.00 2.009217
30 126 472.00 0.691467
30 99 1457.00 2.133733
31 35 1368.00 2.004250
31 51 139.00 0.204417
32 34 879.00 1.287583
33 29 1579.00 2.312433
33 124 915.00 1.340533
33 99 1449.00 2.122450
33 46 1244.00 1.822750
34 32 879.00 1.287583
34 47 1259.00 1.844433
34 124 453.00 0.663683
35 31 1368.00 2.004250
36 37 1301.00 1.905667
36 46 164.00 0.241467
36 54 2900.00 2.123550
37 36 1301.00 1.905667
38 48 1365.00 1.998983
39 115 118.00 0.173633
39 50 1280.00 0.937850
40 39 4016.00 2.940733
41 12 1609.00 2.357550
42 11 2678.00 3.922567
42 43 976.00 1.430383
42 128 1425.00 2.087717
43 42 976.00 1.430383
43 101 2524.00 1.848183
43 58 94.00 0.137683
44 5 944.00 1.383283
45 121 876.00 1.283017
45 59 1407.00 1.030350
46 33 1244.00 1.822750
46 36 164.00 0.241467
46 49 1489.00 1.090733
47 34 1259.00 1.844433
48 38 1365.00 1.998983
48 36 2851.00 2.088083
49 47 1323.00 0.969017
49 48 742.00 1.086833
50 55 844.00 1.237150
50 51 2895.00 2.120100
51 28 1284.00 1.880900
51 31 139.00 0.204417
51 96 2029.00 1.485733
52 9 148.00 0.216817
52 95 829.00 0.607567
53 54 148.00 0.217400
53 99 1242.00 1.820000
53 46 2907.00 2.128767
54 53 148.00 0.217400
54 52 2787.00 2.041217
55 23 919.00 1.347250
55 26 893.00 1.309067
55 50 844.00 1.237150
55 122 1668.00 2.444083
56 7 108.00 0.159583
56 57 5322.00 3.897233
57 8 174.00 0.128033
57 61 1612.00 1.180633
57 102 2833.00 2.074783
58 43 94.00 0.137683
58 60 795.00 1.165000
58 59 4271.00 3.127650
59 6 621.00 0.910700
59 45 1407.00 1.030350
59 90 3877.00 5.678817
59 43 4159.00 3.046050
60 58 795.00 1.165000
60 119 187.00 0.274867
61 57 1612.00 1.180633
62 97 170.00 0.249833
63 66 518.00 0.759950
63 114 575.00 0.421333
64 66 1198.00 1.755583
65 69 1362.00 1.994883
66 63 518.00 0.759950
66 64 1198.00 1.755583
66 93 411.00 0.602567
67 70 1598.00 2.341417
68 72 1829.00 2.678617
69 65 1362.00 1.994883
69 93 366.00 0.536583
69 94 60.00 0.088617
70 67 1598.00 2.341417
70 94 767.00 1.124300
70 72 809.00 1.184817
71 74 633.00 0.928117
71 71 3959.00 5.798617
72 68 1829.00 2.678617
72 70 809.00 1.184817
72 74 751.00 1.100067
73 74 134.00 0.197167
73 75 1669.00 2.444750
73 90 1984.00 2.906733
74 71 633.00 0.928117
74 72 751.00 1.100067
74 73 134.00 0.197167
75 73 1669.00 2.444750
75 79 2588.00 3.790200
75 91 973.00 1.425267
76 16 1586.00 2.322883
76 25 1920.00 2.812300
76 98 906.00 1.326917
76 91 2474.00 3.623583
77 80 640.00 0.937850
78 25 1654.00 2.423000
78 91 1861.00 2.726550
78 79 984.00 1.442267
78 83 2582.00 3.781267
79 78 984.00 1.442267
79 80 2393.00 3.505017
80 77 640.00 0.937850
80 79 2393.00 3.505017
80 82 1269.00 1.859167
81 82 713.00 1.044883
82 80 1269.00 1.859167
82 81 713.00 1.044883
83 25 2497.00 3.658067
83 78 2582.00 3.781267
83 100 277.00 0.406683
84 0 3372.00 2.469467
84 6 1028.00 1.505900
84 85 769.00 1.127483
85 84 769.00 1.127483
86 22 718.00 1.052433
86 28 714.00 1.046150
86 118 125.00 0.184467
87 40 335.00 0.245667
87 89 862.00 1.263633
88 89 788.00 1.154283
89 87 862.00 1.263633
89 88 788.00 1.154283
89 107 840.00 1.231283
90 59 3877.00 5.678817
90 73 1984.00 2.906733
90 127 3512.00 5.143583
91 75 973.00 1.425267
91 76 2474.00 3.623583
92 104 425.00 0.623133
93 66 411.00 0.602567
93 69 366.00 0.536583
93 116 190.00 0.279500
94 69 60.00 0.088617
94 70 767.00 1.124300
94 117 192.00 0.281900
95 96 275.00 0.201950
95 31 2021.00 1.480267
96 95 275.00 0.201950
96 9 816.00 0.597617
97 10 685.00 1.003500
98 18 1392.00 2.038850
98 24 1410.00 2.065567
98 76 906.00 1.326917
99 27 1416.00 2.074317
99 30 1457.00 2.133733
99 33 1449.00 2.122450
99 53 1242.00 1.820000
100 29 1795.00 2.630050
100 83 277.00 0.406683
101 102 180.00 0.132083
101 8 2840.00 2.079950
102 101 180.00 0.132083
102 58 2533.00 1.855333
103 104 528.00 0.774350
104 27 737.00 1.079600
104 92 425.00 0.623133
104 103 528.00 0.774350
105 97 207.00 0.303417
105 106 150.00 0.220050
106 62 45.00 0.067000
107 89 840.00 1.231283
107 123 882.00 1.292000
107 122 498.00 0.729417
108 56 1423.00 1.042200
108 110 216.00 0.158167
109 108 2152.00 1.576367
109 111 213.00 0.156433
110 108 216.00 0.158167
110 111 2136.00 1.564633
111 109 213.00 0.156433
112 15 1479.00 1.083600
113 114 266.00 0.194933
113 63 295.00 0.432033
114 130 114.00 0.168233
114 131 200.00 0.147167
115 39 118.00 0.173633
116 93 190.00 0.279500
117 94 192.00 0.281900
118 86 125.00 0.184467
119 4 132.00 0.194150
119 60 187.00 0.274867
120 4 280.00 0.410350
121 131 143.00 0.209833
121 3 1483.00 1.086150
122 55 1668.00 2.444083
122 107 498.00 0.729417
122 123 715.00 1.047150
123 21 71.00 0.104067
123 107 882.00 1.292000
123 122 715.00 1.047150
124 33 915.00 1.340533
124 34 453.00 0.663683
124 129 93.00 0.137583
125 126 597.00 0.874967
126 24 972.00 1.424583
126 30 472.00 0.691467
126 125 597.00 0.874967
127 90 3512.00 5.143583
127 128 136.00 0.200050
127 16 4061.00 2.973967
128 42 1425.00 2.087717
128 127 136.00 0.200050
129 124 93.00 0.137583
130 121 195.00 0.143350
130 45 878.00 1.286983
131 2 133.00 0.195183
