0 60 2285.00 1.673633
1 23 1385.00 2.029067
1 19 1643.00 2.406517
2 3 123.00 0.181567
3 2 123.00 0.181567
3 111 1133.00 0.829750
4 34 192.00 0.282383
4 36 1083.00 1.587083
5 26 1009.00 1.478600
5 13 2535.00 3.712567
5 11 1097.00 1.607867
5 24 1096.00 1.606300
6 79 198.00 0.290033
6 15 1421.00 2.081617
6 64 2554.00 3.740267
7 25 3012.00 4.411633
7 117 88.00 0.130017
7 32 596.00 0.873283
8 121 88.00 0.129033
8 157 1436.00 2.104100
8 90 826.00 1.209833
9 44 1775.00 2.600200
9 123 5358.00 3.923967
10 27 3023.00 4.428483
10 83 2555.00 3.742300
10 64 1081.00 1.583083
10 14 1090.00 1.596917
11 5 1097.00 1.607867
11 92 1205.00 1.766117
11 21 2551.00 3.736933
11 14 1066.00 1.561283
12 15 2522.00 3.694767
12 64 1401.00 2.052517
12 23 3037.00 4.448533
13 5 2535.00 3.712567
13 70 980.00 1.436300
13 21 1098.00 1.608317
14 10 1090.00 1.596917
14 11 1066.00 1.561283
14 20 2549.00 3.734183
14 29 3035.00 4.444683
15 6 1421.00 2.081617
15 12 2522.00 3.694767
16 71 4684.00 1.715000
16 22 1375.00 2.014033
17 29 3032.00 4.440983
17 115 91.00 0.134200
17 33 172.00 0.252383
18 116 98.00 0.144567
18 27 3027.00 4.434033
18 17 1078.00 1.579500
19 1 1643.00 2.406517
19 7 1422.00 2.082967
19 118 106.00 0.156083
20 14 2549.00 3.734183
20 21 1079.00 1.580750
20 74 387.00 0.567100
21 11 2551.00 3.736933
21 13 1098.00 1.608317
21 20 1079.00 1.580750
22 16 1375.00 2.014033
22 70 74.00 0.109467
22 24 2563.00 3.754833
23 1 1385.00 2.029067
23 12 3037.00 4.448533
23 25 1426.00 2.089117
24 5 1096.00 1.606300
24 22 2563.00 3.754833
25 7 3012.00 4.411633
25 23 1426.00 2.089117
25 64 3033.00 4.442833
25 27 1080.00 1.582267
26 5 1009.00 1.478600
26 84 1012.00 1.483300
26 28 3768.00 2.759550
27 10 3023.00 4.428483
27 18 3027.00 4.434033
27 25 1080.00 1.582267
27 29 1104.00 1.618200
28 26 3768.00 2.759550
28 87 1154.00 0.845583
29 14 3035.00 4.444683
29 17 3032.00 4.440983
29 27 1104.00 1.618200
29 30 1040.00 1.523317
30 29 1040.00 1.523317
30 91 1146.00 1.678933
30 107 1680.00 2.460483
30 31 1102.00 1.614667
31 30 1102.00 1.614667
31 88 990.00 1.450500
31 84 1012.00 1.483250
32 119 96.00 0.140833
32 18 489.00 0.717433
33 8 895.00 1.311017
33 120 94.00 0.137683
34 4 192.00 0.282383
34 118 2390.00 3.500400
35 139 80.00 0.118250
35 89 985.00 1.443917
35 37 1984.00 2.905883
36 4 1083.00 1.587083
36 146 2321.00 3.400167
36 39 1639.00 2.401450
37 123 235.00 0.172633
38 44 1990.00 2.915133
39 36 1639.00 2.401450
39 140 160.00 0.234333
39 40 877.00 1.285633
40 39 877.00 1.285633
40 45 2723.00 3.988083
40 105 923.00 1.352133
40 43 887.00 1.300417
41 144 1009.00 1.478117
42 94 873.00 1.279883
42 45 870.00 1.274750
42 44 876.00 1.283783
42 122 2614.00 3.828333
43 40 887.00 1.300417
43 47 2737.00 4.008333
43 141 848.00 1.242033
44 9 1775.00 2.600200
44 38 1990.00 2.915133
44 42 876.00 1.283783
45 40 2723.00 3.988083
45 42 870.00 1.274750
45 47 897.00 1.314667
45 103 1307.00 1.915433
46 127 107.00 0.158000
46 141 210.00 0.154150
47 43 2737.00 4.008333
47 45 897.00 1.314667
47 51 840.00 1.231483
47 53 2602.00 3.811900
48 126 91.00 0.134217
48 104 679.00 0.497767
49 53 1764.00 1.292367
49 103 1308.00 1.916833
50 100 1376.00 2.015250
50 99 1390.00 2.036633
50 52 171.00 0.250950
50 127 1285.00 1.883183
51 47 840.00 1.231483
51 130 76.00 0.112100
51 132 1969.00 1.441783
52 50 171.00 0.250950
52 54 1396.00 2.045050
52 109 1290.00 1.889633
52 100 1489.00 2.181817
53 47 2602.00 3.811900
53 49 1764.00 1.292367
53 137 1712.00 1.253683
54 52 1396.00 2.045050
54 98 1134.00 1.661183
54 99 164.00 0.241450
55 98 177.00 0.260617
55 109 1417.00 2.076250
55 57 1117.00 1.637217
56 109 1483.00 2.172333
56 58 2594.00 3.800150
56 145 698.00 1.022683
57 55 1117.00 1.637217
57 95 5495.00 4.023967
58 56 2594.00 3.800150
58 60 1053.00 1.542267
58 101 1322.00 1.937333
58 63 1956.00 1.432717
59 113 748.00 0.548067
59 145 352.00 0.516167
60 58 1053.00 1.542267
60 59 717.00 0.525683
61 63 383.00 0.280983
62 3 2530.00 1.852933
63 58 1956.00 1.432717
63 61 383.00 0.280983
63 0 579.00 0.424267
64 6 2554.00 3.740267
64 10 1081.00 1.583083
64 12 1401.00 2.052517
64 25 3033.00 4.442833
65 75 5746.00 8.415200
66 67 1013.00 1.483883
66 142 1090.00 1.597233
66 108 1491.00 2.184367
67 66 1013.00 1.483883
67 75 338.00 0.495300
67 68 1116.00 1.635383
68 67 1116.00 1.635383
68 72 546.00 0.800250
68 69 1014.00 1.485767
69 68 1014.00 1.485767
69 108 1223.00 1.791100
69 70 889.00 1.303183
70 13 980.00 1.436300
70 22 74.00 0.109467
70 69 889.00 1.303183
71 16 4684.00 1.715000
71 142 6224.00 2.278917
72 68 546.00 0.800250
72 73 453.00 0.663967
73 72 453.00 0.663967
73 77 239.00 0.351000
74 20 387.00 0.567100
74 83 696.00 1.019600
74 77 2230.00 3.266417
75 65 5746.00 8.415200
75 67 338.00 0.495300
75 76 2958.00 2.166483
76 75 2958.00 2.166483
76 77 999.00 1.463633
76 78 2171.00 1.590167
77 73 239.00 0.351000
77 74 2230.00 3.266417
77 76 999.00 1.463633
78 76 2171.00 1.590167
78 79 2488.00 3.644750
78 80 4049.00 2.964950
79 6 198.00 0.290033
79 78 2488.00 3.644750
79 83 880.00 1.289100
80 78 4049.00 2.964950
80 81 1718.00 1.258400
80 156 1572.00 1.151567
81 80 1718.00 1.258400
81 82 605.00 0.886600
82 81 605.00 0.886600
82 82 828.00 1.213517
83 10 2555.00 3.742300
83 74 696.00 1.019600
83 79 880.00 1.289100
84 26 1012.00 1.483300
84 31 1012.00 1.483250
85 87 269.00 0.197533
85 86 106.00 0.155667
86 85 106.00 0.155667
87 28 1154.00 0.845583
87 85 269.00 0.197533
87 149 149.00 0.219250
88 31 990.00 1.450500
88 89 1040.00 1.523433
88 106 715.00 1.048133
89 35 985.00 1.443917
89 88 1040.00 1.523433
90 35 279.00 0.409317
90 122 77.00 0.113600
91 30 1146.00 1.678933
91 157 439.00 0.644050
91 150 98.00 0.144033
92 11 1205.00 1.766117
92 93 92.00 0.135800
92 152 118.00 0.173533
93 92 92.00 0.135800
93 107 54.00 0.080200
93 151 118.00 0.173467
94 42 873.00 1.279883
94 138 427.00 0.625700
94 114 1795.00 2.629150
95 62 256.00 0.187883
95 102 1923.00 1.408583
96 102 2293.00 1.679000
97 131 563.00 0.412383
97 102 3613.00 2.645783
98 54 1134.00 1.661183
98 55 177.00 0.260617
98 102 3789.00 2.775067
99 50 1390.00 2.036633
99 54 164.00 0.241450
99 126 1278.00 1.872300
100 50 1376.00 2.015250
100 52 1489.00 2.181817
101 58 1322.00 1.937333
102 95 1923.00 1.408583
102 96 2293.00 1.679000
102 97 3613.00 2.645783
102 98 3789.00 2.775067
103 45 1307.00 1.915433
103 49 1308.00 1.916833
103 159 65.00 0.096450
104 154 91.00 0.134717
104 51 2104.00 1.541250
104 155 76.00 0.111550
105 40 923.00 1.352133
105 160 81.00 0.119067
106 88 715.00 1.048133
106 162 77.00 0.112933
107 30 1680.00 2.460483
107 93 54.00 0.080200
107 153 106.00 0.156317
108 66 1491.00 2.184367
108 69 1223.00 1.791100
108 163 102.00 0.149850
109 52 1290.00 1.889633
109 55 1417.00 2.076250
109 56 1483.00 2.172333
110 2 1128.00 0.826517
111 110 124.00 0.181950
111 112 319.00 0.233867
112 125 1250.00 0.915783
113 148 1407.00 1.030967
114 94 1795.00 2.629150
115 17 91.00 0.134200
115 116 1077.00 1.578250
116 18 98.00 0.144567
116 119 490.00 0.718667
117 7 88.00 0.130017
117 118 1427.00 2.090450
118 19 106.00 0.156083
118 34 2390.00 3.500400
119 32 96.00 0.140833
119 117 592.00 0.867400
119 147 2404.00 3.520600
120 33 94.00 0.137683
120 115 172.00 0.253267
120 138 2761.00 4.044200
121 8 88.00 0.129033
121 120 897.00 1.314050
122 42 2614.00 3.828333
122 90 77.00 0.113600
122 121 825.00 1.208750
123 9 5358.00 3.923967
123 37 235.00 0.172633
123 139 2058.00 3.014083
124 140 2225.00 3.259517
125 137 234.00 0.171417
125 133 1335.00 0.977900
126 48 91.00 0.134217
126 99 1278.00 1.872300
126 129 1474.00 1.079533
127 46 107.00 0.158000
127 50 1285.00 1.883183
127 144 3274.00 2.397700
128 48 1473.00 1.078750
128 129 100.00 0.146550
129 128 100.00 0.146550
129 143 1155.00 0.846350
130 51 76.00 0.112100
130 154 2103.00 1.540383
131 132 80.00 0.117383
131 130 1985.00 1.453933
132 131 80.00 0.117383
132 136 1144.00 0.838067
133 135 777.00 0.569483
133 134 95.00 0.140550
134 133 95.00 0.140550
134 137 1323.00 0.968850
135 136 92.00 0.134950
135 97 563.00 0.412783
136 135 92.00 0.134950
136 134 754.00 0.552450
137 53 1712.00 1.253683
137 125 234.00 0.171417
138 94 427.00 0.625700
138 120 2761.00 4.044200
138 140 1235.00 1.809583
139 35 80.00 0.118250
139 122 275.00 0.404117
140 39 160.00 0.234333
140 124 2225.00 3.259517
140 138 1235.00 1.809583
141 43 848.00 1.242033
141 143 106.00 0.156217
141 128 1162.00 0.851467
142 66 1090.00 1.597233
142 71 6224.00 2.278917
143 141 106.00 0.156217
143 127 213.00 0.156550
144 41 1009.00 1.478117
144 46 3260.00 2.387717
145 56 698.00 1.022683
145 59 352.00 0.516167
145 158 162.00 0.237800
146 36 2321.00 3.400167
147 119 2404.00 3.520600
148 57 1982.00 1.451467
149 87 149.00 0.219250
150 91 98.00 0.144033
151 93 118.00 0.173467
152 92 118.00 0.173533
153 107 106.00 0.156317
154 104 91.00 0.134717
154 126 673.00 0.493217
155 104 76.00 0.111550
156 80 1572.00 1.151567
156 156 1501.00 1.099233
157 8 1436.00 2.104100
157 91 439.00 0.644050
157 161 73.00 0.107650
158 145 162.00 0.237800
159 103 65.00 0.096450
160 105 81.00 0.119067
161 157 73.00 0.107650
162 106 77.00 0.112933
163 108 102.00 0.149850
