0 1 300.00 0.302037
0 4 300.00 0.300493
0 5 300.00 0.367120
0 6 300.00 0.374397
1 0 300.00 0.302037
1 2 300.00 0.295600
1 3 300.00 0.364883
2 1 300.00 0.295600
2 17 300.00 0.378793
2 22 300.00 0.177390
2 11 300.00 0.366623
3 6 300.00 0.295690
3 11 300.00 0.300993
4 0 300.00 0.300493
4 7 300.00 0.298733
4 8 300.00 0.371390
5 0 300.00 0.367120
5 16 300.00 0.300830
5 8 300.00 0.292290
5 71 300.00 0.179740
6 0 300.00 0.374397
6 3 300.00 0.295690
6 12 300.00 0.303843
7 4 300.00 0.298733
7 9 300.00 0.363770
7 10 300.00 0.225250
8 5 300.00 0.292290
8 71 300.00 0.342670
8 288 300.00 0.080703
9 7 300.00 0.363770
9 12 300.00 0.290747
9 13 300.00 0.139727
10 7 300.00 0.225250
10 14 300.00 0.050943
10 15 300.00 0.263810
11 3 300.00 0.300993
11 2 300.00 0.366623
11 23 300.00 0.363370
12 6 300.00 0.303843
12 9 300.00 0.290747
12 4 300.00 0.375973
13 9 300.00 0.139727
13 393 300.00 0.378070
13 394 300.00 0.133933
13 15 300.00 0.765217
14 10 300.00 0.050943
14 288 300.00 0.245527
15 13 300.00 0.765217
15 391 300.00 0.036057
15 392 300.00 0.011797
16 5 300.00 0.300830
16 17 300.00 0.304847
16 1 300.00 0.370753
17 16 300.00 0.304847
17 20 300.00 0.243007
17 2 300.00 0.378793
17 21 300.00 0.647967
18 16 300.00 0.342683
18 19 300.00 0.270937
19 71 300.00 0.079360
19 68 300.00 0.453847
20 17 300.00 0.243007
21 17 300.00 0.647967
21 248 300.00 0.042547
21 254 300.00 0.234067
22 2 300.00 0.177390
23 11 300.00 0.363370
23 432 300.00 0.377023
24 25 300.00 0.386213
24 26 300.00 0.373143
25 76 300.00 0.100990
25 79 300.00 0.462780
26 24 300.00 0.373143
26 27 300.00 0.381807
26 28 300.00 0.738703
26 29 300.00 0.385843
27 26 300.00 0.381807
27 30 300.00 0.378983
27 32 300.00 0.375590
27 33 300.00 0.372493
28 26 300.00 0.738703
28 29 300.00 0.380287
28 83 300.00 0.112670
29 26 300.00 0.385843
29 76 300.00 0.271313
29 28 300.00 0.380287
30 27 300.00 0.378983
30 31 300.00 0.370997
30 24 300.00 0.383747
31 30 300.00 0.370997
31 159 300.00 0.189527
31 283 300.00 0.039193
32 27 300.00 0.375590
32 34 300.00 0.027607
32 52 300.00 0.539143
33 27 300.00 0.372493
33 43 300.00 0.374607
33 44 300.00 0.376887
33 45 300.00 0.379947
34 35 300.00 0.370253
34 32 300.00 0.027607
34 46 300.00 0.371910
35 34 300.00 0.370253
35 36 300.00 0.300317
35 37 300.00 0.384833
36 35 300.00 0.300317
36 34 300.00 0.490887
37 35 300.00 0.384833
37 38 300.00 0.390333
37 46 300.00 0.356390
37 47 300.00 0.378387
38 39 300.00 0.355163
38 41 300.00 0.379897
38 37 300.00 0.390333
38 48 300.00 0.377920
39 38 300.00 0.355163
40 41 300.00 0.173153
40 49 300.00 0.425863
40 50 300.00 0.686397
40 51 300.00 0.491487
41 40 300.00 0.173153
41 38 300.00 0.379897
41 42 300.00 0.372637
42 41 300.00 0.372637
42 48 300.00 0.368443
42 185 300.00 0.375980
42 138 300.00 0.256680
43 33 300.00 0.374607
43 46 300.00 0.024537
43 32 300.00 0.371663
44 33 300.00 0.376887
44 30 300.00 0.371797
44 80 300.00 0.192160
45 33 300.00 0.379947
45 54 300.00 0.375200
45 77 300.00 0.375323
45 78 300.00 0.374790
46 43 300.00 0.024537
46 37 300.00 0.356390
46 53 300.00 0.385727
47 37 300.00 0.378387
47 48 300.00 0.384480
47 53 300.00 0.364410
47 136 300.00 0.372193
48 38 300.00 0.377920
48 47 300.00 0.384480
48 42 300.00 0.368443
49 40 300.00 0.425863
49 137 300.00 0.311050
49 138 300.00 0.156590
49 139 300.00 0.478930
50 40 300.00 0.686397
50 100 300.00 0.257633
50 139 300.00 0.353360
51 40 300.00 0.491487
51 95 300.00 0.248403
51 401 300.00 0.592103
52 94 300.00 0.313473
52 433 300.00 0.425747
53 54 300.00 0.024820
53 47 300.00 0.364410
53 183 300.00 0.374400
54 53 300.00 0.024820
54 45 300.00 0.375200
54 43 300.00 0.385643
55 56 300.00 0.367770
55 57 300.00 0.047407
56 140 300.00 0.045513
56 122 300.00 0.373273
57 426 300.00 0.146097
57 425 300.00 0.036157
58 59 300.00 0.034700
58 367 300.00 0.307750
58 429 300.00 0.191683
59 58 300.00 0.034700
59 60 300.00 0.261267
59 55 300.00 0.274297
60 59 300.00 0.261267
60 104 300.00 0.295210
60 110 300.00 0.811513
61 62 300.00 0.322963
61 63 300.00 0.051640
62 443 300.00 0.281900
62 444 300.00 0.035410
63 361 300.00 0.065257
64 61 300.00 0.057763
65 66 300.00 0.051253
66 253 300.00 0.238760
66 64 300.00 0.088893
67 68 300.00 0.304460
67 249 300.00 0.235303
67 253 300.00 0.871007
67 251 300.00 0.600920
68 67 300.00 0.304460
68 69 300.00 0.030690
68 70 300.00 0.265070
69 68 300.00 0.030690
69 18 300.00 0.255793
70 441 300.00 0.035327
70 442 300.00 0.318820
71 19 300.00 0.079360
71 5 300.00 0.179740
71 8 300.00 0.342670
72 73 300.00 0.252417
72 91 300.00 0.656073
72 92 300.00 0.114640
73 72 300.00 0.252417
73 74 300.00 0.289310
73 75 300.00 0.390080
74 73 300.00 0.289310
74 89 300.00 0.285407
74 90 300.00 0.130013
75 73 300.00 0.390080
75 95 300.00 0.277987
75 96 300.00 0.602387
76 29 300.00 0.271313
76 25 300.00 0.100990
76 332 300.00 0.324127
77 45 300.00 0.375323
77 140 300.00 0.376577
77 141 300.00 0.364037
77 142 300.00 0.380330
78 45 300.00 0.374790
78 81 300.00 0.273603
78 82 300.00 0.364430
79 25 300.00 0.462780
79 348 300.00 0.201187
79 349 300.00 0.405430
80 44 300.00 0.192160
81 44 300.00 0.102203
81 420 300.00 0.238063
82 78 300.00 0.364430
82 127 300.00 0.427327
82 186 300.00 0.387423
83 28 300.00 0.112670
83 338 300.00 0.276127
83 390 300.00 0.279100
84 85 300.00 0.258583
84 417 300.00 0.259877
84 314 300.00 0.293317
85 84 300.00 0.258583
85 86 300.00 0.274037
86 222 300.00 0.141840
86 75 300.00 0.929547
87 88 300.00 0.908427
87 415 300.00 0.040903
87 405 300.00 0.362077
88 87 300.00 0.908427
89 74 300.00 0.285407
89 96 300.00 0.324797
89 327 300.00 0.040307
90 74 300.00 0.130013
91 72 300.00 0.656073
91 93 300.00 0.100547
91 85 300.00 0.307563
92 72 300.00 0.114640
93 91 300.00 0.100547
94 52 300.00 0.313473
94 83 300.00 0.287203
95 75 300.00 0.277987
95 222 300.00 0.914087
95 51 300.00 0.248403
95 400 300.00 0.578603
96 433 300.00 0.036077
96 400 300.00 0.294020
96 435 300.00 0.228703
97 98 300.00 0.137353
97 222 300.00 0.178937
97 302 300.00 0.130507
98 97 300.00 0.137353
98 99 300.00 0.255227
98 100 300.00 0.439570
99 98 300.00 0.255227
99 300 300.00 0.341853
99 322 300.00 0.185377
99 303 300.00 0.140297
100 98 300.00 0.439570
100 352 300.00 0.284260
100 50 300.00 0.257633
101 102 300.00 0.764860
101 106 300.00 0.226530
101 107 300.00 0.239087
102 101 300.00 0.764860
102 103 300.00 0.276347
102 104 300.00 0.290243
102 105 300.00 0.321640
103 102 300.00 0.276347
103 345 300.00 0.339473
104 102 300.00 0.290243
104 108 300.00 0.771793
104 60 300.00 0.295210
105 102 300.00 0.321640
105 111 300.00 0.279647
105 107 300.00 0.705033
106 101 300.00 0.226530
106 108 300.00 0.087980
107 101 300.00 0.239087
107 115 300.00 0.436457
107 105 300.00 0.705033
108 104 300.00 0.771793
108 109 300.00 0.184433
109 354 300.00 0.034090
109 110 300.00 0.102487
110 60 300.00 0.811513
110 253 300.00 0.034743
110 64 300.00 0.246563
111 112 300.00 0.214697
111 105 300.00 0.279647
111 115 300.00 0.831243
111 116 300.00 0.278300
112 111 300.00 0.214697
112 113 300.00 0.287740
112 114 300.00 0.189240
113 112 300.00 0.287740
113 155 300.00 0.223263
114 112 300.00 0.189240
114 151 300.00 0.301340
114 154 300.00 0.217440
115 111 300.00 0.831243
115 290 300.00 0.094050
115 107 300.00 0.436457
116 111 300.00 0.278300
116 289 300.00 0.031580
117 118 300.00 0.250023
117 274 300.00 0.305483
117 367 300.00 0.346237
118 117 300.00 0.250023
118 119 300.00 0.277263
118 120 300.00 0.285407
118 121 300.00 0.678453
119 118 300.00 0.277263
119 371 300.00 0.546017
120 118 300.00 0.285407
120 239 300.00 0.281447
120 237 300.00 0.764900
120 274 300.00 0.250883
121 118 300.00 0.678453
121 237 300.00 0.211267
121 255 300.00 0.307203
122 123 300.00 0.045433
122 103 300.00 0.097973
123 140 300.00 0.374100
123 142 300.00 0.371920
124 125 300.00 0.273373
124 147 300.00 0.022860
124 285 300.00 0.465173
125 124 300.00 0.273373
125 126 300.00 0.054703
125 127 300.00 0.350303
126 125 300.00 0.054703
126 286 300.00 0.242130
126 293 300.00 0.408850
127 125 300.00 0.350303
127 82 300.00 0.427327
127 145 300.00 0.288757
128 129 300.00 0.226553
128 148 300.00 0.836730
128 149 300.00 0.275780
128 150 300.00 0.436500
129 128 300.00 0.226553
129 130 300.00 0.482690
129 131 300.00 0.339123
130 129 300.00 0.482690
130 152 300.00 0.344993
130 403 300.00 0.328810
131 129 300.00 0.339123
131 181 300.00 0.306987
131 403 300.00 0.480013
132 133 300.00 0.421613
132 150 300.00 0.611577
132 391 300.00 0.143400
133 132 300.00 0.421613
133 134 300.00 0.107380
133 135 300.00 0.346273
134 133 300.00 0.107380
134 149 300.00 0.132503
134 156 300.00 0.560220
135 133 300.00 0.346273
135 251 300.00 0.274910
135 156 300.00 0.451860
136 47 300.00 0.372193
136 183 300.00 0.379433
136 184 300.00 0.386723
136 185 300.00 0.739433
137 49 300.00 0.311050
137 188 300.00 0.136840
137 467 300.00 0.266413
138 49 300.00 0.156590
138 42 300.00 0.256680
138 350 300.00 0.372863
139 49 300.00 0.478930
139 50 300.00 0.353360
139 353 300.00 0.195080
140 77 300.00 0.376577
140 56 300.00 0.045513
140 57 300.00 0.366110
141 77 300.00 0.364037
141 183 300.00 0.027977
141 54 300.00 0.374967
142 77 300.00 0.380330
142 78 300.00 0.383217
142 186 300.00 0.443560
143 144 300.00 0.114637
143 145 300.00 0.311807
144 146 300.00 0.489623
144 147 300.00 0.293527
145 143 300.00 0.311807
145 147 300.00 0.226517
145 127 300.00 0.288757
146 284 300.00 0.463017
146 285 300.00 0.300277
147 144 300.00 0.293527
147 145 300.00 0.226517
147 124 300.00 0.022860
148 128 300.00 0.836730
148 151 300.00 0.312237
148 152 300.00 0.224437
148 153 300.00 0.101687
149 128 300.00 0.275780
149 134 300.00 0.132503
149 290 300.00 0.874663
150 128 300.00 0.436500
150 132 300.00 0.611577
150 182 300.00 0.876227
151 148 300.00 0.312237
151 114 300.00 0.301340
151 153 300.00 0.345007
152 148 300.00 0.224437
152 130 300.00 0.344993
152 154 300.00 0.601843
153 148 300.00 0.101687
153 290 300.00 0.171573
153 151 300.00 0.345007
154 114 300.00 0.217440
154 152 300.00 0.601843
154 291 300.00 0.313677
154 456 300.00 0.274707
155 293 300.00 0.035977
155 456 300.00 0.144287
156 134 300.00 0.560220
156 135 300.00 0.451860
156 356 300.00 0.325083
157 158 300.00 0.210353
157 159 300.00 0.461463
158 160 300.00 0.484320
158 278 300.00 0.218100
159 157 300.00 0.461463
159 31 300.00 0.189527
159 160 300.00 0.217143
160 159 300.00 0.217143
160 279 300.00 0.224213
161 162 300.00 0.257103
161 268 300.00 0.194563
161 270 300.00 0.054620
162 161 300.00 0.257103
162 163 300.00 0.079117
162 164 300.00 0.726013
163 162 300.00 0.079117
163 230 300.00 0.272360
163 271 300.00 0.133547
164 162 300.00 0.726013
164 165 300.00 0.229707
165 307 300.00 0.029050
165 230 300.00 0.788303
166 167 300.00 0.249957
166 263 300.00 0.092213
166 430 300.00 0.211637
167 166 300.00 0.249957
167 168 300.00 0.418370
167 169 300.00 0.258377
167 170 300.00 0.664383
168 167 300.00 0.418370
168 257 300.00 0.265807
168 170 300.00 0.275450
169 167 300.00 0.258377
169 171 300.00 0.266483
169 172 300.00 0.102587
169 173 300.00 0.421120
170 167 300.00 0.664383
170 168 300.00 0.275450
170 452 300.00 0.200933
171 169 300.00 0.266483
171 174 300.00 0.265700
171 175 300.00 0.414960
171 176 300.00 0.441273
172 169 300.00 0.102587
172 257 300.00 0.317830
172 428 300.00 0.022717
173 169 300.00 0.421120
173 264 300.00 0.565890
173 176 300.00 0.260040
174 171 300.00 0.265700
174 177 300.00 0.403563
174 267 300.00 0.579397
174 268 300.00 0.406217
175 171 300.00 0.414960
175 257 300.00 0.259280
175 268 300.00 0.262080
175 271 300.00 0.455070
176 171 300.00 0.441273
176 256 300.00 0.366220
176 173 300.00 0.260040
177 178 300.00 0.335373
177 256 300.00 0.184887
177 174 300.00 0.403563
178 177 300.00 0.335373
179 180 300.00 0.558060
179 273 300.00 0.178823
179 447 300.00 0.337423
180 179 300.00 0.558060
181 131 300.00 0.306987
181 182 300.00 0.439470
182 150 300.00 0.876227
183 136 300.00 0.379433
183 141 300.00 0.027977
183 425 300.00 0.378193
184 136 300.00 0.386723
184 371 300.00 0.038220
184 351 300.00 0.767493
185 136 300.00 0.739433
185 42 300.00 0.375980
185 350 300.00 0.270107
185 351 300.00 0.388397
186 142 300.00 0.443560
186 286 300.00 0.242820
186 294 300.00 0.376127
186 82 300.00 0.387423
187 188 300.00 0.282337
187 350 300.00 0.116640
187 362 300.00 0.393313
188 187 300.00 0.282337
188 189 300.00 0.058797
188 137 300.00 0.136840
188 190 300.00 0.392067
189 188 300.00 0.058797
190 188 300.00 0.392067
190 191 300.00 0.041237
190 422 300.00 0.327613
191 190 300.00 0.041237
191 192 300.00 0.191600
191 193 300.00 0.571510
192 255 300.00 0.284687
192 384 300.00 0.990250
193 191 300.00 0.571510
193 195 300.00 0.104610
194 193 300.00 0.174290
194 195 300.00 0.108793
195 451 300.00 0.219063
196 197 300.00 0.236537
196 201 300.00 0.272677
197 196 300.00 0.236537
197 198 300.00 0.219837
197 199 300.00 0.310083
198 197 300.00 0.219837
198 200 300.00 0.480977
198 418 300.00 0.560367
199 197 300.00 0.310083
199 207 300.00 0.233003
199 375 300.00 0.413133
199 377 300.00 0.259500
200 201 300.00 0.253307
200 229 300.00 0.544577
200 262 300.00 0.455307
200 198 300.00 0.480977
201 200 300.00 0.253307
201 202 300.00 0.115143
201 203 300.00 0.481617
201 196 300.00 0.272677
202 201 300.00 0.115143
203 201 300.00 0.481617
203 204 300.00 0.249290
203 262 300.00 0.283143
204 203 300.00 0.249290
204 205 300.00 0.839887
204 206 300.00 0.258690
205 204 300.00 0.839887
205 260 300.00 0.041897
205 261 300.00 0.245520
206 204 300.00 0.258690
206 414 300.00 0.229360
206 228 300.00 0.800100
207 199 300.00 0.233003
207 208 300.00 0.411863
208 232 300.00 0.142057
208 233 300.00 0.355023
209 210 300.00 0.131057
209 406 300.00 0.049637
209 315 300.00 0.177507
210 209 300.00 0.131057
210 211 300.00 0.018123
210 212 300.00 0.131083
211 210 300.00 0.018123
211 453 300.00 0.117487
211 317 300.00 0.181157
212 379 300.00 0.135903
212 409 300.00 0.022207
213 214 300.00 0.123487
213 219 300.00 0.129050
213 323 300.00 0.188610
213 308 300.00 0.183617
214 213 300.00 0.123487
214 215 300.00 0.086570
214 216 300.00 0.202397
214 217 300.00 0.178790
215 214 300.00 0.086570
215 410 300.00 0.048323
215 383 300.00 0.176943
216 214 300.00 0.202397
216 304 300.00 0.089397
217 214 300.00 0.178790
217 300 300.00 0.142243
217 308 300.00 0.126760
217 383 300.00 0.083683
218 219 300.00 0.090227
218 223 300.00 0.125957
218 303 300.00 0.177290
219 218 300.00 0.090227
219 213 300.00 0.129050
219 220 300.00 0.173480
219 221 300.00 0.180360
220 219 300.00 0.173480
220 314 300.00 0.103907
221 219 300.00 0.180360
221 303 300.00 0.088367
221 308 300.00 0.126890
222 97 300.00 0.178937
222 86 300.00 0.141840
222 223 300.00 0.137803
222 95 300.00 0.914087
223 222 300.00 0.137803
223 302 300.00 0.179527
223 218 300.00 0.125957
224 225 300.00 0.354223
224 226 300.00 0.038670
225 451 300.00 0.037547
225 452 300.00 0.365673
226 422 300.00 0.042677
226 191 300.00 0.309737
227 224 300.00 0.240187
227 228 300.00 0.041323
228 227 300.00 0.041323
228 206 300.00 0.800100
228 205 300.00 0.250877
229 230 300.00 0.034603
229 200 300.00 0.544577
229 418 300.00 0.464107
230 229 300.00 0.034603
230 231 300.00 0.193617
230 163 300.00 0.272360
231 419 300.00 0.039040
231 259 300.00 0.214970
232 208 300.00 0.142057
232 375 300.00 0.104853
232 334 300.00 0.328357
233 334 300.00 0.146200
233 335 300.00 0.325487
234 235 300.00 0.175960
235 234 300.00 0.175960
235 236 300.00 0.467823
235 237 300.00 0.282973
236 235 300.00 0.467823
236 463 300.00 0.093000
236 465 300.00 0.163037
237 235 300.00 0.282973
237 121 300.00 0.211267
237 120 300.00 0.764900
238 239 300.00 0.209590
238 462 300.00 0.168200
238 463 300.00 0.127697
239 238 300.00 0.209590
239 120 300.00 0.281447
239 240 300.00 0.744547
239 241 300.00 0.186307
240 239 300.00 0.744547
240 431 300.00 0.029770
241 239 300.00 0.186307
242 243 300.00 0.170303
243 242 300.00 0.170303
243 244 300.00 0.124727
243 245 300.00 0.448090
243 246 300.00 0.690013
244 243 300.00 0.124727
244 247 300.00 0.456180
244 248 300.00 0.194290
245 243 300.00 0.448090
245 454 300.00 0.471003
245 247 300.00 0.066670
246 243 300.00 0.690013
246 368 300.00 0.010633
247 244 300.00 0.456180
247 245 300.00 0.066670
247 461 300.00 0.189957
248 244 300.00 0.194290
248 21 300.00 0.042547
248 276 300.00 0.766447
249 250 300.00 0.242363
249 67 300.00 0.235303
250 249 300.00 0.242363
250 251 300.00 0.322443
250 252 300.00 0.425060
251 250 300.00 0.322443
251 67 300.00 0.600920
251 135 300.00 0.274910
252 250 300.00 0.425060
252 356 300.00 0.107303
252 357 300.00 0.016033
252 358 300.00 0.315583
253 67 300.00 0.871007
253 354 300.00 0.099940
253 110 300.00 0.034743
254 21 300.00 0.234067
254 69 300.00 0.064910
255 121 300.00 0.307203
255 363 300.00 0.035503
256 177 300.00 0.184887
256 176 300.00 0.366220
257 172 300.00 0.317830
257 175 300.00 0.259280
257 168 300.00 0.265807
257 258 300.00 0.413020
258 257 300.00 0.413020
258 259 300.00 0.350073
258 271 300.00 0.284547
259 260 300.00 0.245997
259 261 300.00 0.043553
259 258 300.00 0.350073
260 227 300.00 0.250807
260 205 300.00 0.041897
261 259 300.00 0.043553
261 262 300.00 0.539523
261 419 300.00 0.215080
262 203 300.00 0.283143
262 200 300.00 0.455307
262 261 300.00 0.539523
263 166 300.00 0.092213
264 265 300.00 0.219890
264 173 300.00 0.565890
265 264 300.00 0.219890
265 266 300.00 0.289247
266 265 300.00 0.289247
267 174 300.00 0.579397
267 398 300.00 0.031737
267 396 300.00 0.152817
268 174 300.00 0.406217
268 269 300.00 0.105193
268 175 300.00 0.262080
268 161 300.00 0.194563
269 268 300.00 0.105193
269 270 300.00 0.157750
269 399 300.00 0.524497
270 161 300.00 0.054620
270 395 300.00 0.696513
270 269 300.00 0.157750
271 175 300.00 0.455070
271 258 300.00 0.284547
271 163 300.00 0.133547
272 273 300.00 0.265173
272 446 300.00 0.538627
272 387 300.00 0.550683
273 272 300.00 0.265173
273 179 300.00 0.178823
274 120 300.00 0.250883
274 117 300.00 0.305483
274 275 300.00 0.647473
275 274 300.00 0.647473
275 336 300.00 0.232463
275 367 300.00 0.697037
276 277 300.00 0.090137
276 248 300.00 0.766447
277 359 300.00 0.124657
277 373 300.00 0.042070
278 279 300.00 0.548087
278 281 300.00 0.363800
279 278 300.00 0.548087
279 280 300.00 0.166170
279 160 300.00 0.224213
280 279 300.00 0.166170
281 282 300.00 0.293380
281 143 300.00 0.225680
282 281 300.00 0.293380
283 31 300.00 0.039193
284 291 300.00 0.309887
284 344 300.00 0.921613
285 291 300.00 0.456303
285 293 300.00 0.295430
285 124 300.00 0.465173
286 186 300.00 0.242820
286 126 300.00 0.242130
286 287 300.00 0.388643
287 286 300.00 0.388643
287 289 300.00 0.042343
287 294 300.00 0.304440
288 8 300.00 0.080703
288 10 300.00 0.264240
289 113 300.00 0.084667
289 287 300.00 0.042343
290 115 300.00 0.094050
290 153 300.00 0.171573
290 149 300.00 0.874663
291 284 300.00 0.309887
291 292 300.00 0.383663
291 154 300.00 0.313677
291 285 300.00 0.456303
292 291 300.00 0.383663
293 126 300.00 0.408850
293 287 300.00 0.309577
293 155 300.00 0.035977
294 186 300.00 0.376127
294 345 300.00 0.048943
294 123 300.00 0.437580
295 296 300.00 0.046727
295 410 300.00 0.077243
295 381 300.00 0.179433
296 295 300.00 0.046727
296 297 300.00 0.099097
296 298 300.00 0.226920
297 296 300.00 0.099097
297 305 300.00 0.026380
297 306 300.00 0.177633
298 296 300.00 0.226920
298 301 300.00 0.072553
299 300 300.00 0.159840
299 311 300.00 0.187753
299 313 300.00 0.498737
300 299 300.00 0.159840
300 99 300.00 0.341853
300 217 300.00 0.142243
301 416 300.00 0.343590
301 411 300.00 0.058253
302 223 300.00 0.179527
302 97 300.00 0.130507
302 303 300.00 0.127213
303 302 300.00 0.127213
303 218 300.00 0.177290
303 221 300.00 0.088367
303 99 300.00 0.140297
304 417 300.00 0.307827
304 323 300.00 0.040023
305 297 300.00 0.026380
305 408 300.00 0.238787
305 412 300.00 0.051237
306 297 300.00 0.177633
306 311 300.00 0.138693
306 381 300.00 0.134757
306 382 300.00 0.085490
307 207 300.00 1.093397
308 221 300.00 0.126890
308 213 300.00 0.183617
308 217 300.00 0.126760
309 310 300.00 0.258427
309 374 300.00 0.020230
309 312 300.00 0.427487
310 309 300.00 0.258427
310 311 300.00 0.062673
310 312 300.00 0.662677
311 310 300.00 0.062673
311 299 300.00 0.187753
311 306 300.00 0.138693
312 310 300.00 0.662677
312 309 300.00 0.427487
312 377 300.00 0.267050
313 299 300.00 0.498737
314 84 300.00 0.293317
314 86 300.00 0.262430
315 316 300.00 0.131337
315 209 300.00 0.177507
315 382 300.00 0.125790
316 315 300.00 0.131337
316 317 300.00 0.021960
316 210 300.00 0.180453
317 316 300.00 0.021960
317 378 300.00 0.138970
318 319 300.00 0.054050
318 322 300.00 0.814997
318 320 300.00 0.060817
319 318 300.00 0.054050
319 320 300.00 0.048753
319 321 300.00 0.241670
320 319 300.00 0.048753
320 322 300.00 0.166363
320 318 300.00 0.060817
321 319 300.00 0.241670
322 320 300.00 0.166363
322 99 300.00 0.185377
322 318 300.00 0.814997
323 213 300.00 0.188610
323 220 300.00 0.124667
324 325 300.00 0.284023
324 326 300.00 0.684433
325 341 300.00 0.117590
326 324 300.00 0.684433
326 332 300.00 0.422310
326 330 300.00 0.853840
326 333 300.00 0.927537
327 89 300.00 0.040307
327 331 300.00 0.404723
328 329 300.00 0.199087
329 445 300.00 0.238233
330 331 300.00 0.269543
330 326 300.00 0.853840
330 338 300.00 0.556133
331 330 300.00 0.269543
331 328 300.00 0.662323
332 326 300.00 0.422310
332 349 300.00 0.498223
333 326 300.00 0.927537
333 339 300.00 0.040387
334 233 300.00 0.146200
334 342 300.00 0.331530
334 232 300.00 0.328357
334 407 300.00 0.145043
335 342 300.00 0.147830
335 343 300.00 0.028230
336 275 300.00 0.232463
336 337 300.00 0.064987
337 369 300.00 0.038540
337 370 300.00 0.202137
338 330 300.00 0.556133
338 390 300.00 0.092983
338 83 300.00 0.276127
339 340 300.00 0.659643
340 324 300.00 0.965307
341 349 300.00 0.259617
341 346 300.00 0.374700
342 404 300.00 0.526090
342 334 300.00 0.331530
343 88 300.00 0.390920
344 403 300.00 0.309313
344 181 300.00 0.482007
345 294 300.00 0.048943
345 116 300.00 0.278863
346 347 300.00 0.029360
346 348 300.00 0.061510
347 157 300.00 0.860190
348 79 300.00 0.201187
348 347 300.00 0.053380
349 332 300.00 0.498223
349 341 300.00 0.259617
350 185 300.00 0.270107
350 187 300.00 0.116640
350 138 300.00 0.372863
351 185 300.00 0.388397
351 385 300.00 0.039410
351 423 300.00 0.270510
352 100 300.00 0.284260
352 459 300.00 0.048547
353 139 300.00 0.195080
353 457 300.00 0.045720
354 109 300.00 0.034090
354 355 300.00 0.268983
355 358 300.00 0.134523
355 249 300.00 0.697040
356 252 300.00 0.107303
356 358 300.00 0.357497
356 156 300.00 0.325083
357 252 300.00 0.016033
358 252 300.00 0.315583
358 355 300.00 0.134523
358 356 300.00 0.357497
358 106 300.00 0.143360
359 360 300.00 0.049333
360 65 300.00 0.069460
360 402 300.00 0.222770
361 373 300.00 0.125580
361 359 300.00 0.047017
362 187 300.00 0.393313
362 363 300.00 0.038600
362 190 300.00 0.491073
363 362 300.00 0.038600
363 385 300.00 0.373003
364 365 300.00 0.150450
364 366 300.00 0.260087
365 366 300.00 0.329553
365 395 300.00 0.156727
366 364 300.00 0.260087
366 365 300.00 0.329553
366 399 300.00 0.028647
367 117 300.00 0.346237
367 58 300.00 0.307750
367 275 300.00 0.697037
368 369 300.00 0.206000
368 370 300.00 0.044090
369 276 300.00 0.066437
369 337 300.00 0.038540
370 240 300.00 0.019760
371 372 300.00 0.357123
371 184 300.00 0.038220
372 58 300.00 0.273753
372 55 300.00 0.034570
373 277 300.00 0.042070
373 336 300.00 0.090280
374 309 300.00 0.020230
374 378 300.00 0.025987
374 316 300.00 0.139573
375 232 300.00 0.104853
375 376 300.00 0.099767
375 199 300.00 0.413133
376 375 300.00 0.099767
376 407 300.00 0.305470
376 378 300.00 0.380287
377 312 300.00 0.267050
377 199 300.00 0.259500
377 413 300.00 0.234063
377 196 300.00 0.269200
378 374 300.00 0.025987
378 376 300.00 0.380287
379 380 300.00 0.184090
380 405 300.00 0.050713
380 406 300.00 0.252133
381 306 300.00 0.134757
381 295 300.00 0.179433
381 383 300.00 0.128377
382 306 300.00 0.085490
382 412 300.00 0.177337
382 315 300.00 0.125790
383 217 300.00 0.083683
383 215 300.00 0.176943
383 381 300.00 0.128377
384 192 300.00 0.990250
384 194 300.00 0.048977
385 119 300.00 0.223007
385 351 300.00 0.039410
386 387 300.00 0.038057
386 388 300.00 0.034363
387 272 300.00 0.550683
387 449 300.00 0.572220
388 386 300.00 0.034363
389 327 300.00 0.265567
390 338 300.00 0.092983
390 389 300.00 0.271590
391 392 300.00 0.033153
391 132 300.00 0.143400
392 15 300.00 0.011797
392 14 300.00 0.258727
393 13 300.00 0.378070
394 13 300.00 0.133933
395 270 300.00 0.696513
395 164 300.00 0.297280
396 397 300.00 0.278993
396 267 300.00 0.152817
396 399 300.00 0.165703
397 396 300.00 0.278993
397 364 300.00 0.159557
398 267 300.00 0.031737
399 366 300.00 0.028647
399 269 300.00 0.524497
399 396 300.00 0.165703
400 95 300.00 0.578603
400 434 300.00 0.040103
400 401 300.00 0.189320
401 51 300.00 0.592103
401 434 300.00 0.209550
402 442 300.00 0.036453
402 441 300.00 0.323183
403 131 300.00 0.480013
403 130 300.00 0.328810
403 344 300.00 0.309313
404 379 300.00 0.018193
404 409 300.00 0.135233
405 87 300.00 0.362077
405 408 300.00 0.074037
406 380 300.00 0.252133
406 209 300.00 0.049637
406 412 300.00 0.076483
407 334 300.00 0.145043
407 409 300.00 0.592363
407 376 300.00 0.305470
408 298 300.00 0.124040
408 305 300.00 0.238787
409 212 300.00 0.022207
409 407 300.00 0.592363
409 211 300.00 0.133810
410 411 300.00 0.216067
410 295 300.00 0.077243
410 215 300.00 0.048323
411 410 300.00 0.216067
411 216 300.00 0.129437
412 406 300.00 0.076483
412 305 300.00 0.051237
412 382 300.00 0.177337
413 377 300.00 0.234063
414 206 300.00 0.229360
414 438 300.00 0.042950
415 87 300.00 0.040903
415 416 300.00 0.216807
416 415 300.00 0.216807
416 301 300.00 0.343590
416 417 300.00 0.299857
417 416 300.00 0.299857
417 84 300.00 0.259877
417 304 300.00 0.307827
418 198 300.00 0.560367
418 307 300.00 0.323640
419 231 300.00 0.039040
419 229 300.00 0.195943
420 81 300.00 0.238063
421 224 300.00 0.042420
421 228 300.00 0.239917
422 440 300.00 0.208417
422 421 300.00 0.039047
423 362 300.00 0.103033
423 424 300.00 0.035550
424 423 300.00 0.035550
425 184 300.00 0.357443
425 372 300.00 0.047187
426 141 300.00 0.231837
426 427 300.00 0.026773
427 426 300.00 0.026773
428 172 300.00 0.022717
429 443 300.00 0.035447
429 444 300.00 0.280380
430 166 300.00 0.211637
431 455 300.00 0.106847
431 246 300.00 0.038580
432 23 300.00 0.377023
433 389 300.00 0.056050
433 94 300.00 0.280163
434 400 300.00 0.040103
434 435 300.00 0.177750
435 36 300.00 0.247023
436 437 300.00 0.007517
437 353 300.00 0.046970
437 457 300.00 0.015600
438 439 300.00 0.007047
439 436 300.00 0.038007
439 450 300.00 0.468893
440 450 300.00 0.034320
440 436 300.00 0.463997
441 70 300.00 0.035327
441 254 300.00 0.202323
442 402 300.00 0.036453
442 65 300.00 0.218630
443 429 300.00 0.035447
443 59 300.00 0.181543
444 62 300.00 0.035410
444 63 300.00 0.330423
445 333 300.00 0.656563
446 447 300.00 0.145487
446 272 300.00 0.538627
447 446 300.00 0.145487
447 179 300.00 0.337423
448 449 300.00 0.038627
448 388 300.00 0.605043
449 448 300.00 0.038627
449 384 300.00 1.308527
450 440 300.00 0.034320
450 421 300.00 0.208823
451 225 300.00 0.037547
451 226 300.00 0.355783
452 170 300.00 0.200933
452 448 300.00 1.327327
453 211 300.00 0.117487
454 245 300.00 0.471003
455 431 300.00 0.106847
456 154 300.00 0.274707
456 155 300.00 0.144287
456 466 300.00 0.141223
457 458 300.00 0.016137
458 352 300.00 0.047760
458 459 300.00 0.016673
459 460 300.00 0.011223
460 414 300.00 0.041540
460 438 300.00 0.014573
461 247 300.00 0.189957
462 238 300.00 0.168200
463 238 300.00 0.127697
463 464 300.00 0.169873
463 236 300.00 0.093000
464 463 300.00 0.169873
465 236 300.00 0.163037
466 456 300.00 0.141223
467 137 300.00 0.266413
