0 1 2272.00 0.831900
1 297 1354.00 0.991933
1 262 3310.00 1.212000
2 13 7839.00 2.870033
3 8 466.00 0.227583
3 236 1334.00 0.651400
4 5 992.00 0.484683
4 147 5407.00 3.959217
5 165 1747.00 1.279733
5 290 1062.00 1.556683
6 241 2083.00 1.525450
6 259 928.00 1.360000
7 4 164.00 0.120100
7 233 2053.00 1.503817
8 319 297.00 0.217967
8 181 2429.00 1.186000
9 169 1654.00 2.423300
9 191 870.00 0.637633
10 219 1057.00 0.516333
11 84 1779.00 1.302900
11 10 4168.00 3.052100
12 82 1483.00 1.086467
12 225 3304.00 1.209667
13 84 1660.00 1.215767
13 24 6065.00 2.220783
14 75 586.00 0.429350
14 61 5877.00 2.151850
15 16 6059.00 2.218483
16 239 763.00 0.558983
16 346 221.00 0.108333
16 335 190.00 0.279567
17 15 1887.00 0.691167
17 19 1118.00 1.638133
18 27 1531.00 2.242317
18 19 1123.00 1.645083
19 18 1123.00 1.645083
19 26 3049.00 2.232700
20 318 2633.00 1.928567
20 21 1555.00 2.277717
21 19 335.00 0.492050
21 15 1260.00 1.845817
22 229 544.00 0.797250
22 87 836.00 1.224800
23 11 3054.00 2.236783
23 35 892.00 1.307267
24 35 744.00 1.091000
24 223 5367.00 1.965267
25 17 5462.00 1.999867
26 19 3049.00 2.232700
26 93 3152.00 2.308683
26 27 1121.00 1.643083
26 25 1079.00 1.580333
27 26 1121.00 1.643083
27 92 1524.00 2.232550
28 101 810.00 0.593617
29 153 270.00 0.395967
30 238 101.00 0.149367
30 124 1902.00 1.393400
31 32 1013.00 0.742283
32 208 1074.00 0.786450
32 211 1935.00 1.416950
33 257 908.00 1.330167
33 123 1894.00 1.386850
34 206 2174.00 1.592433
34 212 3539.00 1.295917
35 23 892.00 1.307267
35 24 744.00 1.091000
35 83 1462.00 2.141800
36 37 1523.00 2.230483
36 48 793.00 1.161350
37 36 1523.00 2.230483
37 38 691.00 1.012833
37 53 728.00 1.066800
37 224 820.00 1.202200
38 37 691.00 1.012833
38 39 822.00 1.205133
38 55 969.00 1.419900
39 38 822.00 1.205133
39 252 739.00 1.083367
39 40 1498.00 2.195217
39 62 993.00 1.454450
40 39 1498.00 2.195217
40 76 646.00 0.946250
41 133 11.00 0.016317
42 43 760.00 1.114300
42 325 397.00 0.582200
42 100 1524.00 2.231967
42 50 1520.00 2.226400
43 42 760.00 1.114300
43 44 1143.00 1.674017
43 99 1513.00 2.216400
44 43 1143.00 1.674017
44 52 1520.00 2.226400
44 45 1142.00 1.672650
45 44 1142.00 1.672650
45 105 3067.00 2.245767
45 46 505.00 0.740567
46 45 505.00 0.740567
46 207 6200.00 2.269967
47 36 333.00 0.488817
47 224 6629.00 2.427117
48 49 903.00 1.323800
48 248 428.00 0.627550
49 107 880.00 1.289367
50 42 1520.00 2.226400
50 51 717.00 1.051183
51 269 617.00 0.905017
51 43 1529.00 2.239200
52 54 674.00 0.987750
52 328 1182.00 1.731783
53 37 728.00 1.066800
53 248 1110.00 1.625550
53 57 711.00 1.041650
54 60 847.00 1.241533
54 269 1152.00 1.687683
55 62 3437.00 1.258417
56 57 886.00 1.298350
56 249 1790.00 2.622400
57 53 711.00 1.041650
57 38 705.00 1.032850
58 327 98.00 0.144733
58 127 740.00 1.084350
59 58 1334.00 1.953883
59 51 1558.00 2.281683
60 59 1179.00 1.727883
60 310 715.00 1.047883
61 60 1068.00 1.564367
61 328 6112.00 2.238000
62 39 993.00 1.454450
62 75 6087.00 2.228883
63 56 746.00 1.093900
63 64 660.00 0.966633
63 252 792.00 1.160167
64 63 660.00 0.966633
65 291 908.00 1.330883
66 291 230.00 0.337283
66 157 320.00 0.469433
66 141 619.00 0.906833
67 141 572.00 0.837933
68 67 963.00 1.411700
68 139 1406.00 2.059783
69 68 1160.00 1.699683
69 78 1377.00 2.016800
70 69 918.00 1.344667
70 109 2811.00 2.058317
71 70 888.00 1.301133
71 80 2672.00 1.956550
72 131 833.00 1.220600
72 130 1403.00 2.055183
72 71 1138.00 1.666750
73 74 2312.00 1.693050
73 59 1485.00 2.175283
74 14 2143.00 1.569883
75 40 930.00 1.362417
76 77 841.00 1.231850
77 76 841.00 1.231850
77 254 585.00 0.857800
78 79 1823.00 1.335433
79 70 2710.00 1.985000
79 80 1908.00 1.397117
80 294 2168.00 1.587550
81 82 1651.00 1.209317
81 95 2247.00 1.645850
82 12 1483.00 1.086467
82 81 1651.00 1.209317
82 83 1073.00 1.572183
83 35 1462.00 2.141800
83 82 1073.00 1.572183
83 95 1730.00 1.266883
83 223 1495.00 1.095167
84 11 1779.00 1.302900
84 13 1660.00 1.215767
84 35 1530.00 2.241200
85 86 938.00 1.374833
85 227 2244.00 3.286867
86 85 938.00 1.374833
86 87 868.00 1.272100
86 266 2288.00 3.351967
87 22 836.00 1.224800
87 86 868.00 1.272100
87 321 1454.00 2.129367
88 89 652.00 0.477717
88 30 3398.00 2.488817
89 90 847.00 1.241000
89 96 3125.00 2.288633
90 89 847.00 1.241000
90 91 851.00 1.246583
90 100 1532.00 2.244267
91 90 851.00 1.246583
91 215 1524.00 2.232483
92 91 1154.00 1.691133
92 93 1126.00 1.649600
92 104 1520.00 2.227317
93 26 3152.00 2.308683
93 92 1126.00 1.649600
93 105 2990.00 2.189683
93 94 1076.00 1.576683
94 93 1076.00 1.576683
94 25 6213.00 2.274983
95 83 1730.00 1.266883
95 23 3148.00 2.305150
96 278 2866.00 2.098650
96 103 1548.00 1.133983
97 98 2753.00 2.016367
97 108 883.00 1.294200
98 71 2820.00 2.065233
98 202 793.00 1.161717
99 100 1608.00 1.177550
99 91 1526.00 2.234983
100 42 1524.00 2.231967
100 96 1627.00 1.191883
101 88 2530.00 1.852900
101 90 1219.00 1.786517
102 265 1720.00 1.260083
102 125 1383.00 2.026733
103 102 1781.00 1.304267
103 30 1067.00 1.563833
104 44 1533.00 2.246417
104 99 2265.00 1.659000
105 45 3067.00 2.245767
105 93 2990.00 2.189683
105 104 2326.00 1.703617
106 81 1775.00 1.300200
107 106 137.00 0.200900
107 226 3468.00 2.539817
108 211 1711.00 1.253383
108 119 947.00 1.387533
109 108 2766.00 2.026017
109 98 880.00 1.289933
110 117 286.00 0.139850
110 284 2883.00 2.111383
111 281 190.00 0.139200
111 280 999.00 0.732100
112 234 7151.00 5.236583
112 113 656.00 0.480833
113 115 199.00 0.145967
113 114 4461.00 3.266967
114 209 87.00 0.127633
114 213 3513.00 2.572317
115 273 6443.00 4.717867
115 116 647.00 0.473900
116 112 227.00 0.166383
116 279 5335.00 3.906567
117 271 3329.00 1.625533
118 132 2229.00 1.632183
118 119 457.00 0.669833
119 250 550.00 0.806750
119 120 1381.00 2.023317
120 69 1397.00 2.046217
120 109 959.00 1.405367
121 122 1655.00 2.424533
121 128 964.00 1.412583
122 121 1655.00 2.424533
122 135 1862.00 1.363650
122 123 1636.00 2.396133
123 122 1636.00 2.396133
123 238 1889.00 1.383617
124 309 1895.00 1.387900
124 102 1396.00 1.022567
125 102 1383.00 2.026733
125 205 505.00 0.740550
125 126 1357.00 1.987717
126 125 1357.00 1.987717
126 221 393.00 0.575567
126 127 689.00 1.009900
127 58 740.00 1.084350
127 126 689.00 1.009900
127 221 739.00 1.082383
128 129 1679.00 2.459267
128 114 903.00 1.322783
129 128 1679.00 2.459267
129 257 744.00 1.089850
129 122 1988.00 1.456100
130 72 1403.00 2.055183
130 204 371.00 0.543700
131 72 833.00 1.220600
132 140 214.00 0.157367
133 125 916.00 1.341883
133 276 121.00 0.178133
134 121 933.00 1.367783
134 175 2251.00 3.296883
135 169 1709.00 1.252067
135 134 1638.00 2.399550
136 65 2770.00 2.028917
136 137 1454.00 2.130767
137 138 361.00 0.529550
137 141 854.00 1.251050
138 139 607.00 0.889183
138 141 920.00 1.347633
138 289 1220.00 1.787833
139 251 602.00 0.882817
139 289 1073.00 1.572383
140 156 2051.00 1.501867
141 66 619.00 0.906833
141 67 572.00 0.837933
141 137 854.00 1.251050
141 138 920.00 1.347633
142 274 4737.00 3.469050
142 143 565.00 0.414150
143 300 3652.00 2.674750
144 214 2769.00 2.028117
145 158 90.00 0.132550
145 268 820.00 0.600867
146 7 1734.00 1.270383
146 177 2508.00 3.673917
147 341 1408.00 2.062367
147 148 5664.00 4.147767
148 303 507.00 0.743817
148 0 4973.00 3.641567
148 149 629.00 0.461300
149 148 629.00 0.461300
149 240 1122.00 0.821700
149 287 430.00 0.315450
150 173 680.00 0.996517
150 151 2660.00 1.948050
151 173 1040.00 1.523883
151 152 2168.00 1.588017
152 5 2510.00 1.837900
152 168 1171.00 1.715267
153 163 879.00 1.287983
154 195 1610.00 1.179050
154 166 2126.00 1.556983
155 175 884.00 1.295600
155 113 5587.00 4.091300
156 158 3162.00 2.315933
156 137 1912.00 1.400350
157 66 320.00 0.469433
157 291 214.00 0.314350
158 136 713.00 0.522767
159 160 1672.00 2.449050
159 194 720.00 0.527817
160 159 1672.00 2.449050
160 161 1371.00 2.008200
160 176 905.00 1.325900
161 164 909.00 1.332000
161 175 892.00 1.306317
161 244 947.00 1.387550
162 196 802.00 1.175850
162 170 485.00 0.355183
163 164 1388.00 2.033817
163 196 861.00 1.261017
163 160 890.00 1.304817
164 161 909.00 1.332000
164 163 1388.00 2.033817
164 165 1019.00 1.492650
164 290 869.00 1.272667
165 164 1019.00 1.492650
165 244 1891.00 1.385250
166 171 2131.00 1.561033
166 241 1634.00 2.393283
166 167 1670.00 2.446850
167 166 1670.00 2.446850
167 29 1033.00 1.513717
167 168 1406.00 2.059183
168 152 1171.00 1.715267
168 167 1406.00 2.059183
168 173 1097.00 1.606933
169 9 1654.00 2.423300
169 192 982.00 0.719050
169 176 1661.00 2.433067
170 154 1795.00 1.314800
171 172 2209.00 1.618083
171 217 1630.00 2.388033
172 216 1564.00 2.291117
172 260 1074.00 1.573883
172 287 3391.00 2.483250
173 150 680.00 0.996517
173 174 1412.00 2.068083
174 171 1672.00 2.449967
174 167 1061.00 1.553950
175 134 2251.00 3.296883
175 155 884.00 1.295600
175 161 892.00 1.306317
175 176 1375.00 2.014550
176 169 1661.00 2.433067
176 175 1375.00 2.014550
176 134 869.00 1.273217
177 146 2508.00 3.673917
177 338 1054.00 0.772350
178 306 1985.00 1.453517
178 199 83.00 0.121900
179 177 1686.00 1.234650
179 201 186.00 0.136733
180 110 4435.00 2.165350
181 200 2066.00 3.026933
181 180 2587.00 1.263167
182 342 928.00 1.359567
182 189 2992.00 2.191300
182 184 1880.00 1.376900
183 341 281.00 0.412600
183 342 62.00 0.091900
183 184 3017.00 4.419433
184 182 1880.00 1.376900
184 183 3017.00 4.419433
184 293 4312.00 3.157833
185 186 726.00 1.064050
185 187 1176.00 1.722983
185 245 1009.00 1.478000
186 185 726.00 1.064050
186 304 556.00 0.815317
186 333 393.00 0.576667
187 185 1176.00 1.722983
187 189 2113.00 1.547317
187 188 1644.00 1.204000
188 187 1644.00 1.204000
188 245 698.00 1.022983
188 190 1962.00 1.436833
189 182 2992.00 2.191300
189 187 2113.00 1.547317
189 344 272.00 0.398783
190 188 1962.00 1.436833
191 192 1634.00 2.393600
191 193 1731.00 1.268050
192 191 1634.00 2.393600
192 159 856.00 0.627500
193 197 1523.00 1.115583
194 162 1045.00 0.765833
194 193 1647.00 2.412300
195 29 1700.00 1.244867
195 196 2299.00 1.683617
196 162 802.00 1.175850
196 163 861.00 1.261017
196 195 2299.00 1.683617
197 258 950.00 1.392500
197 6 1802.00 1.320050
198 305 2640.00 1.933183
198 111 225.00 0.165200
199 339 722.00 0.529050
199 180 2072.00 3.035467
200 177 91.00 0.134683
200 201 1671.00 1.224283
201 323 364.00 0.267150
201 235 1627.00 2.382983
202 130 368.00 0.539250
203 97 793.00 1.162067
203 202 1379.00 2.020533
204 126 527.00 0.771967
204 205 1351.00 1.979867
205 264 366.00 0.537300
206 33 2556.00 1.871883
206 32 215.00 0.157867
207 105 1897.00 1.389550
207 94 6460.00 2.365400
208 97 1373.00 1.006017
208 263 1203.00 1.763000
209 115 4373.00 3.202067
210 268 365.00 0.535267
210 145 161.00 0.236100
211 118 2047.00 1.499250
211 34 221.00 0.162017
212 209 5509.00 4.034133
212 213 2466.00 1.805967
213 129 2526.00 1.850033
213 256 1597.00 1.169917
214 210 1345.00 0.984983
215 27 1146.00 1.678433
215 242 492.00 0.721633
215 28 629.00 0.922567
216 172 1564.00 2.291117
216 220 412.00 0.603817
217 288 119.00 0.175150
217 315 2805.00 1.369450
218 261 224.00 0.328967
218 330 320.00 0.469817
219 228 485.00 0.710717
219 20 4840.00 3.544233
220 330 332.00 0.486817
220 218 519.00 0.761417
221 127 739.00 1.082383
221 50 719.00 1.053550
221 326 1255.00 1.839250
222 307 1767.00 2.587817
222 3 7194.00 3.512250
223 83 1495.00 1.095167
223 12 4302.00 1.575233
224 37 820.00 1.202200
224 55 2759.00 1.010417
225 226 432.00 0.158500
225 106 1672.00 2.449617
226 207 562.00 0.412083
226 47 5031.00 1.842100
227 296 1738.00 1.272833
228 286 937.00 1.372467
228 84 1948.00 2.854183
229 237 3372.00 2.469733
230 231 182.00 0.267133
230 232 2167.00 1.587217
231 230 182.00 0.267133
231 179 569.00 0.416883
232 233 156.00 0.228933
232 4 2036.00 1.490883
233 232 156.00 0.228933
233 231 2179.00 1.595850
234 146 1802.00 1.319533
234 247 1717.00 2.514883
235 236 364.00 0.267050
235 8 1356.00 0.661983
236 235 364.00 0.267050
236 323 1631.00 2.389150
237 270 201.00 0.147517
238 9 1748.00 1.279983
238 135 1644.00 2.408350
239 312 3850.00 2.819100
240 150 1857.00 1.360200
241 217 2168.00 1.588083
242 6 111.00 0.163833
242 28 1042.00 0.763383
243 142 6973.00 5.105917
244 155 1812.00 1.327500
244 234 289.00 0.424117
245 185 1009.00 1.478000
245 188 698.00 1.022983
245 246 571.00 0.837117
246 245 571.00 0.837117
247 337 88.00 0.130133
247 178 870.00 1.275283
248 48 428.00 0.627550
248 53 1110.00 1.625550
248 249 886.00 1.298833
249 248 886.00 1.298833
249 49 506.00 0.741800
250 132 489.00 0.717517
251 250 1401.00 2.052967
251 120 530.00 0.776950
252 39 739.00 1.083367
252 63 792.00 1.160167
252 253 635.00 0.930267
253 252 635.00 0.930267
254 255 617.00 0.904650
254 63 896.00 1.313133
255 254 617.00 0.904650
256 257 1271.00 1.861700
256 206 1680.00 1.230533
257 33 908.00 1.330167
257 129 744.00 1.089850
257 256 1271.00 1.861700
258 170 669.00 0.980883
258 259 902.00 1.321917
259 258 902.00 1.321917
259 154 708.00 1.038133
260 172 1074.00 1.573883
260 261 2626.00 3.846500
261 218 224.00 0.328967
261 260 2626.00 3.846500
262 349 297.00 0.109050
263 208 1203.00 1.763000
263 264 704.00 1.032067
263 265 672.00 0.985033
264 263 704.00 1.032067
264 203 392.00 0.574567
265 263 672.00 0.985033
265 31 1452.00 1.063383
266 295 1910.00 0.699300
267 87 2241.00 3.282000
267 237 1790.00 1.311250
268 34 8667.00 6.346933
269 54 1152.00 1.687683
269 52 533.00 0.781900
270 10 2868.00 2.100750
271 272 1482.00 0.723583
272 275 7652.00 3.735533
273 143 4594.00 3.363950
273 274 587.00 0.430150
274 273 587.00 0.430150
274 116 6293.00 4.608400
275 243 5090.00 2.484833
276 103 1284.00 1.881083
276 278 182.00 0.266633
277 348 63.00 0.093250
278 347 18.00 0.027783
279 280 180.00 0.132467
279 281 926.00 0.678333
280 279 180.00 0.132467
280 112 5230.00 3.829800
281 282 231.00 0.169733
282 283 1643.00 1.203233
282 198 188.00 0.138383
283 284 174.00 0.127700
283 117 2815.00 2.061817
284 283 174.00 0.127700
284 198 1593.00 1.166717
285 22 984.00 1.442350
286 2 315.00 0.462083
286 285 420.00 0.615733
287 149 430.00 0.315450
287 174 1103.00 1.615683
287 240 1016.00 0.744333
288 18 410.00 0.601633
288 242 6298.00 3.074483
289 138 1220.00 1.787833
289 140 298.00 0.436767
290 164 869.00 1.272667
290 168 1270.00 1.860783
290 153 1413.00 2.069700
291 65 908.00 1.330883
291 66 230.00 0.337283
291 157 214.00 0.314350
292 331 1881.00 2.754800
293 184 4312.00 3.157833
293 292 271.00 0.397467
294 324 138.00 0.202217
295 267 878.00 0.643500
296 266 171.00 0.062733
297 298 758.00 0.555233
298 190 451.00 0.661050
299 312 1317.00 0.482317
300 144 8244.00 6.036967
301 304 70.00 0.102833
302 303 61.00 0.090150
303 148 507.00 0.743817
303 302 61.00 0.090150
303 304 313.00 0.459333
304 186 556.00 0.815317
304 301 70.00 0.102833
304 303 313.00 0.459333
305 199 1979.00 1.449550
305 306 80.00 0.118050
306 305 80.00 0.118050
306 111 2727.00 1.996900
307 222 1767.00 2.587817
307 345 136.00 0.200000
308 299 1321.00 0.967383
308 329 3244.00 2.375900
309 31 1533.00 1.123067
309 265 339.00 0.496483
310 74 797.00 1.167683
310 311 559.00 0.818767
311 310 559.00 0.818767
312 313 1615.00 0.591433
313 149 5352.00 3.919067
313 0 3298.00 1.207733
314 299 804.00 1.178200
314 308 440.00 0.322267
315 216 160.00 0.234750
315 229 7444.00 5.450900
316 334 397.00 0.581600
317 318 1172.00 1.716467
317 316 185.00 0.271650
318 288 2287.00 1.116550
319 332 315.00 0.230933
320 2 607.00 0.444667
320 285 368.00 0.539950
321 329 939.00 0.687800
322 336 8467.00 6.200100
323 230 757.00 0.554800
324 294 138.00 0.202217
324 73 2534.00 1.855567
324 327 1430.00 2.095333
325 42 397.00 0.582200
325 277 338.00 0.495083
326 221 1255.00 1.839250
326 41 198.00 0.291383
327 58 98.00 0.144733
327 324 1430.00 2.095333
327 72 629.00 0.921283
328 52 1182.00 1.731783
328 45 1539.00 2.253900
328 46 6471.00 2.369417
329 320 649.00 0.475667
330 316 116.00 0.170283
331 222 1532.00 0.748083
332 3 303.00 0.221983
333 186 393.00 0.576667
333 344 856.00 1.254400
333 340 69.00 0.101083
334 335 222.00 0.326450
334 239 212.00 0.310850
335 317 367.00 0.538167
336 322 8467.00 6.200100
336 2 365.00 0.534750
337 247 88.00 0.130133
338 178 715.00 0.524083
338 339 169.00 0.123800
339 338 169.00 0.123800
339 200 1064.00 0.779167
340 333 69.00 0.101083
341 147 1408.00 2.062367
341 183 281.00 0.412600
341 342 1671.00 2.447867
342 182 928.00 1.359567
342 183 62.00 0.091900
342 341 1671.00 2.447867
343 344 85.00 0.125617
344 189 272.00 0.398783
344 333 856.00 1.254400
344 343 85.00 0.125617
345 307 136.00 0.200000
346 336 370.00 0.542950
347 277 70.00 0.103850
347 325 353.00 0.518100
348 326 195.00 0.285633
348 41 95.00 0.139900
349 314 3340.00 1.630583
