0 46 301.00 0.441867
0 1 1875.00 2.746200
1 0 1875.00 2.746200
1 77 878.00 1.286250
2 19 2236.00 1.637800
2 73 111.00 0.081433
2 79 2699.00 3.952700
3 20 174.00 0.128117
3 76 2104.00 1.541167
3 70 1430.00 2.095517
4 5 373.00 0.547400
4 73 974.00 0.713383
5 4 373.00 0.547400
5 78 1116.00 1.634783
5 72 231.00 0.339350
6 78 79.00 0.116050
7 9 944.00 1.383033
7 18 1737.00 2.545100
8 75 1273.00 1.865417
8 27 85.00 0.125483
8 9 1250.00 1.830650
9 7 944.00 1.383033
9 8 1250.00 1.830650
9 30 1025.00 1.501550
10 12 1648.00 2.414400
10 50 1104.00 0.808933
10 100 496.00 0.363917
11 50 336.00 0.246750
11 14 1977.00 2.896233
11 42 2208.00 1.617267
12 10 1648.00 2.414400
13 14 1221.00 1.789017
13 25 1070.00 1.567433
13 83 704.00 1.031500
14 11 1977.00 2.896233
14 13 1221.00 1.789017
14 32 948.00 1.388867
15 42 2286.00 1.674033
15 67 701.00 0.513417
15 41 2312.00 1.693500
16 33 552.00 0.404917
16 85 1143.00 1.674733
17 56 2178.00 1.595233
17 20 2280.00 1.670050
17 98 1242.00 1.820050
17 36 958.00 1.404333
18 7 1737.00 2.545100
18 78 2014.00 2.950200
19 2 2236.00 1.637800
19 90 111.00 0.164000
19 23 2156.00 1.579367
20 3 174.00 0.128117
20 17 2280.00 1.670050
20 21 769.00 1.126567
21 20 769.00 1.126567
22 26 720.00 1.054617
23 19 2156.00 1.579367
23 76 168.00 0.123400
23 24 1871.00 2.740267
24 23 1871.00 2.740267
24 27 1268.00 1.858350
24 72 3051.00 4.469500
25 13 1070.00 1.567433
25 36 1048.00 1.535333
25 75 797.00 1.168067
25 26 1150.00 1.685250
26 22 720.00 1.054617
26 25 1150.00 1.685250
26 27 373.00 0.546617
27 8 85.00 0.125483
27 24 1268.00 1.858350
27 26 373.00 0.546617
28 30 650.00 0.953083
28 29 247.00 0.362583
28 94 626.00 0.917167
29 28 247.00 0.362583
30 9 1025.00 1.501550
30 28 650.00 0.953083
31 84 1615.00 2.366467
32 14 948.00 1.388867
32 85 308.00 0.452183
32 99 407.00 0.596383
33 34 596.00 0.436767
33 96 96.00 0.140983
34 35 1005.00 0.736317
34 95 104.00 0.152633
35 86 67.00 0.099550
35 15 1573.00 1.152017
36 17 958.00 1.404333
36 25 1048.00 1.535333
36 37 966.00 1.414683
37 36 966.00 1.414683
38 40 1196.00 1.752667
39 97 79.00 0.058300
39 51 1136.00 1.663983
40 38 1196.00 1.752667
40 82 43.00 0.063400
40 63 902.00 1.322050
41 15 2312.00 1.693500
41 61 1068.00 0.782583
41 65 687.00 1.007200
42 11 2208.00 1.617267
42 15 2286.00 1.674033
42 81 1902.00 2.786817
43 44 47.00 0.069233
43 51 1806.00 2.645317
43 45 1160.00 1.700083
44 43 47.00 0.069233
44 47 773.00 1.132267
45 43 1160.00 1.700083
46 0 301.00 0.441867
46 49 1047.00 1.534333
46 54 1810.00 2.651550
47 44 773.00 1.132267
47 48 1185.00 1.736233
47 49 465.00 0.681700
48 47 1185.00 1.736233
49 46 1047.00 1.534333
49 47 465.00 0.681700
49 52 1812.00 2.654717
50 10 1104.00 0.808933
50 11 336.00 0.246750
50 52 1915.00 2.804433
51 39 1136.00 1.663983
51 43 1806.00 2.645317
51 81 84.00 0.124000
52 49 1812.00 2.654717
52 50 1915.00 2.804433
52 54 1062.00 1.556000
52 81 1255.00 1.838083
53 55 1064.00 1.558217
54 46 1810.00 2.651550
54 52 1062.00 1.556000
54 55 79.00 0.115767
55 53 1064.00 1.558217
55 54 79.00 0.115767
55 57 391.00 0.573217
56 17 2178.00 1.595233
56 100 768.00 0.562650
56 57 1537.00 2.251633
57 55 391.00 0.573217
57 56 1537.00 2.251633
57 59 335.00 0.490633
58 59 235.00 0.344717
59 57 335.00 0.490633
59 58 235.00 0.344717
59 60 931.00 1.363867
60 59 931.00 1.363867
61 41 1068.00 0.782583
61 62 542.00 0.794233
62 61 542.00 0.794233
63 40 902.00 1.322050
63 65 408.00 0.597750
63 64 476.00 0.697100
64 63 476.00 0.697100
65 41 687.00 1.007200
65 63 408.00 0.597750
65 66 370.00 0.542867
66 65 370.00 0.542867
67 69 1149.00 0.841583
67 92 136.00 0.199567
68 39 678.00 0.496900
68 93 82.00 0.121267
69 68 1380.00 1.011067
69 91 90.00 0.132117
70 3 1430.00 2.095517
70 71 543.00 0.795817
70 77 963.00 1.410767
71 70 543.00 0.795817
72 5 231.00 0.339350
72 24 3051.00 4.469500
72 73 519.00 0.760767
73 2 111.00 0.081433
73 4 974.00 0.713383
73 72 519.00 0.760767
74 83 416.00 0.610300
75 8 1273.00 1.865417
75 25 797.00 1.168067
75 94 104.00 0.153117
76 3 2104.00 1.541167
76 23 168.00 0.123400
76 79 1604.00 2.349217
77 1 878.00 1.286250
77 70 963.00 1.410767
78 5 1116.00 1.634783
78 6 79.00 0.116050
78 18 2014.00 2.950200
79 2 2699.00 3.952700
79 76 1604.00 2.349217
80 85 1030.00 1.508833
81 42 1902.00 2.786817
81 51 84.00 0.124000
81 52 1255.00 1.838083
82 40 43.00 0.063400
82 97 1174.00 1.720500
83 13 704.00 1.031500
83 74 416.00 0.610300
83 84 682.00 1.000200
84 31 1615.00 2.366467
84 83 682.00 1.000200
84 94 993.00 1.454233
85 16 1143.00 1.674733
85 32 308.00 0.452183
85 80 1030.00 1.508833
86 35 67.00 0.099550
87 88 147.00 0.215317
87 89 405.00 0.594167
88 87 147.00 0.215317
89 87 405.00 0.594167
89 45 2451.00 1.795017
90 19 111.00 0.164000
91 69 90.00 0.132117
92 67 136.00 0.199567
93 68 82.00 0.121267
94 28 626.00 0.917167
94 75 104.00 0.153117
94 84 993.00 1.454233
95 34 104.00 0.152633
96 33 96.00 0.140983
97 82 1174.00 1.720500
97 89 1193.00 0.874033
98 17 1242.00 1.820050
99 32 407.00 0.596383
100 10 496.00 0.363917
100 56 768.00 0.562650
100 101 783.00 1.147883
101 100 783.00 1.147883
101 101 463.00 0.678483
