0 40 946.00 1.385933
0 1 6798.00 3.318750
1 46 1064.00 0.519533
2 7 3492.00 2.557333
2 12 903.00 1.322683
2 10 879.00 1.288350
3 6 182.00 0.267850
3 34 1756.00 2.572100
4 65 173.00 0.127133
4 20 3483.00 2.550700
4 72 909.00 1.331733
5 8 907.00 1.329517
5 20 902.00 1.322350
5 57 3492.00 2.557350
5 25 2135.00 1.563683
6 3 182.00 0.267850
6 42 741.00 1.085183
7 67 165.00 0.121133
7 74 316.00 0.463500
8 5 907.00 1.329517
8 58 3507.00 2.568417
8 31 884.00 1.295117
9 16 1838.00 1.346050
10 2 879.00 1.288350
10 21 1774.00 2.598983
10 71 1779.00 2.605567
11 51 1164.00 0.852583
11 55 1755.00 1.285467
12 2 903.00 1.322683
12 20 910.00 1.333533
12 19 3615.00 2.647083
12 18 1718.00 2.516517
13 72 192.00 0.141033
13 22 1345.00 0.985300
13 65 907.00 1.328650
14 70 1755.00 2.570783
15 66 1749.00 2.561850
16 11 1767.00 1.294367
16 61 2040.00 1.493983
17 2 3576.00 2.618850
17 19 893.00 1.308983
17 21 882.00 1.291817
18 12 1718.00 2.516517
18 4 893.00 1.308567
18 66 92.00 0.135917
19 17 893.00 1.308983
19 60 1397.00 1.023433
20 4 3483.00 2.550700
20 5 902.00 1.322350
20 12 910.00 1.333533
20 56 3519.00 2.576767
21 10 1774.00 2.598983
21 17 882.00 1.291817
22 13 1345.00 0.985300
22 23 1801.00 1.319117
23 22 1801.00 1.319117
23 24 1494.00 1.093983
24 27 897.00 1.314917
24 28 1414.00 1.035567
25 5 2135.00 1.563683
25 72 1362.00 0.997383
25 28 1776.00 1.300517
26 29 864.00 1.266117
26 42 900.00 1.318200
26 32 1798.00 2.633550
27 24 897.00 1.314917
27 41 933.00 1.367783
27 31 1792.00 2.625400
28 25 1776.00 1.300517
28 8 2139.00 1.566883
29 26 864.00 1.266117
29 30 1790.00 2.622567
30 29 1790.00 2.622567
30 41 875.00 1.282483
30 35 1780.00 2.607900
30 32 924.00 1.353483
31 8 884.00 1.295117
31 27 1792.00 2.625400
31 33 914.00 1.338767
31 62 1068.00 1.564383
32 26 1798.00 2.633550
32 30 924.00 1.353483
32 69 746.00 1.092617
32 43 867.00 1.270567
33 31 914.00 1.338767
33 35 894.00 1.310633
33 63 1025.00 1.502517
33 41 1793.00 2.626383
34 3 1756.00 2.572100
34 37 934.00 1.368733
34 43 898.00 1.316467
35 30 1780.00 2.607900
35 33 894.00 1.310633
35 47 1782.00 2.610800
35 36 911.00 1.334633
36 35 911.00 1.334633
36 44 895.00 1.312017
36 48 1787.00 2.617867
36 69 1029.00 1.507183
37 34 934.00 1.368733
37 0 765.00 0.373717
38 64 447.00 0.327450
38 49 1030.00 1.509417
39 50 1024.00 1.500400
40 44 151.00 0.222500
40 1 1416.00 2.074117
41 27 933.00 1.367783
41 30 875.00 1.282483
41 33 1793.00 2.626383
42 6 741.00 1.085183
42 26 900.00 1.318200
42 43 1800.00 2.636100
43 32 867.00 1.270567
43 34 898.00 1.316467
43 42 1800.00 2.636100
43 68 720.00 1.054550
44 36 895.00 1.312017
44 40 151.00 0.222500
44 68 1062.00 1.556633
45 47 902.00 1.321833
45 50 699.00 1.024550
45 63 745.00 1.091500
46 48 899.00 1.317467
47 35 1782.00 2.610800
47 45 902.00 1.321833
47 48 926.00 1.356283
48 36 1787.00 2.617867
48 46 899.00 1.317467
48 47 926.00 1.356283
49 38 1030.00 1.509417
49 50 893.00 1.309000
49 59 696.00 1.019500
50 39 1024.00 1.500400
50 45 699.00 1.024550
50 49 893.00 1.309000
51 11 1164.00 0.852583
51 53 1095.00 0.802417
51 52 865.00 1.267533
52 51 865.00 1.267533
52 55 1165.00 0.853367
53 51 1095.00 0.802417
53 57 1203.00 0.881583
53 54 876.00 1.283317
54 53 876.00 1.283317
54 52 1124.00 0.823500
55 38 1868.00 1.368200
56 20 3519.00 2.576767
56 61 1427.00 1.045000
56 57 906.00 1.327700
57 5 3492.00 2.557350
57 53 1203.00 0.881583
57 56 906.00 1.327700
57 58 879.00 1.287517
58 57 879.00 1.287517
58 54 1167.00 0.855167
58 59 924.00 1.353633
59 49 696.00 1.019500
59 58 924.00 1.353633
59 62 698.00 1.023383
60 9 2041.00 1.495083
60 61 896.00 1.312883
61 16 2040.00 1.493983
61 56 1427.00 1.045000
61 60 896.00 1.312883
62 31 1068.00 1.564383
62 59 698.00 1.023383
62 63 900.00 1.318533
63 33 1025.00 1.502517
63 45 745.00 1.091500
63 62 900.00 1.318533
64 39 1309.00 0.958533
65 4 173.00 0.127133
65 66 890.00 1.304600
66 15 1749.00 2.561850
66 18 92.00 0.135917
66 73 587.00 0.861033
67 70 916.00 1.342183
68 43 720.00 1.054550
68 44 1062.00 1.556633
68 69 880.00 1.289867
69 32 746.00 1.092617
69 36 1029.00 1.507183
69 68 880.00 1.289867
70 14 1755.00 2.570783
70 71 48.00 0.071117
71 10 1779.00 2.605567
71 70 48.00 0.071117
71 7 913.00 1.337167
72 13 192.00 0.141033
72 25 1362.00 0.997383
73 67 315.00 0.461917
73 74 72.00 0.105917
74 73 72.00 0.105917
74 18 587.00 0.860133
