0 1 300.00 0.248030
0 2 300.00 0.575380
1 9 300.00 0.301660
2 129 300.00 0.027610
3 4 300.00 0.187633
3 11 300.00 0.033383
3 70 300.00 0.299490
4 3 300.00 0.187633
4 5 300.00 0.314640
5 64 300.00 0.310447
5 6 300.00 0.317393
6 7 300.00 0.307157
6 8 300.00 0.415977
7 67 300.00 0.309590
7 65 300.00 0.508037
8 6 300.00 0.415977
8 15 300.00 0.030610
8 64 300.00 0.288573
9 10 300.00 0.295060
9 11 300.00 0.561470
10 13 300.00 0.292637
10 63 300.00 0.562123
11 9 300.00 0.561470
11 3 300.00 0.033383
11 63 300.00 0.299150
12 13 300.00 0.289763
12 16 300.00 0.293687
12 17 300.00 0.578187
13 12 300.00 0.289763
13 14 300.00 1.187670
13 15 300.00 0.569873
14 13 300.00 1.187670
14 127 300.00 0.271707
15 13 300.00 0.569873
15 8 300.00 0.030610
15 17 300.00 0.293620
16 12 300.00 0.293687
16 18 300.00 0.083430
16 19 300.00 0.587480
17 12 300.00 0.578187
17 65 300.00 0.031060
17 66 300.00 0.044243
18 16 300.00 0.083430
18 215 300.00 0.204920
18 255 300.00 0.284553
19 16 300.00 0.587480
19 69 300.00 0.036107
19 72 300.00 0.295833
20 21 300.00 0.051133
20 22 300.00 0.078793
21 43 300.00 0.140580
22 181 300.00 0.838383
23 24 300.00 0.242370
23 25 300.00 0.242950
23 26 300.00 0.667060
23 27 300.00 0.768827
24 23 300.00 0.242370
25 23 300.00 0.242950
25 28 300.00 0.778480
25 29 300.00 0.815367
26 23 300.00 0.667060
27 23 300.00 0.768827
27 53 300.00 0.232557
27 28 300.00 0.248737
27 88 300.00 0.437503
28 27 300.00 0.248737
28 86 300.00 0.141740
28 87 300.00 0.508460
29 25 300.00 0.815367
29 243 300.00 0.242960
30 31 300.00 0.114230
30 170 300.00 0.034073
31 30 300.00 0.114230
32 33 300.00 0.291730
32 34 300.00 0.030873
33 212 300.00 0.031157
33 210 300.00 0.269127
34 32 300.00 0.030873
34 51 300.00 0.209837
35 36 300.00 0.374137
35 37 300.00 0.034170
35 253 300.00 0.021490
36 35 300.00 0.374137
37 35 300.00 0.034170
37 38 300.00 0.255853
37 39 300.00 0.353137
38 37 300.00 0.255853
38 40 300.00 0.259297
38 41 300.00 0.701383
38 42 300.00 0.625993
39 37 300.00 0.353137
40 38 300.00 0.259297
40 43 300.00 0.310360
40 44 300.00 0.675827
40 45 300.00 0.232653
41 38 300.00 0.701383
41 87 300.00 0.035497
41 206 300.00 0.246033
42 38 300.00 0.625993
43 40 300.00 0.310360
43 182 300.00 0.249497
44 40 300.00 0.675827
45 40 300.00 0.232653
45 62 300.00 0.619170
45 254 300.00 0.118470
46 47 300.00 0.094390
46 48 300.00 0.447323
47 20 300.00 0.029353
47 226 300.00 0.026677
48 46 300.00 0.447323
49 50 300.00 0.727563
49 172 300.00 0.021667
49 250 300.00 0.332823
50 49 300.00 0.727563
51 49 300.00 0.041317
51 34 300.00 0.209837
52 53 300.00 0.071460
52 172 300.00 0.701923
53 52 300.00 0.071460
53 27 300.00 0.232557
54 55 300.00 0.127240
55 54 300.00 0.127240
55 56 300.00 0.598473
55 57 300.00 0.210910
56 55 300.00 0.598473
56 58 300.00 0.031757
56 59 300.00 0.299513
57 55 300.00 0.210910
57 185 300.00 0.037727
57 186 300.00 0.090540
58 56 300.00 0.031757
58 60 300.00 0.813807
58 208 300.00 0.282520
59 89 300.00 0.027570
59 90 300.00 0.584813
60 61 300.00 0.313710
60 58 300.00 0.813807
61 91 300.00 0.289343
61 92 300.00 0.184777
62 45 300.00 0.619170
63 10 300.00 0.562123
63 64 300.00 0.031470
63 15 300.00 0.289053
64 63 300.00 0.031470
64 5 300.00 0.310447
64 3 300.00 0.298970
65 17 300.00 0.031060
65 7 300.00 0.508037
65 8 300.00 0.294800
66 19 300.00 0.248383
66 237 300.00 0.026940
67 68 300.00 0.282173
67 69 300.00 0.600603
68 217 300.00 0.105243
68 218 300.00 0.348277
69 67 300.00 0.600603
69 19 300.00 0.036107
69 65 300.00 0.294087
70 71 300.00 0.037287
70 207 300.00 0.079720
71 70 300.00 0.037287
71 1 300.00 0.556243
71 11 300.00 0.295087
72 223 300.00 0.007323
73 74 300.00 0.038750
73 113 300.00 0.297530
73 169 300.00 1.024870
74 73 300.00 0.038750
74 75 300.00 0.355190
74 76 300.00 0.339573
75 74 300.00 0.355190
75 150 300.00 0.334877
75 151 300.00 0.335653
75 152 300.00 0.338510
76 152 300.00 0.416043
76 122 300.00 0.456310
77 78 300.00 0.248087
78 77 300.00 0.248087
78 79 300.00 0.377793
78 80 300.00 0.213743
78 81 300.00 0.349230
79 78 300.00 0.377793
79 82 300.00 0.173537
79 83 300.00 0.133820
80 78 300.00 0.213743
80 112 300.00 0.197033
80 113 300.00 0.689510
80 114 300.00 0.336923
81 78 300.00 0.349230
81 108 300.00 0.481267
81 111 300.00 0.304490
82 79 300.00 0.173537
82 123 300.00 0.263983
83 79 300.00 0.133820
83 114 300.00 0.242773
83 124 300.00 0.019657
84 85 300.00 0.325993
85 159 300.00 0.325323
85 168 300.00 0.339320
86 28 300.00 0.141740
87 41 300.00 0.035497
87 173 300.00 0.206673
88 27 300.00 0.437503
89 59 300.00 0.027570
89 92 300.00 0.728080
89 58 300.00 0.299023
90 94 300.00 0.029117
90 95 300.00 0.296400
91 93 300.00 0.630470
91 92 300.00 0.544207
92 61 300.00 0.184777
92 91 300.00 0.544207
92 89 300.00 0.728080
93 99 300.00 0.484520
93 100 300.00 0.293477
94 90 300.00 0.029117
94 99 300.00 0.984913
94 89 300.00 0.585653
95 96 300.00 0.029590
95 97 300.00 0.290750
96 95 300.00 0.029590
96 99 300.00 0.724597
96 94 300.00 0.295407
97 101 300.00 0.310127
97 102 300.00 0.031490
98 99 300.00 0.298053
98 103 300.00 0.292770
98 102 300.00 0.727030
98 100 300.00 0.569923
99 98 300.00 0.298053
99 96 300.00 0.724597
99 93 300.00 0.484520
99 94 300.00 0.984913
100 98 300.00 0.569923
100 107 300.00 0.074923
101 104 300.00 0.301537
101 105 300.00 0.028960
101 106 300.00 0.661053
102 97 300.00 0.031490
102 98 300.00 0.727030
102 96 300.00 0.291500
103 98 300.00 0.292770
103 108 300.00 0.284500
103 105 300.00 0.730333
103 109 300.00 0.499107
104 193 300.00 0.665273
104 133 300.00 0.298080
104 194 300.00 0.029973
105 101 300.00 0.028960
105 103 300.00 0.730333
105 102 300.00 0.307587
106 101 300.00 0.661053
107 138 300.00 0.294600
107 109 300.00 0.254583
108 103 300.00 0.284500
108 81 300.00 0.481267
108 110 300.00 0.334430
109 103 300.00 0.499107
110 108 300.00 0.334430
110 115 300.00 0.586340
110 137 300.00 0.717090
111 81 300.00 0.304490
111 82 300.00 0.325733
112 80 300.00 0.197033
113 80 300.00 0.689510
113 114 300.00 0.350097
113 117 300.00 0.337200
113 73 300.00 0.297530
114 80 300.00 0.336923
114 116 300.00 0.335647
114 83 300.00 0.242773
114 113 300.00 0.350097
115 110 300.00 0.586340
116 114 300.00 0.335647
116 118 300.00 0.187843
116 123 300.00 0.265137
116 117 300.00 0.350000
117 113 300.00 0.337200
117 119 300.00 0.305790
117 130 300.00 0.238410
117 116 300.00 0.350000
118 116 300.00 0.187843
118 119 300.00 0.366860
119 117 300.00 0.305790
119 121 300.00 0.311660
119 120 300.00 0.191890
120 121 300.00 0.228153
120 122 300.00 0.276697
121 130 300.00 0.102113
122 125 300.00 0.241063
123 116 300.00 0.265137
123 118 300.00 0.325790
124 83 300.00 0.019657
125 161 300.00 0.170063
125 149 300.00 0.328907
126 189 300.00 0.051377
127 188 300.00 0.042167
128 4 300.00 0.121990
129 207 300.00 0.391513
129 71 300.00 0.395260
130 73 300.00 0.350027
130 117 300.00 0.238410
131 132 300.00 0.738567
131 135 300.00 0.030333
131 136 300.00 0.370820
132 131 300.00 0.738567
132 133 300.00 1.008483
132 134 300.00 0.350803
133 132 300.00 1.008483
133 137 300.00 0.029180
133 131 300.00 0.290780
134 132 300.00 0.350803
135 131 300.00 0.030333
135 137 300.00 0.294067
136 233 300.00 0.547853
136 225 300.00 0.051000
137 133 300.00 0.029180
137 110 300.00 0.717090
137 194 300.00 0.297960
138 111 300.00 0.269130
139 140 300.00 0.312957
139 202 300.00 0.293960
140 139 300.00 0.312957
140 141 300.00 0.869677
140 142 300.00 0.449790
141 140 300.00 0.869677
141 146 300.00 0.374513
141 156 300.00 0.199373
142 140 300.00 0.449790
142 200 300.00 0.095803
142 202 300.00 0.336063
143 144 300.00 0.031210
143 145 300.00 0.207377
144 74 300.00 0.691657
145 162 300.00 0.023377
145 163 300.00 0.111630
146 147 300.00 0.047117
146 141 300.00 0.374513
147 166 300.00 0.341240
147 247 300.00 0.021393
147 248 300.00 0.102857
148 149 300.00 0.174873
148 160 300.00 0.158583
148 161 300.00 0.336207
149 148 300.00 0.174873
149 84 300.00 0.351823
150 75 300.00 0.334877
150 162 300.00 0.339017
150 164 300.00 0.130247
151 75 300.00 0.335653
151 153 300.00 0.120347
151 160 300.00 0.336810
151 165 300.00 0.273230
152 75 300.00 0.338510
152 76 300.00 0.416043
152 161 300.00 0.163500
152 160 300.00 0.345990
153 154 300.00 0.230783
153 151 300.00 0.120347
153 196 300.00 0.123560
154 153 300.00 0.230783
154 155 300.00 0.168920
154 156 300.00 0.334707
154 157 300.00 0.556373
155 154 300.00 0.168920
155 158 300.00 0.163993
155 197 300.00 0.241193
156 154 300.00 0.334707
156 141 300.00 0.199373
156 166 300.00 0.348570
157 154 300.00 0.556373
157 159 300.00 0.097230
157 198 300.00 0.240893
158 155 300.00 0.163993
158 159 300.00 0.335253
158 160 300.00 0.330557
158 84 300.00 0.332697
159 158 300.00 0.335253
159 157 300.00 0.097230
159 85 300.00 0.325323
160 158 300.00 0.330557
160 151 300.00 0.336810
160 152 300.00 0.345990
160 148 300.00 0.158583
161 125 300.00 0.170063
161 152 300.00 0.163500
161 148 300.00 0.336207
162 145 300.00 0.023377
162 150 300.00 0.339017
162 144 300.00 0.214090
163 251 300.00 0.026303
163 252 300.00 0.114660
164 150 300.00 0.130247
164 167 300.00 0.080263
164 195 300.00 0.059560
165 166 300.00 0.073363
165 151 300.00 0.273230
165 238 300.00 0.271617
166 165 300.00 0.073363
166 156 300.00 0.348570
166 167 300.00 0.123140
166 147 300.00 0.341240
167 166 300.00 0.123140
167 164 300.00 0.080263
167 256 300.00 0.023817
168 200 300.00 0.227167
168 201 300.00 0.345457
169 136 300.00 0.029623
169 135 300.00 0.372097
170 171 300.00 0.111760
170 30 300.00 0.034073
170 211 300.00 0.076000
171 170 300.00 0.111760
172 52 300.00 0.701923
172 49 300.00 0.021667
172 51 300.00 0.050987
173 250 300.00 0.029100
173 172 300.00 0.325660
174 175 300.00 1.116697
174 25 300.00 0.243980
175 176 300.00 0.011953
176 177 300.00 0.319630
176 178 300.00 0.043823
177 206 300.00 0.033047
177 87 300.00 0.234150
178 179 300.00 0.026393
179 180 300.00 0.806617
179 181 300.00 0.074733
180 21 300.00 0.066610
180 22 300.00 0.054733
181 235 300.00 0.022940
182 204 300.00 0.087970
182 245 300.00 0.187803
183 184 300.00 0.279493
184 239 300.00 0.032727
184 57 300.00 0.445383
185 57 300.00 0.037727
185 239 300.00 0.447007
186 215 300.00 0.023673
186 185 300.00 0.063257
186 216 300.00 0.370867
187 174 300.00 0.830040
188 189 300.00 0.115727
188 126 300.00 0.109110
189 0 300.00 0.873793
190 191 300.00 0.245973
190 192 300.00 0.373783
191 244 300.00 0.088000
191 183 300.00 0.103480
192 190 300.00 0.373783
193 104 300.00 0.665273
194 104 300.00 0.029973
194 105 300.00 0.305050
195 164 300.00 0.059560
195 232 300.00 0.085280
196 153 300.00 0.123560
196 196 300.00 0.163167
197 155 300.00 0.241193
198 157 300.00 0.240893
198 199 300.00 0.199947
198 249 300.00 0.069507
199 198 300.00 0.199947
200 168 300.00 0.227167
200 203 300.00 0.024980
200 142 300.00 0.095803
201 202 300.00 0.320073
202 201 300.00 0.320073
202 139 300.00 0.293960
202 142 300.00 0.336063
203 200 300.00 0.024980
204 205 300.00 0.008317
205 244 300.00 0.043233
205 245 300.00 0.104897
206 177 300.00 0.033047
206 178 300.00 0.313973
207 128 300.00 0.205390
208 219 300.00 0.007413
209 169 300.00 0.044953
209 143 300.00 0.289747
210 211 300.00 0.034183
210 30 300.00 0.076737
211 210 300.00 0.034183
211 212 300.00 0.269553
212 33 300.00 0.031157
212 34 300.00 0.292023
213 214 300.00 0.005740
214 69 300.00 0.295937
214 72 300.00 0.039170
215 186 300.00 0.023673
215 18 300.00 0.204920
216 242 300.00 0.060617
216 241 300.00 0.031397
217 60 300.00 0.264557
218 213 300.00 0.358310
218 220 300.00 0.034473
219 220 300.00 0.362440
219 213 300.00 0.031313
220 218 300.00 0.034473
220 217 300.00 0.391560
221 56 300.00 0.286790
221 208 300.00 0.031330
222 221 300.00 0.004113
223 224 300.00 0.155543
223 222 300.00 0.027290
224 241 300.00 0.061267
224 242 300.00 0.030363
225 209 300.00 0.058493
226 47 300.00 0.026677
227 228 300.00 0.057037
227 229 300.00 0.017040
228 230 300.00 0.059297
228 231 300.00 0.017480
229 227 300.00 0.017040
230 232 300.00 0.017270
230 195 300.00 0.089157
231 228 300.00 0.017480
231 229 300.00 0.058133
232 230 300.00 0.017270
232 231 300.00 0.059277
233 234 300.00 0.040877
233 134 300.00 0.221960
234 233 300.00 0.040877
234 225 300.00 0.521453
235 175 300.00 0.099370
236 204 300.00 0.052197
236 46 300.00 0.328710
237 66 300.00 0.026940
238 165 300.00 0.271617
239 184 300.00 0.032727
239 240 300.00 0.306137
240 236 300.00 0.051280
241 215 300.00 0.369030
242 222 300.00 0.157083
243 187 300.00 0.003923
244 246 300.00 0.016027
245 190 300.00 0.698957
246 183 300.00 0.032490
246 240 300.00 0.039627
247 146 300.00 0.046927
247 147 300.00 0.021393
248 251 300.00 0.116393
248 252 300.00 0.029563
249 198 300.00 0.069507
250 41 300.00 0.194403
250 173 300.00 0.029100
251 162 300.00 0.112597
251 163 300.00 0.026303
252 248 300.00 0.029563
252 247 300.00 0.100463
253 35 300.00 0.021490
254 45 300.00 0.118470
255 18 300.00 0.284553
256 167 300.00 0.023817
