0 1 300.00 0.360227
0 2 300.00 0.363683
1 3 300.00 0.371640
1 4 300.00 0.361503
2 0 300.00 0.363683
2 39 300.00 0.367313
2 38 300.00 0.359103
3 5 300.00 0.367410
4 2 300.00 0.363030
4 8 300.00 0.366363
5 4 300.00 0.361943
5 9 300.00 0.359793
6 7 300.00 0.365673
6 13 300.00 0.329240
6 22 300.00 0.363157
6 23 300.00 0.308303
7 6 300.00 0.365673
8 4 300.00 0.366363
8 9 300.00 0.360050
9 45 300.00 0.448540
9 67 300.00 0.363877
10 11 300.00 0.309617
10 36 300.00 0.446590
10 37 300.00 0.360847
11 10 300.00 0.309617
11 12 300.00 0.334557
12 11 300.00 0.334557
12 18 300.00 0.366973
12 21 300.00 0.337767
13 6 300.00 0.329240
13 14 300.00 0.331017
13 15 300.00 0.365203
14 13 300.00 0.331017
14 17 300.00 0.366067
15 13 300.00 0.365203
15 16 300.00 0.117870
15 17 300.00 0.328263
16 15 300.00 0.117870
16 56 300.00 0.133197
16 24 300.00 0.327603
17 31 300.00 0.334680
17 50 300.00 0.372367
18 12 300.00 0.366973
18 19 300.00 0.375417
18 20 300.00 0.335220
19 18 300.00 0.375417
19 50 300.00 0.327023
19 54 300.00 0.329540
19 56 300.00 0.126353
20 18 300.00 0.335220
20 21 300.00 0.370673
20 54 300.00 0.379197
20 26 300.00 0.283617
21 12 300.00 0.337767
21 20 300.00 0.370673
21 26 300.00 1.045653
22 6 300.00 0.363157
22 24 300.00 0.124047
22 25 300.00 0.299370
22 15 300.00 0.328530
23 6 300.00 0.308303
23 25 300.00 0.364277
24 22 300.00 0.124047
24 55 300.00 0.130063
24 16 300.00 0.327603
25 22 300.00 0.299370
25 23 300.00 0.364277
25 51 300.00 0.373720
26 21 300.00 1.045653
26 51 300.00 0.377910
26 20 300.00 0.283617
27 28 300.00 0.122463
28 69 300.00 0.130787
28 5 300.00 0.240070
29 30 300.00 0.215973
30 14 300.00 0.115000
31 29 300.00 0.360497
31 32 300.00 0.353597
32 38 300.00 0.362307
32 39 300.00 0.367760
32 33 300.00 0.316297
33 34 300.00 0.351583
33 32 300.00 0.316297
33 40 300.00 0.590293
33 35 300.00 0.226720
34 33 300.00 0.351583
34 31 300.00 0.311980
35 36 300.00 0.346617
35 33 300.00 0.226720
35 41 300.00 0.420120
35 37 300.00 0.339997
36 35 300.00 0.346617
36 34 300.00 0.221010
37 10 300.00 0.360847
37 35 300.00 0.339997
37 42 300.00 0.257833
38 32 300.00 0.362307
38 29 300.00 0.362590
39 2 300.00 0.367313
39 8 300.00 0.359917
40 33 300.00 0.590293
40 45 300.00 0.503987
40 52 300.00 0.224213
41 35 300.00 0.420120
41 52 300.00 0.182027
41 62 300.00 0.153547
42 37 300.00 0.257833
42 43 300.00 0.083023
42 44 300.00 0.461683
43 42 300.00 0.083023
43 63 300.00 0.244817
43 64 300.00 0.715563
44 42 300.00 0.461683
44 10 300.00 0.286653
45 9 300.00 0.448540
45 46 300.00 0.124050
45 47 300.00 0.169200
45 40 300.00 0.503987
46 45 300.00 0.124050
47 45 300.00 0.169200
48 49 300.00 0.109743
48 52 300.00 0.343153
48 66 300.00 0.161637
49 48 300.00 0.109743
50 19 300.00 0.327023
50 11 300.00 0.687790
51 25 300.00 0.373720
51 54 300.00 0.286353
51 26 300.00 0.377910
52 40 300.00 0.224213
52 41 300.00 0.182027
52 53 300.00 0.149513
52 48 300.00 0.343153
53 52 300.00 0.149513
53 60 300.00 0.064007
53 62 300.00 0.193773
54 51 300.00 0.286353
54 20 300.00 0.379197
54 55 300.00 0.121937
54 19 300.00 0.329540
55 54 300.00 0.121937
55 56 300.00 0.322120
55 24 300.00 0.130063
56 19 300.00 0.126353
56 16 300.00 0.133197
56 55 300.00 0.322120
57 58 300.00 0.263043
57 59 300.00 0.267213
57 60 300.00 0.022390
58 57 300.00 0.263043
59 57 300.00 0.267213
60 57 300.00 0.022390
60 53 300.00 0.064007
60 61 300.00 0.195773
61 60 300.00 0.195773
61 62 300.00 0.068793
61 63 300.00 0.567830
62 41 300.00 0.153547
62 61 300.00 0.068793
62 53 300.00 0.193773
63 61 300.00 0.567830
63 43 300.00 0.244817
63 65 300.00 0.221110
64 43 300.00 0.715563
64 44 300.00 0.293693
65 63 300.00 0.221110
66 48 300.00 0.161637
67 68 300.00 0.034960
68 27 300.00 0.345287
69 28 300.00 0.130787
