0 1 300.00 0.071660
1 179 300.00 0.039757
1 428 300.00 0.188090
2 3 300.00 0.235203
3 839 300.00 0.267470
4 5 300.00 0.041153
4 670 300.00 0.152883
4 668 300.00 0.193867
5 4 300.00 0.041153
5 6 300.00 0.262993
5 7 300.00 0.764993
6 12 300.00 0.043060
6 270 300.00 0.782467
6 2 300.00 0.265063
7 5 300.00 0.764993
7 663 300.00 0.012187
7 36 300.00 0.297697
8 9 300.00 0.470433
8 375 300.00 0.308080
9 8 300.00 0.470433
9 10 300.00 0.195227
10 374 300.00 0.040153
10 434 300.00 0.168840
10 435 300.00 0.551963
11 2 300.00 0.045973
11 12 300.00 0.261953
12 312 300.00 0.366713
12 6 300.00 0.043060
12 4 300.00 0.266647
13 14 300.00 0.024847
13 609 300.00 0.160613
13 615 300.00 0.021277
14 13 300.00 0.024847
14 15 300.00 0.172500
15 298 300.00 0.033700
15 220 300.00 0.092570
16 17 300.00 0.167387
16 18 300.00 0.037847
16 19 300.00 0.170507
17 496 300.00 0.231693
17 511 300.00 0.149483
18 16 300.00 0.037847
18 59 300.00 0.116897
19 16 300.00 0.170507
19 445 300.00 0.507913
19 493 300.00 0.065017
20 21 300.00 0.190520
20 317 300.00 0.194437
20 326 300.00 0.468600
21 20 300.00 0.190520
21 22 300.00 0.157773
21 23 300.00 0.472413
22 21 300.00 0.157773
22 32 300.00 0.018923
22 33 300.00 0.251573
23 21 300.00 0.472413
23 326 300.00 0.207220
23 231 300.00 0.224810
23 309 300.00 0.239180
24 25 300.00 0.050480
24 503 300.00 0.153573
24 530 300.00 0.562603
25 24 300.00 0.050480
25 26 300.00 0.102427
25 27 300.00 0.155217
26 25 300.00 0.102427
26 497 300.00 0.151497
26 499 300.00 0.563837
27 25 300.00 0.155217
27 479 300.00 0.155093
27 492 300.00 0.351427
27 489 300.00 0.356813
28 29 300.00 0.145870
28 30 300.00 0.406103
28 31 300.00 0.024547
29 53 300.00 0.029353
29 61 300.00 0.102660
30 28 300.00 0.406103
30 320 300.00 0.149077
30 322 300.00 0.171353
31 28 300.00 0.024547
31 850 300.00 0.166380
32 22 300.00 0.018923
32 87 300.00 0.030987
33 22 300.00 0.251573
33 309 300.00 0.222903
33 184 300.00 0.140220
34 35 300.00 0.029897
34 656 300.00 0.135450
35 34 300.00 0.029897
35 36 300.00 0.436997
35 37 300.00 0.325627
36 35 300.00 0.436997
36 7 300.00 0.297697
36 721 300.00 0.561013
37 659 300.00 0.026163
37 73 300.00 0.318180
38 39 300.00 0.378730
38 76 300.00 0.025197
38 74 300.00 0.168183
39 38 300.00 0.378730
39 40 300.00 0.164653
39 41 300.00 0.024857
40 39 300.00 0.164653
40 74 300.00 0.411860
40 75 300.00 0.168000
41 39 300.00 0.024857
41 449 300.00 0.142100
41 479 300.00 0.164297
42 43 300.00 0.091390
42 44 300.00 0.777757
43 511 300.00 0.036207
43 359 300.00 0.173923
44 42 300.00 0.777757
44 49 300.00 0.780080
44 344 300.00 0.267240
44 349 300.00 0.276987
45 46 300.00 0.048810
45 192 300.00 0.127270
45 193 300.00 0.181153
46 45 300.00 0.048810
46 47 300.00 0.314343
46 48 300.00 0.166903
47 46 300.00 0.314343
47 62 300.00 0.148470
47 106 300.00 0.148603
48 46 300.00 0.166903
48 117 300.00 0.083037
48 821 300.00 0.171710
49 50 300.00 0.239417
49 44 300.00 0.780080
49 232 300.00 0.282237
49 233 300.00 0.260930
50 49 300.00 0.239417
50 51 300.00 0.305360
51 400 300.00 0.342860
51 232 300.00 0.399043
52 53 300.00 0.426670
52 54 300.00 0.032180
53 29 300.00 0.029353
53 313 300.00 0.199043
53 31 300.00 0.145820
54 85 300.00 0.030733
54 86 300.00 0.267433
55 56 300.00 0.200370
55 497 300.00 0.564087
55 499 300.00 0.155273
56 55 300.00 0.200370
56 57 300.00 0.023657
56 58 300.00 0.042420
57 56 300.00 0.023657
57 65 300.00 0.133330
58 506 300.00 0.187733
58 57 300.00 0.039877
59 387 300.00 0.274250
59 388 300.00 0.458337
60 61 300.00 0.197280
60 320 300.00 0.210937
60 827 300.00 0.186720
61 60 300.00 0.197280
61 54 300.00 0.325617
62 47 300.00 0.148470
62 63 300.00 0.111840
62 64 300.00 0.171357
63 62 300.00 0.111840
63 105 300.00 0.124793
63 106 300.00 0.181150
64 62 300.00 0.171357
64 371 300.00 0.202733
64 822 300.00 0.123063
65 491 300.00 0.500430
65 534 300.00 0.139303
65 535 300.00 0.032710
66 67 300.00 0.211847
66 68 300.00 0.166787
67 90 300.00 0.353067
68 66 300.00 0.166787
68 516 300.00 0.065777
68 93 300.00 0.565030
69 70 300.00 0.141720
69 342 300.00 0.148230
69 372 300.00 0.299657
70 69 300.00 0.141720
70 28 300.00 0.177040
71 72 300.00 0.164110
71 73 300.00 0.026940
72 218 300.00 0.426623
72 659 300.00 0.154797
73 88 300.00 0.040010
73 89 300.00 0.216833
74 40 300.00 0.411860
74 450 300.00 0.024137
74 451 300.00 0.166620
75 40 300.00 0.168000
75 473 300.00 0.029910
75 474 300.00 0.164987
76 38 300.00 0.025197
76 447 300.00 0.167210
77 78 300.00 0.184337
77 320 300.00 0.174900
77 237 300.00 0.276020
78 77 300.00 0.184337
78 79 300.00 0.030080
78 80 300.00 0.492357
79 78 300.00 0.030080
79 234 300.00 0.157393
79 260 300.00 0.101107
80 78 300.00 0.492357
80 140 300.00 0.321477
80 141 300.00 0.171573
80 142 300.00 0.175450
81 82 300.00 0.389520
81 464 300.00 0.017313
81 465 300.00 0.062840
82 81 300.00 0.389520
82 83 300.00 0.145523
82 84 300.00 3.603283
83 82 300.00 0.145523
83 462 300.00 0.435027
83 463 300.00 0.151177
84 82 300.00 3.603283
85 825 300.00 0.027520
85 826 300.00 0.392333
86 346 300.00 0.029730
86 205 300.00 0.026503
86 669 300.00 0.112020
87 176 300.00 0.027237
87 185 300.00 0.092247
88 843 300.00 0.028023
89 311 300.00 0.040060
89 5 300.00 0.474677
90 91 300.00 0.433040
90 92 300.00 0.046263
90 93 300.00 0.168257
91 555 300.00 0.166633
91 576 300.00 0.160353
92 90 300.00 0.046263
92 395 300.00 0.071720
93 90 300.00 0.168257
93 68 300.00 0.565030
93 522 300.00 0.148200
93 555 300.00 0.432653
94 95 300.00 0.475027
94 103 300.00 0.136207
94 219 300.00 0.173430
95 94 300.00 0.475027
95 96 300.00 0.165817
95 97 300.00 0.139673
96 95 300.00 0.165817
96 219 300.00 0.443950
96 284 300.00 0.132830
97 95 300.00 0.139673
97 103 300.00 0.500427
97 214 300.00 0.128993
98 99 300.00 0.200153
98 207 300.00 0.198943
98 222 300.00 0.477350
99 98 300.00 0.200153
99 100 300.00 0.151557
99 101 300.00 0.469237
99 102 300.00 0.165650
100 99 300.00 0.151557
100 209 300.00 0.187873
100 315 300.00 0.026067
101 99 300.00 0.469237
101 202 300.00 0.048497
101 222 300.00 0.198547
102 99 300.00 0.165650
102 201 300.00 0.224350
102 202 300.00 0.520550
103 97 300.00 0.500427
103 104 300.00 0.093000
103 94 300.00 0.136207
104 103 300.00 0.093000
104 215 300.00 0.039243
104 814 300.00 0.159023
105 63 300.00 0.124793
105 229 300.00 0.228773
105 314 300.00 0.133510
106 63 300.00 0.181150
106 47 300.00 0.148603
106 229 300.00 0.104247
106 193 300.00 0.369270
107 108 300.00 0.080163
107 767 300.00 0.064297
107 324 300.00 0.131377
108 107 300.00 0.080163
108 109 300.00 0.518687
108 110 300.00 0.131387
108 111 300.00 0.140503
109 108 300.00 0.518687
109 134 300.00 0.135347
109 135 300.00 0.131337
110 108 300.00 0.131387
110 304 300.00 0.134603
110 135 300.00 0.518963
110 324 300.00 0.079553
111 108 300.00 0.140503
111 211 300.00 0.071207
111 290 300.00 0.406933
112 113 300.00 0.067687
112 239 300.00 0.088237
112 523 300.00 0.213887
113 112 300.00 0.067687
113 114 300.00 0.063450
113 115 300.00 0.205310
113 116 300.00 0.467553
114 113 300.00 0.063450
114 335 300.00 0.076080
114 334 300.00 0.200707
115 113 300.00 0.205310
115 334 300.00 0.067203
115 523 300.00 0.070617
116 113 300.00 0.467553
116 303 300.00 0.144433
116 325 300.00 0.136060
117 48 300.00 0.083037
117 118 300.00 0.260870
117 119 300.00 0.172747
118 117 300.00 0.260870
118 258 300.00 0.052547
118 820 300.00 0.171817
119 117 300.00 0.172747
119 192 300.00 0.302493
119 244 300.00 0.316793
119 245 300.00 0.171693
120 121 300.00 0.029997
120 550 300.00 0.073640
121 120 300.00 0.029997
121 122 300.00 0.084710
121 123 300.00 0.337180
122 121 300.00 0.084710
122 536 300.00 0.239950
122 542 300.00 0.133790
123 281 300.00 0.204877
123 567 300.00 0.034673
124 125 300.00 0.267830
124 300 300.00 0.775760
124 301 300.00 0.294727
125 124 300.00 0.267830
126 127 300.00 0.567053
126 128 300.00 0.041173
126 129 300.00 0.163320
127 291 300.00 0.154820
127 292 300.00 0.164487
128 126 300.00 0.041173
128 412 300.00 0.055123
129 126 300.00 0.163320
129 605 300.00 0.156240
129 292 300.00 0.571273
129 594 300.00 0.426200
130 131 300.00 0.378207
130 204 300.00 0.525627
130 812 300.00 0.475010
131 130 300.00 0.378207
131 132 300.00 0.202423
131 133 300.00 0.468600
132 131 300.00 0.202423
132 808 300.00 0.314623
132 528 300.00 0.200123
133 131 300.00 0.468600
133 528 300.00 0.076443
133 181 300.00 0.360517
134 109 300.00 0.135347
134 290 300.00 0.110093
134 147 300.00 0.145203
135 109 300.00 0.131337
135 216 300.00 0.136647
135 110 300.00 0.518963
136 137 300.00 0.150070
136 756 300.00 0.062383
136 759 300.00 0.118107
137 136 300.00 0.150070
137 138 300.00 0.053767
137 139 300.00 0.086847
138 137 300.00 0.053767
138 459 300.00 0.105520
138 748 300.00 0.231540
139 137 300.00 0.086847
139 303 300.00 0.145550
139 476 300.00 0.150920
139 477 300.00 0.330140
140 80 300.00 0.321477
140 166 300.00 0.031933
140 167 300.00 0.160520
141 80 300.00 0.171573
141 236 300.00 0.041523
141 237 300.00 0.258657
142 80 300.00 0.175450
142 234 300.00 0.438657
142 277 300.00 0.319437
142 278 300.00 0.176460
143 144 300.00 0.090770
143 763 300.00 0.065467
143 316 300.00 0.130850
144 143 300.00 0.090770
144 145 300.00 0.129447
144 146 300.00 0.138150
145 144 300.00 0.129447
145 251 300.00 0.132363
145 316 300.00 0.089830
146 144 300.00 0.138150
146 211 300.00 0.298923
146 212 300.00 0.098040
146 213 300.00 0.160197
147 148 300.00 0.049990
147 134 300.00 0.145203
147 597 300.00 0.620140
148 147 300.00 0.049990
148 149 300.00 0.616050
148 150 300.00 0.156733
149 148 300.00 0.616050
149 181 300.00 0.031783
149 297 300.00 0.671640
150 148 300.00 0.156733
150 341 300.00 0.040490
151 152 300.00 0.234930
151 266 300.00 0.183743
151 288 300.00 0.138477
151 289 300.00 0.312767
152 151 300.00 0.234930
152 153 300.00 0.155227
152 154 300.00 0.141240
153 152 300.00 0.155227
153 743 300.00 0.108777
153 744 300.00 0.028833
154 152 300.00 0.141240
154 266 300.00 0.222803
154 238 300.00 0.012873
155 156 300.00 0.222137
155 372 300.00 0.056703
155 257 300.00 0.154993
156 155 300.00 0.222137
156 157 300.00 0.157430
157 199 300.00 0.167697
157 319 300.00 0.035117
157 221 300.00 0.281537
158 159 300.00 0.221340
158 186 300.00 0.235453
158 184 300.00 0.127573
158 824 300.00 0.127310
159 158 300.00 0.221340
159 160 300.00 0.124417
159 161 300.00 0.108143
160 159 300.00 0.124417
160 184 300.00 0.221747
160 309 300.00 0.145137
161 159 300.00 0.108143
161 230 300.00 0.317603
161 273 300.00 0.023250
162 163 300.00 0.144727
162 164 300.00 0.139023
162 165 300.00 0.026743
163 323 300.00 0.270083
163 597 300.00 0.618970
164 162 300.00 0.139023
164 219 300.00 0.141143
164 284 300.00 0.415330
165 162 300.00 0.026743
165 585 300.00 0.108553
166 140 300.00 0.031933
166 150 300.00 0.136683
167 242 300.00 0.034057
167 236 300.00 0.280337
167 243 300.00 0.165760
168 169 300.00 0.074573
168 525 300.00 0.070900
168 195 300.00 0.228223
169 168 300.00 0.074573
169 170 300.00 0.080707
169 171 300.00 0.164100
169 172 300.00 0.224717
170 169 300.00 0.080707
170 194 300.00 0.216347
170 332 300.00 0.070253
170 547 300.00 0.187413
171 169 300.00 0.164100
171 546 300.00 0.093140
171 547 300.00 0.081400
172 169 300.00 0.224717
172 194 300.00 0.077053
172 195 300.00 0.077907
172 196 300.00 0.141710
173 174 300.00 0.130083
173 828 300.00 0.112840
173 823 300.00 0.116663
174 173 300.00 0.130083
174 175 300.00 0.113490
174 176 300.00 0.165097
174 177 300.00 0.684877
175 174 300.00 0.113490
175 275 300.00 0.729923
175 823 300.00 0.132960
175 262 300.00 0.085027
176 174 300.00 0.165097
176 87 300.00 0.027237
176 32 300.00 0.029863
177 174 300.00 0.684877
177 198 300.00 0.473230
177 208 300.00 0.124147
178 179 300.00 0.424510
178 180 300.00 0.166643
179 217 300.00 0.336180
179 218 300.00 0.164410
179 1 300.00 0.039757
180 178 300.00 0.166643
180 647 300.00 0.145840
180 218 300.00 0.426583
181 182 300.00 0.193340
181 149 300.00 0.031783
181 133 300.00 0.360517
182 181 300.00 0.193340
182 183 300.00 0.035767
183 182 300.00 0.035767
183 244 300.00 0.080567
184 185 300.00 0.235367
184 160 300.00 0.221747
184 33 300.00 0.140220
184 158 300.00 0.127573
185 184 300.00 0.235367
185 186 300.00 0.123487
186 158 300.00 0.235453
186 360 300.00 0.130487
187 188 300.00 0.152780
187 191 300.00 0.168940
188 187 300.00 0.152780
188 189 300.00 0.151280
188 190 300.00 0.166783
189 188 300.00 0.151280
189 424 300.00 0.224427
189 672 300.00 0.098450
190 188 300.00 0.166783
190 425 300.00 0.086433
190 426 300.00 0.871663
191 187 300.00 0.168940
192 45 300.00 0.127270
192 198 300.00 0.013223
192 119 300.00 0.302493
193 45 300.00 0.181153
193 106 300.00 0.369270
193 210 300.00 0.160340
194 172 300.00 0.077053
194 347 300.00 0.069347
194 170 300.00 0.216347
195 172 300.00 0.077907
195 517 300.00 0.067933
195 168 300.00 0.228223
196 172 300.00 0.141710
196 305 300.00 0.130357
196 348 300.00 0.229287
197 198 300.00 0.115523
197 308 300.00 0.046223
197 275 300.00 0.138617
198 197 300.00 0.115523
198 192 300.00 0.013223
198 177 300.00 0.473230
199 14 300.00 0.314580
199 200 300.00 0.016957
200 336 300.00 0.041733
200 337 300.00 0.133563
201 102 300.00 0.224350
201 204 300.00 0.143120
201 321 300.00 0.711787
202 102 300.00 0.520550
202 101 300.00 0.048497
202 321 300.00 0.119453
203 204 300.00 0.070877
203 314 300.00 0.126907
203 315 300.00 0.302233
204 203 300.00 0.070877
204 201 300.00 0.143120
204 130 300.00 0.525627
205 176 300.00 0.625823
205 206 300.00 0.124903
206 205 300.00 0.124903
206 831 300.00 0.115127
206 836 300.00 0.109500
207 208 300.00 0.127053
207 223 300.00 0.481627
207 317 300.00 0.195563
207 98 300.00 0.198943
208 207 300.00 0.127053
208 177 300.00 0.124147
208 209 300.00 0.203537
208 210 300.00 0.154520
209 208 300.00 0.203537
209 254 300.00 0.125027
209 100 300.00 0.187873
210 208 300.00 0.154520
210 193 300.00 0.160340
210 357 300.00 0.199340
211 146 300.00 0.298923
211 111 300.00 0.071207
211 771 300.00 0.098953
212 146 300.00 0.098040
212 540 300.00 0.161247
212 541 300.00 0.305880
213 146 300.00 0.160197
213 265 300.00 0.201773
213 327 300.00 0.174817
213 250 300.00 0.339467
214 215 300.00 0.522007
214 304 300.00 0.164787
214 97 300.00 0.128993
214 367 300.00 0.086567
215 214 300.00 0.522007
215 216 300.00 0.071360
215 104 300.00 0.039243
216 215 300.00 0.071360
216 304 300.00 0.518933
216 135 300.00 0.136647
217 842 300.00 0.025630
218 179 300.00 0.164410
218 180 300.00 0.426583
218 648 300.00 0.153533
218 72 300.00 0.426623
219 94 300.00 0.173430
219 164 300.00 0.141143
219 96 300.00 0.443950
220 70 300.00 0.027660
220 221 300.00 0.269107
221 220 300.00 0.269107
221 157 300.00 0.281537
221 372 300.00 0.154267
222 223 300.00 0.197823
222 101 300.00 0.198547
222 98 300.00 0.477350
223 222 300.00 0.197823
223 224 300.00 0.206160
223 207 300.00 0.481627
224 223 300.00 0.206160
224 326 300.00 0.191937
224 317 300.00 0.476230
225 226 300.00 0.153873
225 602 300.00 0.564640
225 584 300.00 0.430640
225 603 300.00 0.153003
226 225 300.00 0.153873
226 227 300.00 0.168177
226 228 300.00 0.565520
227 226 300.00 0.168177
227 600 300.00 0.136287
227 601 300.00 0.147277
228 226 300.00 0.565520
228 619 300.00 0.147717
228 620 300.00 0.059087
229 106 300.00 0.104247
229 296 300.00 0.085393
229 279 300.00 0.176110
229 105 300.00 0.228773
230 161 300.00 0.317603
230 231 300.00 0.536007
231 230 300.00 0.536007
231 23 300.00 0.224810
231 321 300.00 1.180387
232 49 300.00 0.282237
232 397 300.00 0.269133
232 349 300.00 0.778207
233 49 300.00 0.260930
233 338 300.00 0.081307
233 344 300.00 0.779367
234 79 300.00 0.157393
234 235 300.00 0.170507
234 142 300.00 0.438657
235 234 300.00 0.170507
235 308 300.00 0.183853
235 278 300.00 0.399763
236 141 300.00 0.041523
236 167 300.00 0.280337
236 264 300.00 0.159033
237 141 300.00 0.258657
237 322 300.00 0.159280
237 77 300.00 0.276020
238 239 300.00 0.125027
238 154 300.00 0.012873
238 743 300.00 0.168793
239 238 300.00 0.125027
239 112 300.00 0.088237
239 240 300.00 0.216520
239 241 300.00 0.186083
240 239 300.00 0.216520
240 265 300.00 0.030497
240 266 300.00 0.149820
241 239 300.00 0.186083
241 743 300.00 0.119540
241 302 300.00 0.121520
242 167 300.00 0.034057
242 166 300.00 0.160490
243 264 300.00 0.278960
243 256 300.00 0.157120
244 119 300.00 0.316793
244 259 300.00 0.168203
245 119 300.00 0.171693
245 259 300.00 0.319843
245 308 300.00 0.348657
245 278 300.00 0.171947
246 247 300.00 0.073003
246 517 300.00 0.067993
246 544 300.00 0.232437
247 246 300.00 0.073003
247 248 300.00 0.063893
247 249 300.00 0.150603
248 247 300.00 0.063893
248 543 300.00 0.168383
248 537 300.00 0.190857
249 247 300.00 0.150603
249 307 300.00 0.176117
249 524 300.00 0.238923
250 251 300.00 0.134437
250 333 300.00 0.102833
250 213 300.00 0.339467
251 250 300.00 0.134437
251 252 300.00 0.089987
251 253 300.00 0.085510
251 145 300.00 0.132363
252 251 300.00 0.089987
252 316 300.00 0.132927
252 765 300.00 0.066327
252 546 300.00 0.226390
253 251 300.00 0.085510
253 547 300.00 0.079453
253 332 300.00 0.210093
254 209 300.00 0.125027
254 363 300.00 0.173617
254 357 300.00 0.021870
255 256 300.00 0.034863
255 242 300.00 0.323250
256 255 300.00 0.034863
256 257 300.00 0.220557
256 156 300.00 0.151760
257 256 300.00 0.220557
257 155 300.00 0.154993
257 343 300.00 0.134750
258 118 300.00 0.052547
258 183 300.00 0.091877
259 245 300.00 0.319843
259 276 300.00 0.166013
260 261 300.00 0.074220
260 275 300.00 0.544683
260 79 300.00 0.101107
261 260 300.00 0.074220
261 262 300.00 0.008603
261 263 300.00 0.434787
262 261 300.00 0.008603
262 175 300.00 0.085027
262 829 300.00 0.135050
263 261 300.00 0.434787
264 243 300.00 0.278960
264 368 300.00 0.073003
264 236 300.00 0.159033
265 240 300.00 0.030497
265 523 300.00 0.059623
265 213 300.00 0.201773
266 240 300.00 0.149820
266 151 300.00 0.183743
266 154 300.00 0.222803
266 327 300.00 0.248620
267 268 300.00 0.262273
268 267 300.00 0.262273
268 269 300.00 0.228140
268 270 300.00 0.773240
269 268 300.00 0.228140
269 663 300.00 0.793957
269 852 300.00 0.326293
270 268 300.00 0.773240
270 6 300.00 0.782467
270 663 300.00 0.262740
270 664 300.00 0.265390
271 272 300.00 0.223707
271 345 300.00 0.235220
271 824 300.00 0.125550
271 274 300.00 0.111723
272 271 300.00 0.223707
272 273 300.00 0.121723
272 274 300.00 0.261450
273 272 300.00 0.121723
273 161 300.00 0.023250
273 824 300.00 0.221607
274 272 300.00 0.261450
274 346 300.00 0.247627
274 271 300.00 0.111723
275 260 300.00 0.544683
275 197 300.00 0.138617
275 175 300.00 0.729923
276 277 300.00 0.186580
276 278 300.00 0.318790
277 142 300.00 0.319437
277 341 300.00 0.035847
277 140 300.00 0.176950
278 276 300.00 0.318790
278 245 300.00 0.171947
278 142 300.00 0.176460
278 235 300.00 0.399763
279 280 300.00 0.131693
279 229 300.00 0.176110
279 357 300.00 0.081623
280 279 300.00 0.131693
281 282 300.00 0.286733
281 283 300.00 0.036070
281 284 300.00 0.133370
282 585 300.00 0.032873
282 162 300.00 0.108010
283 281 300.00 0.036070
283 586 300.00 0.289280
283 566 300.00 0.157600
284 281 300.00 0.133370
284 96 300.00 0.132830
284 164 300.00 0.415330
285 286 300.00 0.425773
285 293 300.00 0.427503
285 339 300.00 0.156493
285 340 300.00 0.150493
286 285 300.00 0.425773
286 287 300.00 0.152837
287 727 300.00 0.162553
287 339 300.00 0.425560
287 728 300.00 0.030057
288 151 300.00 0.138477
288 361 300.00 0.131150
288 362 300.00 0.445853
289 151 300.00 0.312767
289 327 300.00 0.222403
289 328 300.00 0.228963
290 134 300.00 0.110093
290 111 300.00 0.406933
290 760 300.00 0.295167
291 352 300.00 0.042610
291 624 300.00 0.435497
291 640 300.00 0.152663
292 127 300.00 0.164487
292 129 300.00 0.571273
292 606 300.00 0.153843
293 285 300.00 0.427503
293 294 300.00 0.121420
293 295 300.00 0.152233
294 293 300.00 0.121420
294 613 300.00 0.148367
294 628 300.00 0.031293
295 293 300.00 0.152233
295 339 300.00 0.427140
295 299 300.00 0.154247
296 229 300.00 0.085393
296 314 300.00 0.271013
296 363 300.00 0.034377
297 149 300.00 0.671640
297 529 300.00 0.066593
297 777 300.00 0.106973
298 15 300.00 0.033700
298 13 300.00 0.163327
298 299 300.00 0.096477
299 298 300.00 0.096477
299 295 300.00 0.154247
299 730 300.00 0.122240
299 615 300.00 0.147417
300 124 300.00 0.775760
300 421 300.00 0.257800
300 350 300.00 0.774563
301 124 300.00 0.294727
301 425 300.00 0.175810
302 303 300.00 0.140763
302 241 300.00 0.121520
302 476 300.00 0.192860
303 302 300.00 0.140763
303 139 300.00 0.145550
303 116 300.00 0.144433
304 216 300.00 0.518933
304 318 300.00 0.078893
304 214 300.00 0.164787
304 110 300.00 0.134603
305 196 300.00 0.130357
305 306 300.00 0.014437
305 307 300.00 0.140070
306 305 300.00 0.014437
306 365 300.00 0.258743
306 364 300.00 0.223173
307 305 300.00 0.140070
307 517 300.00 0.240087
307 249 300.00 0.176117
308 245 300.00 0.348657
308 197 300.00 0.046223
308 235 300.00 0.183853
309 160 300.00 0.145137
309 23 300.00 0.239180
309 33 300.00 0.222903
310 311 300.00 0.217143
311 89 300.00 0.040060
311 429 300.00 0.050043
312 12 300.00 0.366713
312 670 300.00 0.342097
312 667 300.00 0.278407
313 53 300.00 0.199043
313 339 300.00 0.154997
313 727 300.00 0.426007
313 730 300.00 0.304577
314 203 300.00 0.126907
314 105 300.00 0.133510
314 296 300.00 0.271013
315 203 300.00 0.302233
315 100 300.00 0.026067
315 363 300.00 0.097990
316 145 300.00 0.089830
316 143 300.00 0.130850
316 764 300.00 0.062923
316 252 300.00 0.132927
317 207 300.00 0.195563
317 20 300.00 0.194437
317 224 300.00 0.476230
318 304 300.00 0.078893
318 769 300.00 0.069233
318 324 300.00 0.134153
318 367 300.00 0.183033
319 157 300.00 0.035117
319 255 300.00 0.308993
320 60 300.00 0.210937
320 77 300.00 0.174900
320 30 300.00 0.149077
321 201 300.00 0.711787
321 202 300.00 0.119453
321 231 300.00 1.180387
322 237 300.00 0.159280
322 342 300.00 0.161893
322 30 300.00 0.171353
322 368 300.00 0.228877
323 199 300.00 0.039263
323 319 300.00 0.171623
324 110 300.00 0.079553
324 768 300.00 0.065190
324 107 300.00 0.131377
324 318 300.00 0.134153
325 116 300.00 0.136060
325 364 300.00 0.209050
325 365 300.00 0.076363
326 20 300.00 0.468600
326 224 300.00 0.191937
326 23 300.00 0.207220
327 289 300.00 0.222403
327 213 300.00 0.174817
327 266 300.00 0.248620
328 289 300.00 0.228963
328 526 300.00 0.035173
328 531 300.00 0.023840
329 330 300.00 0.558767
329 377 300.00 0.188657
329 716 300.00 0.103010
330 329 300.00 0.558767
330 331 300.00 0.266637
331 379 300.00 0.774987
331 381 300.00 0.259413
331 378 300.00 0.218973
332 333 300.00 0.087167
332 170 300.00 0.070253
332 347 300.00 0.209023
332 253 300.00 0.210093
333 332 300.00 0.087167
333 334 300.00 0.080023
333 335 300.00 0.202010
333 250 300.00 0.102833
334 333 300.00 0.080023
334 115 300.00 0.067203
334 114 300.00 0.200707
335 333 300.00 0.202010
335 114 300.00 0.076080
335 347 300.00 0.085423
335 348 300.00 0.138780
336 165 300.00 0.414207
336 323 300.00 0.019327
337 200 300.00 0.133563
337 586 300.00 0.560153
337 588 300.00 0.148563
338 233 300.00 0.081307
338 50 300.00 0.305883
339 285 300.00 0.156493
339 287 300.00 0.425560
339 313 300.00 0.154997
339 295 300.00 0.427140
340 285 300.00 0.150493
340 628 300.00 0.425817
340 630 300.00 0.150097
340 649 300.00 0.429463
341 277 300.00 0.035847
341 182 300.00 0.599357
342 69 300.00 0.148230
342 322 300.00 0.161893
342 343 300.00 0.223707
343 342 300.00 0.223707
343 257 300.00 0.134750
343 368 300.00 0.156850
344 233 300.00 0.779367
344 44 300.00 0.267240
344 358 300.00 0.262650
344 359 300.00 0.778073
345 271 300.00 0.235220
345 346 300.00 0.188660
346 86 300.00 0.029730
346 274 300.00 0.247627
346 85 300.00 0.259643
347 335 300.00 0.085423
347 194 300.00 0.069347
347 332 300.00 0.209023
348 335 300.00 0.138780
348 364 300.00 0.141717
348 196 300.00 0.229287
349 44 300.00 0.276987
349 394 300.00 0.277073
349 393 300.00 0.775577
350 351 300.00 0.262270
350 417 300.00 0.269220
350 366 300.00 0.774150
350 300 300.00 0.774563
351 350 300.00 0.262270
351 352 300.00 0.775327
352 351 300.00 0.775327
352 366 300.00 0.268017
352 291 300.00 0.042610
353 354 300.00 0.161087
353 638 300.00 0.056187
353 642 300.00 0.427270
354 353 300.00 0.161087
354 355 300.00 0.156923
354 356 300.00 0.429427
355 354 300.00 0.156923
355 631 300.00 0.027800
355 637 300.00 0.155717
356 354 300.00 0.429427
356 653 300.00 0.153617
356 642 300.00 0.154247
356 655 300.00 0.422457
357 210 300.00 0.199340
357 279 300.00 0.081623
357 254 300.00 0.021870
358 344 300.00 0.262650
358 384 300.00 0.268533
358 392 300.00 0.173980
359 344 300.00 0.778073
359 18 300.00 0.142473
360 824 300.00 0.235193
360 345 300.00 0.129577
361 288 300.00 0.131150
361 758 300.00 0.288703
361 761 300.00 0.860517
362 288 300.00 0.445853
362 527 300.00 0.099147
362 761 300.00 0.289927
363 315 300.00 0.097990
363 296 300.00 0.034377
363 254 300.00 0.173617
364 325 300.00 0.209050
364 348 300.00 0.141717
364 306 300.00 0.223173
365 325 300.00 0.076363
365 490 300.00 0.122753
365 306 300.00 0.258743
366 420 300.00 0.271500
366 350 300.00 0.774150
367 214 300.00 0.086567
367 770 300.00 0.068210
367 318 300.00 0.183033
368 322 300.00 0.228877
368 343 300.00 0.156850
368 264 300.00 0.073003
369 370 300.00 0.142180
369 371 300.00 0.148047
370 819 300.00 0.185643
370 258 300.00 0.092407
371 369 300.00 0.148047
371 818 300.00 0.122220
371 64 300.00 0.202733
372 69 300.00 0.299657
372 221 300.00 0.154267
372 155 300.00 0.056703
373 374 300.00 0.138117
373 375 300.00 0.673263
374 10 300.00 0.040153
374 9 300.00 0.152223
375 373 300.00 0.673263
375 376 300.00 0.304560
376 330 300.00 0.086307
376 378 300.00 0.316260
377 373 300.00 0.265550
377 329 300.00 0.188657
378 714 300.00 0.301477
379 380 300.00 0.119113
379 331 300.00 0.774987
380 435 300.00 0.043770
380 377 300.00 0.148967
381 331 300.00 0.259413
381 386 300.00 0.031740
381 715 300.00 0.776537
382 383 300.00 0.273220
383 16 300.00 0.117537
383 59 300.00 0.041047
384 385 300.00 0.156373
384 386 300.00 0.260017
384 358 300.00 0.268533
385 718 300.00 0.267937
385 719 300.00 0.168697
386 384 300.00 0.260017
386 713 300.00 0.385290
386 381 300.00 0.031740
387 461 300.00 0.121407
387 382 300.00 0.040743
388 718 300.00 0.165750
388 719 300.00 0.268050
389 390 300.00 0.042977
389 391 300.00 0.311520
390 709 300.00 0.266167
390 710 300.00 0.162600
391 338 300.00 0.310610
392 711 300.00 0.159587
392 712 300.00 0.263917
393 42 300.00 0.272073
393 67 300.00 0.037300
394 349 300.00 0.277073
394 398 300.00 0.268387
394 397 300.00 0.776197
395 396 300.00 0.088853
395 394 300.00 0.768137
396 393 300.00 0.194247
396 720 300.00 0.150500
397 232 300.00 0.269133
397 401 300.00 0.276523
397 400 300.00 0.568400
398 394 300.00 0.268387
398 399 300.00 0.768803
398 402 300.00 0.264507
398 401 300.00 0.773407
399 92 300.00 0.192873
399 398 300.00 0.768803
400 404 300.00 0.404557
401 397 300.00 0.276523
401 398 300.00 0.773407
401 405 300.00 0.266110
402 398 300.00 0.264507
402 403 300.00 0.776060
402 406 300.00 0.254963
402 405 300.00 0.773307
403 399 300.00 0.267277
403 402 300.00 0.776060
404 673 300.00 0.318813
404 674 300.00 0.346090
405 401 300.00 0.266110
405 402 300.00 0.773307
405 409 300.00 0.258210
406 402 300.00 0.254963
406 407 300.00 0.770137
406 410 300.00 0.272803
406 409 300.00 0.778717
407 408 300.00 0.117917
407 406 300.00 0.770137
408 576 300.00 0.043587
408 403 300.00 0.132990
409 405 300.00 0.258210
409 406 300.00 0.778717
409 411 300.00 0.268817
410 406 300.00 0.272803
410 418 300.00 0.028833
410 705 300.00 0.323403
411 409 300.00 0.268817
411 415 300.00 0.029763
411 416 300.00 0.385827
412 413 300.00 0.263623
412 414 300.00 0.774547
413 707 300.00 0.034860
413 708 300.00 0.447180
414 412 300.00 0.774547
414 417 300.00 0.262397
414 418 300.00 0.257123
414 419 300.00 0.776317
415 411 300.00 0.029763
415 419 300.00 0.256507
415 837 300.00 0.162097
416 847 300.00 0.030180
416 848 300.00 0.104437
417 414 300.00 0.262397
417 420 300.00 0.770397
417 350 300.00 0.269220
417 421 300.00 0.777717
418 414 300.00 0.257123
418 410 300.00 0.028833
418 706 300.00 0.285943
419 414 300.00 0.776317
419 421 300.00 0.267363
419 415 300.00 0.256507
419 422 300.00 0.084827
420 128 300.00 0.203723
420 417 300.00 0.770397
421 419 300.00 0.267363
421 417 300.00 0.777717
421 423 300.00 0.637260
421 300 300.00 0.257800
422 419 300.00 0.084827
422 426 300.00 0.299527
422 685 300.00 0.477240
423 421 300.00 0.637260
424 191 300.00 0.186517
424 189 300.00 0.224427
425 190 300.00 0.086433
425 301 300.00 0.175810
425 851 300.00 0.405003
426 190 300.00 0.871663
426 422 300.00 0.299527
426 671 300.00 0.043210
427 352 300.00 0.246023
428 427 300.00 0.282660
429 88 300.00 0.166043
430 431 300.00 0.086700
430 437 300.00 0.479840
430 440 300.00 0.587437
431 430 300.00 0.086700
431 432 300.00 0.156337
431 433 300.00 0.247563
432 431 300.00 0.156337
432 436 300.00 0.548050
432 434 300.00 0.167873
433 431 300.00 0.247563
434 10 300.00 0.168840
434 443 300.00 0.551147
434 432 300.00 0.167873
435 443 300.00 0.166523
435 446 300.00 0.544317
435 380 300.00 0.043770
436 437 300.00 0.167830
436 442 300.00 0.547210
436 432 300.00 0.548050
436 443 300.00 0.166070
437 436 300.00 0.167830
437 438 300.00 0.085597
437 430 300.00 0.479840
438 437 300.00 0.085597
438 439 300.00 0.160553
438 444 300.00 0.462580
439 440 300.00 0.016227
439 438 300.00 0.160553
439 457 300.00 0.464197
440 439 300.00 0.016227
440 441 300.00 0.454823
440 430 300.00 0.587437
441 440 300.00 0.454823
441 455 300.00 0.024530
441 452 300.00 0.170470
442 436 300.00 0.547210
442 444 300.00 0.164430
442 445 300.00 0.166473
442 458 300.00 0.506860
443 436 300.00 0.166070
443 445 300.00 0.545547
443 434 300.00 0.551147
443 435 300.00 0.166523
444 438 300.00 0.462580
444 456 300.00 0.506870
444 457 300.00 0.166877
444 442 300.00 0.164430
445 443 300.00 0.545547
445 442 300.00 0.166473
445 19 300.00 0.507913
445 446 300.00 0.168383
446 445 300.00 0.168383
446 382 300.00 0.121093
446 461 300.00 0.042413
447 448 300.00 0.023520
447 740 300.00 0.183677
448 447 300.00 0.023520
448 449 300.00 0.354960
448 38 300.00 0.166533
449 448 300.00 0.354960
449 41 300.00 0.142100
449 465 300.00 0.167717
450 74 300.00 0.024137
450 76 300.00 0.165563
451 738 300.00 0.030360
451 75 300.00 0.442070
452 453 300.00 0.026057
452 739 300.00 0.165277
452 741 300.00 0.255027
453 452 300.00 0.026057
453 454 300.00 0.474777
453 455 300.00 0.169347
454 453 300.00 0.474777
454 478 300.00 0.163540
454 473 300.00 0.163997
455 483 300.00 0.193670
455 441 300.00 0.024530
455 742 300.00 0.038313
456 444 300.00 0.506870
456 458 300.00 0.166737
456 486 300.00 0.025627
457 444 300.00 0.166877
457 742 300.00 0.051197
457 485 300.00 0.197897
457 439 300.00 0.464197
458 442 300.00 0.506860
458 456 300.00 0.166737
458 493 300.00 0.103297
459 138 300.00 0.105520
459 460 300.00 0.439893
460 459 300.00 0.439893
460 749 300.00 0.064537
461 446 300.00 0.042413
461 717 300.00 0.131383
462 83 300.00 0.435027
462 470 300.00 0.133613
462 464 300.00 0.124370
463 83 300.00 0.151177
463 466 300.00 0.245373
463 467 300.00 0.112593
464 81 300.00 0.017313
464 462 300.00 0.124370
464 480 300.00 0.144040
465 81 300.00 0.062840
465 449 300.00 0.167717
465 740 300.00 0.328287
466 463 300.00 0.245373
466 468 300.00 0.232070
466 482 300.00 0.169593
467 463 300.00 0.112593
467 468 300.00 0.219873
467 469 300.00 0.124580
468 467 300.00 0.219873
468 466 300.00 0.232070
468 471 300.00 0.129117
469 467 300.00 0.124580
469 471 300.00 0.229690
469 472 300.00 0.128043
470 462 300.00 0.133613
470 472 300.00 0.139567
470 481 300.00 0.192780
471 469 300.00 0.229690
471 468 300.00 0.129117
471 475 300.00 0.129927
472 469 300.00 0.128043
472 475 300.00 0.245063
472 470 300.00 0.139567
473 75 300.00 0.029910
473 454 300.00 0.163997
473 738 300.00 0.447760
474 479 300.00 0.361760
474 489 300.00 0.154570
475 472 300.00 0.245063
475 471 300.00 0.129927
475 495 300.00 0.132480
476 139 300.00 0.150920
476 744 300.00 0.095017
476 302 300.00 0.192860
477 139 300.00 0.330140
477 488 300.00 0.509180
477 745 300.00 0.149983
478 454 300.00 0.163540
478 483 300.00 0.309403
478 484 300.00 0.094963
479 27 300.00 0.155093
479 41 300.00 0.164297
479 480 300.00 0.349087
479 474 300.00 0.361760
480 479 300.00 0.349087
480 492 300.00 0.156953
480 464 300.00 0.144040
481 470 300.00 0.192780
481 494 300.00 0.067223
481 495 300.00 0.068553
482 466 300.00 0.169593
482 487 300.00 0.726030
482 488 300.00 0.042583
483 478 300.00 0.309403
483 455 300.00 0.193670
483 485 300.00 0.086900
484 478 300.00 0.094963
484 485 300.00 0.310540
484 486 300.00 0.135093
485 484 300.00 0.310540
485 457 300.00 0.197897
485 483 300.00 0.086900
486 484 300.00 0.135093
486 456 300.00 0.025627
486 501 300.00 0.164753
487 482 300.00 0.726030
487 495 300.00 0.136007
487 506 300.00 0.139030
488 482 300.00 0.042583
488 490 300.00 0.021747
488 477 300.00 0.509180
489 27 300.00 0.356813
489 498 300.00 0.155417
490 365 300.00 0.122753
490 488 300.00 0.021747
490 491 300.00 0.443473
491 490 300.00 0.443473
491 506 300.00 0.481390
491 65 300.00 0.500430
492 27 300.00 0.351427
492 494 300.00 0.151697
492 480 300.00 0.156953
493 458 300.00 0.103297
493 496 300.00 0.165503
493 19 300.00 0.065017
494 481 300.00 0.067223
494 497 300.00 0.096630
494 492 300.00 0.151697
495 481 300.00 0.068553
495 475 300.00 0.132480
495 487 300.00 0.136007
496 493 300.00 0.165503
496 17 300.00 0.231693
496 505 300.00 0.153770
497 26 300.00 0.151497
497 494 300.00 0.096630
497 55 300.00 0.564087
498 503 300.00 0.159967
498 507 300.00 0.027127
498 508 300.00 0.366153
499 26 300.00 0.563837
499 55 300.00 0.155273
499 530 300.00 0.156970
500 501 300.00 0.557520
500 473 300.00 0.165003
501 500 300.00 0.557520
501 502 300.00 0.155437
501 486 300.00 0.164753
502 501 300.00 0.155437
502 509 300.00 0.150463
502 510 300.00 0.559327
503 498 300.00 0.159967
503 24 300.00 0.153573
503 504 300.00 0.492713
504 503 300.00 0.492713
504 532 300.00 0.142757
504 533 300.00 0.142410
505 496 300.00 0.153770
505 511 300.00 0.230870
505 516 300.00 0.152100
506 487 300.00 0.139030
506 491 300.00 0.481390
506 58 300.00 0.187733
507 498 300.00 0.027127
507 514 300.00 0.159177
507 510 300.00 0.156070
508 532 300.00 0.079663
509 502 300.00 0.150463
509 512 300.00 0.091607
509 519 300.00 0.059050
510 502 300.00 0.559327
510 500 300.00 0.154293
511 505 300.00 0.230870
511 66 300.00 0.151707
511 43 300.00 0.036207
512 513 300.00 0.154567
512 509 300.00 0.091607
512 518 300.00 0.562717
513 512 300.00 0.154567
513 514 300.00 0.152407
513 515 300.00 0.562570
514 513 300.00 0.152407
514 507 300.00 0.159177
514 731 300.00 0.361993
515 513 300.00 0.562570
515 518 300.00 0.158027
515 538 300.00 0.012950
515 545 300.00 0.438157
516 505 300.00 0.152100
516 520 300.00 0.087263
516 68 300.00 0.065777
517 307 300.00 0.240087
517 195 300.00 0.067933
517 246 300.00 0.067993
517 525 300.00 0.229850
518 512 300.00 0.562717
518 515 300.00 0.158027
518 521 300.00 0.142133
518 548 300.00 0.436247
519 509 300.00 0.059050
519 520 300.00 0.154913
519 521 300.00 0.565677
520 519 300.00 0.154913
520 516 300.00 0.087263
520 522 300.00 0.565340
521 519 300.00 0.565677
521 518 300.00 0.142133
521 522 300.00 0.159970
521 549 300.00 0.435390
522 520 300.00 0.565340
522 521 300.00 0.159970
522 93 300.00 0.148200
522 554 300.00 0.433843
523 265 300.00 0.059623
523 115 300.00 0.070617
523 112 300.00 0.213887
524 249 300.00 0.238923
524 536 300.00 0.142113
524 537 300.00 0.073907
525 517 300.00 0.229850
525 544 300.00 0.068413
525 168 300.00 0.070900
526 527 300.00 0.086313
526 529 300.00 0.229040
526 328 300.00 0.035173
527 526 300.00 0.086313
527 528 300.00 0.955747
527 362 300.00 0.099147
528 527 300.00 0.955747
528 132 300.00 0.200123
528 133 300.00 0.076443
529 526 300.00 0.229040
529 297 300.00 0.066593
529 778 300.00 0.101867
530 499 300.00 0.156970
530 539 300.00 0.011557
530 24 300.00 0.562603
531 328 300.00 0.023840
531 778 300.00 0.225407
531 782 300.00 0.043740
532 504 300.00 0.142757
532 733 300.00 0.096107
533 504 300.00 0.142410
533 538 300.00 0.614217
533 539 300.00 0.011603
534 536 300.00 0.082277
534 121 300.00 0.242493
535 65 300.00 0.032710
535 56 300.00 0.135137
536 524 300.00 0.142113
536 534 300.00 0.082277
536 122 300.00 0.239950
537 524 300.00 0.073907
537 542 300.00 0.166110
537 248 300.00 0.190857
538 533 300.00 0.614217
538 515 300.00 0.012950
538 732 300.00 0.159210
539 533 300.00 0.011603
539 530 300.00 0.011557
539 557 300.00 0.442300
540 212 300.00 0.161247
540 786 300.00 0.060427
540 783 300.00 0.226277
541 212 300.00 0.305880
541 773 300.00 0.057820
541 771 300.00 0.011520
542 543 300.00 0.193160
542 122 300.00 0.133790
542 537 300.00 0.166110
543 542 300.00 0.193160
543 544 300.00 0.077537
543 248 300.00 0.168383
544 543 300.00 0.077537
544 246 300.00 0.232437
544 525 300.00 0.068413
545 562 300.00 0.068193
545 563 300.00 0.458067
546 171 300.00 0.093140
546 252 300.00 0.226390
546 766 300.00 0.067813
547 171 300.00 0.081400
547 170 300.00 0.187413
547 253 300.00 0.079453
548 518 300.00 0.436247
548 562 300.00 0.095867
548 549 300.00 0.148407
549 521 300.00 0.435390
549 548 300.00 0.148407
549 565 300.00 0.113743
550 535 300.00 0.307637
550 551 300.00 0.018490
551 550 300.00 0.018490
551 552 300.00 0.486027
551 553 300.00 0.149657
552 551 300.00 0.486027
552 556 300.00 0.152423
552 557 300.00 0.054633
553 551 300.00 0.149657
553 558 300.00 0.027727
553 556 300.00 0.490953
553 559 300.00 0.158953
554 522 300.00 0.433843
554 565 300.00 0.043857
554 555 300.00 0.152710
555 93 300.00 0.432653
555 554 300.00 0.152710
555 91 300.00 0.166633
556 552 300.00 0.152423
556 553 300.00 0.490953
556 560 300.00 0.152890
557 552 300.00 0.054633
557 578 300.00 0.459233
557 539 300.00 0.442300
558 120 300.00 0.075173
558 553 300.00 0.027727
559 553 300.00 0.158953
559 560 300.00 0.492370
559 561 300.00 0.147780
560 556 300.00 0.152890
560 559 300.00 0.492370
560 568 300.00 0.153887
561 559 300.00 0.147780
561 566 300.00 0.055413
561 570 300.00 0.092123
562 545 300.00 0.068193
562 564 300.00 0.153580
562 548 300.00 0.095867
563 581 300.00 0.072197
563 226 300.00 0.433037
564 562 300.00 0.153580
564 569 300.00 0.353443
564 573 300.00 0.157063
565 549 300.00 0.113743
565 569 300.00 0.155327
565 554 300.00 0.043857
566 567 300.00 0.047053
566 561 300.00 0.055413
567 123 300.00 0.034673
567 558 300.00 0.262177
568 560 300.00 0.153887
568 575 300.00 0.092123
568 578 300.00 0.059230
569 565 300.00 0.155327
569 564 300.00 0.353443
569 576 300.00 0.359287
569 579 300.00 0.154727
570 561 300.00 0.092123
570 571 300.00 0.432283
570 572 300.00 0.154013
571 570 300.00 0.432283
571 586 300.00 0.148040
571 588 300.00 0.565453
571 574 300.00 0.153577
572 570 300.00 0.154013
572 574 300.00 0.430093
572 575 300.00 0.155333
573 564 300.00 0.157063
573 579 300.00 0.351847
573 581 300.00 0.147473
574 572 300.00 0.430093
574 571 300.00 0.153577
574 591 300.00 0.564750
574 577 300.00 0.154737
575 572 300.00 0.155333
575 577 300.00 0.430147
575 568 300.00 0.092123
576 569 300.00 0.359287
576 582 300.00 0.154670
576 408 300.00 0.043587
577 575 300.00 0.430147
577 574 300.00 0.154737
577 592 300.00 0.565747
577 580 300.00 0.151720
578 568 300.00 0.059230
578 580 300.00 0.427653
578 557 300.00 0.459233
579 569 300.00 0.154727
579 573 300.00 0.351847
579 582 300.00 0.362777
579 583 300.00 0.152797
580 578 300.00 0.427653
580 577 300.00 0.151720
580 595 300.00 0.161943
580 596 300.00 0.569180
581 573 300.00 0.147473
581 563 300.00 0.072197
581 584 300.00 0.090527
582 579 300.00 0.362777
582 587 300.00 0.153543
583 579 300.00 0.152797
583 589 300.00 0.109163
583 590 300.00 0.041577
584 581 300.00 0.090527
584 225 300.00 0.430640
584 589 300.00 0.154253
585 283 300.00 0.285003
585 282 300.00 0.032873
585 586 300.00 0.054550
586 585 300.00 0.054550
586 571 300.00 0.148040
586 337 300.00 0.560153
586 283 300.00 0.289280
587 593 300.00 0.075747
587 594 300.00 0.165213
588 571 300.00 0.565453
588 337 300.00 0.148563
588 607 300.00 0.131657
589 583 300.00 0.109163
589 603 300.00 0.431240
589 584 300.00 0.154253
590 583 300.00 0.041577
590 605 300.00 0.428603
590 594 300.00 0.155960
591 574 300.00 0.564750
591 607 300.00 0.030683
591 592 300.00 0.152410
592 577 300.00 0.565747
592 591 300.00 0.152410
592 610 300.00 0.107783
593 841 300.00 0.037210
594 587 300.00 0.165213
594 129 300.00 0.426200
594 590 300.00 0.155960
595 580 300.00 0.161943
595 598 300.00 0.136743
595 599 300.00 0.150950
596 580 300.00 0.569180
596 610 300.00 0.042840
596 612 300.00 0.150397
597 163 300.00 0.618970
597 815 300.00 0.044267
597 147 300.00 0.620140
598 595 300.00 0.136743
598 612 300.00 0.361420
598 734 300.00 0.151157
599 595 300.00 0.150950
599 734 300.00 0.057883
600 227 300.00 0.136287
600 619 300.00 0.357520
600 735 300.00 0.153117
601 227 300.00 0.147277
601 599 300.00 0.087570
602 225 300.00 0.564640
602 620 300.00 0.097797
602 604 300.00 0.148267
603 225 300.00 0.153003
603 604 300.00 0.571037
603 589 300.00 0.431240
603 605 300.00 0.153727
604 603 300.00 0.571037
604 602 300.00 0.148267
604 623 300.00 0.035673
605 603 300.00 0.153727
605 606 300.00 0.572240
605 590 300.00 0.428603
605 129 300.00 0.156240
606 605 300.00 0.572240
606 623 300.00 0.117360
606 292 300.00 0.153843
607 588 300.00 0.131657
607 608 300.00 0.160103
607 591 300.00 0.030683
608 607 300.00 0.160103
608 609 300.00 0.427533
608 613 300.00 0.157810
609 200 300.00 0.157340
609 608 300.00 0.427533
610 592 300.00 0.107783
610 611 300.00 0.155527
610 596 300.00 0.042840
611 610 300.00 0.155527
611 618 300.00 0.155387
611 617 300.00 0.349740
612 596 300.00 0.150397
612 598 300.00 0.361420
612 614 300.00 0.154973
613 608 300.00 0.157810
613 615 300.00 0.434297
613 618 300.00 0.291427
613 294 300.00 0.148367
614 612 300.00 0.154973
614 616 300.00 0.030840
614 617 300.00 0.153657
615 13 300.00 0.021277
615 613 300.00 0.434297
615 299 300.00 0.147417
616 614 300.00 0.030840
616 619 300.00 0.162900
616 726 300.00 0.372887
617 611 300.00 0.349740
617 622 300.00 0.153377
618 611 300.00 0.155387
618 613 300.00 0.291427
618 625 300.00 0.154030
618 622 300.00 0.352403
619 616 300.00 0.162900
619 228 300.00 0.147717
619 600 300.00 0.357520
620 228 300.00 0.059087
620 602 300.00 0.097797
620 621 300.00 0.154010
621 620 300.00 0.154010
621 626 300.00 0.365797
621 627 300.00 0.155470
622 618 300.00 0.352403
622 631 300.00 0.157820
623 604 300.00 0.035673
623 606 300.00 0.117360
623 624 300.00 0.153880
624 623 300.00 0.153880
624 291 300.00 0.435497
624 632 300.00 0.147900
625 618 300.00 0.154030
625 629 300.00 0.103067
625 633 300.00 0.050523
626 621 300.00 0.365797
626 616 300.00 0.151803
627 621 300.00 0.155470
627 637 300.00 0.368380
627 638 300.00 0.162470
628 294 300.00 0.031293
628 629 300.00 0.152583
628 340 300.00 0.425817
629 628 300.00 0.152583
629 625 300.00 0.103067
629 630 300.00 0.428283
630 629 300.00 0.428283
630 340 300.00 0.150097
630 635 300.00 0.153340
630 650 300.00 0.427810
631 634 300.00 0.148113
631 355 300.00 0.027800
631 639 300.00 0.428653
632 624 300.00 0.147900
632 640 300.00 0.432720
632 641 300.00 0.165793
633 625 300.00 0.050523
633 634 300.00 0.157523
633 635 300.00 0.425657
634 633 300.00 0.157523
634 631 300.00 0.148113
634 636 300.00 0.426193
635 633 300.00 0.425657
635 630 300.00 0.153340
635 636 300.00 0.151233
635 651 300.00 0.430540
636 634 300.00 0.426193
636 635 300.00 0.151233
636 639 300.00 0.156067
636 652 300.00 0.428380
637 627 300.00 0.368380
637 626 300.00 0.157493
638 627 300.00 0.162470
638 353 300.00 0.056187
638 643 300.00 0.091550
639 636 300.00 0.156067
639 653 300.00 0.029920
639 654 300.00 0.425613
640 632 300.00 0.432720
640 178 300.00 0.161257
641 632 300.00 0.165793
641 644 300.00 0.049937
641 647 300.00 0.115490
642 353 300.00 0.427270
642 356 300.00 0.154247
642 645 300.00 0.160837
642 656 300.00 0.422423
643 638 300.00 0.091550
643 644 300.00 0.143137
643 645 300.00 0.425257
644 643 300.00 0.143137
644 641 300.00 0.049937
644 646 300.00 0.425207
645 643 300.00 0.425257
645 642 300.00 0.160837
645 646 300.00 0.145000
645 657 300.00 0.423960
646 644 300.00 0.425207
646 645 300.00 0.145000
646 648 300.00 0.156110
646 658 300.00 0.425637
647 641 300.00 0.115490
647 180 300.00 0.145840
647 648 300.00 0.425030
648 647 300.00 0.425030
648 646 300.00 0.156110
648 218 300.00 0.153533
648 659 300.00 0.427420
649 340 300.00 0.429463
649 286 300.00 0.150163
649 660 300.00 0.026220
650 630 300.00 0.427810
650 649 300.00 0.147360
651 635 300.00 0.430540
651 650 300.00 0.153237
652 636 300.00 0.428380
652 651 300.00 0.149640
653 639 300.00 0.029920
653 356 300.00 0.153617
653 355 300.00 0.428393
654 652 300.00 0.163707
654 661 300.00 0.026323
655 356 300.00 0.422457
655 662 300.00 0.148677
656 642 300.00 0.422423
656 655 300.00 0.149927
657 645 300.00 0.423960
657 34 300.00 0.019963
658 646 300.00 0.425637
658 657 300.00 0.150793
659 648 300.00 0.427420
659 658 300.00 0.154253
659 37 300.00 0.026163
660 649 300.00 0.026220
660 722 300.00 0.237473
661 849 300.00 0.035000
662 654 300.00 0.032743
662 653 300.00 0.425573
663 7 300.00 0.012187
663 270 300.00 0.262740
663 269 300.00 0.793957
664 270 300.00 0.265390
664 665 300.00 0.132463
665 840 300.00 0.330470
666 838 300.00 0.293817
667 312 300.00 0.278407
667 666 300.00 0.048063
668 310 300.00 0.063583
669 86 300.00 0.112020
669 827 300.00 0.086707
669 836 300.00 0.130103
670 4 300.00 0.152883
670 312 300.00 0.342097
670 668 300.00 0.247703
671 426 300.00 0.043210
671 686 300.00 0.112413
671 687 300.00 0.156830
672 189 300.00 0.098450
672 697 300.00 0.047517
672 701 300.00 0.233117
673 404 300.00 0.318813
673 675 300.00 0.309997
673 674 300.00 0.168633
674 673 300.00 0.168633
674 678 300.00 0.290590
675 673 300.00 0.309997
675 676 300.00 0.026007
675 677 300.00 0.565617
676 675 300.00 0.026007
676 704 300.00 0.329997
677 845 300.00 0.070867
677 846 300.00 0.026033
678 704 300.00 0.025527
678 675 300.00 0.316100
679 680 300.00 0.025853
679 681 300.00 0.318300
680 0 300.00 0.264630
680 217 300.00 0.040057
681 683 300.00 0.455427
681 684 300.00 0.027180
682 683 300.00 0.028573
682 684 300.00 0.454520
683 682 300.00 0.028573
684 681 300.00 0.027180
684 680 300.00 0.319420
685 422 300.00 0.477240
685 676 300.00 0.337113
686 671 300.00 0.112413
686 688 300.00 0.038060
686 689 300.00 0.128833
687 671 300.00 0.156830
688 686 300.00 0.038060
688 690 300.00 0.112663
688 691 300.00 0.163167
689 686 300.00 0.128833
690 688 300.00 0.112663
690 692 300.00 0.043427
690 693 300.00 0.179207
691 688 300.00 0.163167
692 690 300.00 0.043427
692 694 300.00 0.104127
692 699 300.00 0.213280
693 690 300.00 0.179207
694 692 300.00 0.104127
694 695 300.00 0.041097
694 696 300.00 0.183423
695 694 300.00 0.041097
695 697 300.00 0.099813
695 700 300.00 0.229730
696 694 300.00 0.183423
697 695 300.00 0.099813
697 672 300.00 0.047517
697 698 300.00 0.183420
698 697 300.00 0.183420
699 692 300.00 0.213280
700 695 300.00 0.229730
701 672 300.00 0.233117
702 703 300.00 0.161767
702 424 300.00 0.171417
703 702 300.00 0.161767
704 702 300.00 0.311013
705 708 300.00 0.033333
705 707 300.00 0.446823
706 848 300.00 0.029813
706 847 300.00 0.105513
707 407 300.00 0.267360
707 593 300.00 0.043170
708 705 300.00 0.033333
708 418 300.00 0.322470
709 391 300.00 0.196540
709 390 300.00 0.266167
710 711 300.00 0.265737
710 712 300.00 0.166047
711 709 300.00 0.171077
711 710 300.00 0.265737
712 392 300.00 0.263917
712 384 300.00 0.166203
713 389 300.00 0.301000
714 381 300.00 0.368500
714 713 300.00 0.035190
715 379 300.00 0.255513
716 329 300.00 0.103010
717 715 300.00 0.037253
717 386 300.00 0.777330
718 358 300.00 0.153137
718 385 300.00 0.267937
719 388 300.00 0.268050
719 387 300.00 0.452897
720 396 300.00 0.150500
721 36 300.00 0.561013
721 722 300.00 0.473867
721 723 300.00 0.213850
722 721 300.00 0.473867
722 661 300.00 0.375377
723 721 300.00 0.213850
724 725 300.00 0.274847
725 724 300.00 0.274847
725 660 300.00 0.243477
726 735 300.00 0.007573
727 52 300.00 0.201277
727 729 300.00 0.030127
727 313 300.00 0.426007
728 287 300.00 0.030057
728 725 300.00 0.061657
729 727 300.00 0.030127
729 728 300.00 0.161407
730 313 300.00 0.304577
730 299 300.00 0.122240
730 850 300.00 0.156597
731 732 300.00 0.132703
731 514 300.00 0.361993
731 737 300.00 0.151777
732 731 300.00 0.132703
732 538 300.00 0.159210
732 733 300.00 0.148660
733 732 300.00 0.148660
733 737 300.00 0.073637
734 598 300.00 0.151157
734 853 300.00 0.015783
735 600 300.00 0.153117
735 601 300.00 0.065467
736 508 300.00 0.033667
736 507 300.00 0.363960
737 736 300.00 0.010917
737 731 300.00 0.151777
738 453 300.00 0.166953
738 739 300.00 0.025407
739 844 300.00 0.032260
740 465 300.00 0.328287
740 448 300.00 0.169883
741 452 300.00 0.255027
742 457 300.00 0.051197
742 441 300.00 0.041650
743 241 300.00 0.119540
743 153 300.00 0.108777
743 238 300.00 0.168793
744 153 300.00 0.028833
744 476 300.00 0.095017
744 758 300.00 0.114290
745 477 300.00 0.149983
746 747 300.00 0.079883
746 749 300.00 0.224633
746 751 300.00 0.098613
747 746 300.00 0.079883
748 138 300.00 0.231540
749 460 300.00 0.064537
749 746 300.00 0.224633
749 750 300.00 0.074817
750 749 300.00 0.074817
750 751 300.00 0.231273
750 753 300.00 0.104930
751 746 300.00 0.098613
751 750 300.00 0.231273
751 752 300.00 0.086183
752 751 300.00 0.086183
752 753 300.00 0.236610
752 755 300.00 0.106747
753 750 300.00 0.104930
753 754 300.00 0.119107
753 752 300.00 0.236610
754 753 300.00 0.119107
754 755 300.00 0.215340
754 756 300.00 0.642823
755 754 300.00 0.215340
755 752 300.00 0.106747
755 757 300.00 0.812447
756 754 300.00 0.642823
756 758 300.00 0.052050
756 136 300.00 0.062383
757 755 300.00 0.812447
758 756 300.00 0.052050
758 361 300.00 0.288703
758 744 300.00 0.114290
759 136 300.00 0.118107
760 290 300.00 0.295167
761 361 300.00 0.860517
761 762 300.00 0.418600
761 362 300.00 0.289927
762 761 300.00 0.418600
762 793 300.00 0.574910
762 797 300.00 0.172780
763 143 300.00 0.065467
763 767 300.00 0.067007
763 764 300.00 0.131223
764 316 300.00 0.062923
764 763 300.00 0.131223
764 768 300.00 0.068817
764 765 300.00 0.133453
765 252 300.00 0.066327
765 764 300.00 0.133453
765 769 300.00 0.062287
765 766 300.00 0.211837
766 546 300.00 0.067813
766 765 300.00 0.211837
766 770 300.00 0.065813
767 763 300.00 0.067007
767 107 300.00 0.064297
767 768 300.00 0.131283
768 764 300.00 0.068817
768 767 300.00 0.131283
768 324 300.00 0.065190
768 769 300.00 0.132657
769 765 300.00 0.062287
769 768 300.00 0.132657
769 318 300.00 0.069233
769 770 300.00 0.196557
770 766 300.00 0.065813
770 769 300.00 0.196557
770 367 300.00 0.068210
771 211 300.00 0.098953
771 541 300.00 0.011520
771 792 300.00 0.269567
772 773 300.00 0.013613
772 775 300.00 0.077850
772 776 300.00 0.290037
773 772 300.00 0.013613
773 541 300.00 0.057820
773 774 300.00 0.073817
774 773 300.00 0.073817
774 783 300.00 0.099097
774 784 300.00 0.156350
775 772 300.00 0.077850
775 789 300.00 0.038237
775 791 300.00 0.278073
776 772 300.00 0.290037
777 297 300.00 0.106973
777 778 300.00 0.070577
777 781 300.00 0.069080
777 785 300.00 0.252320
778 529 300.00 0.101867
778 779 300.00 0.055783
778 777 300.00 0.070577
778 531 300.00 0.225407
779 778 300.00 0.055783
779 780 300.00 0.049890
779 781 300.00 0.084433
779 782 300.00 0.217687
780 779 300.00 0.049890
780 786 300.00 0.212413
780 787 300.00 0.085273
780 783 300.00 0.067937
781 779 300.00 0.084433
781 777 300.00 0.069080
781 787 300.00 0.034013
781 788 300.00 0.259513
782 779 300.00 0.217687
782 531 300.00 0.043740
782 786 300.00 0.065407
783 774 300.00 0.099097
783 540 300.00 0.226277
783 780 300.00 0.067937
784 774 300.00 0.156350
785 777 300.00 0.252320
786 782 300.00 0.065407
786 540 300.00 0.060427
786 780 300.00 0.212413
787 781 300.00 0.034013
787 789 300.00 0.032953
787 780 300.00 0.085273
788 781 300.00 0.259513
789 787 300.00 0.032953
789 775 300.00 0.038237
789 790 300.00 0.280940
790 789 300.00 0.280940
791 775 300.00 0.278073
792 771 300.00 0.269567
793 762 300.00 0.574910
793 794 300.00 0.552517
793 795 300.00 0.252797
794 793 300.00 0.552517
794 796 300.00 0.240697
794 797 300.00 0.432877
795 793 300.00 0.252797
795 803 300.00 0.310600
795 800 300.00 0.361173
796 794 300.00 0.240697
796 798 300.00 0.537840
796 797 300.00 0.222327
797 794 300.00 0.432877
797 799 300.00 0.543043
797 762 300.00 0.172780
797 796 300.00 0.222327
798 796 300.00 0.537840
799 797 300.00 0.543043
800 801 300.00 0.448873
800 795 300.00 0.361173
800 809 300.00 0.151467
801 800 300.00 0.448873
802 803 300.00 0.166163
802 805 300.00 0.338127
802 806 300.00 0.298640
803 802 300.00 0.166163
803 804 300.00 1.294587
803 795 300.00 0.310600
804 803 300.00 1.294587
805 802 300.00 0.338127
805 807 300.00 1.394207
805 811 300.00 0.691273
806 802 300.00 0.298640
806 808 300.00 0.243300
806 811 300.00 0.201577
807 805 300.00 1.394207
808 132 300.00 0.314623
808 806 300.00 0.243300
808 809 300.00 0.461150
809 808 300.00 0.461150
809 800 300.00 0.151467
809 810 300.00 0.386290
810 809 300.00 0.386290
811 805 300.00 0.691273
811 806 300.00 0.201577
811 812 300.00 0.426890
812 811 300.00 0.426890
812 813 300.00 0.079377
812 130 300.00 0.475010
813 812 300.00 0.079377
814 104 300.00 0.159023
814 815 300.00 0.069423
814 817 300.00 0.289893
815 814 300.00 0.069423
815 816 300.00 0.092010
815 597 300.00 0.044267
816 815 300.00 0.092010
817 814 300.00 0.289893
818 371 300.00 0.122220
818 819 300.00 0.040707
818 822 300.00 0.185403
819 820 300.00 0.069287
819 370 300.00 0.185643
819 818 300.00 0.040707
820 819 300.00 0.069287
820 821 300.00 0.167440
820 118 300.00 0.171817
821 820 300.00 0.167440
821 48 300.00 0.171710
821 822 300.00 0.109377
822 821 300.00 0.109377
822 64 300.00 0.123063
822 818 300.00 0.185403
823 175 300.00 0.132960
823 173 300.00 0.116663
823 829 300.00 0.083350
823 832 300.00 0.112577
824 360 300.00 0.235193
824 158 300.00 0.127310
824 273 300.00 0.221607
824 271 300.00 0.125550
825 52 300.00 0.030213
825 729 300.00 0.202883
826 85 300.00 0.392333
827 60 300.00 0.186720
827 835 300.00 0.131940
827 669 300.00 0.086707
828 173 300.00 0.112840
828 831 300.00 0.114533
828 832 300.00 0.117750
829 823 300.00 0.083350
829 830 300.00 0.112347
829 262 300.00 0.135050
830 829 300.00 0.112347
830 832 300.00 0.079953
830 833 300.00 0.113967
831 828 300.00 0.114533
831 206 300.00 0.115127
831 834 300.00 0.111700
832 828 300.00 0.117750
832 830 300.00 0.079953
832 823 300.00 0.112577
832 834 300.00 0.114273
833 830 300.00 0.113967
833 834 300.00 0.087170
833 835 300.00 0.108617
834 831 300.00 0.111700
834 833 300.00 0.087170
834 832 300.00 0.114273
834 836 300.00 0.110147
835 833 300.00 0.108617
835 836 300.00 0.090223
835 827 300.00 0.131940
836 835 300.00 0.090223
836 206 300.00 0.109500
836 834 300.00 0.110147
836 669 300.00 0.130103
837 845 300.00 0.027173
837 846 300.00 0.071270
838 11 300.00 0.229513
839 664 300.00 0.277843
840 267 300.00 0.319407
841 126 300.00 0.318413
841 413 300.00 0.043517
842 679 300.00 0.040503
842 71 300.00 0.064287
843 71 300.00 0.039890
843 679 300.00 0.063620
844 450 300.00 0.166857
844 451 300.00 0.025117
845 411 300.00 0.161213
845 837 300.00 0.027173
846 677 300.00 0.026033
846 685 300.00 0.227747
847 416 300.00 0.030180
847 415 300.00 0.385690
848 706 300.00 0.029813
848 410 300.00 0.286740
849 662 300.00 0.026757
849 35 300.00 0.431707
850 298 300.00 0.135770
850 730 300.00 0.156597
851 425 300.00 0.405003
852 269 300.00 0.326293
853 614 300.00 0.372063
853 726 300.00 0.029340
