0 1 300.00 0.555103
0 10 300.00 0.269737
0 11 300.00 0.256227
1 0 300.00 0.555103
1 2 300.00 0.266253
1 3 300.00 0.261657
1 4 300.00 0.553287
2 1 300.00 0.266253
2 11 300.00 0.548577
2 8 300.00 0.556613
3 1 300.00 0.261657
3 10 300.00 0.559463
3 9 300.00 0.267143
3 12 300.00 0.551280
4 1 300.00 0.553287
4 5 300.00 0.555893
4 8 300.00 0.260697
4 12 300.00 0.268580
5 4 300.00 0.555893
5 6 300.00 0.565350
5 7 300.00 0.260407
5 8 300.00 0.800737
6 5 300.00 0.565350
6 15 300.00 0.259453
6 17 300.00 0.306703
7 5 300.00 0.260407
7 13 300.00 0.264683
7 15 300.00 0.544743
7 12 300.00 0.561900
8 5 300.00 0.800737
8 4 300.00 0.260697
8 2 300.00 0.556613
9 14 300.00 0.558653
9 3 300.00 0.267143
10 0 300.00 0.269737
10 3 300.00 0.559463
11 0 300.00 0.256227
11 2 300.00 0.548577
12 4 300.00 0.268580
12 14 300.00 0.262250
12 7 300.00 0.561900
12 3 300.00 0.551280
13 14 300.00 0.559970
13 7 300.00 0.264683
13 16 300.00 0.554310
14 13 300.00 0.559970
14 12 300.00 0.262250
14 9 300.00 0.558653
15 7 300.00 0.544743
15 6 300.00 0.259453
15 16 300.00 0.268053
16 13 300.00 0.554310
16 15 300.00 0.268053
17 6 300.00 0.306703
17 20 300.00 0.121847
18 19 300.00 0.062890
18 20 300.00 0.391740
19 18 300.00 0.062890
19 21 300.00 0.041847
20 18 300.00 0.391740
20 17 300.00 0.121847
21 19 300.00 0.041847
21 22 300.00 0.836577
22 21 300.00 0.836577
22 24 300.00 0.988590
22 187 300.00 0.771007
23 24 300.00 0.576223
23 25 300.00 0.969563
23 188 300.00 0.505403
24 23 300.00 0.576223
24 22 300.00 0.988590
24 25 300.00 0.584137
25 24 300.00 0.584137
25 167 300.00 0.127117
25 23 300.00 0.969563
26 27 300.00 0.109167
26 38 300.00 0.240117
27 26 300.00 0.109167
27 28 300.00 0.139000
27 29 300.00 0.701647
28 27 300.00 0.139000
28 188 300.00 0.176350
29 27 300.00 0.701647
29 38 300.00 0.366967
29 32 300.00 0.192683
29 43 300.00 0.343787
30 31 300.00 0.171267
30 163 300.00 0.391313
30 169 300.00 0.038870
31 30 300.00 0.171267
31 32 300.00 0.066703
32 31 300.00 0.066703
32 29 300.00 0.192683
32 44 300.00 0.271067
33 34 300.00 0.107817
33 169 300.00 0.248880
33 166 300.00 0.361473
34 33 300.00 0.107817
34 35 300.00 0.323073
34 36 300.00 0.333033
34 37 300.00 0.426607
35 34 300.00 0.323073
35 40 300.00 0.166800
35 41 300.00 0.161817
35 42 300.00 0.316223
36 34 300.00 0.333033
36 170 300.00 0.392237
36 175 300.00 0.353333
36 46 300.00 0.310490
37 34 300.00 0.426607
37 166 300.00 0.023930
37 168 300.00 0.338993
38 26 300.00 0.240117
38 39 300.00 0.315327
38 29 300.00 0.366967
39 38 300.00 0.315327
39 43 300.00 0.358797
39 186 300.00 0.632167
40 35 300.00 0.166800
40 162 300.00 0.227780
41 35 300.00 0.161817
41 45 300.00 0.167373
41 46 300.00 0.178123
42 35 300.00 0.316223
42 162 300.00 0.102363
43 29 300.00 0.343787
43 39 300.00 0.358797
43 48 300.00 0.182937
44 32 300.00 0.271067
44 47 300.00 0.170273
44 48 300.00 0.081093
45 41 300.00 0.167373
45 49 300.00 0.187383
46 41 300.00 0.178123
46 49 300.00 0.161840
46 36 300.00 0.310490
47 44 300.00 0.170273
47 170 300.00 0.051013
47 171 300.00 0.348130
48 44 300.00 0.081093
48 171 300.00 0.418427
48 43 300.00 0.182937
49 45 300.00 0.187383
49 46 300.00 0.161840
50 51 300.00 0.130657
50 82 300.00 0.265607
51 50 300.00 0.130657
51 52 300.00 0.204170
52 51 300.00 0.204170
52 109 300.00 0.263557
53 126 300.00 0.707833
53 131 300.00 0.352470
54 135 300.00 0.350070
54 146 300.00 0.177883
54 142 300.00 0.704030
55 56 300.00 0.306000
55 60 300.00 0.615823
56 55 300.00 0.306000
56 57 300.00 0.304590
57 56 300.00 0.304590
57 59 300.00 0.364920
58 59 300.00 0.816103
58 188 300.00 1.655320
58 60 300.00 0.160510
59 58 300.00 0.816103
59 57 300.00 0.364920
60 61 300.00 0.027347
60 58 300.00 0.160510
60 55 300.00 0.615823
61 60 300.00 0.027347
61 62 300.00 1.049953
62 61 300.00 1.049953
62 64 300.00 0.515483
62 65 300.00 0.821817
63 64 300.00 0.558653
63 66 300.00 0.328397
64 63 300.00 0.558653
64 62 300.00 0.515483
64 65 300.00 0.210783
65 64 300.00 0.210783
65 161 300.00 0.565683
65 62 300.00 0.821817
66 63 300.00 0.328397
66 67 300.00 0.528983
66 68 300.00 0.186893
67 66 300.00 0.528983
67 78 300.00 0.183820
68 66 300.00 0.186893
68 69 300.00 0.851630
68 70 300.00 0.720923
69 68 300.00 0.851630
69 79 300.00 0.186537
69 80 300.00 0.258503
70 68 300.00 0.720923
70 153 300.00 0.165300
70 158 300.00 0.961117
71 72 300.00 0.301360
71 153 300.00 0.189980
72 71 300.00 0.301360
72 73 300.00 0.367290
73 72 300.00 0.367290
73 152 300.00 0.250933
73 145 300.00 0.359517
74 75 300.00 0.473053
74 144 300.00 0.335183
74 142 300.00 0.353343
74 149 300.00 0.391417
75 74 300.00 0.473053
75 76 300.00 0.369763
75 77 300.00 0.348790
76 75 300.00 0.369763
76 134 300.00 0.555140
77 75 300.00 0.348790
77 144 300.00 0.303983
78 79 300.00 0.162543
78 67 300.00 0.183820
79 78 300.00 0.162543
79 69 300.00 0.186537
80 69 300.00 0.258503
80 196 300.00 0.066810
81 148 300.00 0.352770
81 152 300.00 0.228897
82 85 300.00 0.257660
82 50 300.00 0.265607
83 84 300.00 0.658083
83 86 300.00 0.279937
84 83 300.00 0.658083
84 85 300.00 0.075100
85 82 300.00 0.257660
85 110 300.00 0.072957
86 83 300.00 0.279937
86 87 300.00 0.279543
86 88 300.00 0.748693
87 86 300.00 0.279543
87 89 300.00 0.152070
87 90 300.00 0.393610
87 91 300.00 0.402093
88 86 300.00 0.748693
88 96 300.00 0.112457
88 97 300.00 0.130390
89 87 300.00 0.152070
89 101 300.00 0.395230
89 103 300.00 0.395220
89 92 300.00 0.263503
90 87 300.00 0.393610
90 98 300.00 0.175893
90 103 300.00 0.148447
91 87 300.00 0.402093
91 101 300.00 0.163810
92 93 300.00 0.264433
92 102 300.00 0.391800
92 89 300.00 0.263503
92 104 300.00 0.401737
93 92 300.00 0.264433
93 94 300.00 0.410553
93 95 300.00 0.378460
94 93 300.00 0.410553
94 104 300.00 0.260603
94 105 300.00 0.375017
95 93 300.00 0.378460
95 102 300.00 0.263247
96 88 300.00 0.112457
96 111 300.00 0.184127
96 121 300.00 0.554240
97 88 300.00 0.130390
97 99 300.00 0.144170
97 120 300.00 0.562853
98 99 300.00 0.231437
98 90 300.00 0.175893
99 98 300.00 0.231437
99 97 300.00 0.144170
99 100 300.00 0.150537
100 99 300.00 0.150537
100 106 300.00 0.248343
100 118 300.00 0.418087
101 91 300.00 0.163810
101 102 300.00 0.256627
101 89 300.00 0.395230
102 95 300.00 0.263247
102 101 300.00 0.256627
102 92 300.00 0.391800
103 90 300.00 0.148447
103 104 300.00 0.263220
103 89 300.00 0.395220
104 94 300.00 0.260603
104 103 300.00 0.263220
104 107 300.00 0.384123
104 92 300.00 0.401737
105 94 300.00 0.375017
105 107 300.00 0.270960
105 108 300.00 0.393153
106 107 300.00 0.012500
106 117 300.00 0.307117
106 100 300.00 0.248343
107 106 300.00 0.012500
107 104 300.00 0.384123
107 105 300.00 0.270960
108 105 300.00 0.393153
108 112 300.00 0.426423
108 117 300.00 0.274767
109 110 300.00 0.539457
109 121 300.00 0.256700
109 124 300.00 0.516350
109 52 300.00 0.263557
110 109 300.00 0.539457
110 111 300.00 0.050157
111 96 300.00 0.184127
111 84 300.00 0.059720
112 108 300.00 0.426423
112 113 300.00 0.969607
112 114 300.00 0.271263
113 112 300.00 0.969607
113 125 300.00 0.266910
114 112 300.00 0.271263
114 115 300.00 0.255290
114 116 300.00 0.368563
115 114 300.00 0.255290
115 119 300.00 0.257747
115 118 300.00 0.378533
116 114 300.00 0.368563
116 117 300.00 0.127017
116 118 300.00 0.254713
117 108 300.00 0.274767
117 116 300.00 0.127017
117 106 300.00 0.307117
118 100 300.00 0.418087
118 115 300.00 0.378533
118 116 300.00 0.254713
119 115 300.00 0.257747
119 120 300.00 0.260190
119 122 300.00 0.312923
120 97 300.00 0.562853
120 121 300.00 0.248933
120 119 300.00 0.260190
121 120 300.00 0.248933
121 96 300.00 0.554240
121 122 300.00 0.239993
121 109 300.00 0.256700
122 121 300.00 0.239993
122 123 300.00 0.271717
122 119 300.00 0.312923
123 122 300.00 0.271717
123 124 300.00 0.249250
124 123 300.00 0.249250
124 109 300.00 0.516350
125 113 300.00 0.266910
125 133 300.00 0.241237
126 127 300.00 0.188723
126 53 300.00 0.707833
126 128 300.00 0.426000
127 126 300.00 0.188723
127 132 300.00 0.265637
128 126 300.00 0.426000
128 129 300.00 0.116337
128 130 300.00 0.162173
128 131 300.00 0.705510
129 128 300.00 0.116337
129 138 300.00 0.100820
130 128 300.00 0.162173
130 140 300.00 0.347720
131 128 300.00 0.705510
131 135 300.00 0.384623
131 53 300.00 0.352470
132 127 300.00 0.265637
132 133 300.00 0.015757
133 132 300.00 0.015757
133 125 300.00 0.241237
134 76 300.00 0.555140
134 142 300.00 0.084033
134 143 300.00 0.165133
135 131 300.00 0.384623
135 136 300.00 0.691430
135 54 300.00 0.350070
136 135 300.00 0.691430
136 137 300.00 0.186560
136 138 300.00 0.130250
136 139 300.00 0.118793
137 136 300.00 0.186560
137 142 300.00 0.161860
137 141 300.00 0.094373
138 136 300.00 0.130250
138 129 300.00 0.100820
139 136 300.00 0.118793
139 140 300.00 0.031153
139 141 300.00 0.179447
140 130 300.00 0.347720
140 139 300.00 0.031153
141 139 300.00 0.179447
141 137 300.00 0.094373
141 143 300.00 0.008263
142 134 300.00 0.084033
142 137 300.00 0.161860
142 54 300.00 0.704030
142 74 300.00 0.353343
143 134 300.00 0.165133
143 141 300.00 0.008263
144 74 300.00 0.335183
144 145 300.00 0.225397
144 77 300.00 0.303983
145 144 300.00 0.225397
145 151 300.00 0.162157
145 73 300.00 0.359517
146 54 300.00 0.177883
146 147 300.00 0.173893
147 146 300.00 0.173893
147 148 300.00 0.348323
147 149 300.00 0.307213
148 147 300.00 0.348323
148 81 300.00 0.352770
148 150 300.00 0.226763
149 147 300.00 0.307213
149 74 300.00 0.391417
149 151 300.00 0.350587
150 148 300.00 0.226763
150 151 300.00 0.084853
150 152 300.00 0.353493
151 149 300.00 0.350587
151 150 300.00 0.084853
151 145 300.00 0.162157
152 81 300.00 0.228897
152 150 300.00 0.353493
152 73 300.00 0.250933
153 71 300.00 0.189980
153 154 300.00 0.638013
153 70 300.00 0.165300
154 155 300.00 0.408510
154 157 300.00 0.362473
154 153 300.00 0.638013
155 154 300.00 0.408510
155 156 300.00 0.253367
156 155 300.00 0.253367
156 157 300.00 0.027890
156 236 300.00 0.085313
157 154 300.00 0.362473
157 156 300.00 0.027890
157 158 300.00 0.056767
158 157 300.00 0.056767
158 196 300.00 0.109360
158 70 300.00 0.961117
159 160 300.00 0.446800
159 161 300.00 0.745837
160 159 300.00 0.446800
160 161 300.00 0.300647
161 160 300.00 0.300647
161 159 300.00 0.745837
161 65 300.00 0.565683
162 40 300.00 0.227780
162 42 300.00 0.102363
163 164 300.00 0.027313
163 166 300.00 0.263950
163 30 300.00 0.391313
164 163 300.00 0.027313
164 165 300.00 0.704967
165 164 300.00 0.704967
165 167 300.00 0.606333
165 168 300.00 0.366883
166 163 300.00 0.263950
166 37 300.00 0.023930
166 33 300.00 0.361473
167 165 300.00 0.606333
167 25 300.00 0.127117
167 187 300.00 1.218167
168 165 300.00 0.366883
168 37 300.00 0.338993
169 30 300.00 0.038870
169 170 300.00 0.349697
169 33 300.00 0.248880
170 169 300.00 0.349697
170 47 300.00 0.051013
170 36 300.00 0.392237
171 47 300.00 0.348130
171 172 300.00 0.194723
171 173 300.00 0.650190
171 48 300.00 0.418427
172 171 300.00 0.194723
172 175 300.00 0.265843
173 171 300.00 0.650190
173 220 300.00 0.191813
173 223 300.00 0.180627
174 175 300.00 0.312670
174 176 300.00 0.071693
175 174 300.00 0.312670
175 36 300.00 0.353333
175 172 300.00 0.265843
176 174 300.00 0.071693
176 177 300.00 0.107603
176 178 300.00 0.312030
177 176 300.00 0.107603
177 183 300.00 0.466203
177 185 300.00 0.379323
178 176 300.00 0.312030
178 195 300.00 0.371220
178 193 300.00 0.056737
179 180 300.00 0.093167
179 185 300.00 0.204357
179 189 300.00 0.157093
180 179 300.00 0.093167
180 181 300.00 0.131400
180 182 300.00 0.100080
180 183 300.00 0.210940
181 180 300.00 0.131400
181 190 300.00 0.102560
181 191 300.00 0.219500
182 180 300.00 0.100080
182 184 300.00 0.209330
182 199 300.00 0.103187
183 180 300.00 0.210940
183 184 300.00 0.089740
183 185 300.00 0.103600
183 177 300.00 0.466203
184 183 300.00 0.089740
184 182 300.00 0.209330
184 200 300.00 0.092850
185 183 300.00 0.103600
185 177 300.00 0.379323
185 179 300.00 0.204357
185 193 300.00 0.113867
186 39 300.00 0.632167
186 207 300.00 0.213720
186 225 300.00 0.131950
186 205 300.00 0.894110
187 167 300.00 1.218167
187 22 300.00 0.771007
188 23 300.00 0.505403
188 28 300.00 0.176350
188 58 300.00 1.655320
189 179 300.00 0.157093
189 192 300.00 0.191960
189 193 300.00 0.230190
189 194 300.00 0.333377
190 181 300.00 0.102560
190 215 300.00 0.063493
190 192 300.00 0.257953
191 181 300.00 0.219500
191 199 300.00 0.146653
191 219 300.00 0.271393
192 189 300.00 0.191960
192 213 300.00 0.102203
192 190 300.00 0.257953
192 216 300.00 0.380393
193 189 300.00 0.230190
193 178 300.00 0.056737
193 185 300.00 0.113867
194 189 300.00 0.333377
194 195 300.00 0.301410
194 198 300.00 0.088377
195 178 300.00 0.371220
195 194 300.00 0.301410
195 198 300.00 0.372090
196 80 300.00 0.066810
196 158 300.00 0.109360
196 197 300.00 0.316427
197 196 300.00 0.316427
197 236 300.00 0.209223
197 230 300.00 0.039963
198 195 300.00 0.372090
198 194 300.00 0.088377
199 182 300.00 0.103187
199 191 300.00 0.146653
199 200 300.00 0.215467
200 184 300.00 0.092850
200 199 300.00 0.215467
200 220 300.00 0.127633
201 202 300.00 0.142027
201 205 300.00 0.084320
201 206 300.00 0.437890
202 201 300.00 0.142027
202 203 300.00 0.421153
202 204 300.00 0.190657
203 202 300.00 0.421153
203 226 300.00 0.066907
203 227 300.00 0.083660
204 202 300.00 0.190657
204 206 300.00 0.103287
204 221 300.00 0.104053
205 201 300.00 0.084320
205 186 300.00 0.894110
205 228 300.00 0.433470
206 201 300.00 0.437890
206 204 300.00 0.103287
206 207 300.00 0.151233
207 206 300.00 0.151233
207 224 300.00 0.162463
207 186 300.00 0.213720
208 209 300.00 0.017303
208 212 300.00 0.089400
208 217 300.00 0.506770
209 208 300.00 0.017303
209 210 300.00 0.200243
210 209 300.00 0.200243
210 211 300.00 0.113847
211 216 300.00 0.140860
211 210 300.00 0.113847
212 208 300.00 0.089400
212 213 300.00 0.076497
212 214 300.00 0.273180
213 212 300.00 0.076497
213 215 300.00 0.261477
213 192 300.00 0.102203
214 212 300.00 0.273180
214 215 300.00 0.088770
214 218 300.00 0.264913
215 213 300.00 0.261477
215 214 300.00 0.088770
215 190 300.00 0.063493
216 192 300.00 0.380393
216 211 300.00 0.140860
217 208 300.00 0.506770
217 218 300.00 0.120560
218 214 300.00 0.264913
218 232 300.00 0.265867
218 217 300.00 0.120560
219 191 300.00 0.271393
219 237 300.00 0.183063
220 200 300.00 0.127633
220 221 300.00 0.507457
220 173 300.00 0.191813
221 204 300.00 0.104053
221 222 300.00 0.127773
221 220 300.00 0.507457
222 221 300.00 0.127773
222 238 300.00 0.115817
222 237 300.00 0.566750
223 173 300.00 0.180627
223 224 300.00 0.245263
223 225 300.00 0.645897
224 207 300.00 0.162463
224 225 300.00 0.242313
224 223 300.00 0.245263
225 224 300.00 0.242313
225 223 300.00 0.645897
225 186 300.00 0.131950
226 203 300.00 0.066907
226 233 300.00 0.130443
227 203 300.00 0.083660
227 228 300.00 0.073363
228 205 300.00 0.433470
228 227 300.00 0.073363
228 229 300.00 0.026513
229 228 300.00 0.026513
229 235 300.00 0.439817
229 230 300.00 0.106410
230 197 300.00 0.039963
230 229 300.00 0.106410
231 232 300.00 0.088313
231 233 300.00 0.155307
232 231 300.00 0.088313
232 218 300.00 0.265867
233 231 300.00 0.155307
233 234 300.00 0.298553
233 226 300.00 0.130443
234 233 300.00 0.298553
234 238 300.00 0.066063
234 237 300.00 0.361740
235 229 300.00 0.439817
235 236 300.00 0.362487
236 235 300.00 0.362487
236 156 300.00 0.085313
236 197 300.00 0.209223
237 219 300.00 0.183063
237 222 300.00 0.566750
237 234 300.00 0.361740
238 222 300.00 0.115817
238 234 300.00 0.066063
