0 1 300.00 0.021010
0 547 300.00 0.272457
0 103 300.00 0.577610
1 0 300.00 0.021010
1 2 300.00 0.640310
1 3 300.00 0.103357
2 1 300.00 0.640310
2 94 300.00 0.811803
2 98 300.00 0.206170
3 123 300.00 0.237047
3 0 300.00 0.100537
4 5 300.00 0.024180
4 215 300.00 0.321513
4 537 300.00 0.298813
5 4 300.00 0.024180
5 6 300.00 0.277687
5 7 300.00 0.456443
5 8 300.00 0.584777
6 5 300.00 0.277687
6 690 300.00 0.540937
6 724 300.00 0.201443
7 5 300.00 0.456443
7 579 300.00 0.293037
7 533 300.00 0.651643
8 5 300.00 0.584777
9 10 300.00 0.261850
9 217 300.00 0.232060
9 715 300.00 0.014767
10 9 300.00 0.261850
10 11 300.00 0.347993
10 12 300.00 0.369530
11 10 300.00 0.347993
11 224 300.00 1.338790
11 252 300.00 0.361457
12 10 300.00 0.369530
12 233 300.00 0.332930
12 625 300.00 0.274640
13 14 300.00 0.248703
13 25 300.00 0.225700
13 26 300.00 1.364450
13 27 300.00 1.085910
14 13 300.00 0.248703
14 15 300.00 0.094693
14 16 300.00 0.575417
15 14 300.00 0.094693
15 22 300.00 0.241410
15 573 300.00 0.023297
16 14 300.00 0.575417
16 18 300.00 0.559267
16 21 300.00 0.215407
17 18 300.00 0.035603
17 35 300.00 0.265980
18 17 300.00 0.035603
18 19 300.00 0.116630
18 16 300.00 0.559267
19 20 300.00 0.093423
19 21 300.00 0.561710
20 566 300.00 0.030220
20 667 300.00 0.369127
21 19 300.00 0.561710
21 23 300.00 0.304383
21 16 300.00 0.215407
22 15 300.00 0.241410
22 23 300.00 0.342600
22 24 300.00 0.150683
23 22 300.00 0.342600
23 29 300.00 0.404460
23 21 300.00 0.304383
24 22 300.00 0.150683
24 28 300.00 0.193610
24 574 300.00 0.322497
25 13 300.00 0.225700
25 567 300.00 0.134770
25 569 300.00 0.028800
26 13 300.00 1.364450
26 31 300.00 0.338847
26 36 300.00 0.664190
27 13 300.00 1.085910
27 35 300.00 0.036640
27 18 300.00 0.264510
28 24 300.00 0.193610
29 23 300.00 0.404460
29 53 300.00 0.121130
29 572 300.00 0.148343
30 31 300.00 0.533260
30 33 300.00 0.275913
30 34 300.00 0.648103
31 30 300.00 0.533260
31 26 300.00 0.338847
31 32 300.00 0.386630
32 31 300.00 0.386630
33 30 300.00 0.275913
33 32 300.00 0.719330
34 30 300.00 0.648103
34 33 300.00 0.451927
35 27 300.00 0.036640
35 570 300.00 0.312683
36 26 300.00 0.664190
36 46 300.00 0.381063
36 47 300.00 0.362103
37 38 300.00 0.261463
37 41 300.00 0.276847
37 404 300.00 0.428710
38 37 300.00 0.261463
38 39 300.00 0.431313
38 40 300.00 0.345503
39 38 300.00 0.431313
39 34 300.00 0.439140
40 38 300.00 0.345503
40 44 300.00 0.071193
40 704 300.00 0.006840
41 37 300.00 0.276847
41 42 300.00 0.219893
42 41 300.00 0.219893
42 597 300.00 0.084550
43 44 300.00 0.462143
43 590 300.00 0.201687
43 51 300.00 0.357190
44 43 300.00 0.462143
44 40 300.00 0.071193
44 45 300.00 0.315980
45 44 300.00 0.315980
45 48 300.00 0.087563
45 589 300.00 0.360240
46 36 300.00 0.381063
46 51 300.00 0.062680
46 52 300.00 0.598493
47 36 300.00 0.362103
47 593 300.00 0.165037
47 594 300.00 0.595963
48 45 300.00 0.087563
48 49 300.00 1.981863
48 50 300.00 0.862533
49 48 300.00 1.981863
49 61 300.00 0.738150
49 62 300.00 0.511600
50 48 300.00 0.862533
50 60 300.00 0.343690
50 51 300.00 0.349327
51 46 300.00 0.062680
51 43 300.00 0.357190
51 50 300.00 0.349327
52 46 300.00 0.598493
53 29 300.00 0.121130
54 55 300.00 0.035993
54 58 300.00 0.319000
54 561 300.00 0.584657
55 54 300.00 0.035993
55 56 300.00 0.426560
56 660 300.00 0.032073
56 65 300.00 0.399153
57 58 300.00 0.593490
57 63 300.00 0.708077
57 64 300.00 0.204410
58 57 300.00 0.593490
58 54 300.00 0.319000
58 59 300.00 0.835077
59 58 300.00 0.835077
60 50 300.00 0.343690
61 49 300.00 0.738150
61 78 300.00 0.560630
61 68 300.00 0.339887
62 49 300.00 0.511600
62 599 300.00 0.250997
63 57 300.00 0.708077
64 57 300.00 0.204410
64 67 300.00 0.272370
64 72 300.00 0.811987
65 66 300.00 0.337517
65 67 300.00 0.033670
66 559 300.00 0.027473
66 560 300.00 0.260997
67 65 300.00 0.033670
67 64 300.00 0.272370
67 660 300.00 0.394917
68 69 300.00 0.170720
68 61 300.00 0.339887
68 723 300.00 0.022247
69 68 300.00 0.170720
69 70 300.00 1.698047
69 71 300.00 1.056437
70 69 300.00 1.698047
70 671 300.00 0.117513
70 670 300.00 0.401530
71 69 300.00 1.056437
71 80 300.00 0.224160
71 585 300.00 0.239927
72 64 300.00 0.811987
73 74 300.00 0.102727
73 80 300.00 0.124893
73 703 300.00 0.019890
74 73 300.00 0.102727
74 75 300.00 0.932353
74 76 300.00 0.749953
75 74 300.00 0.932353
75 76 300.00 0.207090
75 583 300.00 0.129090
75 584 300.00 0.283873
76 74 300.00 0.749953
76 82 300.00 0.492757
76 75 300.00 0.207090
77 78 300.00 0.045683
77 601 300.00 0.364300
78 77 300.00 0.045683
78 79 300.00 1.117263
78 61 300.00 0.560630
79 78 300.00 1.117263
79 670 300.00 1.291017
79 640 300.00 0.356160
80 73 300.00 0.124893
80 71 300.00 0.224160
80 81 300.00 2.123277
81 80 300.00 2.123277
81 110 300.00 0.290847
81 111 300.00 0.122573
82 76 300.00 0.492757
83 84 300.00 0.037247
83 669 300.00 0.074753
83 639 300.00 0.212530
84 83 300.00 0.037247
84 85 300.00 0.161213
85 84 300.00 0.161213
85 600 300.00 0.480473
85 720 300.00 0.018507
86 87 300.00 0.030720
86 556 300.00 0.765330
86 662 300.00 0.119503
87 86 300.00 0.030720
87 88 300.00 0.187737
88 554 300.00 0.028290
88 101 300.00 0.255403
89 90 300.00 0.549197
90 89 300.00 0.549197
90 91 300.00 0.211750
90 92 300.00 0.207837
91 90 300.00 0.211750
91 93 300.00 0.581910
91 94 300.00 0.215350
92 90 300.00 0.207837
92 92 300.00 1.386583
93 91 300.00 0.581910
94 91 300.00 0.215350
94 2 300.00 0.811803
94 98 300.00 0.656920
95 96 300.00 0.048057
95 638 300.00 0.263750
95 639 300.00 0.302797
96 95 300.00 0.048057
96 97 300.00 0.335357
97 96 300.00 0.335357
97 606 300.00 0.331697
97 121 300.00 0.208983
98 94 300.00 0.656920
98 109 300.00 0.626347
98 2 300.00 0.206170
99 100 300.00 0.254057
99 556 300.00 0.256063
99 558 300.00 0.236720
100 99 300.00 0.254057
101 102 300.00 0.107217
101 103 300.00 0.029693
102 701 300.00 0.016593
102 109 300.00 0.229607
103 101 300.00 0.029693
103 554 300.00 0.255573
103 663 300.00 0.029000
104 105 300.00 0.154687
104 602 300.00 0.147610
105 104 300.00 0.154687
105 106 300.00 0.048360
105 107 300.00 0.082240
106 105 300.00 0.048360
106 108 300.00 0.380047
107 105 300.00 0.082240
107 113 300.00 0.554823
107 603 300.00 0.326523
108 106 300.00 0.380047
109 98 300.00 0.626347
109 1 300.00 0.233203
110 81 300.00 0.290847
110 131 300.00 0.819260
110 132 300.00 0.263987
111 81 300.00 0.122573
112 113 300.00 0.097163
112 115 300.00 0.132563
112 608 300.00 0.036587
113 112 300.00 0.097163
113 114 300.00 0.599550
113 107 300.00 0.554823
114 113 300.00 0.599550
114 119 300.00 0.356573
114 607 300.00 0.336003
115 116 300.00 0.111047
115 112 300.00 0.132563
115 609 300.00 0.033557
116 115 300.00 0.111047
116 117 300.00 0.347387
116 118 300.00 0.191337
116 119 300.00 0.592387
117 116 300.00 0.347387
117 120 300.00 0.326347
117 121 300.00 0.565030
118 116 300.00 0.191337
118 604 300.00 0.266910
118 722 300.00 0.162657
119 116 300.00 0.592387
119 114 300.00 0.356573
119 152 300.00 0.331033
120 117 300.00 0.326347
120 125 300.00 0.026657
120 156 300.00 0.047033
121 117 300.00 0.565030
121 97 300.00 0.208983
121 603 300.00 0.336810
122 123 300.00 0.550403
122 133 300.00 0.339143
122 134 300.00 0.326697
123 122 300.00 0.550403
123 124 300.00 0.108927
123 3 300.00 0.237047
124 123 300.00 0.108927
124 136 300.00 0.236003
124 544 300.00 0.041060
125 126 300.00 0.326907
125 120 300.00 0.026657
125 619 300.00 0.289200
126 125 300.00 0.326907
126 127 300.00 0.296133
126 128 300.00 0.702000
127 126 300.00 0.296133
127 620 300.00 0.181983
127 621 300.00 0.665667
128 126 300.00 0.702000
128 162 300.00 0.216280
128 164 300.00 0.816317
129 130 300.00 0.335103
129 133 300.00 0.302030
129 550 300.00 0.663053
130 129 300.00 0.335103
131 110 300.00 0.819260
132 110 300.00 0.263987
132 138 300.00 0.262797
132 139 300.00 1.189667
133 122 300.00 0.339143
133 547 300.00 0.214367
133 129 300.00 0.302030
134 122 300.00 0.326697
134 543 300.00 0.211610
134 546 300.00 0.085760
135 136 300.00 0.294223
135 142 300.00 1.001037
135 543 300.00 0.101573
136 135 300.00 0.294223
136 137 300.00 0.199703
136 124 300.00 0.236003
137 136 300.00 0.199703
137 142 300.00 0.504940
137 143 300.00 0.427990
138 132 300.00 0.262797
138 139 300.00 0.929997
138 140 300.00 0.430033
139 132 300.00 1.189667
139 138 300.00 0.929997
139 154 300.00 0.097733
140 141 300.00 1.425993
140 138 300.00 0.430033
140 144 300.00 0.182887
141 140 300.00 1.425993
142 137 300.00 0.504940
142 159 300.00 0.226943
142 135 300.00 1.001037
143 137 300.00 0.427990
144 140 300.00 0.182887
144 577 300.00 0.256497
144 582 300.00 0.155223
145 146 300.00 0.114747
145 173 300.00 0.381040
145 611 300.00 0.122953
146 145 300.00 0.114747
146 147 300.00 0.091840
146 148 300.00 0.056170
147 146 300.00 0.091840
147 607 300.00 0.181780
148 146 300.00 0.056170
148 403 300.00 0.227280
148 610 300.00 0.087930
149 150 300.00 0.118433
149 402 300.00 0.202850
149 610 300.00 0.089550
149 611 300.00 0.244667
150 149 300.00 0.118433
150 151 300.00 0.458737
150 152 300.00 0.204717
150 153 300.00 0.675520
151 150 300.00 0.458737
151 175 300.00 0.116573
151 615 300.00 0.337817
152 150 300.00 0.204717
152 402 300.00 0.100210
152 119 300.00 0.331033
153 150 300.00 0.675520
153 155 300.00 0.344723
153 156 300.00 1.104277
153 157 300.00 0.608027
154 139 300.00 0.097733
155 153 300.00 0.344723
155 161 300.00 0.639830
155 162 300.00 0.225703
155 163 300.00 0.620483
156 153 300.00 1.104277
156 125 300.00 0.047520
157 153 300.00 0.608027
157 182 300.00 0.199563
157 181 300.00 0.156540
158 159 300.00 0.097913
159 158 300.00 0.097913
159 142 300.00 0.226943
159 160 300.00 0.555030
160 159 300.00 0.555030
160 178 300.00 0.039953
160 179 300.00 0.465837
161 155 300.00 0.639830
161 164 300.00 0.223487
161 165 300.00 0.221410
161 166 300.00 0.461007
162 155 300.00 0.225703
162 128 300.00 0.216280
162 164 300.00 0.640273
163 155 300.00 0.620483
163 182 300.00 0.536390
163 191 300.00 0.447860
164 161 300.00 0.223487
164 128 300.00 0.816317
164 162 300.00 0.640273
165 161 300.00 0.221410
165 184 300.00 0.653983
165 729 300.00 0.199393
166 161 300.00 0.461007
166 184 300.00 0.530863
166 190 300.00 0.287550
167 168 300.00 0.139370
167 171 300.00 0.165913
167 172 300.00 1.056620
168 167 300.00 0.139370
168 169 300.00 1.161407
168 170 300.00 0.354643
169 168 300.00 1.161407
169 215 300.00 0.025633
169 172 300.00 0.367270
170 168 300.00 0.354643
171 167 300.00 0.165913
171 176 300.00 0.288620
171 177 300.00 0.140820
172 167 300.00 1.056620
172 169 300.00 0.367270
172 222 300.00 0.120607
173 145 300.00 0.381040
173 174 300.00 0.173790
173 175 300.00 0.339970
174 173 300.00 0.173790
174 199 300.00 0.279433
174 180 300.00 0.351840
175 173 300.00 0.339970
175 180 300.00 0.181533
175 151 300.00 0.116573
175 181 300.00 0.351440
176 171 300.00 0.288620
176 193 300.00 0.109503
176 213 300.00 0.236137
177 171 300.00 0.140820
177 184 300.00 0.381680
177 192 300.00 0.297233
178 160 300.00 0.039953
178 196 300.00 0.820420
178 706 300.00 0.428913
179 160 300.00 0.465837
179 187 300.00 0.136747
179 575 300.00 0.321070
180 175 300.00 0.181533
180 201 300.00 0.271937
180 174 300.00 0.351840
181 175 300.00 0.351440
181 615 300.00 0.105100
181 157 300.00 0.156540
182 163 300.00 0.536390
182 157 300.00 0.199563
182 183 300.00 0.426747
183 182 300.00 0.426747
183 201 300.00 0.719307
183 191 300.00 0.691127
184 166 300.00 0.530863
184 177 300.00 0.381680
184 185 300.00 0.311223
184 165 300.00 0.653983
185 184 300.00 0.311223
185 192 300.00 0.373217
185 198 300.00 0.122807
186 187 300.00 0.262907
186 204 300.00 0.123403
186 205 300.00 0.257793
187 186 300.00 0.262907
187 188 300.00 0.480210
187 179 300.00 0.136747
187 189 300.00 0.341607
188 187 300.00 0.480210
188 705 300.00 0.021810
188 533 300.00 0.385063
189 187 300.00 0.341607
190 166 300.00 0.287550
190 206 300.00 0.015410
190 613 300.00 0.226320
191 163 300.00 0.447860
191 183 300.00 0.691127
191 217 300.00 0.362660
192 193 300.00 0.042237
192 185 300.00 0.373217
192 177 300.00 0.297233
193 192 300.00 0.042237
193 176 300.00 0.109503
193 194 300.00 0.137100
194 193 300.00 0.137100
194 633 300.00 0.174113
194 634 300.00 0.098530
195 196 300.00 0.692407
196 195 300.00 0.692407
196 197 300.00 0.152970
196 178 300.00 0.820420
197 196 300.00 0.152970
197 202 300.00 0.711783
197 203 300.00 0.132227
198 185 300.00 0.122807
198 220 300.00 0.117953
198 626 300.00 0.205113
199 174 300.00 0.279433
199 200 300.00 0.360487
199 201 300.00 0.356347
200 199 300.00 0.360487
200 209 300.00 0.326657
200 221 300.00 0.100987
201 199 300.00 0.356347
201 180 300.00 0.271937
201 209 300.00 0.370130
201 183 300.00 0.719307
202 197 300.00 0.711783
203 197 300.00 0.132227
203 210 300.00 0.083963
203 542 300.00 0.627597
204 186 300.00 0.123403
204 526 300.00 0.113393
204 538 300.00 0.208313
205 186 300.00 0.257793
206 190 300.00 0.015410
206 207 300.00 0.522390
206 208 300.00 0.281480
207 206 300.00 0.522390
207 219 300.00 0.239337
207 666 300.00 0.394850
208 206 300.00 0.281480
208 223 300.00 0.233540
208 612 300.00 0.196710
209 201 300.00 0.370130
209 200 300.00 0.326657
209 224 300.00 0.450907
210 203 300.00 0.083963
210 211 300.00 0.612673
210 212 300.00 0.305443
211 210 300.00 0.612673
212 210 300.00 0.305443
213 214 300.00 0.301983
213 176 300.00 0.236137
213 634 300.00 0.117693
214 213 300.00 0.301983
215 169 300.00 0.025633
215 4 300.00 0.321513
215 216 300.00 0.940130
216 215 300.00 0.940130
216 248 300.00 0.908473
216 249 300.00 0.045167
217 191 300.00 0.362660
217 9 300.00 0.232060
217 223 300.00 0.627870
218 219 300.00 0.220943
218 628 300.00 0.199083
218 234 300.00 0.163170
219 218 300.00 0.220943
219 220 300.00 0.075553
219 207 300.00 0.239337
220 219 300.00 0.075553
220 198 300.00 0.117953
220 627 300.00 0.195760
221 200 300.00 0.100987
221 239 300.00 0.353887
221 665 300.00 0.022703
222 172 300.00 0.120607
222 226 300.00 0.201090
222 637 300.00 0.190550
223 217 300.00 0.627870
223 232 300.00 0.157570
223 208 300.00 0.233540
223 233 300.00 0.354140
224 209 300.00 0.450907
224 239 300.00 0.337740
224 240 300.00 0.227470
224 11 300.00 1.338790
225 226 300.00 0.213800
225 235 300.00 0.311533
225 427 300.00 0.178567
226 225 300.00 0.213800
226 227 300.00 0.366963
226 222 300.00 0.201090
226 228 300.00 0.152777
227 226 300.00 0.366963
227 234 300.00 0.146573
227 235 300.00 0.222837
228 226 300.00 0.152777
228 629 300.00 0.195987
228 630 300.00 0.120783
229 230 300.00 0.049243
229 524 300.00 0.073533
229 540 300.00 0.611877
230 229 300.00 0.049243
230 231 300.00 0.026747
231 521 300.00 0.506237
231 682 300.00 0.023513
231 523 300.00 0.063840
232 223 300.00 0.157570
233 223 300.00 0.354140
233 12 300.00 0.332930
233 236 300.00 0.442123
234 227 300.00 0.146573
234 237 300.00 0.063610
234 218 300.00 0.163170
235 227 300.00 0.222837
235 225 300.00 0.311533
235 426 300.00 0.186087
236 237 300.00 0.210953
236 233 300.00 0.442123
236 425 300.00 0.060257
237 236 300.00 0.210953
237 234 300.00 0.063610
237 238 300.00 0.402407
238 237 300.00 0.402407
238 250 300.00 0.171387
238 251 300.00 0.340213
239 224 300.00 0.337740
239 269 300.00 0.475703
239 221 300.00 0.353887
240 224 300.00 0.227470
240 288 300.00 0.689430
240 646 300.00 0.272790
241 242 300.00 0.195890
241 245 300.00 0.238420
241 513 300.00 0.175290
242 241 300.00 0.195890
242 243 300.00 0.077887
242 244 300.00 0.166150
243 242 300.00 0.077887
243 515 300.00 0.086893
243 516 300.00 0.438813
244 242 300.00 0.166150
244 512 300.00 0.162677
244 510 300.00 0.023567
245 241 300.00 0.238420
245 246 300.00 0.029493
245 247 300.00 0.071683
246 245 300.00 0.029493
246 682 300.00 0.480417
247 507 300.00 0.235993
247 246 300.00 0.061720
248 216 300.00 0.908473
248 266 300.00 0.069827
248 256 300.00 0.184937
249 216 300.00 0.045167
249 319 300.00 1.178367
249 711 300.00 0.282040
250 238 300.00 0.171387
250 271 300.00 0.380633
250 260 300.00 0.176070
251 238 300.00 0.340213
251 270 300.00 0.026167
251 253 300.00 0.378907
252 11 300.00 0.361457
252 277 300.00 0.153680
252 422 300.00 0.024660
253 254 300.00 0.053480
253 251 300.00 0.378907
253 426 300.00 0.300007
254 253 300.00 0.053480
254 255 300.00 0.237057
254 256 300.00 0.216600
255 254 300.00 0.237057
255 265 300.00 0.546183
255 266 300.00 0.117260
255 267 300.00 0.194180
256 254 300.00 0.216600
256 427 300.00 0.190233
256 248 300.00 0.184937
257 258 300.00 0.408113
257 279 300.00 0.217850
257 280 300.00 0.167007
257 281 300.00 0.159757
258 257 300.00 0.408113
258 259 300.00 0.173183
258 260 300.00 0.155997
259 258 300.00 0.173183
259 263 300.00 0.343333
259 264 300.00 0.219440
260 258 300.00 0.155997
260 250 300.00 0.176070
260 281 300.00 0.396947
261 262 300.00 0.027930
261 269 300.00 0.337440
261 645 300.00 0.349540
262 261 300.00 0.027930
263 259 300.00 0.343333
263 280 300.00 0.080890
263 424 300.00 0.168523
264 259 300.00 0.219440
264 289 300.00 0.355773
264 424 300.00 0.268893
265 255 300.00 0.546183
265 270 300.00 0.176657
265 272 300.00 0.183560
266 255 300.00 0.117260
266 248 300.00 0.069827
266 428 300.00 0.083513
267 255 300.00 0.194180
267 272 300.00 0.604627
267 273 300.00 0.205560
268 269 300.00 0.332080
268 287 300.00 0.106883
268 717 300.00 0.022960
269 268 300.00 0.332080
269 261 300.00 0.337440
269 239 300.00 0.475703
270 251 300.00 0.026167
270 271 300.00 0.180843
270 265 300.00 0.176657
271 270 300.00 0.180843
271 307 300.00 0.571860
271 250 300.00 0.380633
271 281 300.00 0.168200
272 267 300.00 0.604627
272 265 300.00 0.183560
272 293 300.00 0.194453
273 267 300.00 0.205560
273 274 300.00 0.116957
273 275 300.00 0.239183
274 273 300.00 0.116957
274 291 300.00 0.224243
274 327 300.00 0.266710
275 273 300.00 0.239183
275 291 300.00 0.105680
275 292 300.00 0.181183
276 277 300.00 0.124290
276 283 300.00 0.160330
276 300 300.00 0.326783
277 276 300.00 0.124290
277 252 300.00 0.153680
277 278 300.00 0.359550
278 277 300.00 0.359550
278 300 300.00 0.107077
278 301 300.00 0.169283
279 257 300.00 0.217850
279 303 300.00 0.170433
279 308 300.00 0.160640
280 257 300.00 0.167007
280 285 300.00 0.297653
280 263 300.00 0.080890
281 257 300.00 0.159757
281 308 300.00 0.218493
281 271 300.00 0.168200
281 260 300.00 0.396947
282 283 300.00 0.323667
282 304 300.00 0.172457
282 300 300.00 0.159557
282 290 300.00 0.338867
283 282 300.00 0.323667
283 276 300.00 0.160330
283 284 300.00 0.337077
284 283 300.00 0.337077
284 289 300.00 0.351663
284 290 300.00 0.322180
285 280 300.00 0.297653
285 302 300.00 0.362197
285 297 300.00 0.187793
285 303 300.00 0.182180
286 287 300.00 0.110487
286 650 300.00 0.111393
287 286 300.00 0.110487
287 268 300.00 0.106883
287 288 300.00 0.340793
288 287 300.00 0.340793
288 294 300.00 0.466833
288 240 300.00 0.689430
289 284 300.00 0.351663
289 295 300.00 0.136007
289 264 300.00 0.355773
290 284 300.00 0.322180
290 282 300.00 0.338867
290 298 300.00 0.339137
290 310 300.00 0.169207
291 275 300.00 0.105680
291 328 300.00 0.459393
291 274 300.00 0.224243
292 275 300.00 0.181183
292 296 300.00 0.560983
292 293 300.00 0.196320
293 272 300.00 0.194453
293 292 300.00 0.196320
293 299 300.00 0.111190
294 288 300.00 0.466833
294 349 300.00 0.435777
294 344 300.00 0.339240
295 289 300.00 0.136007
295 297 300.00 0.275963
295 298 300.00 0.186510
296 292 300.00 0.560983
296 331 300.00 0.115073
296 335 300.00 0.198263
296 336 300.00 0.835827
297 295 300.00 0.275963
297 285 300.00 0.187793
297 322 300.00 0.263050
297 424 300.00 0.289570
298 295 300.00 0.186510
298 290 300.00 0.339137
298 321 300.00 0.169790
298 322 300.00 0.182343
299 293 300.00 0.111190
299 313 300.00 0.035977
300 278 300.00 0.107077
300 282 300.00 0.159557
300 276 300.00 0.326783
301 278 300.00 0.169283
301 304 300.00 0.257200
301 323 300.00 0.550287
302 285 300.00 0.362197
302 332 300.00 0.185597
302 322 300.00 0.166660
302 333 300.00 0.172977
303 285 300.00 0.182180
303 305 300.00 0.198407
303 306 300.00 0.192033
303 279 300.00 0.170433
304 282 300.00 0.172457
304 301 300.00 0.257200
304 310 300.00 0.335560
304 329 300.00 0.225937
305 303 300.00 0.198407
305 333 300.00 0.253690
305 351 300.00 0.161443
306 303 300.00 0.192033
306 307 300.00 0.189133
306 308 300.00 0.262107
306 309 300.00 0.268447
307 306 300.00 0.189133
307 311 300.00 0.146850
307 312 300.00 0.303517
307 271 300.00 0.571860
308 306 300.00 0.262107
308 279 300.00 0.160640
308 281 300.00 0.218493
309 306 300.00 0.268447
309 351 300.00 0.019143
309 356 300.00 0.168820
310 290 300.00 0.169207
310 304 300.00 0.335560
310 321 300.00 0.339443
310 330 300.00 0.168623
311 307 300.00 0.146850
311 313 300.00 0.026477
311 364 300.00 0.375427
312 307 300.00 0.303517
312 356 300.00 0.056383
312 364 300.00 0.163620
313 311 300.00 0.026477
313 314 300.00 0.071997
314 347 300.00 0.335330
314 299 300.00 0.011997
315 316 300.00 0.037067
315 317 300.00 0.051517
316 688 300.00 0.044627
316 678 300.00 0.210890
317 498 300.00 0.106343
317 316 300.00 0.052557
318 319 300.00 0.532640
318 484 300.00 0.686120
318 498 300.00 0.523273
319 318 300.00 0.532640
319 249 300.00 1.178367
319 320 300.00 0.102647
320 319 300.00 0.102647
320 673 300.00 0.030367
321 298 300.00 0.169790
321 310 300.00 0.339443
321 334 300.00 0.032167
322 298 300.00 0.182343
322 302 300.00 0.166660
322 297 300.00 0.263050
323 301 300.00 0.550287
323 329 300.00 0.178983
323 376 300.00 0.259363
324 325 300.00 0.159427
325 324 300.00 0.159427
325 326 300.00 0.196737
325 327 300.00 0.186513
325 328 300.00 0.200650
326 325 300.00 0.196737
326 433 300.00 0.173040
326 442 300.00 0.203520
327 325 300.00 0.186513
327 274 300.00 0.266710
327 429 300.00 0.145280
328 325 300.00 0.200650
328 331 300.00 0.064243
328 291 300.00 0.459393
329 304 300.00 0.225937
329 330 300.00 0.265710
329 323 300.00 0.178983
330 310 300.00 0.168623
330 329 300.00 0.265710
330 339 300.00 0.336263
330 340 300.00 0.231253
331 328 300.00 0.064243
331 296 300.00 0.115073
331 435 300.00 0.797623
332 302 300.00 0.185597
332 361 300.00 0.048283
332 334 300.00 0.274817
333 302 300.00 0.172977
333 305 300.00 0.253690
333 337 300.00 0.406597
333 338 300.00 0.168667
334 321 300.00 0.032167
334 346 300.00 0.008730
334 332 300.00 0.274817
335 296 300.00 0.198263
335 347 300.00 0.113737
335 348 300.00 0.042423
336 296 300.00 0.835827
336 438 300.00 0.216643
336 441 300.00 0.078857
337 333 300.00 0.406597
337 362 300.00 0.031853
337 368 300.00 0.127133
338 333 300.00 0.168667
338 351 300.00 0.251980
338 352 300.00 0.415330
338 353 300.00 0.163963
339 330 300.00 0.336263
339 345 300.00 0.051640
339 346 300.00 0.133023
340 330 300.00 0.231253
340 423 300.00 0.337997
340 376 300.00 0.073033
341 342 300.00 0.222813
342 341 300.00 0.222813
342 343 300.00 0.219790
342 344 300.00 0.214670
343 342 300.00 0.219790
343 349 300.00 0.332730
343 359 300.00 0.341210
343 363 300.00 0.428233
344 342 300.00 0.214670
344 648 300.00 0.350473
344 649 300.00 0.134153
344 294 300.00 0.339240
345 339 300.00 0.051640
345 354 300.00 0.172617
345 355 300.00 0.211597
346 339 300.00 0.133023
346 334 300.00 0.008730
346 361 300.00 0.271503
347 335 300.00 0.113737
347 430 300.00 0.313827
347 314 300.00 0.335330
348 335 300.00 0.042423
348 449 300.00 0.031527
348 719 300.00 0.284280
349 343 300.00 0.332730
349 350 300.00 0.613340
349 294 300.00 0.435777
350 349 300.00 0.613340
350 369 300.00 0.132433
350 370 300.00 0.083487
350 371 300.00 0.382093
351 338 300.00 0.251980
351 305 300.00 0.161443
351 309 300.00 0.019143
352 338 300.00 0.415330
352 368 300.00 0.045750
352 373 300.00 0.136027
353 338 300.00 0.163963
353 356 300.00 0.268693
353 357 300.00 0.167940
353 358 300.00 0.418327
354 345 300.00 0.172617
354 423 300.00 0.057647
354 367 300.00 0.285013
355 345 300.00 0.211597
355 361 300.00 0.178073
355 362 300.00 0.133540
356 353 300.00 0.268693
356 312 300.00 0.056383
356 309 300.00 0.168820
357 353 300.00 0.167940
357 364 300.00 0.328313
357 365 300.00 0.417213
357 366 300.00 0.035120
358 353 300.00 0.418327
358 373 300.00 0.024473
358 365 300.00 0.167130
359 343 300.00 0.341210
359 360 300.00 0.090600
360 359 300.00 0.090600
360 651 300.00 0.022423
360 652 300.00 0.137133
361 355 300.00 0.178073
361 346 300.00 0.271503
361 332 300.00 0.048283
362 355 300.00 0.133540
362 367 300.00 0.159663
362 337 300.00 0.031853
363 343 300.00 0.428233
363 381 300.00 0.105767
363 369 300.00 0.249447
364 357 300.00 0.328313
364 312 300.00 0.163620
364 311 300.00 0.375427
364 431 300.00 0.123797
365 357 300.00 0.417213
365 358 300.00 0.167130
365 379 300.00 0.121023
366 357 300.00 0.035120
366 430 300.00 0.361500
366 448 300.00 0.344717
367 362 300.00 0.159663
367 354 300.00 0.285013
367 380 300.00 0.087383
368 337 300.00 0.127133
368 372 300.00 0.401700
368 352 300.00 0.045750
369 350 300.00 0.132433
369 363 300.00 0.249447
370 350 300.00 0.083487
370 384 300.00 0.144013
370 654 300.00 0.349420
371 350 300.00 0.382093
371 388 300.00 0.324847
371 389 300.00 0.380447
372 368 300.00 0.401700
372 377 300.00 0.166103
372 378 300.00 0.181453
373 352 300.00 0.136027
373 358 300.00 0.024473
373 378 300.00 0.377510
374 375 300.00 0.187870
374 423 300.00 0.028360
374 380 300.00 0.257570
375 374 300.00 0.187870
375 376 300.00 0.381087
375 377 300.00 0.192050
376 375 300.00 0.381087
376 323 300.00 0.259363
376 340 300.00 0.073033
377 375 300.00 0.192050
377 380 300.00 0.165223
377 372 300.00 0.166103
378 373 300.00 0.377510
378 372 300.00 0.181453
378 382 300.00 0.181180
379 365 300.00 0.121023
379 382 300.00 0.240737
379 447 300.00 0.183827
380 377 300.00 0.165223
380 367 300.00 0.087383
380 374 300.00 0.257570
381 363 300.00 0.105767
382 378 300.00 0.181180
382 383 300.00 0.146700
382 379 300.00 0.240737
383 382 300.00 0.146700
384 385 300.00 0.081997
384 370 300.00 0.144013
384 655 300.00 0.341263
385 384 300.00 0.081997
385 386 300.00 0.064463
385 387 300.00 0.327047
386 385 300.00 0.064463
386 657 300.00 0.120340
386 728 300.00 0.168733
387 385 300.00 0.327047
388 371 300.00 0.324847
388 390 300.00 0.393947
388 391 300.00 0.067693
388 392 300.00 0.201090
389 371 300.00 0.380447
389 393 300.00 0.383133
389 394 300.00 0.219310
390 388 300.00 0.393947
390 394 300.00 0.095330
390 395 300.00 0.177157
390 396 300.00 0.363647
391 388 300.00 0.067693
391 657 300.00 0.119350
391 659 300.00 0.258980
392 388 300.00 0.201090
393 389 300.00 0.383133
393 396 300.00 0.323720
393 397 300.00 0.381553
394 389 300.00 0.219310
394 390 300.00 0.095330
394 656 300.00 0.234070
395 390 300.00 0.177157
396 390 300.00 0.363647
396 393 300.00 0.323720
396 398 300.00 0.188953
396 397 300.00 0.707620
397 393 300.00 0.381553
397 396 300.00 0.707620
398 396 300.00 0.188953
399 400 300.00 0.019550
399 416 300.00 0.624923
399 406 300.00 0.034803
400 399 300.00 0.019550
400 401 300.00 0.120060
401 695 300.00 0.021037
401 697 300.00 0.525330
402 152 300.00 0.100210
402 403 300.00 0.174917
402 149 300.00 0.202850
403 402 300.00 0.174917
403 148 300.00 0.227280
403 607 300.00 0.065260
404 37 300.00 0.428710
405 27 300.00 0.310810
405 570 300.00 0.032670
405 571 300.00 0.034013
406 407 300.00 0.089060
406 400 300.00 0.034657
407 406 300.00 0.089060
407 408 300.00 0.362717
407 409 300.00 0.267053
408 407 300.00 0.362717
409 407 300.00 0.267053
409 410 300.00 0.249870
409 411 300.00 0.296013
410 409 300.00 0.249870
410 419 300.00 0.684087
410 694 300.00 0.990777
411 409 300.00 0.296013
412 413 300.00 0.334453
413 412 300.00 0.334453
413 414 300.00 0.378367
413 415 300.00 0.494327
413 416 300.00 0.786110
414 413 300.00 0.378367
414 415 300.00 0.855087
414 416 300.00 0.507970
415 413 300.00 0.494327
415 414 300.00 0.855087
415 679 300.00 0.832337
416 413 300.00 0.786110
416 414 300.00 0.507970
416 399 300.00 0.624923
417 418 300.00 0.223047
417 419 300.00 0.886113
417 420 300.00 1.034533
418 417 300.00 0.223047
419 417 300.00 0.886113
419 410 300.00 0.684087
419 421 300.00 0.441887
420 417 300.00 1.034533
420 644 300.00 0.422453
421 419 300.00 0.441887
422 252 300.00 0.024660
423 340 300.00 0.337997
423 374 300.00 0.028360
423 354 300.00 0.057647
424 297 300.00 0.289570
424 264 300.00 0.268893
424 263 300.00 0.168523
425 236 300.00 0.060257
426 235 300.00 0.186087
426 427 300.00 0.283153
426 253 300.00 0.300007
427 225 300.00 0.178567
427 256 300.00 0.190233
427 426 300.00 0.283153
428 266 300.00 0.083513
429 327 300.00 0.145280
430 347 300.00 0.313827
430 366 300.00 0.361500
430 431 300.00 0.072590
431 364 300.00 0.123797
431 430 300.00 0.072590
431 432 300.00 0.093207
432 431 300.00 0.093207
433 434 300.00 0.337367
433 326 300.00 0.173040
433 443 300.00 0.183007
434 433 300.00 0.337367
434 435 300.00 0.196923
434 436 300.00 0.208510
435 434 300.00 0.196923
435 441 300.00 0.122077
435 331 300.00 0.797623
436 434 300.00 0.208510
436 443 300.00 0.263083
436 445 300.00 0.601070
437 438 300.00 0.350433
437 450 300.00 0.346353
437 456 300.00 0.663160
438 437 300.00 0.350433
438 336 300.00 0.216643
438 439 300.00 0.332087
438 440 300.00 0.495453
439 438 300.00 0.332087
439 473 300.00 0.173347
439 474 300.00 0.097247
439 475 300.00 0.283767
440 438 300.00 0.495453
440 451 300.00 0.164673
440 726 300.00 0.536727
441 336 300.00 0.078857
441 435 300.00 0.122077
441 476 300.00 0.158127
442 326 300.00 0.203520
443 433 300.00 0.183007
443 444 300.00 0.059463
443 436 300.00 0.263083
444 443 300.00 0.059463
445 436 300.00 0.601070
446 447 300.00 0.335987
446 452 300.00 0.349967
446 454 300.00 0.242693
446 455 300.00 0.872943
447 446 300.00 0.335987
447 379 300.00 0.183827
447 448 300.00 0.490123
448 447 300.00 0.490123
448 450 300.00 0.670377
448 366 300.00 0.344717
448 456 300.00 0.339473
449 450 300.00 0.149030
449 718 300.00 0.285257
449 348 300.00 0.031527
450 449 300.00 0.149030
450 437 300.00 0.346353
450 448 300.00 0.670377
451 452 300.00 0.497500
451 461 300.00 0.123697
451 468 300.00 0.178127
451 440 300.00 0.164673
452 451 300.00 0.497500
452 446 300.00 0.349967
452 453 300.00 0.452777
453 452 300.00 0.452777
454 446 300.00 0.242693
454 457 300.00 0.162140
454 456 300.00 0.252043
455 446 300.00 0.872943
456 437 300.00 0.663160
456 454 300.00 0.252043
456 468 300.00 0.166480
456 448 300.00 0.339473
457 454 300.00 0.162140
458 459 300.00 0.131327
458 461 300.00 0.320247
458 462 300.00 0.093990
459 458 300.00 0.131327
460 461 300.00 0.101560
460 464 300.00 0.107520
460 462 300.00 0.323640
461 460 300.00 0.101560
461 451 300.00 0.123697
461 458 300.00 0.320247
462 463 300.00 0.125603
462 460 300.00 0.323640
462 458 300.00 0.093990
463 462 300.00 0.125603
464 460 300.00 0.107520
464 471 300.00 0.229913
464 472 300.00 0.428033
465 466 300.00 0.187330
465 467 300.00 0.194077
465 468 300.00 0.040300
466 465 300.00 0.187330
467 465 300.00 0.194077
468 465 300.00 0.040300
468 451 300.00 0.178127
468 456 300.00 0.166480
469 470 300.00 0.344687
469 494 300.00 0.183430
469 471 300.00 0.133203
469 644 300.00 0.191403
470 469 300.00 0.344687
471 464 300.00 0.229913
471 469 300.00 0.133203
471 687 300.00 0.377240
472 464 300.00 0.428033
472 474 300.00 0.135183
472 687 300.00 0.255823
473 439 300.00 0.173347
473 479 300.00 0.763367
473 480 300.00 0.537790
474 439 300.00 0.097247
474 496 300.00 0.277830
474 472 300.00 0.135183
475 482 300.00 0.521670
475 477 300.00 0.032507
475 664 300.00 0.343043
476 441 300.00 0.158127
476 477 300.00 0.268600
476 478 300.00 0.625467
477 476 300.00 0.268600
477 475 300.00 0.032507
477 439 300.00 0.285123
478 476 300.00 0.625467
479 473 300.00 0.763367
479 482 300.00 0.404857
479 481 300.00 0.451030
480 473 300.00 0.537790
480 497 300.00 0.402373
480 491 300.00 0.327600
481 482 300.00 1.043143
481 479 300.00 0.451030
481 483 300.00 0.873343
481 487 300.00 1.071430
482 481 300.00 1.043143
482 475 300.00 0.521670
482 479 300.00 0.404857
483 481 300.00 0.873343
483 484 300.00 0.657607
483 485 300.00 1.041883
484 483 300.00 0.657607
484 318 300.00 0.686120
484 714 300.00 0.321827
485 483 300.00 1.041883
485 486 300.00 0.401857
485 490 300.00 0.310830
486 487 300.00 0.202727
486 489 300.00 0.336630
486 485 300.00 0.401857
487 486 300.00 0.202727
487 488 300.00 0.267787
487 481 300.00 1.071430
488 487 300.00 0.267787
489 486 300.00 0.336630
490 485 300.00 0.310830
491 492 300.00 1.009360
491 497 300.00 0.207623
491 480 300.00 0.327600
492 491 300.00 1.009360
493 494 300.00 0.260180
493 495 300.00 0.425917
493 496 300.00 0.169997
494 493 300.00 0.260180
494 469 300.00 0.183430
494 495 300.00 0.351290
495 494 300.00 0.351290
495 493 300.00 0.425917
495 497 300.00 0.290910
496 493 300.00 0.169997
496 686 300.00 0.050293
496 474 300.00 0.277830
496 687 300.00 0.176307
497 495 300.00 0.290910
497 491 300.00 0.207623
497 480 300.00 0.402373
498 318 300.00 0.523273
498 499 300.00 0.237400
498 317 300.00 0.106343
499 498 300.00 0.237400
499 500 300.00 0.707800
499 501 300.00 0.297397
500 499 300.00 0.707800
500 502 300.00 0.468717
500 503 300.00 0.463660
501 499 300.00 0.297397
502 500 300.00 0.468717
502 504 300.00 0.537043
502 505 300.00 0.351733
503 500 300.00 0.463660
504 502 300.00 0.537043
505 502 300.00 0.351733
506 507 300.00 0.294863
506 509 300.00 0.195593
506 512 300.00 0.121813
507 506 300.00 0.294863
507 508 300.00 0.086917
507 247 300.00 0.235993
508 507 300.00 0.086917
508 674 300.00 0.189817
509 506 300.00 0.195593
509 510 300.00 0.130107
509 511 300.00 0.055127
510 509 300.00 0.130107
510 708 300.00 0.095327
510 244 300.00 0.023567
511 509 300.00 0.055127
512 506 300.00 0.121813
512 513 300.00 0.038963
512 244 300.00 0.162677
513 512 300.00 0.038963
513 514 300.00 0.093943
513 241 300.00 0.175290
514 513 300.00 0.093943
515 243 300.00 0.086893
515 517 300.00 0.087253
515 518 300.00 0.440830
516 243 300.00 0.438813
516 245 300.00 0.085110
517 515 300.00 0.087253
517 519 300.00 0.084547
517 520 300.00 0.441703
518 515 300.00 0.440830
518 516 300.00 0.083470
519 517 300.00 0.084547
519 521 300.00 0.084763
519 522 300.00 0.443923
520 517 300.00 0.441703
520 518 300.00 0.082943
521 519 300.00 0.084763
521 523 300.00 0.446683
521 231 300.00 0.506237
522 519 300.00 0.443923
522 520 300.00 0.086937
523 521 300.00 0.446683
523 522 300.00 0.081203
524 229 300.00 0.073533
524 525 300.00 0.397707
524 526 300.00 0.186410
525 524 300.00 0.397707
526 524 300.00 0.186410
526 204 300.00 0.113393
526 539 300.00 0.203503
527 528 300.00 0.079633
527 531 300.00 0.236603
527 534 300.00 0.484013
528 527 300.00 0.079633
528 529 300.00 0.135253
528 530 300.00 0.548483
529 528 300.00 0.135253
529 535 300.00 0.254063
529 536 300.00 0.450853
530 528 300.00 0.548483
531 532 300.00 0.549773
531 527 300.00 0.236603
531 533 300.00 0.093373
532 531 300.00 0.549773
533 531 300.00 0.093373
533 188 300.00 0.385063
533 7 300.00 0.651643
534 527 300.00 0.484013
535 529 300.00 0.254063
536 529 300.00 0.450853
537 4 300.00 0.298813
537 684 300.00 1.638187
537 685 300.00 0.838277
538 204 300.00 0.208313
539 526 300.00 0.203503
540 229 300.00 0.611877
540 541 300.00 1.785597
540 700 300.00 0.593190
541 540 300.00 1.785597
542 203 300.00 0.627597
543 135 300.00 0.101573
543 134 300.00 0.211610
543 545 300.00 0.025560
544 124 300.00 0.041060
545 543 300.00 0.025560
546 134 300.00 0.085760
546 550 300.00 0.229067
546 702 300.00 0.203470
547 133 300.00 0.214367
547 551 300.00 0.391150
547 0 300.00 0.272457
548 549 300.00 0.348727
548 550 300.00 0.298727
548 689 300.00 0.214650
549 548 300.00 0.348727
550 546 300.00 0.229067
550 548 300.00 0.298727
550 129 300.00 0.663053
551 547 300.00 0.391150
551 552 300.00 0.155090
551 553 300.00 0.348043
552 551 300.00 0.155090
553 551 300.00 0.348043
554 88 300.00 0.028290
554 555 300.00 0.730447
554 86 300.00 0.192130
555 554 300.00 0.730447
556 86 300.00 0.765330
556 99 300.00 0.256063
556 557 300.00 0.210787
557 556 300.00 0.210787
558 99 300.00 0.236720
559 66 300.00 0.027473
559 67 300.00 0.337017
559 661 300.00 0.784253
560 87 300.00 0.119697
560 668 300.00 0.051747
560 662 300.00 0.033157
561 562 300.00 0.033967
561 563 300.00 0.842533
562 667 300.00 0.031200
562 565 300.00 0.250733
563 561 300.00 0.842533
564 565 300.00 0.029273
565 564 300.00 0.029273
565 566 300.00 0.128613
566 20 300.00 0.030220
566 17 300.00 0.209187
567 25 300.00 0.134770
567 568 300.00 0.024790
568 567 300.00 0.024790
569 25 300.00 0.028800
570 405 300.00 0.032670
571 405 300.00 0.034013
572 29 300.00 0.148343
573 15 300.00 0.023297
574 24 300.00 0.322497
575 179 300.00 0.321070
576 577 300.00 0.077593
576 707 300.00 0.408073
576 580 300.00 0.183913
577 576 300.00 0.077593
577 144 300.00 0.256497
577 578 300.00 0.210243
578 577 300.00 0.210243
579 7 300.00 0.293037
579 580 300.00 0.101000
579 581 300.00 0.192137
580 579 300.00 0.101000
580 576 300.00 0.183913
580 725 300.00 0.178597
581 579 300.00 0.192137
582 144 300.00 0.155223
583 75 300.00 0.129090
584 75 300.00 0.283873
585 71 300.00 0.239927
585 586 300.00 0.292933
585 587 300.00 0.672663
586 585 300.00 0.292933
586 588 300.00 0.254717
586 587 300.00 0.287263
587 585 300.00 0.672663
587 586 300.00 0.287263
587 693 300.00 0.689310
588 586 300.00 0.254717
589 45 300.00 0.360240
590 591 300.00 0.079657
590 592 300.00 0.080907
590 43 300.00 0.201687
591 590 300.00 0.079657
592 590 300.00 0.080907
593 47 300.00 0.165037
593 595 300.00 0.547407
593 596 300.00 0.168453
594 47 300.00 0.595963
595 593 300.00 0.547407
596 593 300.00 0.168453
597 42 300.00 0.084550
597 598 300.00 0.144540
597 683 300.00 0.045437
598 597 300.00 0.144540
599 62 300.00 0.250997
600 601 300.00 0.082490
600 85 300.00 0.480473
600 640 300.00 0.664770
601 600 300.00 0.082490
601 77 300.00 0.364300
602 104 300.00 0.147610
603 604 300.00 0.107153
603 606 300.00 0.205840
603 107 300.00 0.326523
603 121 300.00 0.336810
604 603 300.00 0.107153
604 605 300.00 0.019860
604 118 300.00 0.266910
605 604 300.00 0.019860
606 603 300.00 0.205840
606 97 300.00 0.331697
607 114 300.00 0.336003
607 403 300.00 0.065260
607 147 300.00 0.181780
608 112 300.00 0.036587
609 115 300.00 0.033557
610 148 300.00 0.087930
610 149 300.00 0.089550
610 611 300.00 0.168043
611 610 300.00 0.168043
611 149 300.00 0.244667
611 145 300.00 0.122953
612 208 300.00 0.196710
612 613 300.00 0.367443
612 614 300.00 0.118863
613 612 300.00 0.367443
613 642 300.00 0.342473
613 643 300.00 0.103570
613 190 300.00 0.226320
614 612 300.00 0.118863
615 181 300.00 0.105100
615 151 300.00 0.337817
615 616 300.00 0.121767
616 615 300.00 0.121767
616 617 300.00 0.138163
616 618 300.00 0.226130
617 616 300.00 0.138163
618 616 300.00 0.226130
619 622 300.00 0.031257
619 623 300.00 0.015847
619 624 300.00 0.369527
620 127 300.00 0.181983
621 127 300.00 0.665667
622 619 300.00 0.031257
622 120 300.00 0.287803
623 619 300.00 0.015847
624 721 300.00 0.143613
624 641 300.00 0.470493
625 12 300.00 0.274640
626 198 300.00 0.205113
627 220 300.00 0.195760
628 218 300.00 0.199083
629 228 300.00 0.195987
630 228 300.00 0.120783
630 631 300.00 0.201070
630 632 300.00 0.135450
631 630 300.00 0.201070
632 630 300.00 0.135450
632 635 300.00 0.028370
632 716 300.00 0.190303
633 194 300.00 0.174113
634 194 300.00 0.098530
634 635 300.00 0.034150
634 213 300.00 0.117693
635 634 300.00 0.034150
635 632 300.00 0.028370
635 636 300.00 0.175520
636 635 300.00 0.175520
637 222 300.00 0.190550
638 95 300.00 0.263750
638 669 300.00 0.029950
639 95 300.00 0.302797
639 641 300.00 0.029593
639 622 300.00 0.842747
640 641 300.00 0.712613
640 79 300.00 0.356160
640 600 300.00 0.664770
641 640 300.00 0.712613
641 639 300.00 0.029593
641 84 300.00 0.234603
642 613 300.00 0.342473
643 613 300.00 0.103570
644 469 300.00 0.191403
644 420 300.00 0.422453
645 261 300.00 0.349540
646 240 300.00 0.272790
647 648 300.00 0.077817
647 652 300.00 0.130770
647 727 300.00 0.021580
648 647 300.00 0.077817
648 344 300.00 0.350473
649 344 300.00 0.134153
649 650 300.00 0.109590
650 649 300.00 0.109590
650 286 300.00 0.111393
651 360 300.00 0.022423
652 360 300.00 0.137133
652 647 300.00 0.130770
652 653 300.00 0.024600
653 652 300.00 0.024600
654 370 300.00 0.349420
655 384 300.00 0.341263
656 394 300.00 0.234070
657 391 300.00 0.119350
657 386 300.00 0.120340
657 658 300.00 0.283667
658 657 300.00 0.283667
659 391 300.00 0.258980
660 54 300.00 0.428593
660 56 300.00 0.032073
661 559 300.00 0.784253
662 560 300.00 0.033157
662 559 300.00 0.262457
663 103 300.00 0.029000
664 691 300.00 0.033347
665 221 300.00 0.022703
666 207 300.00 0.394850
667 562 300.00 0.031200
667 55 300.00 0.619797
668 560 300.00 0.051747
669 638 300.00 0.029950
669 83 300.00 0.074753
670 79 300.00 1.291017
670 70 300.00 0.401530
670 692 300.00 0.106693
671 70 300.00 0.117513
672 673 300.00 0.028243
672 676 300.00 0.235543
672 320 300.00 0.039590
673 672 300.00 0.028243
673 315 300.00 0.400677
674 675 300.00 0.034613
674 676 300.00 0.641280
674 677 300.00 0.238900
675 674 300.00 0.034613
675 508 300.00 0.174093
676 672 300.00 0.235543
676 677 300.00 0.403973
676 674 300.00 0.641280
677 676 300.00 0.403973
677 678 300.00 0.032253
677 688 300.00 0.177563
678 677 300.00 0.032253
678 675 300.00 0.240080
679 415 300.00 0.832337
679 680 300.00 0.495967
679 681 300.00 0.863540
680 679 300.00 0.495967
680 681 300.00 0.383697
681 679 300.00 0.863540
681 680 300.00 0.383697
682 231 300.00 0.023513
682 230 300.00 0.023660
683 597 300.00 0.045437
684 537 300.00 1.638187
684 685 300.00 0.686613
685 537 300.00 0.838277
685 684 300.00 0.686613
686 496 300.00 0.050293
687 496 300.00 0.176307
687 471 300.00 0.377240
687 472 300.00 0.255823
688 672 300.00 0.413323
689 548 300.00 0.214650
690 6 300.00 0.540937
691 664 300.00 0.033347
691 477 300.00 0.342630
692 670 300.00 0.106693
693 587 300.00 0.689310
694 410 300.00 0.990777
695 399 300.00 0.122007
695 401 300.00 0.021037
696 697 300.00 0.020470
696 695 300.00 0.523867
697 696 300.00 0.020470
697 698 300.00 0.245420
698 699 300.00 0.020030
699 696 300.00 0.245310
699 698 300.00 0.020030
700 540 300.00 0.593190
701 102 300.00 0.016593
702 546 300.00 0.203470
703 73 300.00 0.019890
704 40 300.00 0.006840
705 188 300.00 0.021810
706 178 300.00 0.428913
707 576 300.00 0.408073
708 510 300.00 0.095327
708 709 300.00 0.217070
708 710 300.00 0.344833
709 708 300.00 0.217070
710 708 300.00 0.344833
711 712 300.00 0.108553
711 713 300.00 0.105420
711 249 300.00 0.282040
712 711 300.00 0.108553
713 711 300.00 0.105420
714 484 300.00 0.321827
715 9 300.00 0.014767
716 632 300.00 0.190303
717 268 300.00 0.022960
718 449 300.00 0.285257
719 348 300.00 0.284280
720 85 300.00 0.018507
721 624 300.00 0.143613
722 118 300.00 0.162657
723 68 300.00 0.022247
724 6 300.00 0.201443
725 580 300.00 0.178597
726 440 300.00 0.536727
727 647 300.00 0.021580
728 386 300.00 0.168733
729 165 300.00 0.199393
