0 17 3076.00 1.501733
1 58 1331.00 1.950500
2 49 938.00 1.373683
2 51 1044.00 1.529933
2 43 3435.00 2.515233
3 49 1805.00 1.321683
4 7 2115.00 1.548967
4 47 4203.00 3.077950
4 2 2567.00 1.880333
5 37 1523.00 2.231583
5 33 900.00 1.319167
5 22 1382.00 2.024367
6 65 1034.00 1.515350
6 20 1327.00 0.971983
7 4 2115.00 1.548967
7 28 693.00 1.016283
8 46 2954.00 2.163350
9 10 1784.00 2.613117
9 18 996.00 1.458800
9 66 1601.00 2.345017
10 9 1784.00 2.613117
10 84 1172.00 1.716350
10 27 935.00 1.370567
10 30 1484.00 2.174467
11 61 938.00 1.374883
11 36 1455.00 2.131383
12 34 1017.00 1.490783
12 16 1834.00 2.686050
13 73 701.00 1.027733
13 77 746.00 1.092567
13 22 1516.00 2.221550
14 63 900.00 1.318783
14 42 926.00 1.356183
14 24 1773.00 2.596550
14 70 1411.00 2.067800
15 23 1684.00 2.467583
15 4 662.00 0.485200
16 12 1834.00 2.686050
16 40 1802.00 2.639333
16 41 953.00 1.396233
17 57 1434.00 0.700250
17 33 1183.00 1.733817
18 9 996.00 1.458800
18 68 1646.00 2.411833
18 91 408.00 0.598167
18 50 2372.00 3.473717
19 75 649.00 0.951150
19 79 1049.00 1.537083
19 56 937.00 1.372400
19 77 724.00 1.060750
20 15 590.00 0.432517
20 28 1032.00 1.511683
21 49 896.00 1.313433
21 47 2394.00 1.753417
21 25 4016.00 2.940783
21 88 345.00 0.506350
22 5 1382.00 2.024367
22 13 1516.00 2.221550
22 30 927.00 1.358450
22 27 1499.00 2.195500
23 15 1684.00 2.467583
23 45 925.00 1.356083
23 40 1824.00 2.671800
24 14 1773.00 2.596550
24 60 1783.00 1.305833
24 36 1782.00 2.610167
24 41 905.00 1.325650
25 21 4016.00 2.940783
25 31 1799.00 1.317950
26 35 826.00 1.210567
26 67 995.00 1.457617
26 6 2148.00 1.573400
27 10 935.00 1.370567
27 22 1499.00 2.195500
27 29 929.00 1.361450
27 75 839.00 1.229517
28 20 1032.00 1.511683
28 93 970.00 1.421467
28 65 745.00 1.091217
29 27 929.00 1.361450
29 91 420.00 0.615883
29 82 897.00 1.313983
30 10 1484.00 2.174467
30 22 927.00 1.358450
30 33 1427.00 2.090400
31 49 3733.00 2.733533
31 43 1826.00 1.337600
32 33 1058.00 1.550200
32 0 2444.00 1.790083
33 5 900.00 1.319167
33 17 1183.00 1.733817
33 30 1427.00 2.090400
33 32 1058.00 1.550200
34 12 1017.00 1.490783
34 36 882.00 1.292300
34 41 1786.00 2.616483
35 26 826.00 1.210567
35 69 942.00 1.380900
35 45 1403.00 2.055317
36 11 1455.00 2.131383
36 24 1782.00 2.610167
36 34 882.00 1.292300
36 58 883.00 1.293317
37 39 1113.00 1.631367
37 73 672.00 0.985067
38 56 729.00 1.067650
39 37 1113.00 1.631367
40 16 1802.00 2.639333
40 23 1824.00 2.671800
40 42 900.00 1.318450
41 16 953.00 1.396233
41 24 905.00 1.325650
41 34 1786.00 2.616483
41 42 1801.00 2.637950
42 14 926.00 1.356183
42 40 900.00 1.318450
42 41 1801.00 2.637950
42 45 1731.00 2.536350
43 54 1796.00 1.315350
44 62 909.00 1.332167
45 23 925.00 1.356083
45 35 1403.00 2.055317
45 42 1731.00 2.536350
45 69 899.00 1.316833
46 8 2954.00 2.163350
46 48 976.00 1.429850
46 89 1058.00 0.775333
47 4 4203.00 3.077950
47 21 2394.00 1.753417
47 89 947.00 0.693683
48 46 976.00 1.429850
48 88 518.00 0.759750
49 2 938.00 1.373683
49 3 1805.00 1.321683
49 21 896.00 1.313433
49 31 3733.00 2.733533
50 18 2372.00 3.473717
50 93 44.00 0.064683
50 68 797.00 1.168450
51 2 1044.00 1.529933
51 53 958.00 1.403617
51 7 1116.00 1.635267
52 53 844.00 1.236783
52 93 924.00 1.353300
53 51 958.00 1.403617
53 52 844.00 1.236783
53 85 86.00 0.126917
54 55 1870.00 1.369483
54 51 1521.00 2.227967
55 85 1271.00 1.861450
56 19 937.00 1.372400
56 38 729.00 1.067650
56 82 603.00 0.883550
56 81 1584.00 2.319917
57 39 5770.00 2.816817
58 1 1331.00 1.950500
58 36 883.00 1.293317
58 61 1558.00 2.282600
58 60 1762.00 2.580833
59 86 928.00 1.359250
59 35 862.00 1.263633
59 83 851.00 1.247400
60 58 1762.00 2.580833
60 63 1765.00 2.585500
61 11 938.00 1.374883
61 58 1558.00 2.282600
62 44 909.00 1.332167
62 86 86.00 0.127133
63 14 900.00 1.318783
63 62 3388.00 2.480817
64 66 1401.00 2.052783
65 6 1034.00 1.515350
65 67 1046.00 1.532733
65 68 962.00 1.409833
66 9 1601.00 2.345017
66 64 1401.00 2.052783
66 68 1026.00 1.503017
66 67 998.00 1.462350
67 26 995.00 1.457617
67 65 1046.00 1.532733
67 66 998.00 1.462350
68 18 1646.00 2.411833
68 50 797.00 1.168450
68 65 962.00 1.409833
68 66 1026.00 1.503017
69 35 942.00 1.380900
69 45 899.00 1.316833
69 86 891.00 1.305867
69 70 365.00 0.535433
70 14 1411.00 2.067800
70 69 365.00 0.535433
70 71 489.00 0.716283
71 70 489.00 0.716283
72 85 548.00 0.802833
73 13 701.00 1.027733
73 37 672.00 0.985067
73 74 1155.00 1.691633
74 73 1155.00 1.691633
75 19 649.00 0.951150
75 27 839.00 1.229517
75 92 750.00 1.098367
76 92 181.00 0.265833
77 13 746.00 1.092567
77 19 724.00 1.060750
77 92 641.00 0.938983
77 78 659.00 0.965750
78 77 659.00 0.965750
79 19 1049.00 1.537083
79 80 723.00 1.059700
80 79 723.00 1.059700
81 56 1584.00 2.319917
82 29 897.00 1.313983
82 56 603.00 0.883550
82 87 101.00 0.148833
83 59 851.00 1.247400
83 26 1775.00 1.299883
84 10 1172.00 1.716350
85 53 86.00 0.126917
85 55 1271.00 1.861450
85 72 548.00 0.802833
86 59 928.00 1.359250
86 62 86.00 0.127133
86 69 891.00 1.305867
87 82 101.00 0.148833
88 21 345.00 0.506350
88 48 518.00 0.759750
88 89 1135.00 1.663317
89 46 1058.00 0.775333
89 47 947.00 0.693683
89 88 1135.00 1.663317
90 91 681.00 0.997950
91 18 408.00 0.598167
91 29 420.00 0.615883
91 90 681.00 0.997950
92 75 750.00 1.098367
92 76 181.00 0.265833
92 77 641.00 0.938983
93 28 970.00 1.421467
93 50 44.00 0.064683
93 52 924.00 1.353300
