0 1 300.00 0.190787
0 15 300.00 0.092990
0 17 300.00 0.471447
1 0 300.00 0.190787
1 2 300.00 0.044247
2 1 300.00 0.044247
2 15 300.00 0.198250
2 14 300.00 0.190993
3 16 300.00 0.448027
3 17 300.00 0.032963
4 5 300.00 0.119000
4 12 300.00 0.035483
4 11 300.00 0.228293
5 4 300.00 0.119000
5 6 300.00 0.466467
5 7 300.00 0.453027
6 5 300.00 0.466467
6 16 300.00 0.280167
6 7 300.00 0.251260
7 5 300.00 0.453027
7 17 300.00 0.076780
7 6 300.00 0.251260
8 9 300.00 0.201433
8 23 300.00 0.315703
8 22 300.00 0.197647
9 8 300.00 0.201433
9 10 300.00 0.194740
9 11 300.00 0.546007
10 9 300.00 0.194740
10 19 300.00 0.190000
10 22 300.00 0.203713
10 11 300.00 0.388800
11 9 300.00 0.546007
11 4 300.00 0.228293
11 10 300.00 0.388800
12 13 300.00 0.195413
12 4 300.00 0.035483
12 19 300.00 0.478683
13 12 300.00 0.195413
13 14 300.00 0.590367
13 15 300.00 0.567580
14 13 300.00 0.590367
14 2 300.00 0.190993
14 18 300.00 0.189063
14 20 300.00 0.562490
15 13 300.00 0.567580
15 2 300.00 0.198250
15 0 300.00 0.092990
16 3 300.00 0.448027
16 6 300.00 0.280167
17 3 300.00 0.032963
17 7 300.00 0.076780
17 0 300.00 0.471447
18 19 300.00 0.102137
18 21 300.00 0.099417
18 14 300.00 0.189063
19 18 300.00 0.102137
19 12 300.00 0.478683
19 10 300.00 0.190000
20 21 300.00 0.367170
20 25 300.00 0.237767
20 14 300.00 0.562490
21 20 300.00 0.367170
21 18 300.00 0.099417
21 22 300.00 0.189770
22 21 300.00 0.189770
22 10 300.00 0.203713
22 25 300.00 0.489103
22 8 300.00 0.197647
23 24 300.00 0.202517
23 8 300.00 0.315703
23 99 300.00 2.133290
24 23 300.00 0.202517
24 25 300.00 0.197367
24 26 300.00 0.545110
25 24 300.00 0.197367
25 20 300.00 0.237767
25 22 300.00 0.489103
26 24 300.00 0.545110
26 133 300.00 0.403573
26 100 300.00 0.497827
27 28 300.00 0.533550
27 51 300.00 0.015400
27 120 300.00 0.461353
28 27 300.00 0.533550
28 29 300.00 0.324967
28 30 300.00 0.294633
28 31 300.00 0.255147
29 28 300.00 0.324967
29 112 300.00 0.665397
30 28 300.00 0.294633
30 31 300.00 0.182883
30 50 300.00 0.478523
31 28 300.00 0.255147
31 32 300.00 0.102963
31 30 300.00 0.182883
32 31 300.00 0.102963
32 41 300.00 0.064623
32 72 300.00 0.639783
33 34 300.00 0.184997
33 87 300.00 0.110537
33 76 300.00 0.453113
33 106 300.00 0.474570
34 33 300.00 0.184997
34 35 300.00 0.468430
34 36 300.00 0.457403
35 34 300.00 0.468430
35 50 300.00 0.326240
35 106 300.00 0.190850
36 34 300.00 0.457403
36 53 300.00 0.206060
36 76 300.00 0.193743
37 38 300.00 0.097963
37 81 300.00 0.341577
37 126 300.00 0.408387
38 37 300.00 0.097963
38 39 300.00 0.162617
38 40 300.00 0.408930
39 38 300.00 0.162617
39 77 300.00 0.104750
39 101 300.00 0.561157
40 38 300.00 0.408930
40 117 300.00 0.147777
40 126 300.00 0.095733
41 32 300.00 0.064623
41 88 300.00 0.152150
42 43 300.00 0.097683
42 48 300.00 0.093613
42 47 300.00 0.492327
43 42 300.00 0.097683
43 44 300.00 0.096147
43 45 300.00 0.510293
44 43 300.00 0.096147
44 62 300.00 0.087900
44 46 300.00 0.519390
45 43 300.00 0.510293
45 46 300.00 0.150290
45 47 300.00 0.101453
46 45 300.00 0.150290
46 64 300.00 0.055443
46 44 300.00 0.519390
47 45 300.00 0.101453
47 42 300.00 0.492327
47 107 300.00 0.114320
48 42 300.00 0.093613
48 89 300.00 0.393737
48 107 300.00 0.461050
48 86 300.00 0.161587
49 50 300.00 0.195580
49 72 300.00 0.022120
49 106 300.00 0.341763
50 49 300.00 0.195580
50 35 300.00 0.326240
50 51 300.00 0.838753
50 30 300.00 0.478523
51 50 300.00 0.838753
51 27 300.00 0.015400
51 98 300.00 0.581383
52 53 300.00 0.309773
52 56 300.00 0.786547
52 98 300.00 1.862087
52 126 300.00 0.845540
53 52 300.00 0.309773
53 54 300.00 0.265453
53 36 300.00 0.206060
54 53 300.00 0.265453
54 117 300.00 0.568627
54 75 300.00 0.183057
55 56 300.00 0.040680
55 132 300.00 0.020973
56 55 300.00 0.040680
56 57 300.00 1.855260
56 52 300.00 0.786547
57 98 300.00 0.780350
57 136 300.00 0.032523
57 134 300.00 0.111380
58 59 300.00 0.099167
58 62 300.00 0.094490
58 63 300.00 0.522100
59 58 300.00 0.099167
59 60 300.00 0.077947
59 61 300.00 0.380643
60 59 300.00 0.077947
60 65 300.00 0.327997
60 88 300.00 0.118003
61 59 300.00 0.380643
61 65 300.00 0.038573
62 58 300.00 0.094490
62 44 300.00 0.087900
62 64 300.00 0.524690
63 58 300.00 0.522100
63 64 300.00 0.116283
63 65 300.00 0.331447
64 63 300.00 0.116283
64 62 300.00 0.524690
64 46 300.00 0.055443
65 63 300.00 0.331447
65 60 300.00 0.327997
65 61 300.00 0.038573
66 105 300.00 0.115033
66 115 300.00 0.534257
66 79 300.00 0.128367
67 68 300.00 0.090923
67 89 300.00 0.478997
67 91 300.00 0.079210
67 92 300.00 0.430930
68 67 300.00 0.090923
68 69 300.00 0.081083
68 70 300.00 0.473280
68 71 300.00 0.444900
69 68 300.00 0.081083
69 87 300.00 0.055613
69 85 300.00 0.078913
70 68 300.00 0.473280
70 84 300.00 0.098427
70 89 300.00 0.067310
71 68 300.00 0.444900
71 114 300.00 0.116833
71 92 300.00 0.080857
71 115 300.00 0.488200
72 32 300.00 0.639783
72 86 300.00 0.170443
72 49 300.00 0.022120
73 74 300.00 0.046130
73 105 300.00 0.539430
73 114 300.00 0.485240
73 115 300.00 0.139383
74 73 300.00 0.046130
74 75 300.00 0.029433
74 76 300.00 0.484297
75 74 300.00 0.029433
75 54 300.00 0.183057
75 101 300.00 0.552027
76 74 300.00 0.484297
76 33 300.00 0.453113
76 36 300.00 0.193743
76 114 300.00 0.095967
77 78 300.00 0.143413
77 39 300.00 0.104750
77 105 300.00 0.559033
78 77 300.00 0.143413
78 79 300.00 0.570887
79 78 300.00 0.570887
79 116 300.00 0.526500
79 66 300.00 0.128367
80 81 300.00 0.152223
80 135 300.00 0.334050
81 80 300.00 0.152223
81 37 300.00 0.341577
81 82 300.00 0.088130
82 81 300.00 0.088130
82 104 300.00 0.024450
82 80 300.00 0.150497
83 84 300.00 0.071123
83 106 300.00 0.108967
83 85 300.00 0.441660
84 83 300.00 0.071123
84 70 300.00 0.098427
84 85 300.00 0.391163
84 86 300.00 0.377947
85 84 300.00 0.391163
85 69 300.00 0.078913
85 83 300.00 0.441660
86 84 300.00 0.377947
86 48 300.00 0.161587
86 88 300.00 0.646497
86 72 300.00 0.170443
87 69 300.00 0.055613
87 33 300.00 0.110537
87 114 300.00 0.452173
88 60 300.00 0.118003
88 86 300.00 0.646497
88 41 300.00 0.152150
89 67 300.00 0.478997
89 70 300.00 0.067310
89 90 300.00 0.092530
89 48 300.00 0.393737
90 89 300.00 0.092530
90 108 300.00 0.133490
90 91 300.00 0.481017
91 67 300.00 0.079210
91 90 300.00 0.481017
91 110 300.00 0.075437
92 67 300.00 0.430930
92 71 300.00 0.080857
92 111 300.00 0.121153
93 94 300.00 0.188433
93 96 300.00 0.196760
94 93 300.00 0.188433
94 95 300.00 0.204477
95 94 300.00 0.204477
95 100 300.00 0.035763
96 93 300.00 0.196760
96 97 300.00 0.081963
97 96 300.00 0.081963
97 133 300.00 0.456027
98 51 300.00 0.581383
98 123 300.00 0.316183
98 57 300.00 0.780350
98 52 300.00 1.862087
99 23 300.00 2.133290
99 127 300.00 0.031010
99 128 300.00 0.198450
100 95 300.00 0.035763
100 26 300.00 0.497827
101 39 300.00 0.561157
101 105 300.00 0.084657
101 117 300.00 0.194377
101 75 300.00 0.552027
102 128 300.00 0.828277
102 103 300.00 0.114713
103 134 300.00 0.043130
103 102 300.00 0.114713
103 136 300.00 0.112857
104 82 300.00 0.024450
104 129 300.00 0.398683
105 101 300.00 0.084657
105 66 300.00 0.115033
105 77 300.00 0.559033
105 73 300.00 0.539430
106 33 300.00 0.474570
106 49 300.00 0.341763
106 83 300.00 0.108967
106 35 300.00 0.190850
107 48 300.00 0.461050
107 47 300.00 0.114320
107 109 300.00 0.448250
108 90 300.00 0.133490
108 109 300.00 0.056550
109 108 300.00 0.056550
109 110 300.00 0.496353
109 107 300.00 0.448250
110 91 300.00 0.075437
110 109 300.00 0.496353
110 111 300.00 0.385653
111 110 300.00 0.385653
111 92 300.00 0.121153
111 116 300.00 0.538650
112 29 300.00 0.665397
112 113 300.00 0.515533
113 112 300.00 0.515533
113 118 300.00 0.030487
113 120 300.00 0.186093
114 76 300.00 0.095967
114 71 300.00 0.116833
114 87 300.00 0.452173
114 73 300.00 0.485240
115 71 300.00 0.488200
115 73 300.00 0.139383
115 116 300.00 0.159023
115 66 300.00 0.534257
116 111 300.00 0.538650
116 115 300.00 0.159023
116 79 300.00 0.526500
117 54 300.00 0.568627
117 101 300.00 0.194377
117 40 300.00 0.147777
118 113 300.00 0.030487
118 119 300.00 0.289637
119 118 300.00 0.289637
119 121 300.00 0.062833
119 122 300.00 0.424007
120 113 300.00 0.186093
120 27 300.00 0.461353
120 121 300.00 0.170237
121 119 300.00 0.062833
121 120 300.00 0.170237
121 125 300.00 0.117460
122 119 300.00 0.424007
122 123 300.00 0.050757
122 124 300.00 0.439060
123 122 300.00 0.050757
123 125 300.00 0.455520
123 124 300.00 0.308013
123 98 300.00 0.316183
124 122 300.00 0.439060
124 123 300.00 0.308013
124 134 300.00 0.586517
125 121 300.00 0.117460
125 123 300.00 0.455520
126 52 300.00 0.845540
126 40 300.00 0.095733
126 37 300.00 0.408387
127 99 300.00 0.031010
127 128 300.00 0.199327
128 127 300.00 0.199327
128 102 300.00 0.828277
128 99 300.00 0.198450
129 130 300.00 0.402977
129 104 300.00 0.398683
130 129 300.00 0.402977
130 131 300.00 0.223063
130 132 300.00 0.399743
131 130 300.00 0.223063
131 135 300.00 0.039883
131 104 300.00 0.461793
132 130 300.00 0.399743
132 131 300.00 0.453113
133 26 300.00 0.403573
133 97 300.00 0.456027
134 124 300.00 0.586517
134 103 300.00 0.043130
135 131 300.00 0.039883
135 56 300.00 0.475950
136 57 300.00 0.032523
136 55 300.00 1.846283
