0 49 1802.00 2.640233
0 44 1352.00 1.980767
0 1 1345.00 0.985233
1 91 997.00 1.461017
1 22 1378.00 2.018483
1 87 1011.00 0.740733
2 96 134.00 0.098300
2 48 5320.00 2.597367
3 4 1662.00 1.217633
3 27 1405.00 2.058200
4 3 1662.00 1.217633
4 54 1396.00 2.045817
5 13 4408.00 6.456050
5 6 3556.00 1.736350
6 7 3983.00 1.944600
7 77 1608.00 0.785333
7 18 2751.00 2.014967
8 78 458.00 0.223783
8 16 1384.00 2.027600
9 100 62.00 0.090950
9 10 4130.00 2.016283
10 99 64.00 0.094750
10 20 1399.00 2.049333
10 12 4175.00 2.038317
11 97 71.00 0.104850
11 22 1403.00 2.055750
11 2 4140.00 2.021417
12 98 66.00 0.098067
12 21 1387.00 2.031800
12 11 4120.00 2.011467
13 5 4408.00 6.456050
14 58 365.00 0.534633
14 56 355.00 0.520733
15 45 787.00 1.153317
16 8 1384.00 2.027600
16 19 1204.00 1.763600
16 18 1041.00 1.525200
17 15 668.00 0.979633
18 16 1041.00 1.525200
18 46 4263.00 3.122133
18 56 760.00 1.113467
19 16 1204.00 1.763600
19 20 1370.00 2.006617
19 9 1379.00 2.020267
20 19 1370.00 2.006617
20 47 689.00 1.009200
20 21 1376.00 2.015950
21 12 1387.00 2.031800
21 20 1376.00 2.015950
21 22 1395.00 2.043117
21 43 694.00 1.017033
22 1 1378.00 2.018483
22 11 1403.00 2.055750
22 21 1395.00 2.043117
22 44 675.00 0.988717
23 103 2775.00 2.032517
23 88 1044.00 0.764800
23 76 1539.00 2.254467
24 64 592.00 0.868083
24 25 1386.00 2.030183
24 51 1225.00 1.794017
25 24 1386.00 2.030183
25 99 1369.00 2.005750
25 53 1018.00 1.490883
25 63 925.00 1.355817
26 98 1364.00 1.998517
26 41 946.00 1.386017
26 63 441.00 0.646833
26 60 462.00 0.677283
27 3 1405.00 2.058200
27 54 882.00 1.291700
27 97 1357.00 1.988333
27 60 913.00 1.337150
28 29 1232.00 1.804517
28 108 784.00 1.149117
28 83 441.00 0.645983
29 28 1232.00 1.804517
29 86 2816.00 4.124067
29 81 971.00 1.422067
30 84 207.00 0.303500
31 75 1997.00 1.462783
31 33 2134.00 1.562633
31 35 1306.00 1.913383
32 70 780.00 1.143550
32 39 1329.00 1.947700
32 72 1015.00 1.487683
33 31 2134.00 1.562633
33 35 2298.00 3.365817
34 104 53.00 0.078867
34 86 1369.00 0.668567
35 31 1306.00 1.913383
35 33 2298.00 3.365817
35 39 1258.00 1.842783
35 74 995.00 1.458450
36 91 796.00 1.167033
36 49 725.00 1.062250
36 48 1393.00 2.041033
37 39 1557.00 2.280483
38 107 60.00 0.088867
38 40 3740.00 1.825950
39 32 1329.00 1.947700
39 35 1258.00 1.842783
39 37 1557.00 2.280483
39 73 1018.00 1.490817
40 106 63.00 0.092883
40 79 2123.00 1.036500
41 26 946.00 1.386017
41 54 1381.00 2.023400
41 62 438.00 0.642867
42 47 1394.00 2.041550
42 90 1149.00 1.684100
42 19 684.00 1.002133
43 21 694.00 1.017033
43 44 1417.00 2.076183
44 0 1352.00 1.980767
44 22 675.00 0.988717
44 43 1417.00 2.076183
45 14 2182.00 3.196100
45 46 788.00 1.154300
46 45 788.00 1.154300
46 17 1602.00 1.173550
46 89 1176.00 1.723350
47 20 689.00 1.009200
47 42 1394.00 2.041550
48 36 1393.00 2.041033
49 0 1802.00 2.640233
49 36 725.00 1.062250
50 109 549.00 0.804533
50 52 1223.00 1.792133
51 23 1044.00 1.529050
51 65 573.00 0.839183
52 50 1223.00 1.792133
52 66 549.00 0.805067
53 25 1018.00 1.490883
53 62 950.00 1.391917
53 66 835.00 1.223367
54 4 1396.00 2.045817
54 27 882.00 1.291700
54 41 1381.00 2.023400
55 109 435.00 0.637650
56 14 355.00 0.520733
56 18 760.00 1.113467
56 59 352.00 0.515983
57 6 731.00 1.071817
57 59 743.00 1.089167
58 57 307.00 0.449750
58 59 401.00 0.588017
59 56 352.00 0.515983
59 57 743.00 1.089167
59 58 401.00 0.588017
60 26 462.00 0.677283
60 27 913.00 1.337150
60 61 668.00 0.978333
61 60 668.00 0.978333
62 41 438.00 0.642867
62 53 950.00 1.391917
62 63 962.00 1.409550
63 25 925.00 1.355817
63 26 441.00 0.646833
63 62 962.00 1.409550
64 67 521.00 0.763067
64 65 1234.00 1.807550
64 52 494.00 0.724467
65 64 1234.00 1.807550
65 50 563.00 0.824817
66 52 549.00 0.805067
66 53 835.00 1.223367
66 67 468.00 0.686150
67 64 521.00 0.763067
67 66 468.00 0.686150
67 111 473.00 0.693917
68 102 573.00 0.839217
69 70 933.00 1.366600
70 32 780.00 1.143550
70 69 933.00 1.366600
70 76 1882.00 2.756283
71 105 952.00 1.395267
71 73 694.00 1.017600
71 72 713.00 1.045200
72 32 1015.00 1.487683
72 71 713.00 1.045200
72 104 969.00 1.419333
73 39 1018.00 1.490817
73 71 694.00 1.017600
73 106 961.00 1.408633
73 74 1264.00 1.851483
74 35 995.00 1.458450
74 73 1264.00 1.851483
74 107 968.00 1.418083
74 75 1293.00 1.894717
75 31 1997.00 1.462783
75 74 1293.00 1.894717
76 70 1882.00 2.756283
76 88 1896.00 2.777850
77 102 56.00 0.082733
77 8 1264.00 0.617367
78 101 58.00 0.086033
78 9 3430.00 1.674800
79 105 56.00 0.083417
79 34 2468.00 1.205050
80 88 75.00 0.055417
80 55 1289.00 0.943950
81 29 971.00 1.422067
81 82 705.00 1.033217
82 81 705.00 1.033217
83 28 441.00 0.645983
83 84 709.00 1.039017
83 93 79.00 0.116767
84 30 207.00 0.303500
84 83 709.00 1.039017
84 85 432.00 0.633150
84 92 156.00 0.228767
85 84 432.00 0.633150
86 29 2816.00 4.124067
86 5 1918.00 0.936383
87 2 1797.00 1.316350
87 94 108.00 0.158617
88 23 1044.00 0.764800
88 76 1896.00 2.777850
88 80 75.00 0.055417
89 46 1176.00 1.723350
89 90 1372.00 2.010533
90 42 1149.00 1.684100
90 16 678.00 0.993667
91 1 997.00 1.461017
91 36 796.00 1.167033
91 95 244.00 0.358617
92 84 156.00 0.228767
93 83 79.00 0.116767
94 87 108.00 0.158617
95 91 244.00 0.358617
96 3 2686.00 1.967117
96 97 1375.00 2.015017
97 11 71.00 0.104850
97 27 1357.00 1.988333
97 98 1373.00 2.010750
98 12 66.00 0.098067
98 26 1364.00 1.998517
98 99 1396.00 2.044900
99 10 64.00 0.094750
99 25 1369.00 2.005750
99 100 1378.00 2.018333
100 24 1372.00 2.009400
100 101 1145.00 1.677000
101 51 1396.00 2.044600
101 102 573.00 0.839267
102 68 573.00 0.839217
102 77 56.00 0.082733
102 103 535.00 0.784900
103 7 120.00 0.088333
103 104 3617.00 5.297383
104 34 53.00 0.078867
104 72 969.00 1.419333
104 105 817.00 1.196600
105 71 952.00 1.395267
105 79 56.00 0.083417
105 106 703.00 1.030100
106 40 63.00 0.092883
106 73 961.00 1.408633
106 107 1248.00 1.828750
107 38 60.00 0.088867
107 74 968.00 1.418083
108 28 784.00 1.149117
109 50 549.00 0.804533
109 55 435.00 0.637650
109 110 452.00 0.662900
110 109 452.00 0.662900
111 67 473.00 0.693917
