0 1 300.00 0.322183
0 12 300.00 0.103247
1 0 300.00 0.322183
1 9 300.00 0.263223
1 20 300.00 0.319190
2 3 300.00 0.319253
2 13 300.00 0.325790
2 16 300.00 0.266150
3 2 300.00 0.319253
3 4 300.00 0.327713
3 5 300.00 0.258323
4 3 300.00 0.327713
4 14 300.00 0.257267
4 11 300.00 0.125150
5 14 300.00 0.331290
5 15 300.00 0.319270
6 13 300.00 0.230953
6 19 300.00 0.035147
7 13 300.00 0.105847
7 17 300.00 0.156607
8 17 300.00 0.198430
8 18 300.00 0.069043
9 10 300.00 0.325360
9 16 300.00 0.317780
9 3 300.00 0.267417
10 9 300.00 0.325360
10 11 300.00 0.148560
10 12 300.00 0.158937
11 10 300.00 0.148560
11 4 300.00 0.125150
12 10 300.00 0.158937
12 0 300.00 0.103247
13 6 300.00 0.230953
13 7 300.00 0.105847
13 2 300.00 0.325790
14 5 300.00 0.331290
14 4 300.00 0.257267
15 5 300.00 0.319270
15 19 300.00 0.313630
15 2 300.00 0.262520
16 9 300.00 0.317780
16 20 300.00 0.259623
16 17 300.00 0.361067
17 8 300.00 0.198430
17 16 300.00 0.361067
17 7 300.00 0.156607
18 8 300.00 0.069043
18 20 300.00 0.394150
19 15 300.00 0.313630
19 6 300.00 0.035147
20 18 300.00 0.394150
20 1 300.00 0.319190
