0 56 709.00 1.038900
0 1 2505.00 1.834583
1 36 674.00 0.987850
1 94 1986.00 1.454667
2 85 1530.00 1.120517
2 84 1315.00 1.925817
3 22 175.00 0.128467
4 67 1387.00 2.031500
4 28 836.00 1.224300
4 26 492.00 0.720667
5 30 852.00 1.248933
5 32 1089.00 1.595917
5 75 1347.00 1.973867
6 27 900.00 1.319183
6 62 1231.00 0.901467
6 48 1920.00 1.406350
7 98 181.00 0.265517
7 91 2037.00 1.492200
8 34 763.00 1.117417
8 55 906.00 1.327317
8 24 3221.00 2.358933
8 65 2662.00 1.949467
9 23 942.00 1.380500
9 45 1269.00 1.858433
9 33 836.00 1.225567
9 74 848.00 1.242300
10 50 892.00 1.307283
10 18 2805.00 2.054467
10 47 518.00 0.759750
11 54 1278.00 1.872967
11 46 858.00 1.257233
11 86 831.00 1.217500
11 42 1246.00 1.825100
12 30 1067.00 1.563083
12 31 1691.00 1.238500
13 16 836.00 1.225067
13 37 1270.00 1.860983
13 41 1265.00 1.853350
13 24 845.00 1.237983
14 83 675.00 0.988583
14 23 356.00 0.522117
15 43 468.00 0.686100
15 18 2623.00 1.921233
15 52 519.00 0.760067
16 13 836.00 1.225067
16 35 1272.00 1.864067
16 54 1247.00 1.826517
16 58 850.00 1.245150
17 42 745.00 1.091250
17 21 912.00 1.335983
18 10 2805.00 2.054467
18 15 2623.00 1.921233
18 51 469.00 0.687833
18 29 922.00 1.351150
19 40 647.00 0.948367
20 67 826.00 1.210633
20 65 2808.00 2.056450
20 64 222.00 0.325817
21 17 912.00 1.335983
21 50 863.00 1.264717
21 86 1853.00 2.714183
22 3 175.00 0.128467
22 26 1932.00 1.415150
22 4 915.00 1.340767
23 9 942.00 1.380500
23 14 356.00 0.522117
24 8 3221.00 2.358933
24 13 845.00 1.237983
24 34 1263.00 1.851067
24 43 1288.00 1.886650
25 45 1276.00 1.869017
25 40 1263.00 1.850867
25 77 838.00 1.228667
25 36 838.00 1.228033
26 4 492.00 0.720667
26 22 1932.00 1.415150
26 64 2953.00 2.162650
27 6 900.00 1.319183
27 51 539.00 0.789900
27 87 795.00 1.164933
28 4 836.00 1.224300
28 31 1023.00 1.498750
28 69 1361.00 1.994283
28 30 842.00 1.234517
29 18 922.00 1.351150
29 86 556.00 0.815333
29 50 1636.00 2.395883
29 43 1314.00 1.925733
30 5 852.00 1.248933
30 28 842.00 1.234517
30 71 1337.00 1.958900
31 28 1023.00 1.498750
31 3 1778.00 1.302500
32 5 1089.00 1.595917
32 12 1722.00 1.261183
33 9 836.00 1.225567
33 98 539.00 0.789917
33 83 335.00 0.491700
33 56 1278.00 1.872283
34 8 763.00 1.117417
34 24 1263.00 1.851067
34 37 856.00 1.255017
34 66 1337.00 1.958200
35 16 1272.00 1.864067
35 70 1364.00 1.997600
35 39 858.00 1.256600
35 37 820.00 1.202283
36 1 674.00 0.987850
36 25 838.00 1.228033
36 57 1262.00 1.849517
36 56 1269.00 1.858733
37 13 1270.00 1.860983
37 34 856.00 1.255017
37 35 820.00 1.202283
37 68 1358.00 1.990167
38 2 6128.00 4.487733
38 57 678.00 0.993367
39 35 858.00 1.256600
39 73 1352.00 1.980233
39 58 1262.00 1.849333
39 78 831.00 1.217833
40 19 647.00 0.948367
40 25 1263.00 1.850867
40 78 840.00 1.230200
40 57 840.00 1.230300
41 13 1265.00 1.853350
41 86 1270.00 1.859900
41 54 852.00 1.248050
41 43 727.00 1.064717
42 11 1246.00 1.825100
42 17 745.00 1.091250
42 53 856.00 1.254233
43 15 468.00 0.686100
43 24 1288.00 1.886650
43 29 1314.00 1.925733
43 41 727.00 1.064717
44 63 310.00 0.227067
44 52 1344.00 1.968950
44 96 728.00 0.533133
45 9 1269.00 1.858433
45 25 1276.00 1.869017
45 56 828.00 1.212633
45 76 832.00 1.218933
46 11 858.00 1.257233
46 74 826.00 1.210617
46 49 1281.00 1.876167
46 53 1243.00 1.821583
47 10 518.00 0.759750
47 51 1304.00 1.910033
47 48 1367.00 2.002600
48 6 1920.00 1.406350
48 47 1367.00 2.002600
49 46 1281.00 1.876167
49 58 1268.00 1.857867
49 76 850.00 1.245600
49 54 837.00 1.226717
50 10 892.00 1.307283
50 21 863.00 1.264717
50 29 1636.00 2.395883
51 18 469.00 0.687833
51 27 539.00 0.789900
51 47 1304.00 1.910033
51 52 1298.00 1.901250
52 15 519.00 0.760067
52 44 1344.00 1.968950
52 51 1298.00 1.901250
53 42 856.00 1.254233
53 46 1243.00 1.821583
53 72 800.00 1.172283
54 11 1278.00 1.872967
54 16 1247.00 1.826517
54 41 852.00 1.248050
54 49 837.00 1.226717
55 8 906.00 1.327317
55 64 5750.00 4.210617
55 82 2623.00 3.841650
55 88 4201.00 3.076683
56 0 709.00 1.038900
56 33 1278.00 1.872283
56 36 1269.00 1.858733
56 45 828.00 1.212633
57 36 1262.00 1.849517
57 38 678.00 0.993367
57 40 840.00 1.230300
58 16 850.00 1.245150
58 39 1262.00 1.849333
58 49 1268.00 1.857867
58 77 842.00 1.234500
59 82 1502.00 2.199950
59 60 1260.00 1.846267
60 59 1260.00 1.846267
60 63 1306.00 1.913450
60 61 433.00 0.635350
60 95 659.00 0.965900
61 60 433.00 0.635350
62 6 1231.00 0.901467
62 96 929.00 0.680800
62 95 1684.00 2.466267
63 44 310.00 0.227067
63 60 1306.00 1.913450
63 88 351.00 0.257467
64 20 222.00 0.325817
64 26 2953.00 2.162650
64 55 5750.00 4.210617
65 8 2662.00 1.949467
65 20 2808.00 2.056450
65 66 854.00 1.251550
66 34 1337.00 1.958200
66 65 854.00 1.251550
66 68 834.00 1.222300
66 67 1369.00 2.005333
67 4 1387.00 2.031500
67 20 826.00 1.210633
67 66 1369.00 2.005333
67 69 826.00 1.209967
68 37 1358.00 1.990167
68 66 834.00 1.222300
68 69 1361.00 1.993533
68 70 837.00 1.227200
69 28 1361.00 1.994283
69 67 826.00 1.209967
69 68 1361.00 1.993533
69 71 843.00 1.235117
70 35 1364.00 1.997600
70 68 837.00 1.227200
70 71 1381.00 2.022650
70 73 840.00 1.230367
71 30 1337.00 1.958900
71 69 843.00 1.235117
71 70 1381.00 2.022650
71 75 847.00 1.241250
72 53 800.00 1.172283
72 74 1260.00 1.846267
73 39 1352.00 1.980233
73 70 840.00 1.230367
73 79 832.00 1.218550
73 75 1385.00 2.028533
74 9 848.00 1.242300
74 46 826.00 1.210617
74 72 1260.00 1.846267
74 76 1281.00 1.876683
75 5 1347.00 1.973867
75 71 847.00 1.241250
75 73 1385.00 2.028533
75 80 811.00 1.188150
76 45 832.00 1.218933
76 49 850.00 1.245600
76 74 1281.00 1.876683
76 77 1281.00 1.875967
77 25 838.00 1.228667
77 58 842.00 1.234500
77 76 1281.00 1.875967
77 78 1249.00 1.830250
78 39 831.00 1.217833
78 40 840.00 1.230200
78 77 1249.00 1.830250
78 79 1360.00 1.992483
79 73 832.00 1.218550
79 78 1360.00 1.992483
79 80 1389.00 2.034767
80 75 811.00 1.188150
80 79 1389.00 2.034767
80 84 1090.00 1.596900
81 90 6210.00 4.547550
82 55 2623.00 3.841650
82 59 1502.00 2.199950
82 97 1535.00 2.248167
83 14 675.00 0.988583
83 33 335.00 0.491700
83 98 645.00 0.944950
84 2 1315.00 1.925817
84 80 1090.00 1.596900
84 85 3945.00 2.889317
85 84 3945.00 2.889317
85 81 1960.00 1.435883
86 11 831.00 1.217500
86 21 1853.00 2.714183
86 29 556.00 0.815333
86 41 1270.00 1.859900
87 27 795.00 1.164933
88 55 4201.00 3.076683
88 63 351.00 0.257467
88 89 1205.00 1.765883
89 88 1205.00 1.765883
90 32 484.00 0.355100
91 0 519.00 0.380350
91 92 283.00 0.207500
92 91 283.00 0.207500
92 93 7524.00 3.672967
93 94 280.00 0.205650
94 93 280.00 0.205650
94 38 530.00 0.388367
95 60 659.00 0.965900
95 62 1684.00 2.466267
95 96 1314.00 1.925033
96 44 728.00 0.533133
96 62 929.00 0.680800
96 95 1314.00 1.925033
97 82 1535.00 2.248167
98 7 181.00 0.265517
98 33 539.00 0.789917
98 83 645.00 0.944950
