0 1 300.00 0.968100
0 81 300.00 0.361973
0 8 300.00 0.346470
1 0 300.00 0.968100
1 2 300.00 0.019433
1 3 300.00 0.463443
2 1 300.00 0.019433
2 4 300.00 0.163973
3 1 300.00 0.463443
3 10 300.00 0.456647
3 78 300.00 0.019477
4 5 300.00 0.250347
4 2 300.00 0.165353
5 4 300.00 0.250347
5 6 300.00 0.995213
5 7 300.00 0.718767
6 5 300.00 0.995213
6 17 300.00 1.055507
6 18 300.00 0.382943
7 5 300.00 0.718767
7 12 300.00 0.321803
7 13 300.00 0.604883
8 9 300.00 0.057910
8 0 300.00 0.346470
8 83 300.00 0.412427
9 8 300.00 0.057910
9 10 300.00 0.489620
9 11 300.00 0.360210
10 9 300.00 0.489620
10 3 300.00 0.456647
10 11 300.00 0.752160
11 9 300.00 0.360210
11 80 300.00 0.102167
11 10 300.00 0.752160
12 7 300.00 0.321803
12 14 300.00 0.432280
13 7 300.00 0.604883
13 14 300.00 0.278577
13 15 300.00 0.616873
14 13 300.00 0.278577
14 12 300.00 0.432280
15 13 300.00 0.616873
15 16 300.00 0.295653
16 15 300.00 0.295653
17 6 300.00 1.055507
17 68 300.00 0.426950
17 94 300.00 0.527177
18 6 300.00 0.382943
18 23 300.00 0.091893
18 72 300.00 0.261557
19 20 300.00 0.267933
19 55 300.00 0.583817
19 58 300.00 0.072050
20 19 300.00 0.267933
20 21 300.00 0.506387
20 22 300.00 0.728437
20 23 300.00 0.864537
21 20 300.00 0.506387
21 24 300.00 0.251730
21 25 300.00 0.658890
22 20 300.00 0.728437
23 20 300.00 0.864537
23 18 300.00 0.091893
23 72 300.00 0.169497
24 21 300.00 0.251730
24 27 300.00 0.682800
24 52 300.00 0.267237
25 21 300.00 0.658890
25 38 300.00 0.475403
25 28 300.00 0.943633
26 27 300.00 0.060380
26 30 300.00 0.651293
26 32 300.00 0.278507
27 26 300.00 0.060380
27 28 300.00 0.473930
27 24 300.00 0.682800
28 27 300.00 0.473930
28 40 300.00 0.370783
28 29 300.00 0.642017
28 25 300.00 0.943633
29 30 300.00 0.125317
29 35 300.00 0.311887
29 28 300.00 0.642017
30 29 300.00 0.125317
30 31 300.00 0.927817
30 26 300.00 0.651293
31 30 300.00 0.927817
31 42 300.00 0.088793
31 43 300.00 0.375793
32 26 300.00 0.278507
32 42 300.00 0.048827
32 52 300.00 0.836120
33 34 300.00 0.115787
34 33 300.00 0.115787
34 35 300.00 0.162563
34 36 300.00 0.371750
35 34 300.00 0.162563
35 40 300.00 0.683460
35 29 300.00 0.311887
36 34 300.00 0.371750
37 38 300.00 0.323303
37 41 300.00 0.359800
37 73 300.00 0.227323
38 37 300.00 0.323303
38 39 300.00 0.122540
38 25 300.00 0.475403
39 38 300.00 0.122540
39 74 300.00 0.213613
39 76 300.00 0.627490
40 28 300.00 0.370783
40 41 300.00 0.270787
40 35 300.00 0.683460
41 40 300.00 0.270787
41 37 300.00 0.359800
41 73 300.00 0.530640
42 31 300.00 0.088793
42 32 300.00 0.048827
42 44 300.00 0.411967
43 31 300.00 0.375793
43 99 300.00 0.143797
43 54 300.00 0.089537
44 42 300.00 0.411967
44 51 300.00 0.569227
44 54 300.00 0.037710
45 46 300.00 0.086087
45 53 300.00 0.140980
45 48 300.00 0.144417
46 45 300.00 0.086087
46 47 300.00 0.034087
46 48 300.00 0.097860
47 46 300.00 0.034087
47 50 300.00 0.102987
47 96 300.00 0.084640
48 46 300.00 0.097860
48 50 300.00 0.047400
48 45 300.00 0.144417
49 50 300.00 0.093757
49 97 300.00 0.108347
49 96 300.00 0.100903
50 49 300.00 0.093757
50 47 300.00 0.102987
50 48 300.00 0.047400
51 44 300.00 0.569227
51 52 300.00 0.251980
51 53 300.00 0.231180
52 51 300.00 0.251980
52 32 300.00 0.836120
52 55 300.00 0.250317
52 24 300.00 0.267237
53 51 300.00 0.231180
53 57 300.00 0.237070
53 45 300.00 0.140980
54 44 300.00 0.037710
54 100 300.00 0.092560
54 43 300.00 0.089537
55 52 300.00 0.250317
55 57 300.00 0.373933
55 19 300.00 0.583817
56 57 300.00 0.551753
56 59 300.00 0.322843
56 58 300.00 0.033203
57 56 300.00 0.551753
57 53 300.00 0.237070
57 55 300.00 0.373933
58 19 300.00 0.072050
58 56 300.00 0.033203
58 70 300.00 0.584007
59 56 300.00 0.322843
59 60 300.00 0.560927
59 61 300.00 0.187150
60 59 300.00 0.560927
61 59 300.00 0.187150
61 62 300.00 0.023993
61 63 300.00 0.277940
62 61 300.00 0.023993
62 67 300.00 0.409280
62 69 300.00 0.168067
63 61 300.00 0.277940
63 65 300.00 0.428247
64 65 300.00 0.654837
64 69 300.00 0.298820
64 66 300.00 0.407207
65 64 300.00 0.654837
65 63 300.00 0.428247
66 67 300.00 0.166727
66 64 300.00 0.407207
66 68 300.00 0.429237
66 69 300.00 0.351230
67 66 300.00 0.166727
67 68 300.00 0.282380
67 62 300.00 0.409280
68 67 300.00 0.282380
68 17 300.00 0.426950
68 66 300.00 0.429237
69 64 300.00 0.298820
69 62 300.00 0.168067
69 66 300.00 0.351230
70 71 300.00 0.173660
70 58 300.00 0.584007
70 72 300.00 0.360330
71 70 300.00 0.173660
72 70 300.00 0.360330
72 18 300.00 0.261557
72 23 300.00 0.169497
73 41 300.00 0.530640
73 37 300.00 0.227323
73 74 300.00 0.339587
74 73 300.00 0.339587
74 75 300.00 0.278830
74 39 300.00 0.213613
75 74 300.00 0.278830
76 39 300.00 0.627490
76 77 300.00 0.363560
76 101 300.00 0.198983
77 76 300.00 0.363560
78 3 300.00 0.019477
78 79 300.00 0.431983
79 78 300.00 0.431983
79 80 300.00 0.972017
80 79 300.00 0.972017
80 82 300.00 0.290003
80 11 300.00 0.102167
81 0 300.00 0.361973
81 83 300.00 0.180487
81 84 300.00 0.059197
82 80 300.00 0.290003
83 8 300.00 0.412427
83 81 300.00 0.180487
83 84 300.00 0.195413
84 83 300.00 0.195413
84 81 300.00 0.059197
84 85 300.00 0.958037
85 84 300.00 0.958037
85 91 300.00 0.347547
85 93 300.00 0.337800
86 87 300.00 0.178170
86 91 300.00 0.133627
86 90 300.00 0.716213
87 86 300.00 0.178170
87 88 300.00 0.279180
88 92 300.00 0.195703
89 87 300.00 0.361770
89 90 300.00 0.545627
90 89 300.00 0.545627
90 86 300.00 0.716213
91 85 300.00 0.347547
91 86 300.00 0.133627
91 92 300.00 0.411600
92 91 300.00 0.411600
92 88 300.00 0.195703
92 95 300.00 0.184610
93 85 300.00 0.337800
94 17 300.00 0.527177
95 92 300.00 0.184610
96 47 300.00 0.084640
96 49 300.00 0.100903
96 98 300.00 0.138100
97 49 300.00 0.108347
97 99 300.00 0.127913
97 98 300.00 0.095883
98 96 300.00 0.138100
98 97 300.00 0.095883
98 100 300.00 0.118640
99 97 300.00 0.127913
99 100 300.00 0.090797
99 43 300.00 0.143797
100 98 300.00 0.118640
100 99 300.00 0.090797
100 54 300.00 0.092560
101 76 300.00 0.198983
