0 1 300.00 0.049013
0 90 300.00 0.383147
0 91 300.00 0.470600
1 0 300.00 0.049013
1 2 300.00 0.310980
2 1 300.00 0.310980
2 89 300.00 0.390637
2 92 300.00 0.322867
3 4 300.00 0.381647
3 5 300.00 0.052390
4 71 300.00 0.309420
4 10 300.00 0.332753
5 3 300.00 0.052390
5 20 300.00 0.307410
5 21 300.00 0.258207
6 7 300.00 0.300797
6 8 300.00 0.050363
7 153 300.00 0.063390
8 18 300.00 0.038943
8 19 300.00 0.880153
9 10 300.00 0.295847
9 70 300.00 0.213117
9 12 300.00 0.343963
9 71 300.00 0.329943
10 9 300.00 0.295847
10 11 300.00 0.353923
11 12 300.00 0.219033
11 13 300.00 0.225267
12 11 300.00 0.219033
12 15 300.00 0.337053
12 9 300.00 0.343963
12 144 300.00 0.204150
13 14 300.00 0.127163
14 15 300.00 0.103460
14 16 300.00 0.051260
14 17 300.00 0.278580
15 12 300.00 0.337053
15 17 300.00 0.257840
15 59 300.00 0.336520
16 14 300.00 0.051260
16 97 300.00 0.164700
17 167 300.00 0.048300
17 29 300.00 0.366220
18 25 300.00 0.050427
19 133 300.00 0.038677
19 132 300.00 0.262540
20 5 300.00 0.307410
20 106 300.00 0.375737
20 118 300.00 0.335187
21 120 300.00 0.646007
21 125 300.00 0.273993
22 23 300.00 0.054280
22 24 300.00 0.126313
23 88 300.00 0.631117
24 22 300.00 0.126313
24 84 300.00 0.170727
24 149 300.00 0.251400
25 6 300.00 0.037287
26 27 300.00 0.359023
26 60 300.00 0.607633
26 55 300.00 0.382640
27 26 300.00 0.359023
27 28 300.00 0.326837
28 31 300.00 0.098437
28 32 300.00 0.191743
29 30 300.00 1.243237
30 33 300.00 0.053247
30 34 300.00 0.488237
31 68 300.00 0.124427
31 69 300.00 0.289287
32 28 300.00 0.191743
32 81 300.00 0.334700
32 73 300.00 0.338983
33 30 300.00 0.053247
33 167 300.00 1.588433
34 30 300.00 0.488237
34 35 300.00 0.707380
34 36 300.00 0.387463
35 34 300.00 0.707380
35 137 300.00 0.584137
35 136 300.00 0.376453
36 34 300.00 0.387463
36 37 300.00 0.607273
36 38 300.00 0.174143
37 36 300.00 0.607273
37 136 300.00 0.101200
37 42 300.00 0.375510
38 36 300.00 0.174143
38 41 300.00 0.100557
38 174 300.00 0.031087
39 40 300.00 0.259160
39 43 300.00 0.070443
39 175 300.00 0.012247
40 39 300.00 0.259160
40 41 300.00 0.093943
40 42 300.00 0.600657
41 40 300.00 0.093943
41 173 300.00 0.019183
41 38 300.00 0.100557
42 40 300.00 0.600657
42 50 300.00 0.111860
42 37 300.00 0.375510
43 44 300.00 0.046273
43 172 300.00 0.156990
43 39 300.00 0.070443
44 43 300.00 0.046273
44 45 300.00 0.697123
44 46 300.00 0.117423
45 44 300.00 0.697123
45 50 300.00 0.371713
45 51 300.00 0.396783
45 47 300.00 0.231140
46 44 300.00 0.117423
47 48 300.00 0.696473
47 45 300.00 0.231140
48 47 300.00 0.696473
49 50 300.00 0.095600
49 52 300.00 0.245530
49 60 300.00 0.372427
50 49 300.00 0.095600
50 42 300.00 0.111860
50 45 300.00 0.371713
51 45 300.00 0.396783
51 62 300.00 0.147963
51 134 300.00 0.411840
52 49 300.00 0.245530
52 53 300.00 0.541533
52 54 300.00 0.360860
53 52 300.00 0.541533
53 54 300.00 0.182430
54 52 300.00 0.360860
54 61 300.00 0.301467
54 26 300.00 0.370953
55 56 300.00 0.023313
55 57 300.00 0.022310
55 137 300.00 0.134970
56 55 300.00 0.023313
56 57 300.00 0.031287
56 58 300.00 0.449030
56 59 300.00 0.367187
57 29 300.00 0.308333
58 27 300.00 0.061210
58 66 300.00 0.072733
59 56 300.00 0.367187
59 15 300.00 0.336520
59 65 300.00 0.337723
59 66 300.00 0.333397
60 26 300.00 0.607633
60 136 300.00 0.107080
60 49 300.00 0.372427
61 54 300.00 0.301467
61 68 300.00 0.158220
61 64 300.00 0.377087
62 63 300.00 0.160863
62 51 300.00 0.147963
62 135 300.00 0.402090
63 62 300.00 0.160863
63 53 300.00 0.188163
63 64 300.00 0.297833
64 63 300.00 0.297833
64 139 300.00 0.085760
64 61 300.00 0.377087
65 59 300.00 0.337723
65 75 300.00 0.335767
65 67 300.00 0.339280
65 144 300.00 0.136133
66 59 300.00 0.333397
66 58 300.00 0.072733
66 67 300.00 0.335060
67 66 300.00 0.335060
67 78 300.00 0.333283
67 65 300.00 0.339280
68 31 300.00 0.124427
68 61 300.00 0.158220
68 142 300.00 0.176283
69 72 300.00 0.140840
69 73 300.00 0.023203
70 9 300.00 0.213117
70 75 300.00 0.120617
70 144 300.00 0.342630
71 9 300.00 0.329943
71 4 300.00 0.309420
72 76 300.00 0.234773
72 77 300.00 0.216750
73 69 300.00 0.023203
73 82 300.00 0.323053
73 32 300.00 0.338983
74 75 300.00 0.064760
74 78 300.00 0.280667
74 145 300.00 0.304513
75 74 300.00 0.064760
75 70 300.00 0.120617
75 65 300.00 0.335767
76 83 300.00 0.152827
76 84 300.00 0.168383
77 72 300.00 0.216750
77 138 300.00 0.085580
77 141 300.00 0.195750
78 67 300.00 0.333283
78 74 300.00 0.280667
78 79 300.00 0.018007
79 78 300.00 0.018007
80 81 300.00 0.130990
80 146 300.00 0.043727
80 171 300.00 0.714480
81 80 300.00 0.130990
81 32 300.00 0.334700
81 82 300.00 0.337237
82 81 300.00 0.337237
82 85 300.00 0.022340
82 73 300.00 0.323053
83 86 300.00 0.031587
83 87 300.00 0.017303
84 76 300.00 0.168383
84 88 300.00 0.339433
84 85 300.00 0.310943
84 24 300.00 0.170727
85 82 300.00 0.022340
85 84 300.00 0.310943
85 89 300.00 0.333810
86 22 300.00 0.157180
87 86 300.00 0.021393
88 84 300.00 0.339433
88 89 300.00 0.314490
88 23 300.00 0.631117
89 88 300.00 0.314490
89 2 300.00 0.390637
89 90 300.00 0.350260
89 85 300.00 0.333810
90 0 300.00 0.383147
90 131 300.00 0.083490
90 89 300.00 0.350260
91 0 300.00 0.470600
91 150 300.00 0.205323
91 152 300.00 0.020237
92 2 300.00 0.322867
92 93 300.00 0.048733
93 92 300.00 0.048733
93 95 300.00 0.276570
94 95 300.00 0.386677
95 94 300.00 0.386677
95 93 300.00 0.276570
96 97 300.00 0.577463
96 99 300.00 0.060387
96 100 300.00 0.256010
97 96 300.00 0.577463
97 13 300.00 0.079803
97 98 300.00 0.877787
98 106 300.00 0.312597
98 5 300.00 0.381123
99 96 300.00 0.060387
99 101 300.00 0.315080
99 160 300.00 0.031090
100 96 300.00 0.256010
100 106 300.00 0.371993
100 103 300.00 0.370283
101 99 300.00 0.315080
101 102 300.00 0.370387
101 103 300.00 0.265730
102 101 300.00 0.370387
102 104 300.00 0.332740
102 105 300.00 0.269873
103 101 300.00 0.265730
103 100 300.00 0.370283
103 105 300.00 0.377617
103 109 300.00 0.208610
104 102 300.00 0.332740
104 158 300.00 0.044530
104 168 300.00 0.037317
105 102 300.00 0.269873
105 103 300.00 0.377617
105 110 300.00 0.050827
105 111 300.00 0.359090
106 100 300.00 0.371993
106 109 300.00 0.334263
106 20 300.00 0.375737
106 98 300.00 0.312597
107 108 300.00 0.297633
107 154 300.00 0.157937
107 156 300.00 0.046867
108 107 300.00 0.297633
109 103 300.00 0.208610
109 110 300.00 0.335290
109 106 300.00 0.334263
109 113 300.00 0.218853
110 105 300.00 0.050827
110 109 300.00 0.335290
110 112 300.00 0.371717
111 105 300.00 0.359090
111 116 300.00 0.259380
111 114 300.00 0.241773
111 158 300.00 0.248820
112 110 300.00 0.371717
112 116 300.00 0.329790
112 118 300.00 0.339403
112 119 300.00 0.333490
113 109 300.00 0.218853
113 118 300.00 0.159590
113 177 300.00 0.157517
114 115 300.00 0.383727
114 156 300.00 0.243310
114 111 300.00 0.241773
115 114 300.00 0.383727
116 112 300.00 0.329790
116 117 300.00 0.214443
116 111 300.00 0.259380
117 116 300.00 0.214443
117 127 300.00 1.334837
118 112 300.00 0.339403
118 120 300.00 0.255277
118 20 300.00 0.335187
118 113 300.00 0.159590
119 112 300.00 0.333490
119 121 300.00 0.200223
119 122 300.00 0.331940
119 123 300.00 0.384860
120 118 300.00 0.255277
120 122 300.00 0.087340
120 21 300.00 0.646007
121 119 300.00 0.200223
121 161 300.00 0.145973
121 179 300.00 0.019067
122 119 300.00 0.331940
122 124 300.00 0.189207
122 120 300.00 0.087340
123 119 300.00 0.384860
123 127 300.00 0.353343
123 126 300.00 0.335130
123 128 300.00 0.327267
124 122 300.00 0.189207
124 125 300.00 0.650827
124 126 300.00 0.182697
125 124 300.00 0.650827
125 129 300.00 0.184533
126 124 300.00 0.182697
126 123 300.00 0.335130
126 129 300.00 0.651163
126 164 300.00 0.095210
127 123 300.00 0.353343
127 132 300.00 2.282433
127 117 300.00 1.334837
128 123 300.00 0.327267
129 130 300.00 0.126803
129 126 300.00 0.651163
130 170 300.00 0.066803
131 90 300.00 0.083490
131 148 300.00 0.299967
131 171 300.00 0.024857
132 127 300.00 2.282433
132 133 300.00 0.298700
133 19 300.00 0.038677
133 18 300.00 0.880667
134 51 300.00 0.411840
135 62 300.00 0.402090
136 37 300.00 0.101200
136 60 300.00 0.107080
136 35 300.00 0.376453
137 35 300.00 0.584137
137 55 300.00 0.134970
137 176 300.00 0.041310
138 77 300.00 0.085580
138 139 300.00 0.095380
138 140 300.00 0.345383
139 138 300.00 0.095380
139 64 300.00 0.085760
139 143 300.00 0.154980
140 138 300.00 0.345383
141 77 300.00 0.195750
142 68 300.00 0.176283
143 139 300.00 0.154980
144 70 300.00 0.342630
144 12 300.00 0.204150
144 65 300.00 0.136133
145 74 300.00 0.304513
146 147 300.00 0.299650
146 171 300.00 0.052723
146 80 300.00 0.043727
147 146 300.00 0.299650
148 131 300.00 0.299967
149 24 300.00 0.251400
150 91 300.00 0.205323
150 151 300.00 0.022340
151 150 300.00 0.022340
152 91 300.00 0.020237
153 169 300.00 0.040850
154 155 300.00 0.601603
154 107 300.00 0.157937
155 154 300.00 0.601603
156 107 300.00 0.046867
156 157 300.00 0.235780
156 114 300.00 0.243310
157 156 300.00 0.235780
157 158 300.00 0.039437
157 159 300.00 0.199373
158 157 300.00 0.039437
158 111 300.00 0.248820
158 104 300.00 0.044530
159 157 300.00 0.199373
160 99 300.00 0.031090
161 121 300.00 0.145973
162 163 300.00 0.217800
163 162 300.00 0.217800
163 164 300.00 0.369087
163 165 300.00 0.656393
164 163 300.00 0.369087
164 126 300.00 0.095210
164 178 300.00 0.145203
165 163 300.00 0.656393
165 166 300.00 1.047323
166 169 300.00 0.140993
167 16 300.00 0.297743
168 104 300.00 0.037317
169 8 300.00 0.364133
170 165 300.00 0.348770
171 146 300.00 0.052723
171 131 300.00 0.024857
171 80 300.00 0.714480
172 43 300.00 0.156990
173 41 300.00 0.019183
174 38 300.00 0.031087
175 39 300.00 0.012247
176 137 300.00 0.041310
177 113 300.00 0.157517
178 164 300.00 0.145203
179 121 300.00 0.019067
