0 1 300.00 0.237330
0 4 300.00 0.166200
0 5 300.00 0.160347
1 0 300.00 0.237330
1 2 300.00 0.746023
2 1 300.00 0.746023
2 12 300.00 0.226290
3 6 300.00 0.246973
3 5 300.00 0.264383
4 0 300.00 0.166200
4 10 300.00 0.151830
4 11 300.00 0.587493
5 0 300.00 0.160347
5 3 300.00 0.264383
5 7 300.00 0.220613
6 3 300.00 0.246973
6 7 300.00 0.314737
6 8 300.00 0.219573
7 5 300.00 0.220613
7 6 300.00 0.314737
7 14 300.00 0.244310
8 6 300.00 0.219573
8 14 300.00 0.369223
9 10 300.00 0.162467
9 12 300.00 0.231380
9 13 300.00 0.910823
10 9 300.00 0.162467
10 4 300.00 0.151830
10 11 300.00 0.510493
11 10 300.00 0.510493
11 23 300.00 0.422817
11 4 300.00 0.587493
12 2 300.00 0.226290
12 9 300.00 0.231380
12 15 300.00 0.227190
12 16 300.00 0.880573
13 9 300.00 0.910823
13 23 300.00 0.147147
14 7 300.00 0.244310
14 8 300.00 0.369223
14 17 300.00 0.376007
15 12 300.00 0.227190
15 18 300.00 0.271807
15 19 300.00 0.848740
16 12 300.00 0.880573
16 27 300.00 0.108207
17 14 300.00 0.376007
18 15 300.00 0.271807
18 20 300.00 0.270400
18 21 300.00 0.817993
19 15 300.00 0.848740
19 30 300.00 0.070787
20 18 300.00 0.270400
20 25 300.00 0.267943
20 26 300.00 0.793793
21 18 300.00 0.817993
21 19 300.00 0.234823
21 35 300.00 0.561310
22 25 300.00 0.262597
22 32 300.00 0.731613
22 33 300.00 0.264650
23 17 300.00 0.116470
23 24 300.00 0.567863
23 11 300.00 0.422817
24 23 300.00 0.567863
24 28 300.00 0.260563
24 34 300.00 0.628420
25 20 300.00 0.267943
25 22 300.00 0.262597
25 29 300.00 0.759997
26 20 300.00 0.793793
26 21 300.00 0.266343
26 39 300.00 0.545840
27 13 300.00 0.115677
27 28 300.00 0.561337
28 27 300.00 0.561337
28 31 300.00 0.265580
28 38 300.00 0.623007
29 25 300.00 0.759997
29 26 300.00 0.279647
29 45 300.00 0.549320
30 16 300.00 0.160227
30 31 300.00 0.563937
31 30 300.00 0.563937
31 35 300.00 0.299350
32 22 300.00 0.731613
32 48 300.00 0.533077
32 29 300.00 0.249917
33 22 300.00 0.264650
33 36 300.00 0.255977
33 37 300.00 0.697270
34 24 300.00 0.628420
34 38 300.00 0.267067
35 21 300.00 0.561310
35 39 300.00 0.264310
36 33 300.00 0.255977
36 40 300.00 0.261677
36 41 300.00 0.675863
37 33 300.00 0.697270
37 32 300.00 0.259067
37 51 300.00 0.531557
38 28 300.00 0.623007
38 34 300.00 0.267067
39 26 300.00 0.545840
39 45 300.00 0.267593
40 36 300.00 0.261677
40 46 300.00 0.263400
40 47 300.00 0.647413
41 36 300.00 0.675863
41 37 300.00 0.274250
41 52 300.00 0.521917
42 43 300.00 0.270663
42 61 300.00 0.462940
43 42 300.00 0.270663
43 44 300.00 0.459227
44 43 300.00 0.459227
44 61 300.00 0.274783
45 29 300.00 0.549320
45 48 300.00 0.272877
46 40 300.00 0.263400
46 49 300.00 0.263437
46 50 300.00 0.624843
47 40 300.00 0.647413
47 41 300.00 0.262667
47 54 300.00 0.507820
48 32 300.00 0.533077
48 53 300.00 0.216677
48 51 300.00 0.255243
49 46 300.00 0.263437
49 62 300.00 0.265040
49 63 300.00 0.593627
50 46 300.00 0.624843
50 47 300.00 0.251440
50 56 300.00 0.499950
51 37 300.00 0.531557
51 52 300.00 0.267143
51 55 300.00 0.210903
52 41 300.00 0.521917
52 54 300.00 0.258047
53 48 300.00 0.216677
53 55 300.00 0.258293
54 47 300.00 0.507820
54 56 300.00 0.266327
55 51 300.00 0.210903
55 53 300.00 0.258293
56 50 300.00 0.499950
56 57 300.00 0.263477
57 58 300.00 0.264883
57 59 300.00 0.499650
58 60 300.00 0.487350
59 57 300.00 0.499650
59 50 300.00 0.263383
60 58 300.00 0.487350
60 62 300.00 0.567280
60 63 300.00 0.254997
61 44 300.00 0.274783
61 42 300.00 0.462940
61 62 300.00 0.264157
62 49 300.00 0.265040
62 61 300.00 0.264157
62 60 300.00 0.567280
63 49 300.00 0.593627
63 59 300.00 0.012083
