0 1 300.00 0.605173
0 74 300.00 0.330267
0 76 300.00 0.337447
1 0 300.00 0.605173
1 2 300.00 0.331937
2 74 300.00 0.626540
2 73 300.00 1.080587
3 4 300.00 0.010107
3 5 300.00 0.562317
4 112 300.00 0.378380
4 11 300.00 0.514067
5 3 300.00 0.562317
5 111 300.00 0.321613
5 105 300.00 0.557783
6 7 300.00 0.519380
7 101 300.00 1.129660
7 79 300.00 0.679803
8 9 300.00 0.281587
9 76 300.00 0.555457
9 10 300.00 0.265767
10 1 300.00 0.072660
11 6 300.00 0.904183
12 13 300.00 1.534153
12 18 300.00 0.193923
12 49 300.00 0.655700
13 12 300.00 1.534153
14 15 300.00 0.103510
14 30 300.00 0.063577
14 28 300.00 0.775550
15 14 300.00 0.103510
15 16 300.00 0.171343
15 17 300.00 0.171047
16 15 300.00 0.171343
16 21 300.00 0.275280
16 27 300.00 0.665640
17 15 300.00 0.171047
18 12 300.00 0.193923
18 19 300.00 0.122467
18 20 300.00 0.181320
19 18 300.00 0.122467
19 50 300.00 0.480257
19 23 300.00 0.314763
20 18 300.00 0.181320
20 22 300.00 0.676713
20 24 300.00 0.244127
20 25 300.00 0.180487
21 22 300.00 0.184387
21 16 300.00 0.275280
21 25 300.00 0.677140
22 21 300.00 0.184387
22 20 300.00 0.676713
22 23 300.00 0.373627
23 22 300.00 0.373627
23 19 300.00 0.314763
23 51 300.00 0.307513
24 20 300.00 0.244127
25 21 300.00 0.677140
25 26 300.00 0.245810
25 29 300.00 0.182600
25 20 300.00 0.180487
26 25 300.00 0.245810
27 16 300.00 0.665640
27 28 300.00 0.114410
27 29 300.00 0.069187
28 27 300.00 0.114410
28 14 300.00 0.775550
28 31 300.00 0.240653
29 27 300.00 0.069187
29 25 300.00 0.182600
29 32 300.00 0.242520
30 14 300.00 0.063577
30 33 300.00 1.017293
31 28 300.00 0.240653
32 29 300.00 0.242520
33 30 300.00 1.017293
33 34 300.00 0.120400
33 35 300.00 0.766273
34 33 300.00 0.120400
34 37 300.00 0.657053
34 38 300.00 0.281563
35 33 300.00 0.766273
35 36 300.00 0.293440
36 35 300.00 0.293440
36 131 300.00 0.477820
36 129 300.00 0.493757
37 34 300.00 0.657053
37 39 300.00 0.145867
37 40 300.00 0.249850
38 34 300.00 0.281563
38 45 300.00 0.278523
38 48 300.00 0.305413
38 40 300.00 0.543210
39 37 300.00 0.145867
40 37 300.00 0.249850
40 41 300.00 0.242967
40 38 300.00 0.543210
40 128 300.00 0.232337
41 42 300.00 0.248170
41 40 300.00 0.242967
41 45 300.00 0.432113
41 47 300.00 2.013360
42 41 300.00 0.248170
42 43 300.00 0.340237
42 44 300.00 0.323260
43 42 300.00 0.340237
44 42 300.00 0.323260
44 45 300.00 0.276987
44 46 300.00 0.510420
45 44 300.00 0.276987
45 41 300.00 0.432113
45 38 300.00 0.278523
46 44 300.00 0.510420
46 62 300.00 0.333423
46 67 300.00 0.470963
47 41 300.00 2.013360
47 118 300.00 0.041090
48 38 300.00 0.305413
49 50 300.00 0.265070
49 53 300.00 0.717070
49 12 300.00 0.655700
50 49 300.00 0.265070
50 51 300.00 0.261563
50 52 300.00 0.717483
50 19 300.00 0.480257
51 50 300.00 0.261563
51 23 300.00 0.307513
51 60 300.00 0.264723
51 70 300.00 0.718880
52 50 300.00 0.717483
52 53 300.00 0.260357
52 70 300.00 0.260240
52 56 300.00 0.375030
53 49 300.00 0.717070
53 54 300.00 0.376747
53 52 300.00 0.260357
54 55 300.00 0.170653
54 53 300.00 0.376747
54 73 300.00 1.292040
54 56 300.00 0.256393
55 54 300.00 0.170653
56 57 300.00 0.229710
56 58 300.00 0.256737
56 52 300.00 0.375030
56 54 300.00 0.256393
57 56 300.00 0.229710
58 59 300.00 0.176523
58 63 300.00 0.264467
58 70 300.00 0.375877
58 56 300.00 0.256737
59 58 300.00 0.176523
60 51 300.00 0.264723
60 61 300.00 0.721920
60 62 300.00 0.274473
61 60 300.00 0.721920
61 63 300.00 0.374567
61 70 300.00 0.266493
61 65 300.00 0.253403
62 60 300.00 0.274473
62 46 300.00 0.333423
62 65 300.00 0.654400
63 61 300.00 0.374567
63 58 300.00 0.264467
63 64 300.00 0.256810
64 63 300.00 0.256810
64 66 300.00 0.097880
64 68 300.00 0.276503
64 65 300.00 0.373310
65 62 300.00 0.654400
65 64 300.00 0.373310
65 67 300.00 0.270257
65 61 300.00 0.253403
66 64 300.00 0.097880
67 46 300.00 0.470963
67 71 300.00 0.402577
67 68 300.00 0.370253
67 65 300.00 0.270257
68 69 300.00 0.177903
68 72 300.00 0.197703
68 67 300.00 0.370253
68 64 300.00 0.276503
69 68 300.00 0.177903
70 52 300.00 0.260240
70 58 300.00 0.375877
70 51 300.00 0.718880
70 61 300.00 0.266493
71 67 300.00 0.402577
72 68 300.00 0.197703
73 54 300.00 1.292040
73 13 300.00 1.884580
74 2 300.00 0.626540
74 75 300.00 0.569953
74 0 300.00 0.330267
75 74 300.00 0.569953
76 77 300.00 0.331910
76 0 300.00 0.337447
76 9 300.00 0.555457
77 76 300.00 0.331910
77 78 300.00 0.549613
77 79 300.00 0.558350
78 77 300.00 0.549613
78 84 300.00 0.364020
78 102 300.00 0.343517
79 77 300.00 0.558350
79 8 300.00 0.046093
80 81 300.00 0.560620
80 87 300.00 0.553310
80 90 300.00 0.669050
80 96 300.00 0.466113
81 80 300.00 0.560620
81 82 300.00 0.455960
81 83 300.00 0.673743
82 81 300.00 0.455960
83 81 300.00 0.673743
83 84 300.00 0.184540
83 95 300.00 0.018387
84 78 300.00 0.364020
84 85 300.00 0.141097
84 83 300.00 0.184540
85 84 300.00 0.141097
86 87 300.00 0.563973
86 116 300.00 0.503343
86 97 300.00 1.014227
86 115 300.00 0.326193
87 86 300.00 0.563973
87 88 300.00 0.309717
87 89 300.00 0.333117
87 80 300.00 0.553310
88 87 300.00 0.309717
89 87 300.00 0.333117
89 91 300.00 0.337657
89 115 300.00 0.562853
90 91 300.00 0.555487
90 94 300.00 0.338920
90 80 300.00 0.669050
90 95 300.00 0.560163
91 90 300.00 0.555487
91 92 300.00 0.335257
91 89 300.00 0.337657
91 93 300.00 0.577627
92 91 300.00 0.335257
92 94 300.00 0.559053
92 100 300.00 0.339343
93 91 300.00 0.577627
93 98 300.00 1.010120
93 115 300.00 0.340260
94 90 300.00 0.338920
94 92 300.00 0.559053
94 103 300.00 0.570780
94 104 300.00 0.341257
95 90 300.00 0.560163
95 103 300.00 0.331737
95 83 300.00 0.018387
96 80 300.00 0.466113
97 98 300.00 0.668377
97 117 300.00 0.641280
97 86 300.00 1.014227
98 97 300.00 0.668377
98 99 300.00 1.670860
98 93 300.00 1.010120
99 98 300.00 1.670860
99 114 300.00 1.584247
99 151 300.00 0.056430
100 92 300.00 0.339343
100 108 300.00 0.338913
100 104 300.00 0.559007
101 102 300.00 0.323000
101 110 300.00 0.354160
101 7 300.00 1.129660
102 101 300.00 0.323000
102 78 300.00 0.343517
102 103 300.00 0.551457
103 102 300.00 0.551457
103 94 300.00 0.570780
103 95 300.00 0.331737
104 94 300.00 0.341257
104 106 300.00 0.336803
104 100 300.00 0.559007
104 150 300.00 0.257017
105 106 300.00 0.656683
105 5 300.00 0.557783
105 153 300.00 0.184180
106 105 300.00 0.656683
106 104 300.00 0.336803
106 107 300.00 0.558340
106 108 300.00 0.560650
107 106 300.00 0.558340
107 110 300.00 0.544077
107 111 300.00 0.335933
108 106 300.00 0.560650
108 100 300.00 0.338913
108 114 300.00 0.664253
109 110 300.00 0.331503
109 111 300.00 0.543480
109 112 300.00 0.026123
110 109 300.00 0.331503
110 101 300.00 0.354160
110 107 300.00 0.544077
111 107 300.00 0.335933
111 5 300.00 0.321613
111 109 300.00 0.543480
112 113 300.00 0.683467
112 109 300.00 0.026123
112 4 300.00 0.378380
113 112 300.00 0.683467
114 108 300.00 0.664253
114 152 300.00 0.075570
114 99 300.00 1.584247
115 93 300.00 0.340260
115 86 300.00 0.326193
115 89 300.00 0.562853
115 133 300.00 0.529793
116 86 300.00 0.503343
117 97 300.00 0.641280
117 119 300.00 0.788380
117 137 300.00 0.878283
118 47 300.00 0.041090
118 119 300.00 0.233960
118 120 300.00 1.016633
119 118 300.00 0.233960
119 137 300.00 1.563700
119 117 300.00 0.788380
120 139 300.00 0.129613
121 122 300.00 0.594917
121 123 300.00 0.766997
122 123 300.00 0.593930
122 125 300.00 0.606117
123 121 300.00 0.766997
123 127 300.00 1.014100
123 122 300.00 0.593930
124 125 300.00 0.059560
125 124 300.00 0.059560
125 126 300.00 0.023103
126 125 300.00 0.023103
126 127 300.00 0.166423
126 149 300.00 0.279603
127 123 300.00 1.014100
127 149 300.00 0.317013
127 126 300.00 0.166423
128 40 300.00 0.232337
129 130 300.00 0.158617
129 36 300.00 0.493757
130 129 300.00 0.158617
131 36 300.00 0.477820
131 132 300.00 0.156627
132 131 300.00 0.156627
133 115 300.00 0.529793
134 135 300.00 0.424387
134 136 300.00 1.888263
135 136 300.00 0.605957
135 143 300.00 0.242997
136 134 300.00 1.888263
136 124 300.00 0.604260
136 142 300.00 0.247970
137 138 300.00 0.810020
137 119 300.00 1.563700
137 117 300.00 0.878283
138 137 300.00 0.810020
139 140 300.00 0.045860
139 141 300.00 0.496500
140 148 300.00 0.129973
140 147 300.00 0.640273
141 134 300.00 0.487243
141 140 300.00 0.492327
142 136 300.00 0.247970
142 143 300.00 0.609287
142 144 300.00 1.408970
143 144 300.00 0.866550
143 135 300.00 0.242997
143 145 300.00 0.607323
144 142 300.00 1.408970
144 146 300.00 0.603533
144 143 300.00 0.866550
145 141 300.00 0.339643
145 146 300.00 0.876750
146 145 300.00 0.876750
146 147 300.00 0.609133
146 144 300.00 0.603533
147 146 300.00 0.609133
147 148 300.00 0.709930
148 120 300.00 0.043753
148 47 300.00 1.069473
149 142 300.00 0.284577
149 126 300.00 0.279603
150 104 300.00 0.257017
151 154 300.00 0.064690
151 99 300.00 0.056430
151 155 300.00 1.851717
152 114 300.00 0.075570
152 155 300.00 0.222043
152 153 300.00 0.313770
153 105 300.00 0.184180
153 152 300.00 0.313770
154 151 300.00 0.064690
155 156 300.00 0.015313
156 3 300.00 1.372693
156 153 300.00 0.095480
