0 574 166.00 0.243867
0 265 1142.00 1.672567
1 411 319.00 0.467183
1 435 406.00 0.595367
2 585 217.00 0.318817
2 446 169.00 0.248800
2 9 549.00 0.804083
3 569 292.00 0.427683
3 537 312.00 0.457533
3 538 113.00 0.165600
4 414 435.00 0.638150
4 413 349.00 0.511733
4 6 887.00 1.300083
4 496 2864.00 4.194333
5 446 373.00 0.547517
5 8 920.00 1.348183
5 9 628.00 0.920917
6 4 887.00 1.300083
6 22 1497.00 2.193267
6 7 888.00 1.300483
6 422 918.00 1.344583
7 6 888.00 1.300483
7 312 892.00 1.306900
7 23 1516.00 2.220617
7 423 827.00 1.211633
8 5 920.00 1.348183
8 16 1098.00 1.609250
8 314 898.00 1.315417
9 2 549.00 0.804083
9 5 628.00 0.920917
9 312 1559.00 2.283883
9 15 653.00 0.957567
10 13 477.00 0.699967
10 537 608.00 0.890967
10 474 1420.00 2.079800
11 577 165.00 0.241800
11 14 912.00 1.336567
12 15 1836.00 2.688750
12 25 890.00 1.303467
12 312 618.00 0.906067
13 10 477.00 0.699967
13 284 492.00 0.721517
13 471 1435.00 2.102033
14 11 912.00 1.336567
14 26 991.00 1.452250
15 9 653.00 0.957567
15 12 1836.00 2.688750
15 19 661.00 0.969250
16 8 1098.00 1.609250
17 586 1317.00 1.928833
17 21 471.00 0.690033
17 569 2285.00 3.346733
18 36 1459.00 2.136933
18 577 518.00 0.759483
18 26 915.00 1.340017
18 314 884.00 1.295733
19 15 661.00 0.969250
19 558 167.00 0.245667
20 418 301.00 0.441600
20 420 449.00 0.658750
20 22 875.00 1.281933
20 421 918.00 1.344750
21 17 471.00 0.690033
21 315 1183.00 1.732900
21 28 421.00 0.617850
22 6 1497.00 2.193267
22 20 875.00 1.281933
22 23 904.00 1.325200
22 40 1145.00 1.677967
23 7 1516.00 2.220617
23 22 904.00 1.325200
23 49 1370.00 2.007700
23 25 905.00 1.325717
24 32 509.00 0.745833
24 284 323.00 0.473583
24 42 2930.00 4.291367
25 12 890.00 1.303467
25 23 905.00 1.325717
25 37 862.00 1.262683
25 29 2165.00 3.171533
26 14 991.00 1.452250
26 18 915.00 1.340017
26 34 917.00 1.343917
26 47 1465.00 2.146883
27 50 1467.00 2.148750
27 36 904.00 1.323933
27 286 614.00 0.900200
27 314 1455.00 2.130867
28 21 421.00 0.617850
28 473 1108.00 1.622933
28 540 1496.00 2.191017
29 25 2165.00 3.171533
29 558 139.00 0.204583
29 41 895.00 1.311050
30 288 465.00 0.681483
30 53 1317.00 1.929850
30 499 465.00 0.681133
31 42 815.00 1.194900
31 285 447.00 0.655183
31 471 1581.00 2.316183
31 503 825.00 1.208550
32 24 509.00 0.745833
32 287 357.00 0.522900
32 33 89.00 0.130350
33 32 89.00 0.130350
33 289 332.00 0.486650
33 301 2571.00 3.766200
34 26 917.00 1.343917
34 51 943.00 1.382017
34 44 894.00 1.310500
35 288 451.00 0.661817
35 421 172.00 0.253200
35 58 1344.00 1.969583
36 18 1459.00 2.136933
36 27 904.00 1.323933
36 57 1449.00 2.122083
36 47 917.00 1.343517
37 25 862.00 1.262683
37 41 2056.00 3.011067
37 316 542.00 0.794767
38 290 420.00 0.615467
38 40 229.00 0.336817
38 61 1364.00 1.998017
39 48 793.00 1.161650
39 291 377.00 0.553317
39 75 2663.00 3.900500
40 22 1145.00 1.677967
40 38 229.00 0.336817
40 292 204.00 0.299817
41 29 895.00 1.311050
41 37 2056.00 3.011067
41 46 242.00 0.354600
42 24 2930.00 4.291367
42 31 815.00 1.194900
42 545 1447.00 2.119333
42 56 640.00 0.937550
43 544 634.00 0.928600
43 559 1612.00 2.362133
43 465 965.00 1.414483
44 34 894.00 1.310500
44 62 1488.00 2.180350
44 488 643.00 0.942717
44 483 1417.00 2.076350
45 292 419.00 0.613950
45 49 358.00 0.524883
45 517 963.00 1.411450
46 41 242.00 0.354600
46 55 366.00 0.537067
46 50 185.00 0.272033
47 26 1465.00 2.146883
47 36 917.00 1.343517
47 54 430.00 0.629717
48 39 793.00 1.161650
48 80 2619.00 3.835883
48 56 1057.00 1.548783
49 23 1370.00 2.007700
49 45 358.00 0.524883
49 317 471.00 0.690717
49 516 989.00 1.448600
50 27 1467.00 2.148750
50 46 185.00 0.272033
50 57 911.00 1.334500
51 34 943.00 1.382017
52 465 320.00 0.468767
52 53 192.00 0.282550
52 499 1430.00 2.095400
53 30 1317.00 1.929850
53 52 192.00 0.282550
53 293 460.00 0.674433
54 47 430.00 0.629717
54 60 889.00 1.302633
54 64 1013.00 1.484417
55 46 366.00 0.537067
55 557 1120.00 1.640633
55 316 2047.00 2.998350
56 42 640.00 0.937550
56 48 1057.00 1.548783
56 63 2127.00 3.116350
57 36 1449.00 2.122083
57 50 911.00 1.334500
57 64 896.00 1.312733
58 35 1344.00 1.969583
58 293 459.00 0.672300
58 296 420.00 0.615667
59 68 586.00 0.859367
59 465 382.00 0.559467
59 545 1359.00 1.990350
60 54 889.00 1.302633
60 71 1027.00 1.505383
60 62 1290.00 1.890050
61 38 1364.00 1.998017
61 296 426.00 0.624783
61 297 425.00 0.623000
62 44 1488.00 2.180350
62 60 1290.00 1.890050
62 489 899.00 1.317350
63 56 2127.00 3.116350
63 68 801.00 1.173767
63 546 375.00 0.549633
64 54 1013.00 1.484417
64 57 896.00 1.312733
64 71 902.00 1.321017
64 76 1476.00 2.162450
65 298 563.00 0.825850
65 536 535.00 0.783567
65 539 572.00 0.838650
66 517 429.00 0.629000
66 69 759.00 1.112817
66 297 425.00 0.622517
67 321 150.00 0.220217
67 555 330.00 0.484467
67 82 1164.00 1.704767
68 59 586.00 0.859367
68 63 801.00 1.173767
68 70 719.00 1.053567
69 66 759.00 1.112817
69 516 474.00 0.695000
69 317 2021.00 2.960217
70 68 719.00 1.053567
70 73 425.00 0.622833
70 518 528.00 0.773567
70 463 545.00 0.798150
71 60 1027.00 1.505383
71 64 902.00 1.321017
71 84 1492.00 2.185033
71 74 783.00 1.147217
72 546 441.00 0.645933
72 73 1435.00 2.101967
72 534 1660.00 2.431283
73 70 425.00 0.622833
73 72 1435.00 2.101967
73 77 513.00 0.751500
74 71 783.00 1.147217
75 39 2663.00 3.900500
75 255 791.00 1.159433
75 303 432.00 0.633617
76 64 1476.00 2.162450
76 84 852.00 1.248100
76 82 866.00 1.268517
77 73 513.00 0.751500
77 79 1251.00 1.833317
77 81 244.00 0.357950
78 456 873.00 1.278483
78 462 275.00 0.403133
78 560 221.00 0.324783
79 77 1251.00 1.833317
79 462 868.00 1.272300
79 456 541.00 0.792700
79 564 1201.00 1.759367
80 48 2619.00 3.835883
80 75 851.00 1.246583
81 77 244.00 0.357950
81 88 885.00 1.297150
81 534 2230.00 3.267050
82 67 1164.00 1.704767
82 76 866.00 1.268517
82 570 874.00 1.281183
83 320 67.00 0.098800
83 560 717.00 1.050467
83 90 1220.00 1.787267
84 71 1492.00 2.185033
84 76 852.00 1.248100
84 570 406.00 0.594700
84 404 643.00 0.942283
85 364 714.00 1.046967
85 91 3230.00 4.730967
85 313 544.00 0.797233
86 510 106.00 0.156250
86 572 1082.00 1.584700
86 534 840.00 1.230233
87 91 577.00 0.845933
87 255 953.00 1.396217
87 583 1273.00 1.865367
88 81 885.00 1.297150
88 509 1075.00 1.574467
88 513 118.00 0.173283
89 90 920.00 1.347800
89 98 1202.00 1.760683
89 564 950.00 1.392350
89 462 1228.00 1.799417
90 83 1220.00 1.787267
90 89 920.00 1.347800
90 450 857.00 1.255633
90 99 1202.00 1.761117
91 85 3230.00 4.730967
91 87 577.00 0.845933
91 104 1384.00 2.028000
92 322 843.00 1.234983
92 93 1128.00 1.653350
92 102 1194.00 1.749983
93 92 1128.00 1.653350
93 103 1200.00 1.757400
93 94 1137.00 1.666217
94 93 1137.00 1.666217
94 404 1192.00 1.746783
94 95 1164.00 1.705217
95 94 1164.00 1.705217
95 105 1219.00 1.785700
95 403 1127.00 1.651250
95 408 1167.00 1.710033
96 486 146.00 0.213933
96 106 1188.00 1.740650
97 108 1155.00 1.691450
97 368 306.00 0.448583
97 98 893.00 1.307867
98 89 1202.00 1.760683
98 97 893.00 1.307867
98 109 1154.00 1.691033
98 99 902.00 1.321783
99 90 1202.00 1.761117
99 98 902.00 1.321783
99 110 1175.00 1.721867
99 100 892.00 1.307017
100 99 892.00 1.307017
100 112 1153.00 1.689517
100 450 1203.00 1.763117
100 101 1045.00 1.531550
101 100 1045.00 1.531550
101 494 1188.00 1.739967
101 322 1227.00 1.797050
101 102 1081.00 1.584150
102 92 1194.00 1.749983
102 101 1081.00 1.584150
102 406 625.00 0.916733
102 103 1146.00 1.678317
103 93 1200.00 1.757400
103 102 1146.00 1.678317
103 113 1171.00 1.715983
103 105 2303.00 3.373633
104 91 1384.00 2.028000
104 358 922.00 1.351467
104 519 1314.00 1.924450
104 150 3600.00 5.272300
105 95 1219.00 1.785700
105 103 2303.00 3.373633
105 475 1117.00 1.636333
105 115 1127.00 1.650917
106 493 160.00 0.235433
106 122 4656.00 1.704700
107 114 863.00 1.264533
107 369 899.00 1.317333
107 476 897.00 1.314583
107 108 1405.00 2.058833
108 97 1155.00 1.691450
108 107 1405.00 2.058833
108 259 122.00 0.179367
109 98 1154.00 1.691033
109 123 901.00 1.319650
109 259 770.00 1.127967
109 110 945.00 1.383983
110 99 1175.00 1.721867
110 109 945.00 1.383983
110 124 893.00 1.308233
110 112 887.00 1.299233
111 118 577.00 0.845650
111 121 1897.00 2.778317
111 116 1228.00 1.799400
112 100 1153.00 1.689517
112 110 887.00 1.299233
112 153 1847.00 2.705450
112 494 813.00 1.192050
113 103 1171.00 1.715983
113 495 1157.00 1.695833
113 514 1387.00 2.032483
113 115 2300.00 3.368267
114 107 863.00 1.264533
114 117 927.00 1.358983
114 126 802.00 1.174750
115 105 1127.00 1.650917
115 113 2300.00 3.368267
115 146 1817.00 2.661833
115 402 1151.00 1.685667
116 111 1228.00 1.799400
116 118 786.00 1.151400
116 568 556.00 0.815233
117 114 927.00 1.358983
117 129 949.00 1.389783
117 260 623.00 0.912800
118 111 577.00 0.845650
118 116 786.00 1.151400
118 567 546.00 0.800400
118 119 538.00 0.788717
119 118 538.00 0.788717
119 133 1135.00 1.662667
119 120 565.00 0.828567
120 119 565.00 0.828567
120 134 1130.00 1.655767
120 121 524.00 0.767800
121 111 1897.00 2.778317
121 120 524.00 0.767800
121 135 1145.00 1.676933
122 566 167.00 0.244617
122 391 4881.00 7.148650
123 109 901.00 1.319650
123 260 781.00 1.144850
123 124 908.00 1.329733
124 110 893.00 1.308233
124 123 908.00 1.329733
124 137 914.00 1.339683
125 127 561.00 0.822200
125 140 999.00 1.463300
125 136 1484.00 2.173800
126 114 802.00 1.174750
126 529 35.00 0.051850
126 530 113.00 0.166833
127 125 561.00 0.822200
127 128 595.00 0.872183
127 144 997.00 1.460967
128 127 595.00 0.872183
128 138 531.00 0.778600
128 148 993.00 1.454650
129 117 949.00 1.389783
129 137 2302.00 3.372317
129 527 431.00 0.632000
130 131 266.00 0.389850
130 568 538.00 0.788183
130 159 1358.00 1.988767
131 130 266.00 0.389850
131 161 1102.00 1.614717
131 132 549.00 0.804517
132 131 549.00 0.804517
132 567 583.00 0.854917
132 163 1073.00 1.571750
132 133 552.00 0.809100
133 119 1135.00 1.662667
133 132 552.00 0.809100
133 165 1075.00 1.574833
133 134 536.00 0.785183
134 120 1130.00 1.655767
134 133 536.00 0.785183
134 166 1095.00 1.604833
134 135 603.00 0.883450
135 121 1145.00 1.676933
135 134 603.00 0.883450
135 168 1072.00 1.570133
135 139 430.00 0.630600
136 125 1484.00 2.173800
136 155 1040.00 1.523217
136 140 557.00 0.815933
137 124 914.00 1.339683
137 129 2302.00 3.372317
137 153 906.00 1.327317
137 151 903.00 1.323200
138 128 531.00 0.778600
138 141 491.00 0.720067
138 154 805.00 1.179100
139 135 430.00 0.630600
139 170 1008.00 1.476800
139 142 768.00 1.125383
140 125 999.00 1.463300
140 136 557.00 0.815933
140 169 1014.00 1.486400
140 144 539.00 0.789683
141 138 491.00 0.720067
141 354 411.00 0.603000
141 167 815.00 1.194550
142 139 768.00 1.125383
142 174 906.00 1.327050
142 147 607.00 0.890300
143 527 256.00 0.375317
143 357 743.00 1.088867
143 370 465.00 0.681583
144 127 997.00 1.460967
144 140 539.00 0.789683
144 175 1011.00 1.481267
144 148 572.00 0.838733
145 355 181.00 0.265850
145 354 159.00 0.233917
145 173 833.00 1.221117
146 115 1817.00 2.661833
146 149 536.00 0.785900
146 531 1812.00 2.654367
147 142 607.00 0.890300
147 178 928.00 1.359700
147 150 192.00 0.282417
148 128 993.00 1.454650
148 144 572.00 0.838733
148 185 1000.00 1.465833
149 146 536.00 0.785900
149 184 960.00 1.406567
149 157 1837.00 2.690950
150 104 3600.00 5.272300
150 147 192.00 0.282417
150 186 951.00 1.394050
150 155 279.00 0.409617
151 137 903.00 1.323200
151 378 220.00 0.323100
151 381 1854.00 2.715367
151 379 712.00 1.043350
152 153 515.00 0.755250
152 398 624.00 0.914583
152 399 93.00 0.136883
153 112 1847.00 2.705450
153 137 906.00 1.327317
153 152 515.00 0.755250
154 138 805.00 1.179100
154 167 521.00 0.762983
154 183 819.00 1.199850
155 136 1040.00 1.523217
155 150 279.00 0.409617
155 158 242.00 0.355533
156 177 525.00 0.769567
156 357 520.00 0.761517
156 257 537.00 0.787333
157 149 1837.00 2.690950
157 514 981.00 1.436950
157 164 587.00 0.859917
158 155 242.00 0.355533
158 198 1105.00 1.618467
158 169 293.00 0.430450
159 130 1358.00 1.988767
159 160 457.00 0.670300
159 339 1167.00 1.709967
160 159 457.00 0.670300
160 203 1118.00 1.638067
160 161 542.00 0.794517
161 131 1102.00 1.614717
161 160 542.00 0.794517
161 204 1128.00 1.653117
161 163 555.00 0.814200
162 515 1272.00 1.864050
162 164 557.00 0.817033
162 397 2324.00 3.403733
163 132 1073.00 1.571750
163 161 555.00 0.814200
163 192 759.00 1.112317
163 165 549.00 0.804950
164 157 587.00 0.859917
164 162 557.00 0.817033
164 191 791.00 1.159367
165 133 1075.00 1.574833
165 163 549.00 0.804950
165 176 334.00 0.489467
165 166 537.00 0.786600
166 134 1095.00 1.604833
166 165 537.00 0.786600
166 172 407.00 0.596983
166 168 576.00 0.843683
167 141 815.00 1.194550
167 154 521.00 0.762983
167 193 800.00 1.171883
167 173 546.00 0.800033
168 135 1072.00 1.570133
168 166 576.00 0.843683
168 520 603.00 0.883133
169 140 1014.00 1.486400
169 158 293.00 0.430450
169 171 262.00 0.384283
170 139 1008.00 1.476800
170 174 551.00 0.807800
170 187 588.00 0.861867
171 169 262.00 0.384283
171 188 575.00 0.843083
171 175 290.00 0.424883
172 166 407.00 0.596983
172 176 210.00 0.308917
172 190 556.00 0.814933
173 145 833.00 1.221117
173 167 546.00 0.800033
173 200 806.00 1.180717
173 181 521.00 0.764217
174 142 906.00 1.327050
174 170 551.00 0.807800
174 178 476.00 0.698517
175 144 1011.00 1.481267
175 171 290.00 0.424883
175 180 481.00 0.705017
176 165 334.00 0.489467
176 172 210.00 0.308917
176 338 98.00 0.144433
177 156 525.00 0.769567
177 189 310.00 0.454950
177 196 1021.00 1.495883
178 147 928.00 1.359700
178 174 476.00 0.698517
178 197 577.00 0.845983
179 357 644.00 0.943383
180 175 481.00 0.705017
180 208 561.00 0.822800
180 185 96.00 0.140950
181 173 521.00 0.764217
181 210 812.00 1.190367
181 257 809.00 1.185150
181 189 546.00 0.799717
182 184 745.00 1.092117
183 154 819.00 1.199850
183 193 546.00 0.800667
183 194 355.00 0.520533
184 149 960.00 1.406567
184 182 745.00 1.092117
184 396 1030.00 1.509083
184 191 2804.00 4.106450
185 148 1000.00 1.465833
185 180 96.00 0.140950
185 194 507.00 0.743817
186 150 951.00 1.394050
186 207 584.00 0.855717
186 195 336.00 0.493483
187 170 588.00 0.861867
187 520 243.00 0.355883
187 197 766.00 1.121800
188 171 575.00 0.843083
188 208 754.00 1.104650
188 209 529.00 0.774917
189 177 310.00 0.454950
189 181 546.00 0.799717
189 199 253.00 0.371733
190 172 556.00 0.814933
190 337 206.00 0.302233
190 520 696.00 1.020450
191 164 791.00 1.159367
191 184 2804.00 4.106450
191 392 895.00 1.311650
192 163 759.00 1.112317
192 206 453.00 0.663400
192 338 589.00 0.863067
193 167 800.00 1.171883
193 183 546.00 0.800667
193 200 534.00 0.783083
194 183 355.00 0.520533
194 185 507.00 0.743817
194 202 251.00 0.368367
195 186 336.00 0.493483
195 198 232.00 0.339833
195 217 954.00 1.397933
196 177 1021.00 1.495883
197 178 577.00 0.845983
197 187 766.00 1.121800
197 207 276.00 0.405267
198 158 1105.00 1.618467
198 195 232.00 0.339833
198 209 572.00 0.838000
199 189 253.00 0.371733
199 212 563.00 0.824967
199 211 850.00 1.246150
200 173 806.00 1.180717
200 193 534.00 0.783083
200 210 515.00 0.755417
201 339 48.00 0.071350
201 205 151.00 0.221900
202 194 251.00 0.368367
202 221 2174.00 3.183967
202 215 638.00 0.935067
203 160 1118.00 1.638067
203 482 736.00 1.078917
203 339 571.00 0.836817
203 204 549.00 0.804517
204 161 1128.00 1.653117
204 203 549.00 0.804517
204 206 306.00 0.448800
204 214 459.00 0.672933
205 201 151.00 0.221900
205 252 2030.00 1.487050
206 192 453.00 0.663400
206 204 306.00 0.448800
206 214 555.00 0.813567
207 186 584.00 0.855717
207 197 276.00 0.405267
207 230 1453.00 2.128500
208 180 561.00 0.822800
208 188 754.00 1.104650
208 213 550.00 0.806400
209 188 529.00 0.774917
209 198 572.00 0.838000
209 213 740.00 1.083900
209 217 534.00 0.782450
210 181 812.00 1.190367
210 200 515.00 0.755417
210 212 545.00 0.798700
211 199 850.00 1.246150
212 199 563.00 0.824967
212 210 545.00 0.798700
212 221 617.00 0.904017
212 216 702.00 1.028567
213 208 550.00 0.806400
213 209 740.00 1.083900
213 219 359.00 0.525933
214 204 459.00 0.672933
214 206 555.00 0.813567
214 335 265.00 0.388417
215 202 638.00 0.935067
215 218 340.00 0.498083
215 233 2178.00 3.190633
216 212 702.00 1.028567
217 195 954.00 1.397933
217 209 534.00 0.782450
217 220 187.00 0.274167
218 215 340.00 0.498083
218 222 271.00 0.398250
218 219 615.00 0.902050
219 213 359.00 0.525933
219 218 615.00 0.902050
219 220 726.00 1.064250
220 217 187.00 0.274167
220 219 726.00 1.064250
220 232 572.00 0.838550
221 202 2174.00 3.183967
221 212 617.00 0.904017
221 233 613.00 0.898667
221 351 1547.00 2.265600
222 218 271.00 0.398250
222 231 329.00 0.483217
222 237 2208.00 3.234083
223 334 940.00 0.688533
223 224 628.00 0.920717
224 223 628.00 0.920717
224 482 443.00 0.650050
224 225 542.00 0.793950
224 333 945.00 1.385017
225 224 542.00 0.793950
225 335 445.00 0.652583
225 238 932.00 1.365733
225 226 567.00 0.831350
226 225 567.00 0.831350
226 336 861.00 1.261883
226 227 955.00 1.398983
226 337 1730.00 2.534867
227 226 955.00 1.398983
227 235 755.00 1.105900
227 228 601.00 0.880717
228 227 601.00 0.880717
228 347 539.00 0.789717
228 342 736.00 1.078217
229 242 920.00 1.347500
229 230 559.00 0.819300
229 342 563.00 0.824717
230 207 1453.00 2.128500
230 229 559.00 0.819300
230 232 589.00 0.863217
230 241 830.00 1.215600
231 222 329.00 0.483217
231 341 495.00 0.726350
231 236 663.00 0.971200
232 220 572.00 0.838550
232 230 589.00 0.863217
232 240 828.00 1.213733
232 341 557.00 0.816533
233 215 2178.00 3.190633
233 221 613.00 0.898667
233 350 1546.00 2.264300
233 237 652.00 0.954883
234 352 356.00 0.522617
234 279 797.00 1.167333
234 353 965.00 1.413950
235 227 755.00 1.105900
235 244 424.00 0.621517
235 336 1061.00 1.554117
236 231 663.00 0.971200
236 508 234.00 0.343700
236 349 730.00 1.070200
237 222 2208.00 3.234083
237 233 652.00 0.954883
237 247 1834.00 2.686250
237 246 580.00 0.849600
238 225 932.00 1.365733
238 333 535.00 0.784217
238 336 617.00 0.904517
238 330 972.00 1.424483
239 333 627.00 0.919233
239 223 1909.00 1.398550
239 327 183.00 0.268017
240 232 828.00 1.213733
240 340 541.00 0.793117
240 521 566.00 0.830233
241 230 830.00 1.215600
241 242 562.00 0.823900
241 521 102.00 0.149517
242 229 920.00 1.347500
242 241 562.00 0.823900
242 343 528.00 0.774083
243 347 562.00 0.823217
243 345 252.00 0.370200
243 512 181.00 0.265550
244 235 424.00 0.621517
244 512 407.00 0.596300
244 332 283.00 0.414817
245 350 756.00 1.107783
245 352 685.00 1.003633
245 247 781.00 1.145117
246 237 580.00 0.849600
246 511 56.00 0.083133
246 349 1115.00 1.634217
247 237 1834.00 2.686250
247 245 781.00 1.145117
247 263 780.00 1.142383
248 253 3427.00 1.673083
248 263 297.00 0.435683
249 205 613.00 0.449500
249 251 1702.00 2.493283
250 251 539.00 0.790633
251 249 1702.00 2.493283
251 250 539.00 0.790633
251 252 595.00 0.871850
252 251 595.00 0.871850
252 327 2318.00 1.697867
253 264 2112.00 1.031067
253 511 382.00 0.559450
254 248 3822.00 1.866033
255 87 953.00 1.396217
255 258 867.00 1.270367
256 80 828.00 1.213850
256 359 520.00 0.762233
256 258 111.00 0.163000
257 156 537.00 0.787333
257 181 809.00 1.185150
257 355 346.00 0.506733
258 256 111.00 0.163000
258 358 2532.00 3.709150
258 510 1610.00 2.358550
259 108 122.00 0.179367
259 109 770.00 1.127967
259 260 883.00 1.293467
260 117 623.00 0.912800
260 123 781.00 1.144850
260 259 883.00 1.293467
261 411 493.00 0.723067
261 496 802.00 1.174500
262 254 2739.00 1.337533
262 279 1487.00 2.178033
263 247 780.00 1.142383
263 248 297.00 0.435683
263 511 1352.00 1.980200
264 349 906.00 1.328083
265 480 1065.00 1.559817
265 271 4727.00 1.730633
266 480 1139.00 1.669467
266 274 1150.00 1.684483
266 589 1182.00 1.731317
267 276 3446.00 1.682400
268 266 1190.00 1.743617
268 275 1177.00 1.724200
269 268 1123.00 1.645383
269 479 1226.00 1.795650
269 480 1154.00 1.690183
270 533 106.00 0.155633
270 267 3410.00 1.664800
271 588 1233.00 1.805950
271 532 5290.00 1.937033
272 384 1064.00 1.559500
272 526 96.00 0.140700
272 392 1157.00 1.695367
273 274 1166.00 1.708217
273 385 990.00 1.450083
273 526 1191.00 1.745550
273 481 2239.00 3.279900
274 266 1150.00 1.684483
274 273 1166.00 1.708217
274 275 1198.00 1.755433
275 268 1177.00 1.724200
275 526 1193.00 1.748483
275 477 1187.00 1.738450
276 481 1521.00 2.227983
277 281 1879.00 2.752167
277 278 389.00 0.570300
277 386 789.00 1.155617
277 385 921.00 1.349083
278 277 389.00 0.570300
279 234 797.00 1.167333
279 262 1487.00 2.178033
279 281 1380.00 2.021567
280 382 653.00 0.957467
280 384 1604.00 2.350317
280 353 548.00 0.802617
281 277 1879.00 2.752167
281 279 1380.00 2.021567
281 382 797.00 1.167650
282 305 1359.00 1.990600
282 485 2815.00 2.061917
283 318 909.00 1.331817
283 538 2852.00 4.176650
283 305 1331.00 1.950583
284 13 492.00 0.721517
284 24 323.00 0.473583
284 468 1745.00 2.556017
285 31 447.00 0.655183
285 469 794.00 1.164183
285 467 679.00 0.994467
285 502 806.00 1.180867
286 27 614.00 0.900200
286 558 206.00 0.302050
286 19 278.00 0.407433
287 32 357.00 0.522900
287 315 396.00 0.580650
287 300 2630.00 3.851633
288 30 465.00 0.681483
288 35 451.00 0.661817
288 293 1329.00 1.947717
289 33 332.00 0.486650
289 291 306.00 0.449583
289 535 1226.00 1.796050
290 38 420.00 0.615467
290 421 264.00 0.388033
290 296 1356.00 1.986033
291 39 377.00 0.553317
291 289 306.00 0.449583
291 295 1187.00 1.738633
292 40 204.00 0.299817
292 45 419.00 0.613950
292 297 1379.00 2.019483
293 53 460.00 0.674433
293 58 459.00 0.672300
293 288 1329.00 1.947717
294 298 1063.00 1.558033
294 299 966.00 1.414850
294 473 1314.00 1.925283
295 291 1187.00 1.738633
295 535 323.00 0.474233
295 303 1445.00 2.116750
296 58 420.00 0.615667
296 61 426.00 0.624783
296 290 1356.00 1.986033
297 61 425.00 0.623000
297 66 425.00 0.622517
297 292 1379.00 2.019483
298 65 563.00 0.825850
298 294 1063.00 1.558033
298 299 416.00 0.610083
299 294 966.00 1.414850
299 298 416.00 0.610083
299 362 206.00 0.302167
300 287 2630.00 3.851633
300 362 166.00 0.243583
300 301 325.00 0.476583
301 33 2571.00 3.766200
301 300 325.00 0.476583
301 302 362.00 0.530950
302 301 362.00 0.530950
302 303 316.00 0.463133
302 535 1381.00 2.022917
303 75 432.00 0.633617
303 295 1445.00 2.116750
303 302 316.00 0.463133
304 323 627.00 0.919617
304 507 3007.00 2.202517
305 282 1359.00 1.990600
305 283 1331.00 1.950583
305 306 121.00 0.177283
306 305 121.00 0.177283
306 307 1178.00 1.726333
306 543 924.00 1.354417
307 306 1178.00 1.726333
307 308 548.00 0.803317
307 563 362.00 0.531267
308 307 548.00 0.803317
308 325 466.00 0.683850
308 309 1553.00 2.275583
309 308 1553.00 2.275583
310 430 58.00 0.085050
310 432 236.00 0.345750
310 438 322.00 0.472333
311 312 456.00 0.668117
311 426 547.00 0.802283
311 591 1087.00 1.593067
312 7 892.00 1.306900
312 9 1559.00 2.283883
312 12 618.00 0.906067
312 311 456.00 0.668117
313 85 544.00 0.797233
313 364 584.00 0.856133
313 365 741.00 1.086433
313 582 352.00 0.515867
314 8 898.00 1.315417
314 18 884.00 1.295733
314 27 1455.00 2.130867
315 21 1183.00 1.732900
315 287 396.00 0.580650
315 586 200.00 0.294283
315 473 468.00 0.686100
316 37 542.00 0.794767
316 55 2047.00 2.998350
316 448 70.00 0.102967
317 49 471.00 0.690717
317 69 2021.00 2.960217
317 448 285.00 0.418000
318 283 909.00 1.331817
318 319 879.00 1.287983
318 579 2087.00 3.057650
319 318 879.00 1.287983
319 580 2635.00 3.859650
319 581 2035.00 2.981117
320 83 67.00 0.098800
320 321 2592.00 3.796967
320 458 541.00 0.792817
321 67 150.00 0.220217
321 320 2592.00 3.796967
321 322 1112.00 1.629467
322 92 843.00 1.234983
322 101 1227.00 1.797050
322 321 1112.00 1.629467
322 452 526.00 0.771300
323 304 627.00 0.919617
323 325 367.00 0.538350
323 504 1768.00 2.590183
324 325 1085.00 1.589783
325 308 466.00 0.683850
325 323 367.00 0.538350
325 324 1085.00 1.589783
325 506 1923.00 2.816250
326 538 256.00 0.375450
327 239 183.00 0.268017
327 328 670.00 0.981317
328 327 670.00 0.981317
328 329 508.00 0.745000
328 522 1102.00 1.614033
329 328 508.00 0.745000
330 238 972.00 1.424483
330 331 998.00 1.461983
331 330 998.00 1.461983
332 244 283.00 0.414817
333 224 945.00 1.385017
333 238 535.00 0.784217
333 239 627.00 0.919233
334 201 1481.00 1.085150
334 482 636.00 0.932650
335 214 265.00 0.388417
335 225 445.00 0.652583
335 482 544.00 0.797400
336 226 861.00 1.261883
336 235 1061.00 1.554117
336 238 617.00 0.904517
337 190 206.00 0.302233
337 226 1730.00 2.534867
337 338 542.00 0.794567
338 176 98.00 0.144433
338 192 589.00 0.863067
338 337 542.00 0.794567
339 159 1167.00 1.709967
339 201 48.00 0.071350
339 203 571.00 0.836817
340 240 541.00 0.793117
340 341 740.00 1.084383
340 508 326.00 0.478717
341 231 495.00 0.726350
341 232 557.00 0.816533
341 340 740.00 1.084383
342 228 736.00 1.078217
342 229 563.00 0.824717
342 348 445.00 0.651800
343 242 528.00 0.774083
343 344 204.00 0.299417
343 348 555.00 0.814033
344 343 204.00 0.299417
344 345 286.00 0.419233
345 243 252.00 0.370200
345 344 286.00 0.419233
345 346 380.00 0.556700
346 345 380.00 0.556700
347 228 539.00 0.789717
347 243 562.00 0.823217
347 348 709.00 1.039567
348 342 445.00 0.651800
348 343 555.00 0.814033
348 347 709.00 1.039567
349 236 730.00 1.070200
349 246 1115.00 1.634217
349 264 906.00 1.328083
350 233 1546.00 2.264300
350 245 756.00 1.107783
350 351 614.00 0.899483
351 221 1547.00 2.265600
351 350 614.00 0.899483
351 352 1157.00 1.695733
352 234 356.00 0.522617
352 245 685.00 1.003633
352 351 1157.00 1.695733
353 234 965.00 1.413950
353 280 548.00 0.802617
353 524 126.00 0.185433
354 141 411.00 0.603000
354 145 159.00 0.233917
354 529 1289.00 1.889100
355 145 181.00 0.265850
355 257 346.00 0.506733
355 530 1184.00 1.734550
356 528 340.00 0.499050
357 143 743.00 1.088867
357 156 520.00 0.761517
357 179 644.00 0.943383
358 104 922.00 1.351467
358 258 2532.00 3.709150
358 491 1809.00 2.649900
359 256 520.00 0.762233
360 361 1077.00 1.577617
361 360 1077.00 1.577617
361 363 104.00 0.153600
361 582 123.00 0.181583
362 299 206.00 0.302167
362 300 166.00 0.243583
362 363 667.00 0.977050
363 361 104.00 0.153600
363 362 667.00 0.977050
363 584 88.00 0.129217
364 85 714.00 1.046967
364 313 584.00 0.856133
364 536 673.00 0.986633
365 313 741.00 1.086433
366 513 1074.00 1.573683
366 509 108.00 0.159067
366 367 832.00 1.218817
367 366 832.00 1.218817
367 476 1447.00 2.120167
367 368 2278.00 3.336167
368 97 306.00 0.448583
368 367 2278.00 3.336167
368 564 907.00 1.328317
369 107 899.00 1.317333
370 143 465.00 0.681583
370 371 440.00 0.644967
370 372 400.00 0.586200
371 370 440.00 0.644967
372 370 400.00 0.586200
372 373 540.00 0.790933
372 374 448.00 0.656983
373 372 540.00 0.790933
374 372 448.00 0.656983
374 376 399.00 0.585267
374 375 782.00 1.145400
375 374 782.00 1.145400
376 374 399.00 0.585267
376 378 442.00 0.648033
376 377 947.00 1.387217
377 376 947.00 1.387217
378 151 220.00 0.323100
378 376 442.00 0.648033
378 590 1170.00 1.713467
379 151 712.00 1.043350
379 380 410.00 0.601233
380 379 410.00 0.601233
380 381 293.00 0.429950
381 151 1854.00 2.715367
381 380 293.00 0.429950
381 587 857.00 1.256133
382 280 653.00 0.957467
382 281 797.00 1.167650
382 383 892.00 1.306733
383 382 892.00 1.306733
384 272 1064.00 1.559500
384 280 1604.00 2.350317
384 385 1262.00 1.848483
385 273 990.00 1.450083
385 277 921.00 1.349083
385 384 1262.00 1.848483
386 277 789.00 1.155617
386 387 376.00 0.551700
387 386 376.00 0.551700
388 395 272.00 0.399600
388 479 891.00 1.306100
388 396 534.00 0.782633
389 478 617.00 0.903650
389 396 673.00 0.986067
389 390 1178.00 1.726550
390 389 1178.00 1.726550
390 393 1087.00 1.592217
391 575 169.00 0.248633
391 0 4945.00 1.810583
392 191 895.00 1.311650
392 272 1157.00 1.695367
392 393 328.00 0.481083
393 390 1087.00 1.592217
393 392 328.00 0.481083
393 477 982.00 1.438817
394 395 391.00 0.573183
395 388 272.00 0.399600
395 394 391.00 0.573183
395 573 727.00 1.065600
396 184 1030.00 1.509083
396 388 534.00 0.782633
396 389 673.00 0.986067
397 162 2324.00 3.403733
397 398 265.00 0.389350
397 400 196.00 0.287817
398 152 624.00 0.914583
398 397 265.00 0.389350
398 494 1288.00 1.886300
399 152 93.00 0.136883
400 397 196.00 0.287817
400 401 1268.00 1.857133
400 515 1074.00 1.572950
401 400 1268.00 1.857133
401 494 429.00 0.629133
401 495 871.00 1.276417
402 115 1151.00 1.685667
402 475 1150.00 1.684650
402 566 852.00 1.248183
403 95 1127.00 1.651250
403 405 1122.00 1.643900
403 475 1208.00 1.769617
403 486 1302.00 1.907500
404 84 643.00 0.942283
404 94 1192.00 1.746783
404 408 1169.00 1.712067
404 570 723.00 1.059000
405 403 1122.00 1.643900
405 409 1861.00 2.725800
405 408 1197.00 1.754417
406 102 625.00 0.916733
406 495 557.00 0.816633
406 407 679.00 0.995550
407 406 679.00 0.995550
408 95 1167.00 1.710033
408 404 1169.00 1.712067
408 405 1197.00 1.754417
409 405 1861.00 2.725800
409 489 893.00 1.308200
409 487 742.00 1.088033
410 483 900.00 1.318750
410 488 1656.00 2.426250
411 1 319.00 0.467183
411 261 493.00 0.723067
411 412 1245.00 1.824100
412 411 1245.00 1.824100
413 4 349.00 0.511733
414 4 435.00 0.638150
414 416 380.00 0.557933
414 415 412.00 0.603600
415 414 412.00 0.603600
416 414 380.00 0.557933
416 418 380.00 0.556750
416 417 425.00 0.623100
417 416 425.00 0.623100
418 20 301.00 0.441600
418 416 380.00 0.556750
418 419 421.00 0.617233
419 418 421.00 0.617233
420 20 449.00 0.658750
421 20 918.00 1.344750
421 35 172.00 0.253200
421 290 264.00 0.388033
422 6 918.00 1.344583
422 424 361.00 0.529000
422 423 917.00 1.343467
423 7 827.00 1.211633
423 422 917.00 1.343467
423 425 340.00 0.498533
424 422 361.00 0.529000
424 427 325.00 0.477150
424 425 939.00 1.375333
425 423 340.00 0.498533
425 424 939.00 1.375333
425 428 274.00 0.401983
425 439 313.00 0.459817
426 311 547.00 0.802283
426 444 508.00 0.744467
426 442 314.00 0.460383
427 424 325.00 0.477150
427 429 288.00 0.422517
427 428 936.00 1.372033
428 425 274.00 0.401983
428 427 936.00 1.372033
428 430 357.00 0.522967
429 427 288.00 0.422517
429 431 344.00 0.504383
429 430 915.00 1.341033
430 310 58.00 0.085050
430 428 357.00 0.522967
430 429 915.00 1.341033
431 429 344.00 0.504383
431 433 325.00 0.476333
431 432 938.00 1.374283
432 310 236.00 0.345750
432 431 938.00 1.374283
432 434 318.00 0.466933
433 431 325.00 0.476333
433 435 322.00 0.472683
433 434 943.00 1.382067
434 432 318.00 0.466933
434 433 943.00 1.382067
434 436 311.00 0.456600
435 1 406.00 0.595367
435 433 322.00 0.472683
435 436 953.00 1.396867
436 434 311.00 0.456600
436 435 953.00 1.396867
437 444 158.00 0.231650
437 441 282.00 0.413733
438 310 322.00 0.472333
438 441 260.00 0.381183
438 439 669.00 0.981050
439 425 313.00 0.459817
439 438 669.00 0.981050
439 442 262.00 0.384417
439 440 518.00 0.759467
440 439 518.00 0.759467
441 437 282.00 0.413733
441 438 260.00 0.381183
441 442 661.00 0.969400
442 426 314.00 0.460383
442 439 262.00 0.384417
442 441 661.00 0.969400
442 443 526.00 0.770467
443 442 526.00 0.770467
444 426 508.00 0.744467
444 437 158.00 0.231650
444 541 704.00 1.031483
445 585 1009.00 1.478750
445 541 137.00 0.201367
446 2 169.00 0.248800
446 5 373.00 0.547517
446 447 912.00 1.335717
447 446 912.00 1.335717
448 316 70.00 0.102967
448 317 285.00 0.418000
448 449 2294.00 3.359733
449 448 2294.00 3.359733
450 90 857.00 1.255633
450 100 1203.00 1.763117
450 452 769.00 1.126867
450 451 791.00 1.159617
451 450 791.00 1.159617
452 322 526.00 0.771300
452 450 769.00 1.126867
452 453 519.00 0.760517
453 452 519.00 0.760517
454 456 308.00 0.452050
454 463 457.00 0.670133
454 542 712.00 1.043983
455 457 257.00 0.376617
456 78 873.00 1.278483
456 79 541.00 0.792700
456 454 308.00 0.452050
456 562 161.00 0.236633
457 455 257.00 0.376617
457 562 362.00 0.530600
457 460 988.00 1.447950
458 320 541.00 0.792817
458 459 272.00 0.399133
458 565 571.00 0.837333
459 458 272.00 0.399133
460 457 988.00 1.447950
460 565 208.00 0.305767
460 461 300.00 0.440000
461 460 300.00 0.440000
462 78 275.00 0.403133
462 79 868.00 1.272300
462 89 1228.00 1.799417
463 70 545.00 0.798150
463 454 457.00 0.670133
463 464 405.00 0.594500
464 463 405.00 0.594500
465 43 965.00 1.414483
465 52 320.00 0.468767
465 59 382.00 0.559467
466 467 781.00 1.144167
466 502 686.00 1.005350
466 559 412.00 0.603883
467 285 679.00 0.994467
467 466 781.00 1.144167
467 470 812.00 1.190417
468 284 1745.00 2.556017
469 285 794.00 1.164183
469 474 813.00 1.191983
469 470 645.00 0.945517
470 467 812.00 1.190417
470 469 645.00 0.945517
470 472 803.00 1.177367
471 13 1435.00 2.102033
471 31 1581.00 2.316183
471 474 447.00 0.655500
472 470 803.00 1.177367
472 537 1401.00 2.052450
472 474 624.00 0.914650
473 28 1108.00 1.622933
473 294 1314.00 1.925283
473 315 468.00 0.686100
473 539 1382.00 2.024150
474 10 1420.00 2.079800
474 469 813.00 1.191983
474 471 447.00 0.655500
474 472 624.00 0.914650
475 105 1117.00 1.636333
475 402 1150.00 1.684650
475 403 1208.00 1.769617
475 493 1096.00 1.606017
476 107 897.00 1.314583
476 367 1447.00 2.120167
476 491 904.00 1.324167
476 529 2117.00 3.100417
477 393 982.00 1.438817
477 390 364.00 0.533283
477 478 1152.00 1.687967
478 477 1152.00 1.687967
478 268 1207.00 1.768683
478 479 1152.00 1.687350
479 269 1226.00 1.795650
479 388 891.00 1.306100
479 478 1152.00 1.687350
479 575 900.00 1.318217
480 265 1065.00 1.559817
480 266 1139.00 1.669467
480 269 1154.00 1.690183
480 588 1188.00 1.740367
481 273 2239.00 3.279900
481 589 1143.00 1.674317
481 274 1173.00 1.718700
482 203 736.00 1.078917
482 224 443.00 0.650050
482 334 636.00 0.932650
482 335 544.00 0.797400
483 44 1417.00 2.076350
483 410 900.00 1.318750
484 485 291.00 0.213250
485 484 291.00 0.213250
485 304 330.00 0.241833
486 96 146.00 0.213933
486 403 1302.00 1.907500
486 487 2356.00 3.451717
486 493 1189.00 1.742417
487 409 742.00 1.088033
487 486 2356.00 3.451717
487 490 1874.00 2.745200
488 44 643.00 0.942717
488 410 1656.00 2.426250
488 489 1518.00 2.223967
489 62 899.00 1.317350
489 409 893.00 1.308200
489 488 1518.00 2.223967
490 487 1874.00 2.745200
491 358 1809.00 2.649900
491 476 904.00 1.324167
491 492 1494.00 2.188433
492 491 1494.00 2.188433
493 106 160.00 0.235433
493 475 1096.00 1.606017
493 486 1189.00 1.742417
493 566 1180.00 1.729000
494 101 1188.00 1.739967
494 112 813.00 1.192050
494 398 1288.00 1.886300
494 401 429.00 0.629133
495 113 1157.00 1.695833
495 401 871.00 1.276417
495 406 557.00 0.816633
495 515 1292.00 1.893250
496 4 2864.00 4.194333
496 261 802.00 1.174500
496 497 434.00 0.635717
497 496 434.00 0.635717
498 500 399.00 0.585300
499 30 465.00 0.681133
499 52 1430.00 2.095400
499 500 404.00 0.591800
500 498 399.00 0.585300
500 499 404.00 0.591800
500 501 366.00 0.537133
501 500 366.00 0.537133
502 285 806.00 1.180867
502 466 686.00 1.005350
502 503 448.00 0.656567
502 559 1117.00 1.636433
503 31 825.00 1.208550
503 502 448.00 0.656567
503 544 571.00 0.836567
504 323 1768.00 2.590183
504 506 394.00 0.577433
504 507 790.00 1.157667
505 581 599.00 0.877933
505 605 2130.00 3.120183
505 506 1756.00 2.572083
506 325 1923.00 2.816250
506 504 394.00 0.577433
506 505 1756.00 2.572083
507 504 790.00 1.157667
508 236 234.00 0.343700
508 340 326.00 0.478717
508 578 435.00 0.637683
509 366 108.00 0.159067
509 86 1182.00 1.732117
510 86 106.00 0.156250
510 366 1183.00 1.733850
511 246 56.00 0.083133
511 253 382.00 0.559450
511 263 1352.00 1.980200
512 243 181.00 0.265550
512 244 407.00 0.596300
513 88 118.00 0.173283
513 564 1195.00 1.750383
514 113 1387.00 2.032483
514 157 981.00 1.436950
514 525 1130.00 1.655583
514 515 1112.00 1.628683
515 162 1272.00 1.864050
515 400 1074.00 1.572950
515 495 1292.00 1.893250
515 514 1112.00 1.628683
516 49 989.00 1.448600
516 69 474.00 0.695000
516 517 622.00 0.911717
517 45 963.00 1.411450
517 66 429.00 0.629000
517 516 622.00 0.911717
518 70 528.00 0.773567
519 104 1314.00 1.924450
520 168 603.00 0.883133
520 187 243.00 0.355883
520 190 696.00 1.020450
521 240 566.00 0.830233
521 241 102.00 0.149517
522 328 1102.00 1.614033
522 523 755.00 1.106483
523 522 755.00 1.106483
524 353 126.00 0.185433
525 514 1130.00 1.655583
526 272 96.00 0.140700
526 273 1191.00 1.745550
526 275 1193.00 1.748483
527 129 431.00 0.632000
527 143 256.00 0.375317
527 528 667.00 0.977017
528 356 340.00 0.499050
528 527 667.00 0.977017
528 530 769.00 1.127617
529 126 35.00 0.051850
529 354 1289.00 1.889100
529 476 2117.00 3.100417
530 126 113.00 0.166833
530 355 1184.00 1.734550
530 528 769.00 1.127617
531 146 1812.00 2.654367
531 566 1712.00 2.507467
531 573 2040.00 2.988367
532 533 1671.00 2.447683
533 270 106.00 0.155633
533 532 1671.00 2.447683
533 588 1413.00 2.070083
534 72 1660.00 2.431283
534 81 2230.00 3.267050
534 86 840.00 1.230233
535 289 1226.00 1.796050
535 295 323.00 0.474233
535 302 1381.00 2.022917
536 65 535.00 0.783567
536 364 673.00 0.986633
536 584 1070.00 1.567700
536 540 1180.00 1.729350
537 3 312.00 0.457533
537 10 608.00 0.890967
537 472 1401.00 2.052450
538 3 113.00 0.165600
538 283 2852.00 4.176650
538 326 256.00 0.375450
539 65 572.00 0.838650
539 473 1382.00 2.024150
539 540 585.00 0.857233
540 28 1496.00 2.191017
540 536 1180.00 1.729350
540 539 585.00 0.857233
541 444 704.00 1.031483
541 445 137.00 0.201367
541 591 793.00 1.161800
542 454 712.00 1.043983
543 306 924.00 1.354417
544 43 634.00 0.928600
544 503 571.00 0.836567
544 545 857.00 1.256100
545 42 1447.00 2.119333
545 59 1359.00 1.990350
545 544 857.00 1.256100
546 63 375.00 0.549633
546 72 441.00 0.645933
546 547 773.00 1.133383
547 546 773.00 1.133383
548 549 430.00 0.631017
548 553 342.00 0.501817
548 552 927.00 1.358017
549 548 430.00 0.631017
549 554 482.00 0.707317
549 553 678.00 0.993383
550 551 911.00 1.334517
550 552 339.00 0.497400
550 557 394.00 0.577850
551 550 911.00 1.334517
552 548 927.00 1.358017
552 550 339.00 0.497400
552 556 1465.00 2.146600
553 548 342.00 0.501817
553 549 678.00 0.993383
553 555 730.00 1.069833
554 549 482.00 0.707317
555 67 330.00 0.484467
555 553 730.00 1.069833
555 557 1287.00 1.884967
556 552 1465.00 2.146600
557 55 1120.00 1.640633
557 550 394.00 0.577850
557 555 1287.00 1.884967
558 19 167.00 0.245667
558 29 139.00 0.204583
558 286 206.00 0.302050
559 43 1612.00 2.362133
559 466 412.00 0.603883
559 502 1117.00 1.636433
560 78 221.00 0.324783
560 83 717.00 1.050467
560 561 140.00 0.206200
561 560 140.00 0.206200
561 562 1065.00 1.559983
561 565 411.00 0.601950
562 456 161.00 0.236633
562 457 362.00 0.530600
562 561 1065.00 1.559983
563 307 362.00 0.531267
564 79 1201.00 1.759367
564 89 950.00 1.392350
564 368 907.00 1.328317
564 88 1191.00 1.745317
565 458 571.00 0.837333
565 460 208.00 0.305767
565 561 411.00 0.601950
566 122 167.00 0.244617
566 402 852.00 1.248183
566 493 1180.00 1.729000
566 531 1712.00 2.507467
567 118 546.00 0.800400
567 132 583.00 0.854917
567 568 791.00 1.159483
568 116 556.00 0.815233
568 130 538.00 0.788183
568 567 791.00 1.159483
569 3 292.00 0.427683
569 17 2285.00 3.346733
569 586 1990.00 2.915667
570 82 874.00 1.281183
570 84 406.00 0.594700
570 404 723.00 1.059000
571 572 678.00 0.993850
572 571 678.00 0.993850
572 256 523.00 0.767367
573 395 727.00 1.065600
573 531 2040.00 2.988367
573 575 1104.00 1.618000
574 269 896.00 1.312783
574 575 1234.00 1.808250
575 391 169.00 0.248633
575 479 900.00 1.318217
575 573 1104.00 1.618000
575 574 1234.00 1.808250
576 577 100.00 0.146750
577 11 165.00 0.241800
577 18 518.00 0.759483
577 576 100.00 0.146750
578 508 435.00 0.637683
579 318 2087.00 3.057650
580 319 2635.00 3.859650
581 319 2035.00 2.981117
581 505 599.00 0.877933
581 605 4733.00 6.931933
582 313 352.00 0.515867
582 361 123.00 0.181583
582 584 124.00 0.182917
583 87 1273.00 1.865367
584 363 88.00 0.129217
584 536 1070.00 1.567700
584 582 124.00 0.182917
585 2 217.00 0.318817
585 445 1009.00 1.478750
585 591 498.00 0.729950
586 17 1317.00 1.928833
586 315 200.00 0.294283
586 569 1990.00 2.915667
587 381 857.00 1.256133
588 271 1233.00 1.805950
588 480 1188.00 1.740367
588 533 1413.00 2.070083
589 481 1143.00 1.674317
589 267 1501.00 2.198200
590 378 1170.00 1.713467
591 311 1087.00 1.593067
591 541 793.00 1.161800
591 585 498.00 0.729950
592 593 413.00 0.605917
593 592 413.00 0.605917
593 604 782.00 1.145467
593 602 1185.00 1.735533
594 603 722.00 1.057467
595 603 754.00 1.104200
596 597 760.00 1.113767
597 596 760.00 1.113767
597 598 735.00 1.077433
597 600 347.00 0.508300
597 603 349.00 0.511267
598 597 735.00 1.077433
599 600 797.00 1.167250
600 597 347.00 0.508300
600 599 797.00 1.167250
600 601 743.00 1.088367
600 602 337.00 0.493650
601 600 743.00 1.088367
602 593 1185.00 1.735533
602 600 337.00 0.493650
602 605 892.00 1.306333
603 594 722.00 1.057467
603 595 754.00 1.104200
603 597 349.00 0.511267
604 593 782.00 1.145467
605 505 2130.00 3.120183
605 581 4733.00 6.931933
605 602 892.00 1.306333
