0 4 2288.00 3.351350
1 0 845.00 1.238133
1 108 2442.00 1.788433
2 3 3493.00 2.558283
3 6 1405.00 2.059017
4 2 693.00 1.016267
5 6 112.00 0.165217
5 8 3409.00 4.993700
5 10 829.00 1.214433
6 3 1405.00 2.059017
6 5 112.00 0.165217
6 7 1963.00 2.876183
7 6 1963.00 2.876183
8 5 3409.00 4.993700
8 19 1660.00 2.432167
8 29 2406.00 3.524083
9 50 156.00 0.229000
9 53 958.00 1.403833
10 5 829.00 1.214433
10 15 2704.00 3.959983
10 12 1383.00 2.025850
11 12 2093.00 3.065433
12 10 1383.00 2.025850
12 11 2093.00 3.065433
12 13 413.00 0.605933
13 12 413.00 0.605933
13 109 1740.00 2.548467
13 14 943.00 1.381850
14 13 943.00 1.381850
15 10 2704.00 3.959983
15 19 502.00 0.735417
15 16 877.00 1.284967
16 15 877.00 1.284967
17 20 850.00 1.244950
17 19 167.00 0.245817
17 18 964.00 1.412133
18 17 964.00 1.412133
19 8 1660.00 2.432167
19 15 502.00 0.735417
19 17 167.00 0.245817
20 17 850.00 1.244950
20 22 547.00 0.802233
20 21 1395.00 2.043733
21 20 1395.00 2.043733
22 20 547.00 0.802233
22 39 1741.00 2.550317
22 23 1135.00 1.662567
23 22 1135.00 1.662567
24 33 401.00 0.587333
24 27 380.00 0.556617
24 25 1167.00 1.710050
25 24 1167.00 1.710050
25 39 529.00 0.775367
25 26 930.00 1.363400
26 25 930.00 1.363400
27 24 380.00 0.556617
27 29 374.00 0.548483
27 28 756.00 1.107700
28 27 756.00 1.107700
29 8 2406.00 3.524083
29 27 374.00 0.548483
29 31 520.00 0.761517
30 31 41.00 0.060767
31 29 520.00 0.761517
31 30 41.00 0.060767
31 32 291.00 0.426867
32 31 291.00 0.426867
33 24 401.00 0.587333
33 35 351.00 0.514317
33 34 806.00 1.180833
34 33 806.00 1.180833
35 33 351.00 0.514317
35 37 389.00 0.569883
35 36 1001.00 1.467067
36 35 1001.00 1.467067
37 35 389.00 0.569883
37 43 495.00 0.725517
37 45 541.00 0.792683
38 148 2443.00 3.577750
39 22 1741.00 2.550317
39 25 529.00 0.775367
39 148 1043.00 1.528883
40 50 1050.00 1.537733
40 43 559.00 0.819150
40 41 452.00 0.662200
41 40 452.00 0.662200
41 44 417.00 0.611283
41 42 542.00 0.793883
42 41 542.00 0.793883
42 165 206.00 0.302933
42 43 284.00 0.416933
43 37 495.00 0.725517
43 40 559.00 0.819150
43 42 284.00 0.416933
44 41 417.00 0.611283
44 46 389.00 0.571017
44 45 1015.00 1.486783
45 37 541.00 0.792683
45 44 1015.00 1.486783
45 47 418.00 0.613283
46 44 389.00 0.571017
46 147 1120.00 1.641583
46 47 1024.00 1.500233
47 45 418.00 0.613283
47 46 1024.00 1.500233
47 148 1125.00 1.647517
48 116 2341.00 3.428667
48 51 444.00 0.651300
48 143 1032.00 1.511767
48 147 3411.00 4.996450
49 61 1036.00 1.517533
49 144 1041.00 1.525633
49 77 829.00 1.215383
49 65 2386.00 3.495333
50 9 156.00 0.229000
50 40 1050.00 1.537733
50 146 2656.00 3.890467
51 48 444.00 0.651300
51 150 417.00 0.611150
51 52 507.00 0.743450
52 51 507.00 0.743450
53 9 958.00 1.403833
53 54 1078.00 1.578767
53 63 609.00 0.893017
54 53 1078.00 1.578767
54 64 911.00 1.335133
54 62 1081.00 1.584450
55 78 409.00 0.600217
55 75 411.00 0.602233
55 77 1046.00 1.532883
56 178 84.00 0.124100
56 142 922.00 1.351150
56 60 490.00 0.718533
57 178 1409.00 2.064183
57 141 1068.00 1.565467
57 171 319.00 0.467883
58 60 937.00 1.373533
58 142 487.00 0.714567
58 143 574.00 0.841783
59 177 803.00 1.176917
60 58 937.00 1.373533
60 177 88.00 0.129633
61 49 1036.00 1.517533
61 85 668.00 0.978767
61 81 2058.00 3.014800
62 54 1081.00 1.584450
62 66 465.00 0.681183
62 69 343.00 0.502883
63 53 609.00 0.893017
63 145 2352.00 3.444667
63 64 1042.00 1.526133
64 54 911.00 1.335133
64 63 1042.00 1.526133
64 65 1032.00 1.512167
64 144 2372.00 3.473817
65 49 2386.00 3.495333
65 64 1032.00 1.512167
65 73 254.00 0.372350
65 163 993.00 1.454833
66 62 465.00 0.681183
66 68 346.00 0.506800
66 86 1099.00 1.610883
66 158 4258.00 6.236633
67 170 1808.00 2.648433
67 162 82.00 0.120800
68 66 346.00 0.506800
68 70 314.00 0.461167
68 69 590.00 0.864617
69 62 343.00 0.502883
69 68 590.00 0.864617
69 71 305.00 0.446800
70 68 314.00 0.461167
70 72 312.00 0.457200
70 71 731.00 1.071667
71 69 305.00 0.446800
71 70 731.00 1.071667
71 73 301.00 0.441233
72 70 312.00 0.457200
72 74 483.00 0.707333
72 73 874.00 1.280717
73 65 254.00 0.372350
73 71 301.00 0.441233
73 72 874.00 1.280717
74 72 483.00 0.707333
74 163 69.00 0.101583
74 169 451.00 0.661900
74 90 482.00 0.707117
75 55 411.00 0.602233
75 144 419.00 0.613667
75 76 513.00 0.752083
76 75 513.00 0.752083
77 49 829.00 1.215383
77 55 1046.00 1.532883
77 142 2590.00 3.793233
78 55 409.00 0.600217
78 80 225.00 0.330433
78 79 519.00 0.760650
79 78 519.00 0.760650
80 78 225.00 0.330433
80 142 953.00 1.396717
80 179 481.00 0.705817
81 61 2058.00 3.014800
82 85 261.00 0.383400
82 163 1459.00 2.137967
82 83 714.00 1.046950
83 82 714.00 1.046950
83 84 346.00 0.506767
83 91 444.00 0.651283
84 83 346.00 0.506767
84 85 858.00 1.257800
84 162 3205.00 4.694133
85 61 668.00 0.978767
85 82 261.00 0.383400
85 84 858.00 1.257800
86 66 1099.00 1.610883
86 95 545.00 0.798150
86 102 391.00 0.572733
87 93 225.00 0.329833
87 91 1105.00 1.618333
87 92 552.00 0.809717
88 93 52.00 0.077283
88 89 412.00 0.604633
88 164 1277.00 1.871483
89 88 412.00 0.604633
89 103 371.00 0.543983
89 164 1069.00 1.565633
90 74 482.00 0.707117
90 164 81.00 0.119467
90 91 546.00 0.800783
91 83 444.00 0.651283
91 87 1105.00 1.618333
91 90 546.00 0.800783
92 87 552.00 0.809717
92 97 947.00 1.387933
92 93 344.00 0.504367
93 87 225.00 0.329833
93 88 52.00 0.077283
93 92 344.00 0.504367
94 95 376.00 0.551683
94 99 504.00 0.738117
94 101 662.00 0.970100
94 102 537.00 0.786933
95 86 545.00 0.798150
95 94 376.00 0.551683
95 100 684.00 1.001817
96 103 117.00 0.172150
96 167 320.00 0.469367
96 97 401.00 0.588133
97 92 947.00 1.387933
97 96 401.00 0.588133
97 99 548.00 0.803717
98 167 248.00 0.363583
98 168 150.00 0.219917
98 99 468.00 0.685383
99 94 504.00 0.738117
99 97 548.00 0.803717
99 98 468.00 0.685383
99 101 1188.00 1.740350
100 95 684.00 1.001817
100 101 422.00 0.619417
100 104 5480.00 8.025217
101 94 662.00 0.970100
101 99 1188.00 1.740350
101 100 422.00 0.619417
102 86 391.00 0.572733
102 94 537.00 0.786933
102 168 296.00 0.434167
103 89 371.00 0.543983
103 96 117.00 0.172150
103 169 690.00 1.010567
104 100 5480.00 8.025217
104 159 7323.00 5.362367
105 161 1141.00 1.671167
106 161 1186.00 1.738267
106 149 1941.00 2.843900
106 107 14146.00 20.716800
107 106 14146.00 20.716800
107 162 95.00 0.140383
108 152 409.00 0.299833
108 2 2576.00 3.772717
109 13 1740.00 2.548467
109 152 531.00 0.388850
110 111 108.00 0.159400
110 157 2374.00 1.738450
111 110 108.00 0.159400
111 113 1606.00 1.176450
112 114 1910.00 1.398917
112 117 114.00 0.167667
113 115 1413.00 1.034917
113 124 2383.00 3.490783
114 115 104.00 0.152883
114 110 3037.00 2.224083
115 114 104.00 0.152883
115 117 1920.00 1.406483
116 48 2341.00 3.428667
116 172 68.00 0.100817
116 112 4111.00 3.010617
117 112 114.00 0.167667
117 139 1336.00 0.978367
118 141 1010.00 1.479333
118 116 141.00 0.103450
119 120 2379.00 3.485333
120 119 2379.00 3.485333
120 121 620.00 0.909333
120 132 1601.00 2.344800
121 120 620.00 0.909333
121 138 579.00 0.848967
122 1 1901.00 1.392300
122 126 1350.00 1.978183
123 124 717.00 1.050417
124 113 2383.00 3.490783
124 123 717.00 1.050417
124 126 714.00 1.046333
125 126 774.00 1.134183
126 122 1350.00 1.978183
126 124 714.00 1.046333
126 125 774.00 1.134183
127 129 512.00 0.750633
127 171 494.00 0.724383
127 128 773.00 1.132117
128 127 773.00 1.132117
129 127 512.00 0.750633
129 130 2184.00 3.199033
129 134 538.00 0.788050
129 136 1931.00 2.828133
130 129 2184.00 3.199033
130 170 192.00 0.281433
130 131 764.00 1.119517
131 130 764.00 1.119517
131 133 1018.00 1.491467
132 120 1601.00 2.344800
132 136 482.00 0.706417
132 133 411.00 0.602317
133 131 1018.00 1.491467
133 132 411.00 0.602317
134 129 538.00 0.788050
134 135 527.00 0.773200
135 134 527.00 0.773200
136 129 1931.00 2.828133
136 132 482.00 0.706417
136 137 449.00 0.658533
137 136 449.00 0.658533
138 121 579.00 0.848967
139 140 794.00 1.164100
139 172 2750.00 2.014083
140 139 794.00 1.164100
141 57 1068.00 1.565467
141 118 1010.00 1.479333
141 143 2432.00 3.562383
142 56 922.00 1.351150
142 58 487.00 0.714567
142 77 2590.00 3.793233
142 80 953.00 1.396717
143 48 1032.00 1.511767
143 58 574.00 0.841783
143 141 2432.00 3.562383
143 145 2408.00 3.527267
144 49 1041.00 1.525633
144 64 2372.00 3.473817
144 75 419.00 0.613667
144 145 1043.00 1.528750
145 63 2352.00 3.444667
145 143 2408.00 3.527267
145 144 1043.00 1.528750
145 175 367.00 0.538267
146 50 2656.00 3.890467
146 173 343.00 0.502583
146 147 1025.00 1.501367
146 150 1568.00 2.296700
147 46 1120.00 1.641583
147 48 3411.00 4.996450
147 146 1025.00 1.501367
147 148 1045.00 1.531067
148 38 2443.00 3.577750
148 39 1043.00 1.528883
148 47 1125.00 1.647517
148 147 1045.00 1.531067
149 106 1941.00 2.843900
150 51 417.00 0.611150
150 146 1568.00 2.296700
150 151 517.00 0.757850
151 150 517.00 0.757850
152 108 409.00 0.299833
152 154 3646.00 2.670133
153 149 1573.00 1.152517
154 155 112.00 0.165433
154 156 404.00 0.295867
155 154 112.00 0.165433
155 109 3148.00 2.305483
156 157 111.00 0.163100
156 111 2408.00 1.763800
157 156 111.00 0.163100
157 155 397.00 0.291250
158 66 4258.00 6.236633
158 160 5172.00 3.787300
159 153 6668.00 4.882983
160 104 2933.00 2.147800
161 105 1141.00 1.671167
161 106 1186.00 1.738267
161 180 842.00 1.233867
162 67 82.00 0.120800
162 84 3205.00 4.694133
162 107 95.00 0.140383
163 65 993.00 1.454833
163 74 69.00 0.101583
163 82 1459.00 2.137967
164 88 1277.00 1.871483
164 89 1069.00 1.565633
164 90 81.00 0.119467
165 42 206.00 0.302933
166 167 668.00 0.979683
166 169 388.00 0.568650
166 168 1030.00 1.508867
167 96 320.00 0.469367
167 98 248.00 0.363583
167 166 668.00 0.979683
168 98 150.00 0.219917
168 102 296.00 0.434167
168 166 1030.00 1.508867
169 74 451.00 0.661900
169 103 690.00 1.010567
169 166 388.00 0.568650
170 67 1808.00 2.648433
170 130 192.00 0.281433
170 171 3806.00 5.575150
171 57 319.00 0.467883
171 127 494.00 0.724383
171 170 3806.00 5.575150
172 116 68.00 0.100817
172 118 129.00 0.094883
173 146 343.00 0.502583
173 175 333.00 0.488333
173 174 893.00 1.307833
174 173 893.00 1.307833
175 145 367.00 0.538267
175 173 333.00 0.488333
175 176 876.00 1.284250
176 175 876.00 1.284250
177 59 803.00 1.176917
177 60 88.00 0.129633
177 178 488.00 0.715933
178 56 84.00 0.124100
178 57 1409.00 2.064183
179 80 481.00 0.705817
180 161 842.00 1.233867
