0 97 723.00 1.059267
0 1 903.00 0.661583
1 31 1447.00 2.120117
1 2 2775.00 2.032183
2 32 1434.00 2.100833
2 3 2794.00 2.046283
3 4 2792.00 2.044383
3 25 2885.00 2.112733
4 5 2812.00 2.059633
5 6 2819.00 2.064383
5 34 2801.00 2.051350
6 7 2794.00 2.046267
6 35 1420.00 2.080417
7 108 806.00 1.180383
7 72 2768.00 2.027267
8 9 2516.00 1.842500
9 39 1442.00 2.112500
9 10 3052.00 2.235183
10 40 1419.00 2.079217
11 12 2991.00 2.190317
11 130 697.00 1.021567
12 131 705.00 1.033383
12 13 2595.00 1.900667
13 134 1421.00 1.040550
13 14 2800.00 2.050517
14 15 2741.00 2.007433
15 136 725.00 1.062817
15 16 2826.00 2.069933
16 137 702.00 1.028500
16 17 2815.00 2.061783
17 18 2779.00 2.034983
18 139 1417.00 1.038200
18 19 2817.00 2.062883
19 20 2784.00 2.039050
20 148 699.00 1.024683
20 21 2793.00 2.045600
21 143 683.00 1.000367
21 82 2070.00 1.516233
22 79 911.00 1.334883
22 56 2994.00 1.461733
23 78 1183.00 0.866417
23 24 1261.00 0.923867
24 149 589.00 0.431683
25 33 2744.00 2.009933
25 86 2796.00 2.047467
26 44 2784.00 2.038550
26 141 1376.00 1.007883
27 140 1459.00 1.068800
27 58 2809.00 2.057167
28 29 2628.00 1.925000
28 150 2870.00 2.101800
29 30 1918.00 1.405117
29 96 900.00 1.319150
29 84 1457.00 2.134500
30 31 1717.00 1.257717
30 77 1473.00 2.157717
31 76 1389.00 2.034600
31 32 2733.00 2.001800
32 2 1434.00 2.100833
32 98 691.00 1.013350
32 25 2848.00 2.086017
33 100 1423.00 1.042567
33 34 2814.00 2.060800
34 102 1406.00 1.029917
34 35 2827.00 2.070450
35 6 1420.00 2.080417
35 104 706.00 1.034950
35 106 1359.00 0.995500
36 92 1390.00 2.036550
36 108 605.00 0.886617
36 37 1402.00 2.053283
37 71 2763.00 2.023217
37 112 1075.00 0.787450
38 39 2545.00 1.864000
38 8 1433.00 2.098817
39 9 1442.00 2.112500
39 68 1373.00 2.011917
39 40 2952.00 2.162267
40 67 1382.00 2.025250
41 147 1334.00 0.976933
41 62 2788.00 2.042167
42 118 1267.00 0.928083
42 53 2583.00 1.891667
43 27 2792.00 2.044483
43 44 2817.00 2.062850
44 49 2853.00 2.089367
44 90 1393.00 1.020683
45 86 2755.00 2.017600
45 33 2856.00 2.091417
46 94 2389.00 1.749533
47 144 706.00 1.034217
47 48 2766.00 2.025700
47 88 697.00 1.021033
48 89 711.00 1.041550
48 142 685.00 1.004233
48 26 2798.00 2.049500
49 59 2809.00 2.057450
49 50 2750.00 2.014133
50 60 1406.00 2.059517
50 91 1398.00 2.048117
50 51 2789.00 2.042583
51 111 2003.00 1.467200
51 61 1421.00 2.081167
51 92 1408.00 2.062383
52 133 1420.00 1.039867
52 42 2800.00 2.050450
53 132 725.00 1.061750
53 123 684.00 1.002033
53 54 3027.00 2.217000
54 124 690.00 1.011183
54 146 726.00 1.063217
54 55 2754.00 2.017250
55 145 674.00 0.987900
56 74 1691.00 0.825733
57 143 719.00 1.054083
57 144 701.00 1.027500
57 80 2106.00 1.542333
58 142 708.00 1.036967
58 148 717.00 1.050633
58 57 2780.00 2.036267
59 17 2825.00 2.068617
59 43 2806.00 2.054883
60 50 1406.00 2.059517
60 137 726.00 1.063617
60 59 1399.00 2.048983
61 51 1421.00 2.081167
61 136 695.00 1.018683
61 60 2773.00 2.031117
62 138 845.00 0.619333
62 135 1430.00 1.047767
63 131 704.00 1.032217
63 132 677.00 0.991933
63 41 2584.00 1.892567
64 63 3011.00 2.205400
64 146 693.00 1.015033
64 130 692.00 1.013683
65 125 711.00 1.042233
65 64 2732.00 2.000567
66 67 2745.00 2.010650
67 40 1382.00 2.025250
67 120 1422.00 1.041333
67 124 759.00 1.111533
68 39 1373.00 2.011917
68 123 744.00 1.091000
68 93 2637.00 1.931333
69 83 1269.00 0.929767
69 23 2853.00 1.393033
70 77 1432.00 2.097950
70 81 1078.00 0.789567
70 79 1433.00 2.098850
71 52 2812.00 2.059700
71 110 805.00 0.590033
72 109 1598.00 1.170517
72 8 2843.00 2.082317
73 150 1105.00 1.619300
74 83 889.00 1.302950
74 69 2915.00 1.423383
75 28 1667.00 1.221100
75 73 2172.00 1.590617
76 31 1389.00 2.034600
76 88 681.00 0.998417
76 77 2539.00 1.859500
77 30 1473.00 2.157717
77 70 1432.00 2.097950
77 84 1926.00 1.410967
78 28 2832.00 2.073917
78 24 917.00 0.671933
79 22 911.00 1.334883
79 70 1433.00 2.098850
79 56 1414.00 1.035817
80 82 1445.00 2.116967
80 81 1391.00 2.038450
80 79 1895.00 1.388300
81 80 1391.00 2.038450
81 47 2217.00 1.623483
82 80 1445.00 2.116967
83 70 1990.00 1.457833
83 84 1453.00 2.128417
84 29 1457.00 2.134500
84 83 1453.00 2.128417
84 78 2627.00 1.923733
85 89 702.00 1.028300
85 98 709.00 1.038883
85 76 2727.00 1.997033
86 87 1397.00 1.023533
86 85 2871.00 2.102867
87 90 1389.00 2.034383
87 89 1403.00 2.054767
87 26 1403.00 1.027983
88 47 697.00 1.021033
88 76 681.00 0.998417
88 89 1379.00 2.019650
89 48 711.00 1.041550
89 85 702.00 1.028300
89 87 1403.00 2.054767
89 88 1379.00 2.019650
90 87 1389.00 2.034383
90 45 1393.00 1.020350
91 50 1398.00 2.048117
91 95 2806.00 2.054783
91 104 690.00 1.011467
92 36 1390.00 2.036550
92 51 1408.00 2.062383
92 91 2797.00 2.048250
93 38 2761.00 2.022367
93 113 1708.00 1.250917
94 0 1867.00 1.367483
94 96 558.00 0.818300
95 45 2771.00 2.029467
95 49 2825.00 2.068983
96 29 900.00 1.319150
96 94 558.00 0.818300
96 97 905.00 1.326417
97 96 905.00 1.326417
97 30 758.00 1.110800
98 32 691.00 1.013350
98 85 709.00 1.038883
98 99 652.00 0.955183
99 98 652.00 0.955183
100 101 959.00 1.405150
100 4 1402.00 1.026717
101 100 959.00 1.405150
102 103 1130.00 1.655150
102 95 1398.00 1.023950
103 102 1130.00 1.655150
104 35 706.00 1.034950
104 91 690.00 1.011467
104 105 729.00 1.068200
105 104 729.00 1.068200
106 107 356.00 0.522233
106 36 1429.00 1.046950
107 106 356.00 0.522233
108 7 806.00 1.180383
108 36 605.00 0.886617
108 109 1406.00 2.059583
109 108 1406.00 2.059583
109 37 1259.00 0.922117
110 92 2000.00 1.464583
110 111 1406.00 2.059650
111 110 1406.00 2.059650
111 52 806.00 0.590383
111 138 1410.00 2.066150
112 113 1375.00 2.013900
112 114 345.00 0.252683
113 112 1375.00 2.013900
113 71 1076.00 0.788217
114 115 559.00 0.819850
114 38 1452.00 1.063267
115 114 559.00 0.819850
115 117 321.00 0.470617
115 116 368.00 0.539917
116 115 368.00 0.539917
117 115 321.00 0.470617
118 119 738.00 1.081333
118 93 1582.00 1.158633
119 118 738.00 1.081333
120 121 704.00 1.031217
120 68 1579.00 1.156433
121 120 704.00 1.031217
122 123 327.00 0.479467
123 53 684.00 1.002033
123 68 744.00 1.091000
123 122 327.00 0.479467
123 124 1516.00 2.221167
124 54 690.00 1.011183
124 67 759.00 1.111533
124 123 1516.00 2.221167
124 145 1385.00 2.028317
125 55 707.00 1.036200
125 146 1362.00 1.994933
126 65 1819.00 1.332050
126 128 711.00 1.042317
127 128 291.00 0.427117
128 126 711.00 1.042317
128 127 291.00 0.427117
128 129 920.00 1.347817
129 128 920.00 1.347817
129 65 711.00 1.041950
129 130 1370.00 2.007117
130 11 697.00 1.021567
130 64 692.00 1.013683
130 129 1370.00 2.007117
130 131 1495.00 2.189733
131 12 705.00 1.033383
131 63 704.00 1.032217
131 130 1495.00 2.189733
132 53 725.00 1.061750
132 63 677.00 0.991933
132 146 1514.00 2.217533
132 147 1286.00 1.884667
133 62 1410.00 1.032633
133 147 1410.00 2.065800
134 41 1415.00 1.036350
134 135 1394.00 2.042767
135 134 1394.00 2.042767
135 14 1424.00 1.043283
135 136 1410.00 2.064883
136 15 725.00 1.062817
136 61 695.00 1.018683
136 135 1410.00 2.064883
136 137 1368.00 2.003400
137 16 702.00 1.028500
137 60 726.00 1.063617
137 136 1368.00 2.003400
138 111 1410.00 2.066150
138 61 1995.00 1.461017
139 43 1363.00 0.998333
139 140 1398.00 2.047800
140 139 1398.00 2.047800
140 148 1411.00 2.067350
140 19 1373.00 1.005583
141 142 1410.00 2.065700
141 27 1417.00 1.038050
142 48 685.00 1.004233
142 58 708.00 1.036967
142 141 1410.00 2.065700
142 144 1382.00 2.024267
143 21 683.00 1.000367
143 57 719.00 1.054083
143 148 1401.00 2.052650
144 47 706.00 1.034217
144 57 701.00 1.027500
144 142 1382.00 2.024267
145 124 1385.00 2.028317
145 66 759.00 1.112800
146 54 726.00 1.063217
146 64 693.00 1.015033
146 125 1362.00 1.994933
146 132 1514.00 2.217533
147 132 1286.00 1.884667
147 133 1410.00 2.065800
147 42 1460.00 1.069167
148 20 699.00 1.024683
148 58 717.00 1.050633
148 140 1411.00 2.067350
148 143 1401.00 2.052650
149 75 2228.00 1.631750
150 46 169.00 0.248317
