0 2 617.00 0.452017
0 4 417.00 0.305617
1 146 381.00 0.558000
1 149 144.00 0.211117
1 142 508.00 0.744133
2 0 617.00 0.452017
2 111 1954.00 2.862233
2 3 1121.00 0.821433
3 2 1121.00 0.821433
3 105 1868.00 2.735817
3 93 1085.00 0.794800
4 0 417.00 0.305617
4 116 2048.00 2.999317
4 17 3197.00 2.341533
5 19 120.00 0.176717
5 8 526.00 0.771667
5 6 1300.00 1.904150
6 5 1300.00 1.904150
7 8 1592.00 2.332450
7 6 1240.00 0.908000
8 5 526.00 0.771667
8 7 1592.00 2.332450
8 9 509.00 0.746300
9 8 509.00 0.746300
9 20 576.00 0.844083
10 415 438.00 0.320800
11 360 199.00 0.146283
11 176 1287.00 0.942483
12 394 1450.00 2.124833
13 339 1638.00 2.399183
13 222 1078.00 0.789567
14 254 993.00 1.455083
15 226 1088.00 0.797250
15 269 1872.00 2.742650
16 405 118.00 0.173050
16 156 1178.00 0.863200
17 4 3197.00 2.341533
17 132 735.00 0.538633
17 118 2757.00 4.038233
18 370 213.00 0.156517
18 407 3155.00 2.310400
19 5 120.00 0.176717
19 26 2287.00 3.350433
20 9 576.00 0.844083
20 26 540.00 0.790967
21 42 541.00 0.793033
21 23 570.00 0.835833
21 28 1642.00 2.404667
22 271 1333.00 0.976250
22 288 1361.00 0.997067
22 259 2791.00 2.044200
22 414 783.00 0.573967
23 21 570.00 0.835833
23 395 530.00 0.776850
24 449 138.00 0.202200
25 398 215.00 0.157517
26 19 2287.00 3.350433
26 20 540.00 0.790967
26 27 532.00 0.779233
27 26 532.00 0.779233
27 31 1780.00 2.608000
27 30 530.00 0.777250
28 21 1642.00 2.404667
28 11 496.00 0.726817
29 32 509.00 0.746367
29 394 352.00 0.515633
29 335 1585.00 2.321383
30 27 530.00 0.777250
30 34 1615.00 2.365150
30 33 527.00 0.772133
31 27 1780.00 2.608000
31 34 674.00 0.987950
31 32 557.00 0.816500
32 29 509.00 0.746367
32 31 557.00 0.816500
32 42 1921.00 2.814100
32 35 548.00 0.803000
33 30 527.00 0.772133
33 36 540.00 0.791117
33 37 1450.00 2.124900
34 30 1615.00 2.365150
34 31 674.00 0.987950
34 37 1051.00 1.539417
35 32 548.00 0.803000
35 38 504.00 0.738583
35 46 1900.00 2.782767
36 33 540.00 0.791117
36 39 1360.00 1.992867
36 40 520.00 0.761750
37 33 1450.00 2.124900
37 34 1051.00 1.539417
37 39 343.00 0.503433
38 35 504.00 0.738583
38 48 1910.00 2.797183
38 41 527.00 0.771983
39 36 1360.00 1.992867
39 37 343.00 0.503433
39 43 505.00 0.739633
40 36 520.00 0.761750
40 43 1426.00 2.089700
40 44 506.00 0.741783
41 38 527.00 0.771983
41 52 1924.00 2.817900
41 45 531.00 0.778250
42 21 541.00 0.793033
42 32 1921.00 2.814100
42 46 514.00 0.753683
43 39 505.00 0.739633
43 40 1426.00 2.089700
43 47 382.00 0.560050
44 40 506.00 0.741783
44 49 1252.00 1.833567
44 51 543.00 0.795367
45 41 531.00 0.778250
45 56 1919.00 2.811150
45 50 500.00 0.732450
46 35 1900.00 2.782767
46 42 514.00 0.753683
46 48 532.00 0.779500
47 43 382.00 0.560050
47 49 272.00 0.399017
47 50 134.00 0.197300
48 38 1910.00 2.797183
48 46 532.00 0.779500
48 52 508.00 0.745333
49 44 1252.00 1.833567
49 47 272.00 0.399017
49 54 522.00 0.765133
50 45 500.00 0.732450
50 47 134.00 0.197300
50 53 799.00 1.171500
51 44 543.00 0.795367
51 54 1297.00 1.899567
51 55 544.00 0.797683
52 41 1924.00 2.817900
52 48 508.00 0.745333
52 56 517.00 0.757833
53 50 799.00 1.171500
53 59 1139.00 1.669233
53 63 1657.00 2.426783
54 49 522.00 0.765133
54 51 1297.00 1.899567
54 58 517.00 0.757400
55 51 544.00 0.797683
55 58 1349.00 1.975683
55 57 1072.00 0.784983
56 45 1919.00 2.811150
56 52 517.00 0.757833
56 59 543.00 0.796167
57 55 1072.00 0.784983
57 60 1287.00 1.885600
57 61 1042.00 0.763283
58 54 517.00 0.757400
58 55 1349.00 1.975683
58 60 583.00 0.854233
59 53 1139.00 1.669233
59 56 543.00 0.796167
59 63 499.00 0.731567
60 57 1287.00 1.885600
60 58 583.00 0.854233
60 64 531.00 0.777683
61 57 1042.00 0.763283
61 64 1357.00 1.987300
61 65 1137.00 0.832733
62 73 1411.00 2.067633
62 66 516.00 0.756000
62 67 1919.00 2.811467
63 53 1657.00 2.426783
63 59 499.00 0.731567
63 68 527.00 0.773100
64 60 531.00 0.777683
64 61 1357.00 1.987300
64 71 524.00 0.768283
65 61 1137.00 0.832733
65 70 1125.00 0.824350
65 69 1187.00 1.739100
66 62 516.00 0.756000
66 77 1409.00 2.064233
66 72 566.00 0.829417
67 62 1919.00 2.811467
67 73 548.00 0.803883
67 68 159.00 0.233600
68 63 527.00 0.773100
68 67 159.00 0.233600
68 84 1868.00 2.736150
69 65 1187.00 1.739100
69 75 526.00 0.771250
69 71 262.00 0.384283
70 65 1125.00 0.824350
70 75 1379.00 2.020117
70 74 1101.00 0.806583
71 64 524.00 0.768283
71 69 262.00 0.384283
71 72 495.00 0.726133
72 66 566.00 0.829417
72 71 495.00 0.726133
72 76 513.00 0.751700
73 62 1411.00 2.067633
73 67 548.00 0.803883
73 77 513.00 0.752250
74 70 1101.00 0.806583
74 80 1557.00 2.281033
74 396 100.00 0.073250
75 69 526.00 0.771250
75 70 1379.00 2.020117
75 80 521.00 0.764333
76 72 513.00 0.751700
76 81 870.00 1.274533
76 78 531.00 0.777883
77 66 1409.00 2.064233
77 73 513.00 0.752250
77 81 553.00 0.810183
78 76 531.00 0.777883
78 443 77.00 0.112850
78 82 499.00 0.732217
79 83 1731.00 2.536233
79 399 1058.00 0.775317
79 396 1003.00 0.734650
80 74 1557.00 2.281033
80 75 521.00 0.764333
80 83 529.00 0.775333
81 76 870.00 1.274533
81 77 553.00 0.810183
81 84 836.00 1.225583
82 444 63.00 0.093550
82 441 980.00 1.435217
83 79 1731.00 2.536233
83 80 529.00 0.775333
83 409 271.00 0.398133
84 68 1868.00 2.736150
84 81 836.00 1.225583
84 88 540.00 0.791633
84 407 355.00 0.520717
85 400 700.00 0.513233
85 86 197.00 0.144483
86 85 197.00 0.144483
86 95 1819.00 2.665250
86 93 1001.00 0.733450
87 380 522.00 0.765250
87 91 979.00 0.717267
87 370 3968.00 2.905883
88 84 540.00 0.791633
88 443 1589.00 2.327533
88 92 520.00 0.762567
89 399 1755.00 2.570150
89 95 515.00 0.755233
89 409 339.00 0.497850
90 96 543.00 0.796100
90 437 32.00 0.047400
90 102 1694.00 2.482067
91 87 979.00 0.717267
91 381 554.00 0.812000
91 97 1169.00 0.856050
92 88 520.00 0.762567
92 98 527.00 0.771800
92 444 1566.00 2.293867
93 3 1085.00 0.794800
93 86 1001.00 0.733450
93 100 1789.00 2.620083
94 380 98.00 0.144183
94 371 1462.00 2.142100
94 99 602.00 0.882083
95 86 1819.00 2.665250
95 89 515.00 0.755233
95 101 517.00 0.757433
96 90 543.00 0.796100
96 106 1736.00 2.542900
96 438 568.00 0.833050
97 91 1169.00 0.856050
97 104 1267.00 0.927900
97 113 2143.00 3.138867
98 92 527.00 0.771800
98 102 500.00 0.733450
98 442 1592.00 2.332550
99 94 602.00 0.882083
99 372 1366.00 2.001000
99 373 1955.00 2.863850
99 382 420.00 0.615467
100 93 1789.00 2.620083
100 101 101.00 0.148900
100 105 525.00 0.769000
101 95 517.00 0.757433
101 100 101.00 0.148900
101 438 150.00 0.220867
102 90 1694.00 2.482067
102 98 500.00 0.733450
102 106 563.00 0.825767
103 374 120.00 0.176967
103 108 1248.00 0.914267
104 97 1267.00 0.927900
104 120 2145.00 3.141517
104 414 696.00 0.510167
105 3 1868.00 2.735817
105 100 525.00 0.769000
105 111 522.00 0.765100
106 96 1736.00 2.542900
106 102 563.00 0.825767
106 122 2615.00 1.914950
106 112 522.00 0.765450
107 433 155.00 0.228350
107 374 1191.00 1.745533
107 379 1232.00 1.804667
108 403 119.00 0.175367
108 117 1301.00 0.952667
109 382 1138.00 1.667883
109 113 628.00 0.919800
109 433 344.00 0.503900
110 393 1661.00 2.433167
110 115 1210.00 0.886617
110 414 541.00 0.396350
111 2 1954.00 2.862233
111 105 522.00 0.765100
111 116 529.00 0.775933
112 106 522.00 0.765450
112 118 2122.00 3.107883
112 438 1682.00 2.463850
113 97 2143.00 3.138867
113 109 628.00 0.919800
113 120 609.00 0.892800
114 403 1364.00 1.998917
114 121 604.00 0.885517
114 433 620.00 0.909333
115 110 1210.00 0.886617
115 119 1246.00 0.912400
115 129 1663.00 2.436433
116 4 2048.00 2.999317
116 111 529.00 0.775933
116 118 114.00 0.167033
117 375 108.00 0.159550
117 123 1272.00 0.931767
118 17 2757.00 4.038233
118 112 2122.00 3.107883
118 116 114.00 0.167033
119 115 1246.00 0.912400
119 126 1233.00 0.902950
119 139 1641.00 2.403600
120 104 2145.00 3.141517
120 113 609.00 0.892800
120 125 612.00 0.896933
120 131 773.00 1.133283
121 114 604.00 0.885517
121 375 1359.00 1.990917
121 130 616.00 0.902483
122 106 2615.00 1.914950
122 128 1045.00 0.765483
122 124 1382.00 2.024233
123 404 118.00 0.173850
123 134 1208.00 0.884983
124 122 1382.00 2.024233
124 128 920.00 1.348050
124 127 1238.00 1.814417
125 120 612.00 0.896933
125 393 488.00 0.714983
125 434 713.00 1.044933
126 119 1233.00 0.902950
126 147 1647.00 2.412083
126 136 1229.00 0.900300
127 124 1238.00 1.814417
127 141 1660.00 2.431933
127 142 541.00 0.793183
128 122 1045.00 0.765483
128 124 920.00 1.348050
128 141 1054.00 0.772433
129 115 1663.00 2.436433
129 393 639.00 0.937017
129 137 548.00 0.803117
129 439 73.00 0.107733
130 121 616.00 0.902483
130 404 1377.00 2.016567
130 144 617.00 0.903717
130 131 1523.00 2.230683
131 120 773.00 1.133283
131 130 1523.00 2.230683
131 140 389.00 0.570300
132 17 735.00 0.538633
132 133 100.00 0.147083
132 148 1865.00 1.366300
133 132 100.00 0.147083
133 135 528.00 0.774350
133 175 3405.00 4.987300
134 376 114.00 0.167583
134 16 1308.00 0.958233
135 133 528.00 0.774350
135 138 499.00 0.731600
135 174 3198.00 4.684300
136 126 1229.00 0.900300
136 159 1865.00 2.732017
136 391 1257.00 0.921117
137 129 548.00 0.803117
137 386 236.00 0.346133
137 388 384.00 0.562383
138 135 499.00 0.731600
138 143 542.00 0.795117
138 173 2983.00 4.369767
139 119 1641.00 2.403600
139 147 606.00 0.887983
139 390 410.00 0.601317
139 439 533.00 0.780717
140 131 389.00 0.570300
140 384 215.00 0.315167
140 434 133.00 0.195400
141 127 1660.00 2.431933
141 128 1054.00 0.772433
141 150 1060.00 0.776550
142 1 508.00 0.744133
142 127 541.00 0.793183
142 150 1670.00 2.446400
143 138 542.00 0.795117
143 145 540.00 0.792250
143 172 2780.00 4.072233
144 130 617.00 0.903717
144 376 1379.00 2.020350
144 152 616.00 0.903467
144 383 451.00 0.661833
145 143 540.00 0.792250
145 146 506.00 0.741783
145 171 2570.00 3.765083
146 1 381.00 0.558000
146 145 506.00 0.741783
146 170 2362.00 3.460150
147 126 1647.00 2.412083
147 139 606.00 0.887983
147 160 727.00 1.064700
148 132 1865.00 1.366300
149 1 144.00 0.211117
149 169 2123.00 3.109750
149 151 517.00 0.757150
150 141 1060.00 0.776550
150 142 1670.00 2.446400
150 158 1100.00 0.805817
151 149 517.00 0.757150
151 168 1914.00 2.804133
151 154 512.00 0.750717
152 144 616.00 0.903467
152 155 340.00 0.498517
152 405 1355.00 1.984550
153 161 617.00 0.904983
153 384 610.00 0.893983
153 385 1349.00 1.976750
154 151 512.00 0.750717
154 167 1688.00 2.472983
154 158 522.00 0.765067
155 152 340.00 0.498517
155 385 380.00 0.556500
155 161 2576.00 3.773100
156 406 115.00 0.169517
156 427 3115.00 2.281400
157 159 1277.00 1.871100
157 392 736.00 1.078350
157 391 685.00 1.004033
158 150 1100.00 0.805817
158 154 522.00 0.765067
158 166 2871.00 2.102450
159 136 1865.00 2.732017
159 157 1277.00 1.871100
159 162 644.00 0.943867
159 160 280.00 0.411467
160 147 727.00 1.064700
160 159 280.00 0.411467
160 389 626.00 0.916817
161 153 617.00 0.904983
161 155 2576.00 3.773100
161 164 647.00 0.947850
161 387 620.00 0.908033
162 159 644.00 0.943867
162 459 2361.00 1.729100
163 377 1369.00 2.005233
163 435 352.00 0.516733
163 406 1917.00 2.807633
164 161 647.00 0.947850
164 458 3588.00 2.627483
165 435 435.00 0.319033
166 158 2871.00 2.102450
166 167 1156.00 0.846583
167 154 1688.00 2.472983
167 168 1171.00 0.857967
168 151 1914.00 2.804133
168 417 772.00 0.565717
169 149 2123.00 3.109750
169 170 1122.00 0.821833
170 146 2362.00 3.460150
170 171 1109.00 0.812683
171 145 2570.00 3.765083
171 172 1165.00 0.853600
172 143 2780.00 4.072233
172 173 1150.00 0.842483
173 138 2983.00 4.369767
173 420 110.00 0.161983
173 174 1119.00 0.819850
174 135 3198.00 4.684300
174 175 1121.00 0.821167
175 133 3405.00 4.987300
176 361 95.00 0.140100
176 432 1821.00 1.333567
177 178 630.00 0.923433
177 180 4563.00 3.341700
178 177 630.00 0.923433
178 412 497.00 0.729183
178 179 602.00 0.882117
179 178 602.00 0.882117
179 182 631.00 0.924983
179 191 2035.00 2.980467
180 184 667.00 0.978200
180 336 2709.00 1.983700
181 366 96.00 0.141883
181 188 2366.00 1.732633
182 179 631.00 0.924983
182 186 600.00 0.879033
182 196 1878.00 2.750750
183 187 494.00 0.723467
183 412 1402.00 2.053267
184 180 667.00 0.978200
184 193 1367.00 2.002867
184 187 203.00 0.298433
185 189 633.00 0.927167
185 357 34.00 0.050300
185 365 1345.00 1.970067
186 182 600.00 0.879033
186 358 131.00 0.192683
186 201 1880.00 2.753417
187 183 494.00 0.723467
187 184 203.00 0.298433
187 190 417.00 0.610700
188 402 116.00 0.170533
188 195 1304.00 0.954967
189 185 633.00 0.927167
189 366 1368.00 2.004550
189 197 605.00 0.887000
189 192 345.00 0.505767
190 187 417.00 0.610700
190 194 459.00 0.672350
190 199 1374.00 2.012433
191 179 2035.00 2.980467
191 196 455.00 0.667100
191 445 504.00 0.738150
192 189 345.00 0.505767
192 358 576.00 0.844583
192 206 1859.00 2.722867
193 184 1367.00 2.002867
193 422 76.00 0.111983
193 456 844.00 0.618083
194 190 459.00 0.672350
194 445 56.00 0.082517
194 355 574.00 0.841067
195 368 93.00 0.136350
195 203 1289.00 0.943933
196 182 1878.00 2.750750
196 191 455.00 0.667100
196 201 629.00 0.921550
196 200 392.00 0.574550
197 189 605.00 0.887000
197 367 1387.00 2.031367
197 202 620.00 0.908217
198 422 850.00 0.623067
198 456 78.00 0.115417
198 213 1621.00 2.374133
199 190 1374.00 2.012433
199 423 852.00 0.624150
199 455 79.00 0.116867
200 196 392.00 0.574550
200 215 1381.00 2.023517
200 445 537.00 0.786650
200 204 635.00 0.931083
201 186 1880.00 2.753417
201 196 629.00 0.921550
201 204 316.00 0.464167
201 206 614.00 0.899967
202 197 620.00 0.908217
202 402 1371.00 2.008633
202 359 348.00 0.510150
202 207 612.00 0.896500
203 18 1110.00 0.812967
203 369 222.00 0.162967
204 200 635.00 0.931083
204 201 316.00 0.464167
204 225 1344.00 1.968567
204 210 590.00 0.865217
205 423 101.00 0.149233
205 354 256.00 0.375617
205 455 862.00 0.631200
206 192 1859.00 2.722867
206 201 614.00 0.899967
206 217 735.00 1.076617
206 210 188.00 0.275700
207 202 612.00 0.896500
207 368 1430.00 2.094650
207 436 776.00 1.136433
208 215 1208.00 0.884617
208 355 766.00 1.122317
209 233 1617.00 2.368917
209 221 642.00 0.941433
209 359 930.00 1.363000
210 204 590.00 0.865217
210 206 188.00 0.275700
210 232 1365.00 1.999033
211 10 1736.00 1.271350
211 238 1335.00 1.955350
212 244 1871.00 2.740100
212 205 1265.00 0.926317
213 198 1621.00 2.374133
213 224 586.00 0.858350
214 211 1051.00 0.769750
214 338 1178.00 1.726433
215 200 1381.00 2.023517
215 460 258.00 0.189433
216 214 1078.00 0.789800
216 338 1778.00 2.604050
217 206 735.00 1.076617
217 220 122.00 0.180050
217 410 521.00 0.763750
218 216 1083.00 0.793683
218 250 1918.00 2.808967
219 251 1851.00 2.712050
219 460 93.00 0.136783
219 212 1192.00 0.873050
220 217 122.00 0.180050
220 230 690.00 1.011217
220 231 732.00 1.072333
221 209 642.00 0.941433
221 245 1661.00 2.433750
221 230 593.00 0.869367
222 250 1517.00 2.222117
222 408 535.00 0.392350
223 233 1252.00 0.917100
223 436 247.00 0.181367
223 359 1414.00 2.071900
224 213 586.00 0.858350
224 354 1355.00 1.985017
224 446 523.00 0.767367
225 204 1344.00 1.968567
225 454 616.00 0.451683
225 426 100.00 0.147150
226 263 1754.00 2.569783
226 13 1063.00 0.779050
227 411 894.00 0.654700
228 426 225.00 0.165083
228 262 1876.00 2.748333
229 265 1616.00 2.367050
229 15 1086.00 0.795350
230 220 690.00 1.011217
230 221 593.00 0.869367
230 256 1658.00 2.428900
231 220 732.00 1.072333
231 271 2391.00 3.502350
231 241 617.00 0.903967
232 210 1365.00 1.999033
232 241 1266.00 0.927400
233 209 1617.00 2.368917
233 223 1252.00 0.917100
233 245 1245.00 0.912350
234 446 111.00 0.164017
234 244 595.00 0.871967
234 240 613.00 0.897867
235 14 637.00 0.466450
235 242 334.00 0.490467
236 242 1296.00 1.898050
236 246 493.00 0.723017
236 411 861.00 1.261333
237 227 1077.00 0.788767
237 246 1297.00 1.899817
238 211 1335.00 1.955350
238 260 1843.00 1.349750
239 453 838.00 0.614183
239 274 1865.00 2.731917
240 234 613.00 0.897867
240 252 2406.00 3.524917
240 401 1234.00 0.904133
240 348 1268.00 0.929133
241 231 617.00 0.903967
241 429 198.00 0.145183
242 235 334.00 0.490467
242 236 1296.00 1.898050
242 253 527.00 0.772533
243 338 276.00 0.405517
243 260 750.00 1.099717
243 279 1979.00 2.899017
244 212 1871.00 2.740100
244 234 595.00 0.871967
244 251 600.00 0.879683
245 221 1661.00 2.433750
245 233 1245.00 0.912350
245 256 1273.00 0.932417
246 236 493.00 0.723017
246 237 1297.00 1.899817
246 258 541.00 0.792867
246 253 1308.00 1.916850
247 239 1234.00 0.904150
247 278 1865.00 2.732583
247 429 96.00 0.140800
248 237 1060.00 0.776217
248 258 1294.00 1.895333
249 254 520.00 0.762767
249 265 1348.00 1.974933
250 218 1918.00 2.808967
250 222 1517.00 2.222117
250 257 274.00 0.402617
251 219 1851.00 2.712050
251 244 600.00 0.879683
251 352 203.00 0.297967
252 240 2406.00 3.524917
252 418 98.00 0.144700
252 267 1239.00 0.907433
253 242 527.00 0.772533
253 246 1308.00 1.916850
253 268 534.00 0.783217
253 254 980.00 1.436567
254 14 993.00 1.455083
254 249 520.00 0.762767
254 253 980.00 1.436567
255 247 1211.00 0.887167
255 285 1880.00 2.754050
256 230 1658.00 2.428900
256 245 1273.00 0.932417
256 271 1235.00 0.904900
257 250 274.00 0.402617
257 299 1866.00 2.733950
257 293 2394.00 3.506700
258 246 541.00 0.792867
258 248 1294.00 1.895333
258 268 1313.00 1.923650
258 273 518.00 0.759200
259 255 611.00 0.447750
259 275 626.00 0.917733
260 243 750.00 1.099717
260 451 936.00 0.685817
261 418 631.00 0.462667
261 270 1100.00 1.612333
262 228 1876.00 2.748333
262 352 427.00 0.626417
262 274 603.00 0.884500
263 226 1754.00 2.569783
263 272 273.00 0.400700
263 339 514.00 0.753417
264 297 1548.00 2.267033
264 339 267.00 0.391183
264 272 528.00 0.773317
265 229 1616.00 2.367050
265 249 1348.00 1.974933
265 340 383.00 0.561917
266 281 1182.00 0.865567
266 280 2364.00 3.463000
266 401 1254.00 0.918333
267 401 2400.00 3.515683
267 419 458.00 0.335967
268 253 534.00 0.783217
268 258 1313.00 1.923650
268 344 946.00 1.385667
269 15 1872.00 2.742650
269 340 512.00 0.750833
269 342 407.00 0.596217
270 261 1100.00 1.612333
270 447 519.00 0.761000
270 273 192.00 0.282117
271 22 1333.00 0.976250
271 231 2391.00 3.502350
271 256 1235.00 0.904900
272 263 273.00 0.400700
272 264 528.00 0.773317
272 294 1204.00 1.763500
273 258 518.00 0.759200
273 270 192.00 0.282117
273 344 911.00 1.335433
274 239 1865.00 2.731917
274 262 603.00 0.884500
274 277 514.00 0.753067
275 259 626.00 0.917733
275 288 1397.00 2.046750
275 282 601.00 0.881033
276 261 1074.00 0.787000
276 419 100.00 0.147767
276 447 1097.00 1.607817
277 274 514.00 0.753067
277 278 95.00 0.140033
277 286 643.00 0.942250
278 247 1865.00 2.732583
278 277 95.00 0.140033
278 285 612.00 0.897550
279 243 1979.00 2.899017
279 293 1403.00 1.027550
280 266 2364.00 3.463000
280 431 112.00 0.164733
280 295 1235.00 0.904800
281 266 1182.00 0.865567
281 292 1281.00 0.938200
281 295 2356.00 3.450783
282 275 601.00 0.881033
282 302 1410.00 2.065433
282 291 646.00 0.946233
283 431 247.00 0.181183
283 287 1125.00 1.647950
284 447 1108.00 1.623400
284 290 798.00 1.168700
284 344 523.00 0.766450
284 287 1584.00 2.320733
285 255 1880.00 2.754050
285 278 612.00 0.897550
285 291 297.00 0.436317
286 277 643.00 0.942250
286 351 997.00 1.461200
286 300 622.00 0.911167
287 283 1125.00 1.647950
287 284 1584.00 2.320733
287 447 538.00 0.789300
288 22 1361.00 0.997067
288 275 1397.00 2.046750
288 302 1215.00 0.890167
289 342 780.00 1.143383
289 298 1050.00 0.769017
290 284 798.00 1.168700
290 315 2472.00 3.620367
290 301 548.00 0.803283
291 282 646.00 0.946233
291 285 297.00 0.436317
291 351 662.00 0.970617
291 308 1402.00 2.053783
292 281 1281.00 0.938200
292 304 1227.00 0.898533
292 305 2357.00 3.452750
293 257 2394.00 3.506700
293 299 1086.00 0.795567
294 272 1204.00 1.763500
294 289 1199.00 0.878283
295 281 2356.00 3.450783
295 425 660.00 0.483983
296 283 1045.00 0.765567
296 306 2053.00 3.007250
297 264 1548.00 2.267033
297 294 1232.00 0.902667
298 341 789.00 1.156217
298 448 2874.00 2.104567
299 257 1866.00 2.733950
299 421 411.00 0.301000
300 286 622.00 0.911167
300 320 2390.00 3.500883
300 309 1085.00 1.589800
301 290 548.00 0.803283
301 318 2304.00 3.374417
301 307 498.00 0.729417
302 282 1410.00 2.065433
302 288 1215.00 0.890167
302 308 1205.00 0.882467
303 424 469.00 0.343917
303 428 2078.00 3.043200
304 292 1227.00 0.898533
304 313 2356.00 3.450333
304 312 1274.00 0.933067
305 292 2357.00 3.452750
305 313 1321.00 0.967850
306 296 2053.00 3.007250
306 428 497.00 0.728533
306 452 472.00 0.692517
307 301 498.00 0.729417
307 323 1937.00 2.837650
307 452 131.00 0.192300
308 291 1402.00 2.053783
308 302 1205.00 0.882467
308 314 1288.00 0.943500
309 300 1085.00 1.589800
309 327 1893.00 2.772867
309 316 618.00 0.905917
310 303 1082.00 0.792417
310 325 2397.00 3.510400
311 428 252.00 0.369967
311 324 1519.00 2.225467
311 343 1435.00 2.102350
311 452 522.00 0.765883
312 304 1274.00 0.933067
312 322 2383.00 3.490300
312 319 935.00 0.685333
313 304 2356.00 3.450333
313 430 104.00 0.153550
313 322 1233.00 0.903400
314 308 1288.00 0.943500
314 320 1242.00 0.909467
314 351 1402.00 2.054300
315 290 2472.00 3.620367
315 449 257.00 0.188217
316 309 618.00 0.905917
316 331 1655.00 2.423883
316 319 616.00 0.903200
317 430 727.00 0.532567
317 325 1864.00 2.730583
318 301 2304.00 3.374417
318 323 1304.00 0.954867
319 312 935.00 0.685333
319 316 616.00 0.903200
319 321 344.00 0.252583
320 300 2390.00 3.500883
320 314 1242.00 0.909467
320 327 1223.00 0.896083
321 319 344.00 0.252583
321 326 1288.00 1.887500
321 329 1095.00 0.802450
322 312 2383.00 3.490300
322 337 1440.00 1.054883
323 307 1937.00 2.837650
323 324 1539.00 1.126983
324 311 1519.00 2.225467
324 343 1551.00 1.135850
325 310 2397.00 3.510400
325 317 1864.00 2.730583
325 328 169.00 0.247867
326 321 1288.00 1.887500
326 329 1239.00 1.814983
326 413 425.00 0.623850
327 309 1893.00 2.772867
327 320 1223.00 0.896083
327 332 1232.00 0.902617
328 325 169.00 0.247867
328 416 2479.00 1.815400
329 321 1095.00 0.802450
329 326 1239.00 1.814983
329 331 1891.00 2.770100
329 333 1213.00 0.888283
330 317 1858.00 1.361067
330 337 208.00 0.152950
331 316 1655.00 2.423883
331 329 1891.00 2.770100
331 332 371.00 0.544500
332 327 1232.00 0.902617
332 331 371.00 0.544500
332 350 862.00 0.631533
333 329 1213.00 0.888283
333 350 4423.00 3.238667
334 392 488.00 0.357883
334 391 2322.00 1.700500
335 29 1585.00 2.321383
335 12 1062.00 0.777767
336 193 1162.00 0.851417
337 333 4241.00 3.105600
337 25 217.00 0.159617
338 214 1178.00 1.726433
338 216 1778.00 2.604050
338 243 276.00 0.405517
339 13 1638.00 2.399183
339 263 514.00 0.753417
339 264 267.00 0.391183
340 265 383.00 0.561917
340 269 512.00 0.750833
340 341 396.00 0.580083
341 298 789.00 1.156217
341 340 396.00 0.580083
341 342 522.00 0.765300
342 269 407.00 0.596217
342 289 780.00 1.143383
342 341 522.00 0.765300
343 311 1435.00 2.102350
343 345 981.00 0.718383
344 268 946.00 1.385667
344 273 911.00 1.335433
344 284 523.00 0.766450
345 328 1336.00 0.978883
346 347 1541.00 2.257567
346 348 853.00 0.624700
347 346 1541.00 2.257567
347 349 926.00 1.357033
347 348 1463.00 2.142617
348 240 1268.00 0.929133
348 346 853.00 0.624700
348 347 1463.00 2.142617
349 347 926.00 1.357033
349 252 1225.00 0.897483
350 332 862.00 0.631533
350 334 2089.00 1.530283
351 286 997.00 1.461200
351 291 662.00 0.970617
351 314 1402.00 2.054300
352 251 203.00 0.297967
352 262 427.00 0.626417
352 353 953.00 1.396000
353 352 953.00 1.396000
354 205 256.00 0.375617
354 224 1355.00 1.985017
354 446 1531.00 2.242083
355 194 574.00 0.841067
355 208 766.00 1.122317
355 356 804.00 1.178733
356 355 804.00 1.178733
356 208 570.00 0.417850
357 185 34.00 0.050300
357 358 309.00 0.453817
357 364 1871.00 2.740983
358 186 131.00 0.192683
358 192 576.00 0.844583
358 357 309.00 0.453817
359 202 348.00 0.510150
359 209 930.00 1.363000
359 223 1414.00 2.071900
360 177 3314.00 2.426967
361 176 95.00 0.140100
361 360 1307.00 0.957517
361 362 3284.00 4.810250
362 361 1201.00 0.879650
363 362 597.00 0.437450
363 432 120.00 0.176817
364 357 1871.00 2.740983
364 363 657.00 0.481800
365 185 1345.00 1.970067
365 364 1228.00 0.899783
366 181 96.00 0.141883
366 189 1368.00 2.004550
366 365 1235.00 0.904417
367 197 1387.00 2.031367
367 366 1247.00 0.913817
368 195 93.00 0.136350
368 207 1430.00 2.094650
368 402 1228.00 0.899183
369 203 222.00 0.162967
369 436 2229.00 1.632283
369 368 1325.00 0.970500
370 18 213.00 0.156517
370 87 3968.00 2.905883
370 369 1088.00 0.796950
371 94 1462.00 2.142100
371 370 1869.00 1.369033
372 99 1366.00 2.001000
372 407 104.00 0.153750
372 371 1285.00 0.941283
373 99 1955.00 2.863850
373 372 1152.00 0.843717
374 103 120.00 0.176967
374 107 1191.00 1.745533
374 379 1278.00 0.935967
375 117 108.00 0.159550
375 121 1359.00 1.990917
375 403 1334.00 0.976883
376 134 114.00 0.167583
376 144 1379.00 2.020350
376 404 1220.00 0.893817
377 163 1369.00 2.005233
377 406 1229.00 0.900583
378 427 213.00 0.156650
378 377 1795.00 1.314867
379 107 1232.00 1.804667
379 373 1273.00 0.932567
380 87 522.00 0.765250
380 94 98.00 0.144183
380 381 395.00 0.579900
381 91 554.00 0.812000
381 380 395.00 0.579900
381 382 520.00 0.762150
382 99 420.00 0.615467
382 109 1138.00 1.667883
382 381 520.00 0.762150
383 144 451.00 0.661833
383 384 1353.00 1.981583
383 385 601.00 0.881333
384 140 215.00 0.315167
384 153 610.00 0.893983
384 383 1353.00 1.981583
385 153 1349.00 1.976750
385 155 380.00 0.556500
385 383 601.00 0.881333
386 137 236.00 0.346133
386 387 1405.00 2.058217
386 434 503.00 0.736950
387 161 620.00 0.908033
387 386 1405.00 2.058217
387 389 617.00 0.904350
388 137 384.00 0.562383
388 390 116.00 0.169983
388 439 279.00 0.409100
389 160 626.00 0.916817
389 387 617.00 0.904350
389 390 1240.00 1.817283
390 139 410.00 0.601317
390 388 116.00 0.169983
390 389 1240.00 1.817283
391 136 1257.00 0.921117
391 157 685.00 1.004033
391 334 2322.00 1.700500
392 157 736.00 1.078350
392 162 2878.00 2.107417
393 110 1661.00 2.433167
393 125 488.00 0.714983
393 129 639.00 0.937017
394 12 1450.00 2.124833
394 29 352.00 0.515633
394 395 508.00 0.745117
395 23 530.00 0.776850
395 394 508.00 0.745117
396 74 100.00 0.073250
396 79 1003.00 0.734650
397 416 98.00 0.144533
398 330 214.00 0.156967
398 397 1851.00 1.355850
399 79 1058.00 0.775317
399 89 1755.00 2.570150
399 400 200.00 0.147050
400 85 700.00 0.513233
400 399 200.00 0.147050
401 240 1234.00 0.904133
401 266 1254.00 0.918333
401 267 2400.00 3.515683
402 188 116.00 0.170533
402 202 1371.00 2.008633
402 367 1161.00 0.850317
403 108 119.00 0.175367
403 114 1364.00 1.998917
403 374 1166.00 0.853933
404 123 118.00 0.173850
404 130 1377.00 2.016567
404 375 1232.00 0.902250
405 16 118.00 0.173050
405 152 1355.00 1.984550
405 376 1287.00 0.942450
406 156 115.00 0.169517
406 163 1917.00 2.807633
406 405 1203.00 0.881333
407 84 355.00 0.520717
407 372 104.00 0.153750
407 103 3677.00 2.692567
408 218 506.00 0.370650
409 83 271.00 0.398133
409 89 339.00 0.497850
409 441 495.00 0.725350
410 217 521.00 0.763750
411 236 861.00 1.261333
411 235 4272.00 3.128717
412 178 497.00 0.729183
412 183 1402.00 2.053267
413 326 425.00 0.623850
414 22 783.00 0.573967
414 104 696.00 0.510167
414 110 541.00 0.396350
415 450 1852.00 1.356117
416 397 98.00 0.144533
416 330 1777.00 1.301533
417 169 305.00 0.224017
418 252 98.00 0.144700
418 248 407.00 0.298333
419 276 100.00 0.147767
419 280 758.00 0.555633
420 173 110.00 0.161983
421 297 827.00 0.605967
422 193 76.00 0.111983
423 205 101.00 0.149233
423 356 365.00 0.267983
424 296 605.00 0.443500
425 305 577.00 0.422517
425 424 97.00 0.143183
426 225 100.00 0.147150
426 219 1007.00 0.737933
427 166 571.00 0.418450
428 303 2078.00 3.043200
428 306 497.00 0.728533
428 311 252.00 0.369967
429 247 96.00 0.140800
429 22 4630.00 3.390533
430 313 104.00 0.153550
430 310 350.00 0.256433
431 280 112.00 0.164733
431 276 762.00 0.558367
432 363 120.00 0.176817
432 181 3118.00 2.283217
433 107 155.00 0.228350
433 109 344.00 0.503900
433 114 620.00 0.909333
434 125 713.00 1.044933
434 140 133.00 0.195400
434 386 503.00 0.736950
435 163 352.00 0.516733
435 457 1018.00 0.745417
436 207 776.00 1.136433
436 223 247.00 0.181367
436 369 2229.00 1.632283
437 90 32.00 0.047400
437 440 47.00 0.069633
438 96 568.00 0.833050
438 101 150.00 0.220867
438 112 1682.00 2.463850
439 129 73.00 0.107733
439 139 533.00 0.780717
439 388 279.00 0.409100
440 441 42.00 0.062650
440 442 449.00 0.657933
441 409 495.00 0.725350
441 440 42.00 0.062650
441 437 47.00 0.069767
442 98 1592.00 2.332550
442 444 532.00 0.779433
443 78 77.00 0.112850
443 88 1589.00 2.327533
444 82 63.00 0.093550
444 92 1566.00 2.293867
444 443 495.00 0.724933
445 191 504.00 0.738150
445 194 56.00 0.082517
445 200 537.00 0.786650
446 224 523.00 0.767367
446 234 111.00 0.164017
446 354 1531.00 2.242083
447 270 519.00 0.761000
447 276 1097.00 1.607817
447 284 1108.00 1.623400
447 287 538.00 0.789300
448 315 307.00 0.225200
449 24 138.00 0.202200
449 318 843.00 0.617817
450 238 572.00 0.419367
451 279 836.00 0.612667
452 306 472.00 0.692517
452 307 131.00 0.192300
452 311 522.00 0.765883
453 228 381.00 0.279667
453 454 201.00 0.147383
454 453 201.00 0.147383
454 232 604.00 0.442750
455 198 415.00 0.304250
456 199 423.00 0.310167
457 378 1978.00 1.448650
458 165 1226.00 0.897733
459 164 1872.00 1.371250
460 219 93.00 0.136783
460 225 1009.00 0.739467
