0 13 3775.00 1.842817
1 6 244.00 0.179150
1 199 2276.00 1.666983
2 3 241.00 0.176750
2 97 2870.00 2.101833
3 4 201.00 0.147767
3 126 5626.00 4.119517
3 169 106.00 0.155367
4 5 235.00 0.172233
4 152 2798.00 2.048917
5 2 185.00 0.135917
5 6 3806.00 2.787133
6 213 5081.00 1.860450
7 192 1341.00 0.982500
7 209 1807.00 1.323217
8 94 1169.00 1.712350
9 145 924.00 1.354583
9 8 344.00 0.504533
10 144 554.00 0.812483
10 95 1350.00 1.978183
10 11 632.00 0.926883
11 10 632.00 0.926883
11 195 1341.00 1.964133
11 117 2292.00 1.678983
12 43 2303.00 1.687000
13 205 2107.00 1.543100
13 38 4302.00 2.100050
14 147 682.00 0.499783
15 25 276.00 0.134767
15 178 2414.00 1.767867
16 112 3594.00 1.754717
17 204 2043.00 1.496600
17 18 1272.00 1.863067
18 17 1272.00 1.863067
18 37 1429.00 2.092817
18 151 1691.00 1.238450
19 20 1279.00 1.873850
19 50 2393.00 1.752300
20 19 1279.00 1.873850
20 51 2060.00 1.508983
21 20 544.00 0.398717
21 219 436.00 0.639200
22 179 1812.00 1.327300
22 218 457.00 0.669433
23 22 501.00 0.367350
24 92 2575.00 1.885900
24 54 2032.00 1.488533
25 68 3789.00 1.849900
26 74 303.00 0.222100
26 27 2535.00 1.856367
27 24 178.00 0.130867
27 25 4750.00 3.478367
28 42 2387.00 1.748150
29 65 3822.00 1.865733
29 184 1419.00 1.039700
30 222 566.00 0.829200
30 134 2542.00 1.861467
31 33 230.00 0.168717
31 16 2606.00 1.908633
32 16 330.00 0.161383
32 33 2603.00 1.906467
33 138 2469.00 1.808350
33 77 2537.00 1.857683
34 73 2642.00 1.934583
34 133 3846.00 1.877517
35 79 1777.00 1.301733
36 41 3078.00 2.253933
36 194 2662.00 1.949783
37 18 1429.00 2.092817
37 100 1324.00 1.939183
37 206 2064.00 1.511433
38 39 2011.00 1.473017
38 99 3920.00 1.913600
39 40 2326.00 1.703817
39 43 2835.00 2.076067
40 12 2829.00 2.071633
41 94 1357.00 1.987550
41 170 2773.00 2.030717
42 98 2576.00 1.886833
42 29 1899.00 1.390750
43 13 2027.00 1.484850
44 121 2841.00 2.080283
44 109 1777.00 1.301900
45 48 1806.00 1.322700
45 44 2656.00 1.945517
46 168 1854.00 1.357883
46 153 2525.00 1.849483
47 175 1823.00 1.335217
47 191 542.00 0.794550
48 123 1283.00 1.879117
48 49 1799.00 1.317917
49 117 2663.00 1.950500
49 195 2354.00 1.724033
50 57 2416.00 1.769183
50 102 2690.00 1.970267
51 50 2566.00 1.879350
51 128 2826.00 2.069433
52 186 1549.00 1.134433
52 23 2032.00 1.488533
53 52 2567.00 1.880150
53 80 2780.00 2.035600
54 93 2536.00 1.856933
54 125 2793.00 2.045633
55 47 1741.00 1.275100
56 103 1286.00 1.883483
56 68 2512.00 1.839583
57 45 1799.00 1.317533
57 128 2577.00 1.887083
58 125 2548.00 1.866300
58 93 2771.00 2.029433
59 106 2579.00 1.888883
59 161 1866.00 1.366783
60 197 1479.00 1.083400
60 203 2849.00 2.086150
61 116 2602.00 1.905683
61 62 1777.00 1.301233
62 82 1271.00 1.862383
62 63 1820.00 1.333000
63 127 2561.00 1.875867
63 64 1814.00 1.328817
64 80 2538.00 1.859100
64 52 2817.00 2.063083
65 66 1916.00 1.402950
65 130 3821.00 1.865350
66 67 2390.00 1.750333
66 42 2538.00 1.858833
67 28 2564.00 1.877733
68 104 3893.00 1.900783
68 70 2470.00 1.809333
69 180 1284.00 1.881250
69 59 1951.00 1.428750
70 26 2303.00 1.686850
71 182 1256.00 0.920283
71 70 2606.00 1.908617
72 71 2547.00 1.865333
72 76 1281.00 1.876450
72 181 640.00 0.937450
73 113 2532.00 1.854483
73 133 4918.00 3.601767
74 69 2552.00 1.869233
74 75 2589.00 1.895883
75 74 2589.00 1.895883
75 155 1366.00 1.000433
75 71 2549.00 1.866983
76 72 1281.00 1.876450
76 137 2604.00 1.907283
76 155 1198.00 0.877350
76 148 473.00 0.693900
77 167 2663.00 1.950083
77 137 2483.00 1.818783
78 36 2948.00 2.158700
79 140 1306.00 1.912583
79 103 1279.00 1.873217
79 84 2504.00 1.833967
80 187 1704.00 1.247767
80 81 1850.00 1.355200
81 63 2528.00 1.851467
81 82 1813.00 1.327833
82 154 1319.00 1.931683
82 83 1794.00 1.313717
83 61 2522.00 1.847167
83 198 2324.00 1.702417
84 139 3907.00 1.907683
84 181 635.00 0.930350
85 160 668.00 0.979417
85 142 637.00 0.934300
85 148 1481.00 2.169233
86 122 210.00 0.154467
86 60 2778.00 2.034617
87 23 2575.00 1.885867
87 53 2032.00 1.488450
88 87 2344.00 1.716800
88 91 1274.00 1.867133
88 179 1295.00 1.897867
89 131 1303.00 1.908850
90 89 1881.00 1.377333
90 15 3901.00 1.904650
91 88 1274.00 1.867133
91 178 1310.00 1.919667
91 90 2361.00 1.728950
92 87 2581.00 1.889967
92 91 2321.00 1.699750
93 188 937.00 0.686117
93 92 2035.00 1.490317
94 41 1357.00 1.987550
94 193 631.00 0.924683
94 146 722.00 1.058233
95 10 1350.00 1.978183
95 194 171.00 0.251883
95 146 632.00 0.926917
96 78 1484.00 1.087083
96 202 1290.00 1.889633
96 194 1322.00 1.936467
97 223 1992.00 1.458750
97 166 4649.00 3.404450
98 39 2649.00 1.940183
98 99 976.00 1.429333
98 215 662.00 0.969950
99 98 976.00 1.429333
99 207 2118.00 1.551183
99 29 3893.00 1.900750
100 37 1324.00 1.939183
100 19 366.00 0.268650
101 119 2556.00 1.872183
101 107 1466.00 1.073683
102 101 2902.00 2.125500
102 149 1867.00 1.367717
103 56 1286.00 1.883483
103 79 1279.00 1.873217
104 103 2485.00 1.819833
104 84 3814.00 1.862217
105 124 2867.00 2.099300
105 135 702.00 1.029000
106 180 1959.00 1.435100
107 109 2818.00 2.063700
107 121 1815.00 1.329700
108 107 2531.00 1.853550
108 119 986.00 0.722433
109 57 2670.00 1.955683
109 102 1949.00 1.427217
110 111 903.00 1.322817
111 110 903.00 1.322817
111 112 1215.00 1.780333
112 111 1215.00 1.780333
112 34 3857.00 1.883267
112 113 1298.00 1.901650
113 31 2433.00 1.781883
113 114 1285.00 1.881883
114 73 4984.00 3.649533
115 193 760.00 1.114367
115 7 3505.00 2.566883
116 49 2570.00 1.882000
116 196 2318.00 1.697417
117 143 1346.00 0.986050
117 120 1789.00 1.310667
118 120 1426.00 2.088433
118 14 1775.00 1.300167
119 150 2431.00 1.780133
120 48 1339.00 1.961033
120 44 1870.00 1.369500
121 190 2081.00 1.524133
121 118 1834.00 1.343367
122 173 2896.00 2.120700
123 62 1295.00 1.897317
123 116 1794.00 1.314250
124 97 224.00 0.164650
124 3 2857.00 2.092567
125 126 166.00 0.121733
125 46 1787.00 1.308933
126 59 2557.00 1.872817
126 27 4831.00 3.537733
127 45 2606.00 1.908567
127 123 1828.00 1.339200
128 64 2582.00 1.890650
128 127 1780.00 1.304033
129 31 2541.00 1.861200
129 114 1218.00 1.783783
130 88 2305.00 1.688300
130 90 3905.00 1.906500
131 130 2140.00 1.567133
131 66 2566.00 1.879483
132 140 1253.00 1.835383
132 32 2433.00 1.781833
133 73 4918.00 3.601767
133 30 2377.00 1.740867
134 34 2400.00 1.757933
134 111 2578.00 1.888283
135 106 1841.00 1.348650
135 161 1301.00 1.906150
135 165 766.00 1.122433
136 137 1387.00 2.031683
136 142 792.00 1.160650
136 164 802.00 1.175483
137 76 2604.00 1.907283
137 77 2483.00 1.818783
137 136 1387.00 2.031683
137 138 1277.00 1.871500
138 137 1277.00 1.871500
138 139 1274.00 1.865900
138 72 2627.00 1.923900
139 138 1274.00 1.865900
139 140 1234.00 1.808417
139 32 3709.00 1.810667
140 79 1306.00 1.912583
140 132 1253.00 1.835383
140 139 1234.00 1.808417
140 141 892.00 1.306900
141 140 892.00 1.306900
141 183 674.00 0.494033
142 85 637.00 0.934300
142 136 792.00 1.160650
142 148 1650.00 2.416367
143 14 1510.00 1.106217
143 144 607.00 0.889317
144 10 554.00 0.812483
144 143 607.00 0.889317
144 145 810.00 1.186483
145 9 924.00 1.354583
145 144 810.00 1.186483
145 147 902.00 1.322367
145 209 1241.00 1.817700
146 94 722.00 1.058233
146 95 632.00 0.926917
146 9 1041.00 1.525233
147 145 902.00 1.322367
147 55 1814.00 1.328533
147 191 957.00 1.401717
148 76 473.00 0.693900
148 85 1481.00 2.169233
148 142 1650.00 2.416367
149 37 1387.00 1.016300
150 151 2516.00 1.842683
150 17 1730.00 1.267183
151 149 2874.00 2.105033
151 101 2014.00 1.474750
152 172 1448.00 1.060600
152 86 2869.00 2.100950
153 81 2661.00 1.948750
153 58 1832.00 1.341583
154 168 1267.00 1.855667
154 153 1834.00 1.342917
155 75 1366.00 1.000433
155 76 1198.00 0.877350
155 157 1259.00 1.844533
156 164 299.00 0.438317
156 167 383.00 0.562083
157 160 976.00 1.430100
157 180 689.00 1.010183
158 162 97.00 0.143267
158 177 4974.00 3.642533
159 164 404.00 0.593000
160 85 668.00 0.979417
160 165 703.00 1.030083
161 124 2571.00 1.882817
162 174 218.00 0.160250
163 129 2613.00 1.913850
163 171 2112.00 1.546600
164 136 802.00 1.175483
164 156 299.00 0.438317
164 159 404.00 0.593000
165 135 766.00 1.122433
165 176 688.00 1.007800
166 162 6687.00 4.897133
166 210 878.00 1.286500
167 158 1637.00 1.199083
168 169 1854.00 1.358000
169 4 220.00 0.161500
169 172 2560.00 1.874800
170 115 2718.00 1.990400
171 163 2112.00 1.546600
172 83 2631.00 1.927000
172 154 1792.00 1.312533
173 152 189.00 0.138417
173 5 2785.00 2.039417
174 212 263.00 0.192733
174 158 98.00 0.144733
175 189 1251.00 0.916350
175 190 210.00 0.307733
176 177 596.00 0.872833
176 156 2636.00 3.861200
177 176 596.00 0.872833
177 105 3387.00 2.480733
178 91 1310.00 1.919667
178 24 2337.00 1.711250
179 88 1295.00 1.897867
179 185 930.00 0.681633
180 69 1284.00 1.881250
180 157 689.00 1.010183
180 75 2566.00 1.879483
181 72 640.00 0.937450
181 84 635.00 0.930350
181 182 1268.00 1.857867
182 104 1284.00 0.940733
183 35 1957.00 1.433233
184 208 884.00 0.647350
184 221 419.00 0.614767
185 65 1368.00 1.002167
186 51 1040.00 0.762133
186 217 1285.00 1.882717
187 188 1394.00 2.042450
187 58 927.00 0.679300
188 187 1394.00 2.042450
188 53 1676.00 1.227633
189 108 608.00 0.445283
190 189 658.00 0.964000
190 191 978.00 1.433233
191 147 957.00 1.401717
191 190 978.00 1.433233
191 118 703.00 1.029700
192 8 1158.00 0.848050
192 193 1427.00 2.090067
193 94 631.00 0.924683
193 115 760.00 1.114367
193 192 1427.00 2.090067
194 95 171.00 0.251883
194 96 1322.00 1.936467
194 11 2425.00 1.775850
195 11 1341.00 1.964133
195 96 2334.00 1.709250
195 196 1308.00 1.915933
196 195 1308.00 1.915933
196 197 1285.00 1.882250
196 202 2383.00 1.745450
197 196 1285.00 1.882250
197 198 1257.00 1.842167
197 61 2319.00 1.698667
198 197 1257.00 1.842167
198 86 314.00 0.230617
199 2 1589.00 1.163517
199 223 1375.00 2.013867
200 201 1471.00 1.077600
200 1 7436.00 2.722583
201 200 1471.00 1.077600
202 96 1290.00 1.889633
202 203 267.00 0.196000
203 78 2824.00 2.068200
204 0 2061.00 1.509517
205 204 1277.00 1.870733
205 206 1422.00 2.082917
205 18 2060.00 1.508450
206 205 1422.00 2.082917
206 38 2091.00 1.531217
206 207 1307.00 1.914050
207 206 1307.00 1.914050
207 100 2119.00 1.551650
207 208 1304.00 1.910217
208 207 1304.00 1.910217
208 21 1738.00 1.273050
209 145 1241.00 1.817700
209 55 1844.00 1.350417
210 166 878.00 1.286500
211 212 1155.00 1.691650
212 211 1155.00 1.691650
212 163 1392.00 1.019717
213 6 5081.00 1.860450
213 214 829.00 0.303783
213 173 2928.00 2.144583
214 213 829.00 0.303783
215 98 662.00 0.969950
215 216 686.00 1.004700
216 215 686.00 1.004700
217 186 1285.00 1.882717
217 218 274.00 0.402533
217 219 114.00 0.168250
218 22 457.00 0.669433
218 217 274.00 0.402533
218 220 1350.00 1.977033
219 21 436.00 0.639200
219 217 114.00 0.168250
219 221 1328.00 1.944950
220 218 1350.00 1.977033
220 185 446.00 0.653833
221 219 1328.00 1.944950
221 220 394.00 0.578017
222 30 566.00 0.829200
223 200 841.00 1.231983
