0 34 3374.00 1.647367
0 26 688.00 1.007783
1 106 2080.00 1.015483
1 11 155.00 0.227233
2 1 5536.00 2.702500
3 2 5545.00 2.707000
4 3 5543.00 2.706250
5 142 1031.00 1.511017
5 6 1120.00 1.641300
6 5 1120.00 1.641300
6 7 1203.00 1.762117
6 8 1182.00 1.731100
7 6 1203.00 1.762117
7 9 1145.00 1.676967
7 142 1155.00 1.691850
8 6 1182.00 1.731100
8 9 1362.00 1.994717
8 10 1165.00 1.706650
9 7 1145.00 1.676967
9 8 1362.00 1.994717
9 12 1159.00 1.697950
10 8 1165.00 1.706650
10 12 3067.00 2.246417
10 50 9354.00 6.849800
11 13 3479.00 1.698567
11 130 2260.00 3.310233
12 9 1159.00 1.697950
12 10 3067.00 2.246417
12 127 1122.00 0.822067
13 127 4528.00 3.315583
13 15 2399.00 1.171367
14 15 1566.00 2.294183
15 14 1566.00 2.294183
15 17 2689.00 1.313000
16 22 3603.00 5.277617
16 127 2037.00 2.983933
16 18 712.00 1.043317
17 18 803.00 1.176333
17 24 9714.00 4.742167
18 16 712.00 1.043317
18 17 803.00 1.176333
18 23 3414.00 5.000033
19 50 1212.00 0.888167
19 63 77.00 0.112767
19 45 5314.00 3.891433
20 128 250.00 0.366733
21 55 994.00 1.457083
21 74 80.00 0.117967
21 63 1055.00 1.545167
22 16 3603.00 5.277617
22 128 1135.00 1.662483
22 28 3043.00 4.456583
22 23 701.00 1.027733
23 18 3414.00 5.000033
23 22 701.00 1.027733
23 24 966.00 1.414983
23 26 3027.00 4.433550
24 23 966.00 1.414983
24 107 1328.00 0.648483
25 61 49.00 0.071883
25 56 315.00 0.461967
25 161 543.00 0.796350
26 0 688.00 1.007783
26 23 3027.00 4.433550
26 28 715.00 1.047933
27 46 505.00 0.740750
27 48 797.00 1.168083
27 47 351.00 0.514817
28 22 3043.00 4.456583
28 26 715.00 1.047933
28 88 510.00 0.748083
28 31 1052.00 1.541267
29 43 3629.00 2.657800
29 45 6129.00 4.487933
29 32 777.00 1.138300
30 49 1120.00 1.640567
30 47 1323.00 1.938650
30 32 1141.00 1.672067
31 28 1052.00 1.541267
31 87 479.00 0.701683
31 33 720.00 1.055367
31 35 1958.00 2.868300
32 29 777.00 1.138300
32 30 1141.00 1.672067
32 102 2774.00 4.062567
33 31 720.00 1.055367
33 36 1918.00 2.810250
33 34 698.00 1.022917
34 33 698.00 1.022917
34 37 5786.00 2.824600
35 31 1958.00 2.868300
35 104 504.00 0.738583
35 36 745.00 1.091283
35 38 1643.00 2.406283
36 33 1918.00 2.810250
36 35 745.00 1.091283
36 37 805.00 1.180167
36 39 2015.00 2.951167
37 36 805.00 1.180167
37 110 564.00 0.275483
38 35 1643.00 2.406283
38 39 766.00 1.122467
38 118 713.00 1.045250
39 36 2015.00 2.951167
39 38 766.00 1.122467
39 40 1138.00 1.666667
40 39 1138.00 1.666667
40 79 1489.00 0.727067
41 156 1201.00 0.879900
42 156 333.00 0.244250
42 43 5779.00 4.231617
42 154 102.00 0.149467
43 29 3629.00 2.657800
43 42 5779.00 4.231617
44 156 341.00 0.500750
45 19 5314.00 3.891433
45 29 6129.00 4.487933
45 102 826.00 1.210517
46 27 505.00 0.740750
46 51 396.00 0.581233
46 57 290.00 0.426100
46 58 1091.00 1.598400
47 27 351.00 0.514817
47 30 1323.00 1.938650
47 49 715.00 1.048350
48 27 797.00 1.168083
48 49 312.00 0.457650
48 103 510.00 0.747983
49 30 1120.00 1.640567
49 47 715.00 1.048350
49 48 312.00 0.457650
50 10 9354.00 6.849800
50 19 1212.00 0.888167
50 64 402.00 0.588817
51 46 396.00 0.581233
51 103 406.00 0.595150
51 52 843.00 1.235833
52 51 843.00 1.235833
52 61 526.00 0.770817
52 59 293.00 0.429233
53 102 634.00 0.929133
53 55 314.00 0.461067
53 54 703.00 1.030583
54 53 703.00 1.030583
54 103 627.00 0.918967
54 56 320.00 0.469850
55 21 994.00 1.457083
55 53 314.00 0.461067
55 56 689.00 1.010033
56 25 315.00 0.461967
56 54 320.00 0.469850
56 55 689.00 1.010033
57 46 290.00 0.426100
57 140 284.00 0.416217
57 59 380.00 0.557900
58 46 1091.00 1.598400
58 140 417.00 0.610817
58 60 1741.00 2.550633
59 52 293.00 0.429233
59 57 380.00 0.557900
59 139 328.00 0.481483
60 58 1741.00 2.550633
60 139 805.00 1.179717
60 61 823.00 1.206300
61 25 49.00 0.071883
61 52 526.00 0.770817
61 60 823.00 1.206300
62 78 1813.00 2.656283
63 19 77.00 0.112767
63 21 1055.00 1.545167
63 64 761.00 1.115717
64 50 402.00 0.588817
64 63 761.00 1.115717
64 75 538.00 0.788883
65 66 511.00 0.749700
65 75 82.00 0.121167
65 134 504.00 0.738350
66 65 511.00 0.749700
66 71 222.00 0.325217
66 135 637.00 0.933433
67 68 216.00 0.317150
68 67 216.00 0.317150
68 69 137.00 0.201633
68 76 341.00 0.499817
69 68 137.00 0.201633
70 134 405.00 0.593250
71 66 222.00 0.325217
71 132 241.00 0.353883
71 72 614.00 0.899317
72 71 614.00 0.899317
72 73 244.00 0.358200
72 76 341.00 0.499767
73 72 244.00 0.358200
73 74 505.00 0.740767
73 131 475.00 0.696017
74 21 80.00 0.117967
74 73 505.00 0.740767
74 161 318.00 0.466050
75 64 538.00 0.788883
75 65 82.00 0.121167
75 76 669.00 0.980833
76 68 341.00 0.499817
76 72 341.00 0.499767
76 75 669.00 0.980833
77 78 831.00 1.217167
78 62 1813.00 2.656283
78 77 831.00 1.217167
78 132 250.00 0.366283
79 155 137.00 0.201617
79 147 4633.00 2.261883
80 83 435.00 0.637117
80 85 1561.00 2.286900
80 104 2014.00 2.950517
81 82 710.00 1.040917
82 81 710.00 1.040917
82 152 362.00 0.530967
82 118 303.00 0.444700
82 123 692.00 1.013867
83 80 435.00 0.637117
83 86 154.00 0.226817
83 119 110.00 0.162450
84 119 212.00 0.311467
85 80 1561.00 2.286900
85 148 466.00 0.683000
85 104 446.00 0.654550
85 150 411.00 0.602383
86 83 154.00 0.226817
86 87 410.00 0.600517
86 158 1222.00 1.790783
87 31 479.00 0.701683
87 86 410.00 0.600517
87 88 1046.00 1.532500
88 28 510.00 0.748083
88 87 1046.00 1.532500
88 157 1464.00 2.144583
89 92 516.00 0.756550
90 91 637.00 0.934017
90 92 803.00 1.177100
91 90 637.00 0.934017
91 122 330.00 0.483983
92 89 516.00 0.756550
92 90 803.00 1.177100
92 93 220.00 0.322483
93 92 220.00 0.322483
93 101 407.00 0.596600
93 153 828.00 1.213883
94 96 1551.00 2.271933
94 100 387.00 0.567650
95 96 432.00 0.632933
95 99 223.00 0.327817
95 126 1106.00 1.619867
95 124 331.00 0.485833
96 94 1551.00 2.271933
96 95 432.00 0.632933
96 98 401.00 0.588167
96 101 301.00 0.440933
97 114 523.00 0.766500
97 121 255.00 0.373583
97 115 660.00 0.966767
97 147 2415.00 3.538067
98 96 401.00 0.588167
98 112 382.00 0.559633
98 115 426.00 0.623983
99 95 223.00 0.327817
99 101 350.00 0.512817
99 125 352.00 0.516533
100 94 387.00 0.567650
100 116 899.00 1.317950
100 159 294.00 0.431600
101 93 407.00 0.596600
101 96 301.00 0.440933
101 99 350.00 0.512817
101 121 1651.00 2.418433
102 32 2774.00 4.062567
102 45 826.00 1.210517
102 53 634.00 0.929133
102 103 728.00 1.066567
103 48 510.00 0.747983
103 51 406.00 0.595150
103 54 627.00 0.918967
103 102 728.00 1.066567
104 35 504.00 0.738583
104 80 2014.00 2.950517
104 85 446.00 0.654550
104 118 1351.00 1.978500
105 11 2070.00 1.010533
106 105 157.00 0.230500
107 109 529.00 0.258383
107 108 155.00 0.227233
108 4 2988.00 1.458867
109 0 7141.00 3.486250
110 111 318.00 0.155333
111 40 6618.00 3.230650
112 98 382.00 0.559633
112 116 353.00 0.517300
112 113 393.00 0.576267
113 112 393.00 0.576267
113 115 405.00 0.593650
113 114 535.00 0.784033
114 97 523.00 0.766500
114 113 535.00 0.784033
114 117 397.00 0.582333
115 97 660.00 0.966767
115 98 426.00 0.623983
115 113 405.00 0.593650
116 100 899.00 1.317950
116 112 353.00 0.517300
116 117 794.00 1.163233
117 114 397.00 0.582333
117 116 794.00 1.163233
117 123 995.00 1.457300
118 38 713.00 1.045250
118 82 303.00 0.444700
118 104 1351.00 1.978500
119 83 110.00 0.162450
119 84 212.00 0.311467
119 120 530.00 0.777400
120 119 530.00 0.777400
121 97 255.00 0.373583
121 101 1651.00 2.418433
121 122 645.00 0.945883
122 91 330.00 0.483983
122 121 645.00 0.945883
123 82 692.00 1.013867
123 117 995.00 1.457300
123 159 232.00 0.340967
124 95 331.00 0.485833
125 99 352.00 0.516533
126 95 1106.00 1.619867
127 12 1122.00 0.822067
127 13 4528.00 3.315583
127 16 2037.00 2.983933
128 20 250.00 0.366733
128 22 1135.00 1.662483
128 129 1352.00 1.981017
129 128 1352.00 1.981017
130 11 2260.00 3.310233
131 73 475.00 0.696017
132 71 241.00 0.353883
132 78 250.00 0.366283
132 136 876.00 1.283633
133 135 154.00 0.226450
134 65 504.00 0.738350
134 70 405.00 0.593250
134 135 560.00 0.821017
135 66 637.00 0.933433
135 133 154.00 0.226450
135 134 560.00 0.821017
136 132 876.00 1.283633
136 138 103.00 0.152283
136 137 622.00 0.911983
137 136 622.00 0.911983
138 136 103.00 0.152283
139 59 328.00 0.481483
139 60 805.00 1.179717
139 140 423.00 0.620100
140 57 284.00 0.416217
140 58 417.00 0.610817
140 139 423.00 0.620100
141 145 706.00 1.034550
142 5 1031.00 1.511017
142 7 1155.00 1.691850
142 144 791.00 1.158417
143 144 459.00 0.673350
144 142 791.00 1.158417
144 143 459.00 0.673350
144 145 659.00 0.966233
145 141 706.00 1.034550
145 144 659.00 0.966233
145 146 476.00 0.697800
146 145 476.00 0.697800
147 97 2415.00 3.538067
148 85 466.00 0.683000
149 150 560.00 0.820717
150 85 411.00 0.602383
150 149 560.00 0.820717
150 152 422.00 0.618433
151 152 660.00 0.966967
152 82 362.00 0.530967
152 150 422.00 0.618433
152 151 660.00 0.966967
153 93 828.00 1.213883
154 42 102.00 0.149467
155 79 137.00 0.201617
156 41 1201.00 0.879900
156 42 333.00 0.244250
156 44 341.00 0.500750
157 88 1464.00 2.144583
158 86 1222.00 1.790783
159 100 294.00 0.431600
159 123 232.00 0.340967
159 160 603.00 0.883683
160 159 603.00 0.883683
161 25 543.00 0.796350
161 74 318.00 0.466050
161 162 288.00 0.422283
162 161 288.00 0.422283
