0 752 8535.00 4.166583
1 624 2409.00 3.528783
1 991 5633.00 4.125333
2 718 283.00 0.207850
2 294 570.00 0.835667
3 659 2892.00 2.117633
3 308 372.00 0.545333
4 713 1218.00 0.892433
5 340 328.00 0.480500
5 555 2977.00 2.180200
6 690 90.00 0.132150
6 347 522.00 0.765800
6 10 2418.00 1.771100
7 349 1036.00 0.759150
7 399 266.00 0.194883
8 355 158.00 0.232467
8 5 2430.00 1.779500
9 691 101.00 0.148483
9 354 539.00 0.789433
9 693 2409.00 1.764100
10 692 98.00 0.144000
10 360 522.00 0.765750
10 637 2501.00 1.831833
11 955 85.00 0.125733
11 367 535.00 0.784867
11 12 2443.00 1.789000
12 956 109.00 0.160367
12 379 528.00 0.773617
12 965 2420.00 1.772683
13 1018 244.00 0.178950
13 1017 125.00 0.183833
14 626 1509.00 2.210617
14 720 852.00 0.624583
15 627 1628.00 2.385083
15 597 1876.00 1.373967
16 18 1850.00 1.355317
16 629 1982.00 2.902950
17 758 1286.00 0.941783
17 18 2086.00 3.055117
18 17 2086.00 3.055117
18 19 1849.00 1.354283
19 599 1006.00 1.474067
19 1021 1598.00 1.170533
20 622 2601.00 3.809983
20 1 4108.00 3.008550
21 595 1257.00 1.841217
22 595 694.00 0.508450
23 624 967.00 0.708617
24 681 1144.00 1.676067
24 769 613.00 0.898417
24 772 586.00 0.858300
25 36 1102.00 1.614250
25 770 586.00 0.858900
25 771 636.00 0.932483
26 579 2781.00 2.036900
27 642 2744.00 2.009933
27 26 702.00 0.514133
28 30 575.00 0.842283
28 41 618.00 0.906200
28 771 489.00 0.716567
29 946 132.00 0.193967
29 643 1385.00 2.029183
29 27 1217.00 0.891267
30 28 575.00 0.842283
30 35 646.00 0.946667
30 683 2148.00 3.146850
31 51 1250.00 1.831717
31 946 478.00 0.350517
32 29 1236.00 0.905550
32 770 1108.00 1.622933
33 953 99.00 0.145150
33 37 616.00 0.903183
33 571 2783.00 2.037850
34 55 1264.00 1.852517
34 38 1078.00 0.789867
35 30 646.00 0.946667
35 583 1201.00 0.879917
36 25 1102.00 1.614250
36 945 130.00 0.191700
36 32 1164.00 0.852850
37 33 616.00 0.903183
37 40 604.00 0.885833
37 59 1356.00 1.986100
37 684 1386.00 2.030667
38 57 1246.00 1.825983
38 945 755.00 0.553167
39 42 600.00 0.878867
39 43 266.00 0.389617
39 573 1117.00 1.636183
40 37 604.00 0.885833
40 43 607.00 0.889883
40 62 1376.00 2.015933
40 685 1376.00 2.016550
41 28 618.00 0.906200
41 36 1216.00 0.890467
42 39 600.00 0.878867
42 44 604.00 0.885250
42 686 1119.00 1.639050
43 39 266.00 0.389617
43 40 607.00 0.889883
43 45 217.00 0.318033
44 42 604.00 0.885250
44 46 253.00 0.371883
44 687 1116.00 1.635050
45 43 217.00 0.318033
45 49 594.00 0.870583
45 65 1153.00 1.689600
46 44 253.00 0.371883
46 50 599.00 0.877950
46 53 243.00 0.356533
47 48 211.00 0.154917
47 69 2523.00 1.847983
48 52 1096.00 0.802800
48 727 394.00 0.288633
49 45 594.00 0.870583
49 68 1147.00 1.680717
49 53 606.00 0.888000
50 46 599.00 0.877950
50 54 563.00 0.824500
50 73 1374.00 2.012300
50 688 1396.00 2.044700
51 31 1250.00 1.831717
51 55 530.00 0.777600
52 87 1995.00 2.921850
52 56 1044.00 0.764467
53 46 243.00 0.356533
53 49 606.00 0.888000
53 71 1142.00 1.672933
54 50 563.00 0.824500
54 569 2761.00 2.021833
55 34 1264.00 1.852517
55 51 530.00 0.777600
55 57 550.00 0.805500
56 92 1990.00 2.914433
56 58 1071.00 0.784550
57 38 1246.00 1.825983
57 55 550.00 0.805500
57 64 1316.00 1.928517
58 774 1997.00 2.924733
58 994 217.00 0.159517
59 37 1356.00 1.986100
59 995 155.00 0.114217
60 61 191.00 0.140000
60 773 4024.00 2.947100
61 63 1098.00 0.804200
61 995 287.00 0.210783
62 40 1376.00 2.015933
62 59 1215.00 0.890000
62 729 134.00 0.197300
63 729 283.00 0.207367
63 85 1246.00 1.825767
64 57 1316.00 1.928517
64 83 1231.00 1.803600
64 67 521.00 0.763767
65 45 1153.00 1.689600
65 62 1211.00 0.886967
66 70 1091.00 0.799150
66 81 1056.00 1.546467
67 64 521.00 0.763767
67 88 1229.00 1.799850
67 69 531.00 0.778883
68 49 1147.00 1.680717
68 65 1170.00 0.856783
68 730 131.00 0.192000
69 67 531.00 0.778883
69 952 1499.00 1.097983
70 86 1059.00 1.551000
70 730 538.00 0.394267
71 53 1142.00 1.672933
71 68 1227.00 0.898633
72 74 1090.00 0.798350
72 91 1056.00 1.546850
73 50 1374.00 2.012300
73 71 1272.00 0.931700
73 75 141.00 0.207517
74 75 1017.00 0.745183
74 99 1234.00 1.807333
75 73 141.00 0.207517
75 76 1019.00 0.746267
75 102 1227.00 1.797233
76 106 2513.00 1.840317
76 78 172.00 0.125950
77 105 1272.00 1.863350
77 79 1026.00 0.751850
78 704 264.00 0.194000
78 1024 854.00 1.252033
79 103 1030.00 1.509183
79 84 1070.00 0.784033
80 85 545.00 0.799133
80 61 2479.00 1.815317
81 66 1056.00 1.546467
81 86 569.00 0.834367
81 90 185.00 0.272033
82 952 95.00 0.140433
82 87 539.00 0.789983
82 48 4019.00 2.942900
83 64 1231.00 1.803600
83 89 142.00 0.209383
84 107 1018.00 1.491233
84 89 1061.00 0.777300
85 63 1246.00 1.825767
85 80 545.00 0.799133
85 113 1252.00 1.834117
85 90 512.00 0.750733
86 70 1059.00 1.551000
86 81 569.00 0.834367
86 91 483.00 0.707917
87 52 1995.00 2.921850
87 82 539.00 0.789983
87 92 529.00 0.775333
88 67 1229.00 1.799850
88 83 1032.00 0.756250
89 83 142.00 0.209383
89 111 994.00 1.455700
89 94 1029.00 0.753567
90 81 185.00 0.272033
90 85 512.00 0.750733
90 95 245.00 0.360083
91 72 1056.00 1.546850
91 86 483.00 0.707917
91 97 183.00 0.268617
92 56 1990.00 2.914433
92 87 529.00 0.775333
92 774 508.00 0.745200
93 96 282.00 0.206517
93 88 1078.00 0.789450
94 122 1236.00 1.811133
94 96 1086.00 0.795500
95 90 245.00 0.360083
95 98 525.00 0.768883
95 117 1005.00 1.472867
96 954 472.00 0.345917
97 91 183.00 0.268617
97 99 527.00 0.772167
97 100 250.00 0.367367
98 95 525.00 0.768883
98 121 998.00 1.462433
98 100 519.00 0.760067
99 74 1234.00 1.807333
99 97 527.00 0.772167
99 129 1270.00 1.860750
99 102 532.00 0.780167
100 97 250.00 0.367367
100 98 519.00 0.760067
100 125 1003.00 1.469750
101 133 1268.00 1.857500
101 105 535.00 0.784050
102 75 1227.00 1.797233
102 99 532.00 0.780167
102 134 1268.00 1.857250
102 106 494.00 0.724350
103 79 1030.00 1.509183
103 107 511.00 0.748983
103 110 226.00 0.331633
104 131 1006.00 1.473650
104 775 527.00 0.772400
104 108 522.00 0.765033
105 77 1272.00 1.863350
105 101 535.00 0.784050
105 110 524.00 0.768650
105 139 1264.00 1.851317
106 102 494.00 0.724350
106 138 2501.00 1.831900
107 84 1018.00 1.491233
107 103 511.00 0.748983
107 111 530.00 0.776217
108 104 522.00 0.765033
108 136 1021.00 1.496600
108 776 512.00 0.751183
109 951 986.00 0.722050
110 103 226.00 0.331633
110 105 524.00 0.768650
110 114 215.00 0.316150
111 89 994.00 1.455700
111 107 530.00 0.776217
111 118 246.00 0.361200
112 109 248.00 0.181967
112 115 1114.00 0.815817
113 85 1252.00 1.834117
113 109 1080.00 0.791417
114 110 215.00 0.316150
114 119 531.00 0.777633
114 141 1036.00 1.517867
115 147 1253.00 1.835783
115 120 1004.00 0.735550
116 776 527.00 0.771783
116 143 2041.00 1.494567
116 958 123.00 0.180933
117 95 1005.00 1.472867
117 113 1037.00 0.759433
117 120 131.00 0.191883
118 111 246.00 0.361200
118 122 530.00 0.776167
118 123 216.00 0.316600
119 114 531.00 0.777633
119 145 1030.00 1.509833
119 123 510.00 0.747633
120 117 131.00 0.191883
120 146 1023.00 1.499417
120 124 1073.00 0.785800
121 98 998.00 1.462433
121 117 1071.00 0.784400
122 94 1236.00 1.811133
122 118 530.00 0.776167
122 153 1240.00 1.816833
122 126 524.00 0.768533
123 118 216.00 0.316600
123 119 510.00 0.747633
123 149 1037.00 1.519283
124 150 1010.00 1.480017
124 128 1054.00 0.771833
125 100 1003.00 1.469750
125 121 1041.00 0.762817
126 122 524.00 0.768533
126 127 81.00 0.118917
126 1012 2459.00 1.800917
127 126 81.00 0.118917
127 131 558.00 0.818050
127 775 2036.00 1.491467
128 154 1004.00 1.470867
128 132 1026.00 0.751883
129 99 1270.00 1.860750
129 125 1051.00 0.769600
129 132 129.00 0.189967
130 999 273.00 0.200233
131 104 1006.00 1.473650
131 127 558.00 0.818050
131 159 1251.00 1.832917
131 136 527.00 0.772817
132 129 129.00 0.189967
132 162 1260.00 1.845483
132 137 1029.00 0.753883
133 101 1268.00 1.857500
133 130 682.00 0.499833
134 102 1268.00 1.857250
134 129 1028.00 0.753000
135 130 225.00 0.165183
135 735 2740.00 2.007033
136 108 1021.00 1.496600
136 131 527.00 0.772817
136 164 1239.00 1.815300
136 140 513.00 0.752583
137 167 1258.00 1.843250
137 142 1029.00 0.754033
138 142 270.00 0.198033
138 134 999.00 0.732183
139 105 1264.00 1.851317
139 133 1033.00 0.756850
140 136 513.00 0.752583
140 168 1228.00 1.799250
140 776 1027.00 1.505317
140 143 517.00 0.758400
141 114 1036.00 1.517867
141 735 131.00 0.192183
141 139 1033.00 0.756517
142 169 2496.00 1.828300
142 717 227.00 0.166867
143 140 517.00 0.758400
143 171 2451.00 1.795367
143 144 127.00 0.187433
144 143 127.00 0.187433
144 147 544.00 0.798017
144 958 2062.00 1.509933
145 119 1030.00 1.509833
145 141 1042.00 0.763183
146 120 1023.00 1.499417
146 150 518.00 0.759133
146 152 223.00 0.327200
147 115 1253.00 1.835783
147 144 544.00 0.798017
147 152 526.00 0.771083
147 174 1233.00 1.806450
148 163 2079.00 3.044867
148 135 1090.00 0.798500
149 123 1037.00 1.519283
149 734 132.00 0.193950
149 145 1041.00 0.762583
150 124 1010.00 1.480017
150 146 518.00 0.759133
150 154 526.00 0.771317
151 163 569.00 0.834267
151 734 605.00 0.443367
152 146 223.00 0.327200
152 147 526.00 0.771083
152 157 215.00 0.314917
153 122 1240.00 1.816833
153 156 141.00 0.206983
153 149 1045.00 0.765800
154 128 1004.00 1.470867
154 150 526.00 0.771317
154 158 250.00 0.366683
155 175 1135.00 1.662350
155 156 652.00 0.477867
156 153 141.00 0.206983
156 1013 1067.00 0.781817
156 394 1279.00 1.874117
157 152 215.00 0.314917
157 161 515.00 0.754583
157 176 1038.00 1.521100
158 154 250.00 0.366683
158 162 512.00 0.750917
158 165 186.00 0.273100
159 131 1251.00 1.832917
159 1011 1058.00 0.775150
160 166 746.00 1.093600
160 148 1098.00 0.804183
161 157 515.00 0.754583
161 179 1033.00 1.513267
161 165 527.00 0.772083
162 132 1260.00 1.845483
162 158 512.00 0.750917
162 184 1231.00 1.803233
162 167 527.00 0.772250
163 148 2079.00 3.044867
163 151 569.00 0.834267
163 173 559.00 0.819100
164 136 1239.00 1.815300
164 732 127.00 0.186583
164 159 996.00 0.729533
165 158 186.00 0.273100
165 161 527.00 0.772083
165 182 1055.00 1.546400
166 160 746.00 1.093600
166 185 1131.00 1.657067
166 170 575.00 0.843333
167 137 1258.00 1.843250
167 162 527.00 0.772250
167 186 1239.00 1.815667
167 169 528.00 0.773350
168 140 1228.00 1.799250
168 164 1064.00 0.779750
169 167 528.00 0.773350
169 189 2469.00 1.808533
170 166 575.00 0.843333
170 187 1116.00 1.635217
170 173 719.00 1.053517
171 1009 28.00 0.041783
172 144 2464.00 1.804917
172 171 82.00 0.120833
173 163 559.00 0.819100
173 170 719.00 1.053517
173 191 1119.00 1.638767
173 175 518.00 0.758817
174 147 1233.00 1.806450
174 1010 1071.00 0.784700
175 155 1135.00 1.662350
175 173 518.00 0.758817
175 177 158.00 0.231683
176 157 1038.00 1.521100
176 777 276.00 0.202300
177 175 158.00 0.231683
177 394 325.00 0.476533
177 567 763.00 1.117450
178 180 714.00 0.523417
178 566 1266.00 1.854567
178 777 141.00 0.206600
179 161 1033.00 1.513267
179 176 1005.00 0.735950
180 183 999.00 0.731967
180 194 1084.00 1.588667
181 185 688.00 1.008267
181 160 2335.00 1.710433
182 165 1055.00 1.546400
182 179 1100.00 0.805467
183 731 1660.00 1.215900
183 190 547.00 0.801333
184 162 1231.00 1.803233
184 182 1005.00 0.736417
184 731 154.00 0.225983
185 166 1131.00 1.657067
185 181 688.00 1.008267
185 187 606.00 0.888250
186 167 1239.00 1.815667
186 184 1067.00 0.781967
187 170 1116.00 1.635217
187 185 606.00 0.888250
187 191 682.00 0.999033
188 189 197.00 0.144300
188 807 4344.00 6.362067
188 717 5100.00 3.734483
189 186 1016.00 0.744300
189 192 312.00 0.228950
190 183 547.00 0.801333
190 196 1864.00 2.730050
190 195 538.00 0.789067
191 173 1119.00 1.638767
191 187 682.00 0.999033
191 197 565.00 0.828767
191 193 507.00 0.743583
192 1020 227.00 0.166617
192 196 1034.00 0.757767
193 191 507.00 0.743583
193 395 1122.00 1.643600
193 567 208.00 0.305600
194 180 1084.00 1.588667
194 195 534.00 0.783250
194 565 174.00 0.255600
195 190 538.00 0.789067
195 194 534.00 0.783250
195 198 684.00 1.002517
195 206 1152.00 1.688367
196 190 1864.00 2.730050
196 201 1184.00 0.867633
197 191 565.00 0.828767
197 202 556.00 0.815600
197 396 1948.00 2.853800
198 195 684.00 1.002517
198 208 1134.00 1.661717
198 199 614.00 0.899950
199 198 614.00 0.899950
199 403 1128.00 1.653367
199 201 561.00 0.822000
200 1000 252.00 0.184600
200 396 1112.00 0.814733
201 199 561.00 0.822000
201 213 2237.00 1.638117
202 197 556.00 0.815600
202 200 3853.00 2.821500
203 205 159.00 0.233517
203 565 826.00 1.209750
203 564 337.00 0.493600
204 428 139.00 0.204683
204 395 614.00 0.449733
204 568 1346.00 1.972117
205 203 159.00 0.233517
205 206 518.00 0.759150
205 221 1124.00 1.646850
206 195 1152.00 1.688367
206 205 518.00 0.759150
206 208 714.00 1.046767
206 212 573.00 0.840250
207 429 134.00 0.197700
207 1031 2143.00 1.569383
208 198 1134.00 1.661717
208 206 714.00 1.046767
208 403 608.00 0.891400
209 644 2444.00 3.580400
209 1050 177.00 0.259600
209 402 723.00 1.059550
210 214 568.00 0.831833
210 426 2970.00 2.174767
211 646 2444.00 3.579250
211 215 718.00 1.051833
211 1050 542.00 0.795083
212 206 573.00 0.840250
212 225 570.00 0.836167
212 223 1914.00 2.802983
213 403 591.00 0.866667
213 716 84.00 0.124400
213 223 1149.00 0.841517
214 210 568.00 0.831833
214 217 509.00 0.746750
214 235 1206.00 1.767417
214 674 1489.00 2.180633
215 211 718.00 1.051833
215 648 2428.00 3.557017
215 218 755.00 1.107067
215 1043 83.00 0.121900
216 736 777.00 0.569633
216 241 1495.00 2.190483
217 214 509.00 0.746750
217 220 517.00 0.757600
217 237 1201.00 1.759950
217 427 1496.00 2.190900
218 215 755.00 1.107067
218 650 2442.00 3.577117
218 226 699.00 1.024150
218 1046 76.00 0.111333
219 243 1492.00 2.185100
219 222 1027.00 0.752067
220 217 517.00 0.757600
220 224 527.00 0.772317
220 239 1228.00 1.798367
220 675 1472.00 2.155967
221 205 1124.00 1.646850
221 430 657.00 0.481700
222 246 1492.00 2.185767
222 227 1045.00 0.765900
223 212 1914.00 2.802983
223 433 1149.00 0.841717
224 220 527.00 0.772317
224 228 513.00 0.752517
224 242 1222.00 1.789883
224 676 1477.00 2.163017
225 212 570.00 0.836167
225 221 1043.00 0.764200
226 218 699.00 1.024150
226 1051 592.00 0.867033
226 698 2446.00 3.583217
227 248 1487.00 2.177800
227 737 126.00 0.185100
227 431 1094.00 0.801283
228 224 513.00 0.752517
228 244 1217.00 1.782633
228 428 1471.00 2.155450
228 230 555.00 0.813483
229 1051 151.00 0.222500
229 1052 364.00 0.533783
229 425 2456.00 3.597933
230 228 555.00 0.813483
230 657 87.00 0.127433
230 554 2435.00 1.783700
231 255 1472.00 2.155900
231 432 1093.00 0.800717
232 657 563.00 0.824917
232 234 493.00 0.723167
232 249 1190.00 1.743333
232 656 1499.00 2.195350
233 235 427.00 0.625700
233 210 2450.00 1.794567
234 232 493.00 0.723167
234 236 544.00 0.798000
234 429 1481.00 2.169050
234 254 1209.00 1.771667
235 214 1206.00 1.767417
235 233 427.00 0.625700
235 237 510.00 0.748267
235 250 1035.00 1.516633
236 234 544.00 0.798000
236 238 523.00 0.767050
236 257 1207.00 1.767950
236 660 1490.00 2.182833
237 217 1201.00 1.759950
237 235 510.00 0.748267
237 239 526.00 0.771333
237 253 1029.00 1.507000
238 236 523.00 0.767050
238 677 98.00 0.143983
238 260 2403.00 1.759833
239 220 1228.00 1.798367
239 237 526.00 0.771333
239 242 529.00 0.774700
239 256 1021.00 1.495567
240 1057 2233.00 3.270217
240 436 1439.00 1.054167
241 216 1495.00 2.190483
241 677 569.00 0.833617
241 243 514.00 0.754033
241 263 1207.00 1.768333
242 224 1222.00 1.789883
242 239 529.00 0.774700
242 244 505.00 0.740650
242 261 1017.00 1.490717
243 219 1492.00 2.185100
243 241 514.00 0.754033
243 246 515.00 0.754383
243 264 1207.00 1.767950
244 228 1217.00 1.782633
244 242 505.00 0.740650
244 262 1023.00 1.498617
244 554 548.00 0.803750
245 402 2450.00 3.588850
245 435 5161.00 3.779550
246 222 1492.00 2.185767
246 243 515.00 0.754383
246 248 536.00 0.785183
246 266 1209.00 1.771350
247 233 2109.00 1.544583
248 227 1487.00 2.177800
248 246 536.00 0.785183
248 252 512.00 0.750083
248 268 1206.00 1.766150
249 232 1190.00 1.743333
249 254 528.00 0.773667
249 663 554.00 0.812367
249 265 1027.00 1.504667
250 235 1035.00 1.516633
250 247 685.00 0.501700
251 247 300.00 0.219683
251 738 1689.00 1.237100
252 248 512.00 0.750083
252 255 526.00 0.770483
252 269 1194.00 1.749633
252 431 1489.00 2.181867
253 237 1029.00 1.507000
253 250 1049.00 0.768650
253 738 115.00 0.169750
254 234 1209.00 1.771667
254 249 528.00 0.773667
254 257 507.00 0.743250
254 267 1023.00 1.498167
255 231 1472.00 2.155900
255 252 526.00 0.770483
255 259 536.00 0.785917
255 271 1206.00 1.766433
256 239 1021.00 1.495567
256 253 1044.00 0.764600
256 739 113.00 0.166667
257 236 1207.00 1.767950
257 254 507.00 0.743250
257 260 552.00 0.808633
257 270 1013.00 1.483517
258 434 2275.00 1.666433
258 435 239.00 0.175300
259 255 536.00 0.785917
259 960 1435.00 1.051300
260 257 552.00 0.808633
260 664 106.00 0.155283
260 668 2058.00 1.507500
261 242 1017.00 1.490717
261 256 1022.00 0.748717
261 740 128.00 0.187617
262 244 1023.00 1.498617
262 261 1050.00 0.769483
263 241 1207.00 1.768333
263 264 530.00 0.776550
263 664 537.00 0.787467
263 273 1018.00 1.491267
264 243 1207.00 1.767950
264 263 530.00 0.776550
264 266 516.00 0.756583
264 274 1017.00 1.490500
265 249 1027.00 1.504667
265 666 1099.00 0.805233
266 246 1209.00 1.771350
266 264 516.00 0.756583
266 268 527.00 0.771817
266 276 1012.00 1.483200
267 254 1023.00 1.498167
267 265 1014.00 0.743200
267 741 135.00 0.197983
268 248 1206.00 1.766150
268 266 527.00 0.771817
268 269 521.00 0.764133
268 278 1010.00 1.480483
269 252 1194.00 1.749633
269 268 521.00 0.764133
269 271 525.00 0.769767
269 280 1024.00 1.500917
270 257 1013.00 1.483517
270 267 1111.00 0.813733
271 255 1206.00 1.766433
271 269 525.00 0.769767
271 281 538.00 0.789133
271 284 1035.00 1.516367
272 283 738.00 1.081567
272 1058 1482.00 1.085750
272 310 2211.00 3.239317
273 263 1018.00 1.491267
273 669 1146.00 0.839367
273 742 138.00 0.203233
274 264 1017.00 1.490500
274 273 1036.00 0.758783
275 294 1477.00 2.164267
275 277 1034.00 0.757683
276 266 1012.00 1.483200
276 274 1050.00 0.769433
277 296 1460.00 2.139150
277 279 1048.00 0.768100
278 268 1010.00 1.480483
278 276 1022.00 0.748617
278 743 149.00 0.219483
279 300 1478.00 2.164517
279 282 1084.00 0.794317
280 269 1024.00 1.500917
280 278 1038.00 0.760233
281 271 538.00 0.789133
281 285 2046.00 1.498567
282 304 1496.00 2.190850
282 552 1040.00 0.762083
283 272 738.00 1.081567
283 286 707.00 1.036500
283 314 2218.00 3.249333
283 647 2225.00 3.258433
284 271 1035.00 1.516367
284 280 1063.00 0.778833
284 744 130.00 0.191533
285 284 1067.00 0.781767
285 299 245.00 0.180000
286 283 707.00 1.036500
286 290 734.00 1.075167
286 316 2263.00 3.314067
286 649 2194.00 3.214017
287 308 1451.00 2.125350
287 288 1344.00 0.984167
288 311 1450.00 2.124717
288 291 1368.00 1.002383
289 292 669.00 0.980767
289 290 736.00 1.078417
289 697 2211.00 3.238983
289 312 2545.00 3.728417
290 286 734.00 1.075167
290 289 736.00 1.078417
290 651 2214.00 3.243583
290 312 2153.00 3.153250
291 315 1421.00 2.081767
291 671 740.00 0.542017
292 289 669.00 0.980767
292 303 1264.00 1.852100
292 423 2210.00 3.237633
293 318 1484.00 2.174533
293 295 1037.00 0.759400
294 2 570.00 0.835667
294 319 1483.00 2.172133
294 296 526.00 0.771500
295 321 1488.00 2.179833
295 298 1050.00 0.769000
296 277 1460.00 2.139150
296 294 526.00 0.771500
296 322 1473.00 2.158100
296 300 513.00 0.752200
297 1056 2199.00 3.221100
297 301 715.00 1.048500
297 714 1144.00 1.675917
298 323 1490.00 2.183067
298 302 1054.00 0.772417
298 562 122.00 0.178817
299 715 185.00 0.135517
299 950 1192.00 0.873100
300 279 1478.00 2.164517
300 296 513.00 0.752200
300 632 1463.00 2.143800
300 304 534.00 0.782150
301 297 715.00 1.048500
301 1057 2223.00 3.255500
301 306 725.00 1.062567
302 327 1486.00 2.176800
302 305 1044.00 0.764650
303 292 1264.00 1.852100
304 282 1496.00 2.190850
304 300 534.00 0.782150
304 328 1465.00 2.145550
304 1006 536.00 0.785533
305 330 1479.00 2.166950
305 309 1048.00 0.767467
306 301 725.00 1.062567
306 310 723.00 1.059800
306 1058 2214.00 3.243217
307 333 1751.00 2.564517
308 3 372.00 0.545333
308 287 1451.00 2.125350
308 311 701.00 1.026883
308 320 895.00 1.310833
309 332 1476.00 2.162350
309 563 1057.00 0.774217
309 745 123.00 0.180817
310 272 2211.00 3.239317
310 306 723.00 1.059800
310 314 745.00 1.091150
311 288 1450.00 2.124717
311 308 701.00 1.026883
311 315 675.00 0.989383
311 324 887.00 1.300017
312 289 2545.00 3.728417
312 290 2153.00 3.153250
312 316 735.00 1.076600
313 335 1747.00 2.559567
314 283 2218.00 3.249333
314 310 745.00 1.091150
314 316 720.00 1.055683
315 291 1421.00 2.081767
315 311 675.00 0.989383
315 998 378.00 0.554150
315 329 918.00 1.344783
316 286 2263.00 3.314067
316 312 735.00 1.076600
316 314 720.00 1.055683
317 406 1724.00 2.525767
318 293 1484.00 2.174533
318 339 1464.00 2.144850
318 321 515.00 0.755233
318 673 560.00 0.820267
319 558 908.00 0.665317
320 308 895.00 1.310833
320 828 336.00 0.493117
320 324 681.00 0.997883
321 295 1488.00 2.179833
321 318 515.00 0.755233
321 342 1466.00 2.147983
321 323 528.00 0.774383
322 296 1473.00 2.158100
322 319 1040.00 0.762167
323 298 1490.00 2.183067
323 321 528.00 0.774383
323 345 1471.00 2.154433
323 327 520.00 0.762150
324 311 887.00 1.300017
324 320 681.00 0.997883
324 329 677.00 0.992150
325 344 1484.00 2.173850
325 633 1057.00 0.774083
326 332 543.00 0.796117
326 7 2943.00 2.155467
327 302 1486.00 2.176800
327 323 520.00 0.762150
327 346 1459.00 2.137483
327 330 520.00 0.762717
328 304 1465.00 2.145550
328 632 1070.00 0.783500
329 315 918.00 1.344783
329 324 677.00 0.992150
329 331 349.00 0.511967
330 305 1479.00 2.166950
330 327 520.00 0.762717
330 348 1475.00 2.160333
330 332 519.00 0.760217
331 329 349.00 0.511967
331 713 133.00 0.195567
331 1002 1952.00 1.429867
332 309 1476.00 2.162350
332 326 543.00 0.796117
332 330 519.00 0.760217
332 349 1480.00 2.168483
333 307 1751.00 2.564517
333 353 1810.00 2.650983
333 335 741.00 1.086067
333 334 855.00 1.253467
334 333 855.00 1.253467
334 949 2289.00 1.676617
335 313 1747.00 2.559567
335 333 741.00 1.086067
335 406 734.00 1.075083
335 404 1804.00 2.642967
336 350 1276.00 1.870083
336 337 533.00 0.781817
336 711 521.00 0.763033
337 336 533.00 0.781817
337 352 1276.00 1.869733
337 338 510.00 0.747533
338 337 510.00 0.747533
338 354 1259.00 1.844950
338 1002 507.00 0.743433
339 318 1464.00 2.144850
339 4 1120.00 0.820517
340 5 328.00 0.480500
340 343 542.00 0.794233
340 630 1476.00 2.161867
340 355 1215.00 1.780217
341 767 1810.00 2.651167
341 975 1175.00 1.721633
341 406 686.00 1.005250
342 321 1466.00 2.147983
342 339 1051.00 0.769750
342 408 129.00 0.189133
343 340 542.00 0.794233
343 344 509.00 0.746533
343 356 1203.00 1.762517
343 631 1471.00 2.155667
344 325 1484.00 2.173850
344 343 509.00 0.746533
344 347 534.00 0.783083
344 358 1206.00 1.767517
345 323 1471.00 2.154433
345 342 1032.00 0.755833
346 327 1459.00 2.137483
346 345 1087.00 0.796450
347 6 522.00 0.765800
347 344 534.00 0.783083
347 633 1477.00 2.164317
347 360 1208.00 1.769117
348 330 1475.00 2.160333
348 346 1037.00 0.759400
349 332 1480.00 2.168483
349 348 1059.00 0.775500
350 336 1276.00 1.870083
350 352 540.00 0.791933
350 690 560.00 0.820433
350 364 1201.00 1.759833
351 334 3604.00 2.639267
351 7 200.00 0.146450
352 337 1276.00 1.869733
352 350 540.00 0.791933
352 354 506.00 0.741967
352 366 1186.00 1.736933
353 333 1810.00 2.650983
353 351 858.00 1.257683
354 9 539.00 0.789433
354 338 1259.00 1.844950
354 352 506.00 0.741967
354 368 1193.00 1.748317
355 8 158.00 0.232467
355 340 1215.00 1.780217
355 356 582.00 0.853000
356 343 1203.00 1.762517
356 355 582.00 0.853000
356 358 521.00 0.763300
356 634 1249.00 1.829283
357 359 505.00 0.739733
357 691 560.00 0.820767
357 370 1217.00 1.782650
357 407 1467.00 2.149550
358 344 1206.00 1.767517
358 356 521.00 0.763300
358 360 533.00 0.781517
358 635 1237.00 1.811683
359 357 505.00 0.739733
359 362 543.00 0.795333
359 408 1464.00 2.145033
359 372 1218.00 1.784383
360 10 522.00 0.765750
360 347 1208.00 1.769117
360 358 533.00 0.781517
360 636 1245.00 1.824067
361 975 641.00 0.939650
361 405 716.00 1.049500
362 359 543.00 0.795333
362 363 509.00 0.745817
362 374 1219.00 1.785833
362 400 1462.00 2.141600
363 362 509.00 0.745817
363 365 530.00 0.777017
363 375 1216.00 1.781900
363 409 1470.00 2.154200
364 350 1201.00 1.759833
364 366 516.00 0.755833
364 692 568.00 0.832617
364 376 1244.00 1.822767
365 363 530.00 0.777017
365 367 517.00 0.757250
365 377 1221.00 1.788200
365 410 1469.00 2.152050
366 352 1186.00 1.736933
366 364 516.00 0.755833
366 368 524.00 0.768750
366 378 1239.00 1.815017
367 11 535.00 0.784867
367 365 517.00 0.757250
367 379 1221.00 1.788733
367 411 1461.00 2.139900
368 354 1193.00 1.748317
368 366 524.00 0.768750
368 693 538.00 0.788000
368 380 1246.00 1.825767
369 381 1262.00 1.848733
369 371 1089.00 0.797567
370 357 1217.00 1.782650
370 372 521.00 0.764167
370 694 535.00 0.784633
370 382 1241.00 1.817717
371 384 1257.00 1.841883
371 373 997.00 0.730750
372 359 1218.00 1.784383
372 370 521.00 0.764167
372 374 528.00 0.774367
372 383 1251.00 1.832517
373 387 1254.00 1.837233
373 639 1053.00 0.771150
374 362 1219.00 1.785833
374 372 528.00 0.774367
374 375 524.00 0.767800
374 386 1237.00 1.812700
375 363 1216.00 1.781900
375 374 524.00 0.767800
375 377 523.00 0.767067
375 388 1248.00 1.828950
376 364 1244.00 1.822767
376 638 1124.00 0.823083
377 365 1221.00 1.788200
377 375 523.00 0.767067
377 379 518.00 0.759450
377 389 1240.00 1.817283
378 366 1239.00 1.815017
378 376 1027.00 0.752250
379 12 528.00 0.773617
379 367 1221.00 1.788733
379 377 518.00 0.759450
379 390 1230.00 1.801967
380 368 1246.00 1.825767
380 378 1066.00 0.780567
381 369 1262.00 1.848733
381 551 1091.00 0.799517
382 370 1241.00 1.817717
382 696 1107.00 0.811200
383 372 1251.00 1.832517
383 382 971.00 0.711067
384 371 1257.00 1.841883
384 381 1050.00 0.768900
385 544 937.00 0.686317
385 799 1717.00 2.515383
386 374 1237.00 1.812700
386 383 1093.00 0.801050
387 373 1254.00 1.837233
387 384 1020.00 0.747350
387 1022 108.00 0.158250
388 375 1248.00 1.828950
388 386 1045.00 0.765533
389 377 1240.00 1.817283
389 388 997.00 0.730733
390 379 1230.00 1.801967
390 543 80.00 0.118233
390 389 1089.00 0.797817
391 956 2470.00 1.809283
391 965 106.00 0.156033
391 931 1056.00 1.546717
392 641 1130.00 1.655817
393 541 446.00 0.654200
393 976 97.00 0.143100
393 799 1378.00 2.019167
394 156 1279.00 1.874117
394 177 325.00 0.476533
394 568 759.00 1.112383
395 193 1122.00 1.643600
395 202 1055.00 0.773217
396 197 1948.00 2.853800
396 181 1127.00 0.825233
397 544 1281.00 1.876217
398 407 1096.00 0.802883
398 4 280.00 0.205383
399 534 203.00 0.148967
399 11 2919.00 2.137450
400 362 1462.00 2.141600
400 409 1051.00 0.769833
401 1049 1861.00 2.725900
401 1020 1975.00 1.446767
402 209 723.00 1.059550
402 245 2450.00 3.588850
402 1049 754.00 1.105217
403 199 1128.00 1.653367
403 208 608.00 0.891400
403 213 591.00 0.866667
404 335 1804.00 2.642967
404 353 724.00 1.061383
405 406 1810.00 2.650733
405 822 397.00 0.582217
406 317 1724.00 2.525767
406 335 734.00 1.075083
406 341 686.00 1.005250
406 405 1810.00 2.650733
407 357 1467.00 2.149550
407 408 1053.00 0.771483
408 342 129.00 0.189133
408 359 1464.00 2.145033
408 400 1069.00 0.783333
409 363 1470.00 2.154200
409 410 1027.00 0.752367
410 365 1469.00 2.152050
410 411 1053.00 0.771650
411 367 1461.00 2.139900
411 399 1057.00 0.774183
412 414 5104.00 2.491550
413 416 12432.00 6.068900
414 413 816.00 0.398550
415 524 4074.00 1.989117
416 415 1039.00 0.507583
417 418 468.00 0.342883
418 420 6745.00 9.878500
419 418 248.00 0.364250
420 812 692.00 0.506983
420 421 266.00 0.390267
421 419 6743.00 9.874950
422 421 701.00 0.513567
422 812 318.00 0.465917
423 292 2210.00 3.237633
423 944 2944.00 2.155950
424 425 2923.00 2.140600
424 944 129.00 0.189500
425 229 2456.00 3.597933
425 698 1462.00 1.070650
426 200 215.00 0.157433
426 674 1351.00 0.989700
427 217 1496.00 2.190900
427 675 1036.00 0.758650
428 204 139.00 0.204683
428 228 1471.00 2.155450
428 1029 1018.00 0.746117
429 207 134.00 0.197700
429 234 1481.00 2.169050
429 660 1072.00 0.785083
430 736 137.00 0.201200
430 1033 1876.00 1.374083
430 564 1273.00 1.865700
431 252 1489.00 2.181867
431 231 1016.00 0.744167
432 258 182.00 0.133300
432 990 1211.00 0.887100
433 737 3226.00 2.362683
433 432 252.00 0.185100
434 240 1454.00 1.065283
434 1056 2234.00 3.271917
435 433 180.00 0.132067
435 716 2308.00 1.690167
436 645 1469.00 1.076050
436 1058 2230.00 3.266033
437 441 895.00 1.312117
437 813 6907.00 5.057667
438 986 27.00 0.039767
438 441 1003.00 1.470167
438 439 666.00 0.975433
439 438 666.00 0.975433
439 849 578.00 0.846983
439 981 1290.00 1.889850
440 456 220.00 0.322467
440 455 1373.00 2.011017
440 986 1207.00 1.768767
440 449 465.00 0.682083
441 437 895.00 1.312117
441 438 1003.00 1.470167
441 442 1160.00 1.699717
442 441 1160.00 1.699717
442 444 438.00 0.642850
442 448 651.00 0.954667
442 443 843.00 1.234967
443 442 843.00 1.234967
444 442 438.00 0.642850
444 450 208.00 0.304650
444 445 674.00 0.987350
445 444 674.00 0.987350
446 448 415.00 0.608567
447 455 405.00 0.594567
447 449 1202.00 1.760883
447 450 1228.00 1.798467
448 442 651.00 0.954667
448 446 415.00 0.608567
448 449 488.00 0.715100
449 440 465.00 0.682083
449 447 1202.00 1.760883
449 448 488.00 0.715100
449 450 899.00 1.317083
450 444 208.00 0.304650
450 447 1228.00 1.798467
450 449 899.00 1.317083
451 455 410.00 0.601400
451 462 734.00 1.075983
451 460 687.00 1.007000
452 456 329.00 0.482200
452 454 448.00 0.657450
452 981 1151.00 1.686583
453 454 468.00 0.685617
454 452 448.00 0.657450
454 453 468.00 0.685617
454 457 34.00 0.051050
455 440 1373.00 2.011017
455 447 405.00 0.594567
455 451 410.00 0.601400
456 440 220.00 0.322467
456 452 329.00 0.482200
456 980 451.00 0.661917
457 454 34.00 0.051050
457 467 887.00 1.299700
457 459 440.00 0.645717
458 461 589.00 0.862567
458 985 207.00 0.303517
458 465 404.00 0.593067
459 457 440.00 0.645717
459 985 358.00 0.524667
459 980 651.00 0.954550
460 451 687.00 1.007000
460 980 381.00 0.558217
460 985 530.00 0.776383
461 458 589.00 0.862567
461 462 507.00 0.743817
461 466 340.00 0.497933
462 451 734.00 1.075983
462 461 507.00 0.743817
462 468 794.00 1.162800
463 465 307.00 0.450883
463 464 776.00 1.136883
463 467 895.00 1.311100
464 463 776.00 1.136883
464 466 405.00 0.593967
464 468 571.00 0.836900
465 458 404.00 0.593067
465 463 307.00 0.450883
465 466 674.00 0.987183
466 461 340.00 0.497933
466 464 405.00 0.593967
466 465 674.00 0.987183
467 457 887.00 1.299700
467 463 895.00 1.311100
467 474 450.00 0.659717
468 462 794.00 1.162800
468 464 571.00 0.836900
468 475 475.00 0.695950
469 474 825.00 1.209517
469 472 424.00 0.621217
469 473 1849.00 2.707850
470 987 199.00 0.291483
470 472 414.00 0.607383
470 988 400.00 0.587133
471 987 2540.00 3.720167
471 475 412.00 0.604150
471 473 457.00 0.670417
472 469 424.00 0.621217
472 470 414.00 0.607383
472 473 1770.00 2.592717
473 469 1849.00 2.707850
473 471 457.00 0.670417
473 472 1770.00 2.592717
474 467 450.00 0.659717
474 469 825.00 1.209517
474 475 2290.00 3.355000
475 468 475.00 0.695950
475 471 412.00 0.604150
475 474 2290.00 3.355000
476 478 497.00 0.729017
477 481 421.00 0.617033
477 478 407.00 0.596600
477 480 536.00 0.786183
478 476 497.00 0.729017
478 477 407.00 0.596600
478 479 439.00 0.643833
479 478 439.00 0.643833
480 477 536.00 0.786183
481 477 421.00 0.617033
481 482 294.00 0.430717
481 848 898.00 1.315450
482 481 294.00 0.430717
482 483 417.00 0.611100
482 484 688.00 1.007600
483 482 417.00 0.611100
484 482 688.00 1.007600
484 488 120.00 0.177100
484 979 280.00 0.410950
485 486 604.00 0.884917
485 979 180.00 0.264800
485 489 638.00 0.934467
486 485 604.00 0.884917
486 490 282.00 0.413133
486 984 505.00 0.739600
487 488 604.00 0.885917
488 484 120.00 0.177100
488 487 604.00 0.885917
488 848 1381.00 2.022683
488 979 307.00 0.450033
489 485 638.00 0.934467
490 486 282.00 0.413133
490 496 432.00 0.633817
490 495 975.00 1.429100
491 492 213.00 0.311933
491 497 180.00 0.263717
491 495 118.00 0.173167
492 491 213.00 0.311933
493 494 304.00 0.445450
493 511 431.00 0.632600
493 497 257.00 0.376700
494 493 304.00 0.445450
495 490 975.00 1.429100
495 491 118.00 0.173167
495 496 638.00 0.934800
496 490 432.00 0.633817
496 495 638.00 0.934800
496 498 286.00 0.419883
497 491 180.00 0.263717
497 493 257.00 0.376700
497 498 573.00 0.840383
498 496 286.00 0.419883
498 497 573.00 0.840383
498 499 122.00 0.179100
499 498 122.00 0.179100
499 501 217.00 0.317867
499 500 584.00 0.855783
500 499 584.00 0.855783
501 499 217.00 0.317867
501 502 548.00 0.803217
501 505 524.00 0.767933
502 501 548.00 0.803217
503 504 633.00 0.927667
504 503 633.00 0.927667
504 513 353.00 0.518300
504 505 514.00 0.752900
505 501 524.00 0.767933
505 504 514.00 0.752900
505 988 2643.00 3.871267
506 509 367.00 0.538417
506 507 423.00 0.620117
506 511 421.00 0.617167
507 506 423.00 0.620117
507 510 332.00 0.486533
507 508 167.00 0.245367
508 507 167.00 0.245367
508 513 365.00 0.534717
508 514 413.00 0.605017
509 506 367.00 0.538417
510 507 332.00 0.486533
511 493 431.00 0.632600
511 506 421.00 0.617167
511 512 360.00 0.527500
512 511 360.00 0.527500
513 504 353.00 0.518300
513 508 365.00 0.534717
513 517 429.00 0.629400
514 508 413.00 0.605017
515 519 440.00 0.645100
515 523 451.00 0.661550
515 530 456.00 0.668667
516 517 824.00 1.207417
517 513 429.00 0.629400
517 516 824.00 1.207417
517 532 160.00 0.234767
518 522 488.00 0.714917
519 515 440.00 0.645100
519 520 571.00 0.836750
519 522 370.00 0.542850
519 532 360.00 0.528567
520 519 571.00 0.836750
520 526 135.00 0.198967
520 530 398.00 0.583517
521 523 386.00 0.565983
522 518 488.00 0.714917
522 519 370.00 0.542850
522 523 432.00 0.632883
523 515 451.00 0.661550
523 521 386.00 0.565983
523 522 432.00 0.632883
524 530 637.00 0.934083
525 533 900.00 1.318383
526 520 135.00 0.198967
526 533 371.00 0.543433
526 528 480.00 0.703167
527 528 594.00 0.870550
528 526 480.00 0.703167
528 527 594.00 0.870550
528 529 523.00 0.767200
529 528 523.00 0.767200
529 531 781.00 1.143883
529 530 551.00 0.807000
530 515 456.00 0.668667
530 520 398.00 0.583517
530 524 637.00 0.934083
530 529 551.00 0.807000
531 529 781.00 1.143883
532 517 160.00 0.234767
532 519 360.00 0.528567
532 533 724.00 1.060483
533 525 900.00 1.318383
533 526 371.00 0.543433
533 532 724.00 1.060483
534 351 269.00 0.197383
534 823 1936.00 2.835483
535 539 113.00 0.166233
535 1022 787.00 0.576383
536 539 538.00 0.787950
536 537 782.00 1.146083
536 826 1932.00 2.829917
537 536 782.00 1.146083
537 834 771.00 1.129767
537 835 1188.00 1.741000
538 826 425.00 0.623150
538 541 2126.00 3.114267
538 834 1006.00 1.474250
539 535 113.00 0.166233
539 536 538.00 0.787950
539 827 1988.00 2.911400
540 826 1988.00 2.912300
540 542 497.00 0.728333
540 541 518.00 0.759333
541 393 446.00 0.654200
541 538 2126.00 3.114267
541 540 518.00 0.759333
542 540 497.00 0.728333
542 827 1857.00 2.719533
542 799 876.00 1.283467
543 390 80.00 0.118233
543 391 1310.00 0.959300
544 397 1281.00 1.876217
544 641 2093.00 1.533233
545 1021 242.00 0.177283
545 8 2470.00 1.809333
546 369 1289.00 0.943933
546 545 189.00 0.138667
547 696 146.00 0.107067
547 385 2262.00 1.656450
548 547 186.00 0.136650
549 671 247.00 0.181200
549 658 4226.00 3.094667
550 551 197.00 0.144967
550 535 2348.00 1.719567
551 546 2622.00 1.920583
552 659 215.00 0.157500
552 1006 2983.00 2.184600
553 741 2131.00 1.560500
553 666 276.00 0.202400
554 244 548.00 0.803750
554 663 88.00 0.129383
554 665 2054.00 1.504400
555 630 891.00 0.652433
555 558 276.00 0.202217
556 1003 358.00 0.262833
557 328 1077.00 0.789317
557 556 259.00 0.190150
558 710 245.00 0.179467
558 2 2921.00 2.139333
559 275 1395.00 1.022133
559 561 319.00 0.233633
560 552 268.00 0.196367
560 561 5632.00 4.124617
561 1017 84.00 0.062000
561 1018 284.00 0.208383
562 298 122.00 0.178817
562 818 3158.00 2.312383
563 949 217.00 0.159600
563 326 2966.00 2.172083
564 203 337.00 0.493600
564 430 1273.00 1.865700
564 566 823.00 1.206500
565 194 174.00 0.255600
565 203 826.00 1.209750
565 566 336.00 0.492267
566 178 1266.00 1.854567
566 564 823.00 1.206500
566 565 336.00 0.492267
567 177 763.00 1.117450
567 193 208.00 0.305600
567 568 333.00 0.488517
568 204 1346.00 1.972117
568 394 759.00 1.112383
568 567 333.00 0.488517
569 73 1088.00 0.796817
569 76 251.00 0.184483
570 572 213.00 0.156317
570 33 2684.00 1.965600
571 684 593.00 0.868900
571 763 107.00 0.156917
572 727 3476.00 2.545233
572 58 295.00 0.216700
573 39 1117.00 1.636183
573 686 621.00 0.909883
573 685 597.00 0.875450
574 678 403.00 0.590350
574 0 451.00 0.220167
575 578 5494.00 2.682333
576 689 138.00 0.202800
576 575 2700.00 1.318400
577 1019 101.00 0.148250
577 575 1566.00 2.294583
578 751 10174.00 4.966483
578 699 824.00 1.207733
579 642 356.00 0.522433
579 574 1380.00 2.021950
580 643 604.00 0.885650
580 770 257.00 0.377750
580 769 257.00 0.377283
581 708 297.00 0.217733
581 582 98.00 0.143650
581 763 1818.00 2.662683
582 581 98.00 0.143650
582 957 2871.00 2.102417
582 683 609.00 0.892567
583 726 1294.00 0.948083
583 47 388.00 0.284600
584 723 1361.00 0.997233
585 762 846.00 0.620100
586 585 1820.00 1.333150
586 587 859.00 1.258933
587 586 859.00 1.258933
587 589 1935.00 1.417583
588 586 1760.00 1.288933
588 589 1003.00 1.469883
589 588 1003.00 1.469883
589 591 1876.00 1.374200
590 591 1151.00 1.686017
590 761 463.00 0.339400
591 590 1151.00 1.686017
591 593 1819.00 1.331983
592 593 1283.00 1.879083
592 590 1890.00 1.383933
593 592 1283.00 1.879083
593 13 1711.00 1.253333
594 625 1735.00 1.270867
595 21 1257.00 1.841217
595 622 1800.00 1.318183
596 597 1732.00 2.537700
596 756 841.00 0.616067
597 596 1732.00 2.537700
597 710 818.00 0.599033
598 628 1861.00 2.725733
598 16 1815.00 1.329683
599 19 1006.00 1.474067
599 625 1213.00 1.777300
599 600 1919.00 1.405417
600 599 1919.00 1.405417
600 621 1197.00 1.753583
600 959 1135.00 1.663233
601 962 102.00 0.150550
601 606 504.00 0.738667
601 961 765.00 1.120700
602 778 124.00 0.182000
602 616 454.00 0.665283
602 620 1072.00 1.571350
603 778 557.00 0.816150
603 829 644.00 0.944050
603 833 1090.00 1.596817
603 835 2301.00 3.370933
604 612 76.00 0.111833
604 605 651.00 0.953883
604 610 434.00 0.635867
605 604 651.00 0.953883
605 833 415.00 0.607917
605 961 1865.00 2.731683
606 601 504.00 0.738667
606 618 694.00 1.017733
606 608 439.00 0.643067
607 618 589.00 0.863067
608 606 439.00 0.643067
608 652 648.00 0.949317
608 610 445.00 0.652750
609 652 579.00 0.849033
610 604 434.00 0.635867
610 608 445.00 0.652750
610 653 609.00 0.892433
611 653 574.00 0.841483
612 604 76.00 0.111833
612 654 609.00 0.892667
612 832 297.00 0.436333
613 654 606.00 0.888500
614 832 126.00 0.185917
614 655 582.00 0.853450
614 616 442.00 0.648633
615 655 623.00 0.912517
616 602 454.00 0.665283
616 614 442.00 0.648633
616 619 577.00 0.845850
617 619 562.00 0.823317
618 606 694.00 1.017733
618 607 589.00 0.863067
618 652 426.00 0.624800
619 616 577.00 0.845850
619 617 562.00 0.823317
619 655 442.00 0.647300
620 602 1072.00 1.571350
621 600 1197.00 1.753583
621 594 262.00 0.192350
622 20 2601.00 3.809983
622 623 1784.00 1.306317
623 621 1781.00 1.304800
623 992 2487.00 3.642283
624 1 2409.00 3.528783
624 22 1140.00 0.835433
625 599 1213.00 1.777300
625 759 1243.00 0.910800
626 14 1509.00 2.210617
626 993 2001.00 1.465583
627 15 1628.00 2.385083
627 626 1823.00 1.335417
628 598 1861.00 2.725733
628 760 1202.00 0.880217
629 16 1982.00 2.902950
629 628 1814.00 1.328400
630 340 1476.00 2.161867
630 631 1068.00 0.782117
631 343 1471.00 2.155667
631 325 1061.00 0.777417
632 300 1463.00 2.143800
632 322 1041.00 0.762733
633 347 1477.00 2.164317
633 556 1025.00 0.750600
634 356 1249.00 1.829283
634 545 1253.00 0.917717
635 358 1237.00 1.811683
635 634 1065.00 0.780117
636 360 1245.00 1.824067
636 635 1086.00 0.795783
637 639 151.00 0.110817
637 636 1035.00 0.758550
638 692 2497.00 1.828917
638 637 175.00 0.128567
639 640 172.00 0.126583
639 966 2377.00 1.740733
640 638 146.00 0.107517
640 548 4325.00 3.167433
641 392 1130.00 1.655817
641 543 1010.00 0.739833
642 27 2744.00 2.009933
642 579 356.00 0.522433
642 643 598.00 0.876050
642 678 2762.00 2.022483
643 29 1385.00 2.029183
643 580 604.00 0.885650
643 642 598.00 0.876050
643 679 1373.00 2.011017
644 209 2444.00 3.580400
644 245 1474.00 1.079900
644 645 121.00 0.177683
645 644 121.00 0.177683
645 647 1433.00 1.049733
645 272 2232.00 3.268700
646 211 2444.00 3.579250
646 644 1448.00 1.060450
647 283 2225.00 3.258433
647 649 1452.00 1.063483
648 215 2428.00 3.557017
648 646 1454.00 1.065217
649 286 2194.00 3.214017
649 651 1466.00 1.073917
650 218 2442.00 3.577117
650 648 1453.00 1.064167
650 651 121.00 0.178300
651 290 2214.00 3.243583
651 650 121.00 0.178300
651 697 1476.00 1.081183
652 608 648.00 0.949317
652 609 579.00 0.849033
652 618 426.00 0.624800
652 653 464.00 0.680950
653 610 609.00 0.892433
653 611 574.00 0.841483
653 652 464.00 0.680950
653 654 451.00 0.660833
654 612 609.00 0.892667
654 613 606.00 0.888500
654 653 451.00 0.660833
654 655 448.00 0.656900
655 614 582.00 0.853450
655 615 623.00 0.912517
655 619 442.00 0.647300
655 654 448.00 0.656900
656 232 1499.00 2.195350
656 429 1033.00 0.756767
657 230 87.00 0.127433
657 232 563.00 0.824917
657 1030 2943.00 2.155267
658 560 213.00 0.156250
658 553 3236.00 2.369700
659 658 277.00 0.203550
659 287 780.00 0.571633
660 236 1490.00 2.182833
660 1034 1030.00 0.754733
661 238 2934.00 2.148467
661 662 222.00 0.162900
662 1035 70.00 0.051350
663 249 554.00 0.812367
663 554 88.00 0.129383
663 657 2443.00 1.789133
664 260 106.00 0.155283
664 263 537.00 0.787467
664 677 2418.00 1.770650
665 262 1068.00 0.782250
665 667 276.00 0.202783
666 665 182.00 0.133517
666 663 2044.00 1.497317
667 553 176.00 0.128917
667 560 3236.00 2.369900
668 270 1028.00 0.753450
668 670 272.00 0.199600
669 668 191.00 0.140450
669 664 2045.00 1.497533
670 819 189.00 0.138733
670 549 3274.00 2.397333
671 998 2835.00 2.076417
671 672 236.00 0.173133
672 818 256.00 0.187767
672 293 1074.00 0.786900
673 318 560.00 0.820267
673 672 2934.00 2.148800
674 214 1489.00 2.180633
674 427 1052.00 0.770333
675 220 1472.00 2.155967
675 676 1064.00 0.779583
676 224 1477.00 2.163017
676 428 1031.00 0.755100
677 238 98.00 0.143983
677 241 569.00 0.833617
677 662 2923.00 2.140633
678 574 403.00 0.590350
678 642 2762.00 2.022483
678 679 599.00 0.877817
679 643 1373.00 2.011017
679 678 599.00 0.877817
679 680 601.00 0.881300
680 679 601.00 0.881300
680 769 1143.00 1.675217
680 681 604.00 0.885450
681 24 1144.00 1.676067
681 680 604.00 0.885450
681 682 598.00 0.876783
682 681 598.00 0.876783
682 772 1134.00 1.661967
682 683 602.00 0.882383
683 30 2148.00 3.146850
683 582 609.00 0.892567
683 682 602.00 0.882383
684 37 1386.00 2.030667
684 571 593.00 0.868900
684 685 606.00 0.887650
685 40 1376.00 2.016550
685 573 597.00 0.875450
685 684 606.00 0.887650
686 42 1119.00 1.639050
686 573 621.00 0.909883
686 687 583.00 0.854983
687 44 1116.00 1.635050
687 686 583.00 0.854983
687 688 606.00 0.888300
688 50 1396.00 2.044700
688 687 606.00 0.888300
688 689 400.00 0.587033
689 1019 1110.00 1.626650
690 6 90.00 0.132150
690 350 560.00 0.820433
690 711 2583.00 1.891483
691 9 101.00 0.148483
691 357 560.00 0.820767
691 1001 2489.00 1.822750
692 10 98.00 0.144000
692 364 568.00 0.832617
692 690 2429.00 1.778667
693 368 538.00 0.788000
693 694 116.00 0.171083
693 695 2487.00 1.821383
694 370 535.00 0.784633
694 693 116.00 0.171083
694 691 2483.00 1.818683
695 548 154.00 0.112967
695 380 1115.00 0.816883
696 694 2476.00 1.813533
696 695 187.00 0.137500
697 289 2211.00 3.238983
697 423 1433.00 1.049983
698 226 2446.00 3.583217
698 650 1459.00 1.068800
699 578 824.00 1.207733
699 702 3487.00 5.106667
699 703 481.00 0.705367
700 706 97.00 0.142683
700 754 2545.00 3.727183
700 837 1358.00 1.989200
701 1024 139.00 0.204950
701 702 695.00 1.018383
702 699 3487.00 5.106667
702 704 145.00 0.212567
703 699 481.00 0.705367
703 753 1979.00 2.898483
703 814 1059.00 1.552083
704 569 197.00 0.144683
704 577 3409.00 2.496633
705 841 722.00 1.058633
705 809 2589.00 3.791817
706 700 97.00 0.142683
706 807 2978.00 4.361750
707 582 293.00 0.215150
707 708 302.00 0.147850
708 755 12389.00 6.047933
709 555 243.00 0.178267
709 598 764.00 0.559717
710 709 274.00 0.201183
711 336 521.00 0.763033
711 1003 130.00 0.191050
711 828 1908.00 1.397150
712 557 1193.00 0.874250
712 828 129.00 0.189100
713 331 133.00 0.195567
713 996 1537.00 1.125633
714 297 1144.00 1.675917
714 950 84.00 0.123517
714 715 1193.00 0.874233
715 768 238.00 0.174783
716 213 84.00 0.124400
716 401 2551.00 1.868417
717 138 234.00 0.171617
717 809 1053.00 1.543200
717 78 5143.00 3.766167
718 721 425.00 0.311400
719 718 232.00 0.170400
719 15 499.00 0.365900
720 719 424.00 0.311050
721 720 234.00 0.172017
721 559 2360.00 1.728367
722 585 741.00 1.085867
722 587 1713.00 1.255033
723 426 248.00 0.181883
723 722 1766.00 1.293133
724 135 267.00 0.195967
724 816 4498.00 3.293567
725 47 1576.00 1.154450
725 726 259.00 0.189750
726 725 259.00 0.189750
726 41 1178.00 0.863100
727 583 230.00 0.168867
727 947 2635.00 1.930150
728 570 849.00 0.621783
728 60 266.00 0.194883
729 62 134.00 0.197300
729 66 719.00 0.527100
730 68 131.00 0.192000
730 72 482.00 0.353433
731 184 154.00 0.225983
731 192 2068.00 1.514667
732 164 127.00 0.186583
732 1008 2100.00 1.537950
733 732 2175.00 1.592833
733 1011 176.00 0.258600
734 149 132.00 0.193950
734 155 416.00 0.304683
735 141 131.00 0.192183
735 151 1474.00 1.079900
736 430 137.00 0.201200
736 219 279.00 0.204517
737 227 126.00 0.185100
737 225 622.00 0.455467
738 253 115.00 0.169750
738 739 1066.00 0.781000
739 256 113.00 0.166667
739 740 1048.00 0.767817
740 261 128.00 0.187617
740 667 2082.00 1.525117
741 267 135.00 0.197983
741 670 2139.00 1.566317
742 273 138.00 0.203233
742 743 3092.00 2.264367
743 278 149.00 0.219483
743 744 2113.00 1.547300
744 284 130.00 0.191533
744 299 1072.00 0.784950
745 309 123.00 0.180817
745 562 3162.00 2.315400
746 801 3532.00 1.724417
746 804 1669.00 2.444717
747 824 325.00 0.158817
748 747 679.00 0.331783
749 748 3506.00 1.711533
750 1040 1272.00 0.621383
751 750 649.00 0.316867
752 707 3718.00 1.815067
753 703 1979.00 2.898483
753 754 923.00 1.352167
753 1026 841.00 1.232517
754 753 923.00 1.352167
754 1025 1182.00 1.731400
755 576 5488.00 2.679383
756 627 934.00 0.684300
757 629 254.00 0.186567
758 757 200.00 0.146917
759 17 578.00 0.423317
760 596 750.00 0.549550
761 588 1405.00 1.029033
762 584 895.00 0.656050
763 571 107.00 0.156917
763 581 1818.00 2.662683
763 953 2765.00 2.025117
764 23 1311.00 0.960550
765 550 4605.00 3.372350
765 961 223.00 0.327250
766 960 90.00 0.131917
766 989 3201.00 2.344100
767 341 1810.00 2.651167
768 766 3045.00 2.229933
768 285 191.00 0.139950
769 24 613.00 0.898417
769 580 257.00 0.377283
769 680 1143.00 1.675217
770 25 586.00 0.858900
770 32 1108.00 1.622933
770 580 257.00 0.377750
771 25 636.00 0.932483
771 28 489.00 0.716567
771 772 530.00 0.777300
772 24 586.00 0.858300
772 682 1134.00 1.661967
772 771 530.00 0.777300
773 774 512.00 0.749933
773 116 1706.00 1.249317
773 951 130.00 0.190600
774 58 1997.00 2.924733
774 92 508.00 0.745200
774 773 512.00 0.749933
775 104 527.00 0.772400
775 954 109.00 0.160383
775 82 1701.00 1.246083
776 108 512.00 0.751183
776 116 527.00 0.771783
776 140 1027.00 1.505317
777 178 141.00 0.206600
777 174 757.00 0.554633
778 602 124.00 0.182000
778 603 557.00 0.816150
778 830 732.00 1.072667
779 781 372.00 0.545550
779 976 1584.00 2.320667
779 830 2103.00 3.079833
780 781 1023.00 1.498483
781 779 372.00 0.545550
781 780 1023.00 1.498483
781 784 575.00 0.842117
782 783 614.00 0.900100
782 788 576.00 0.844833
782 790 1172.00 1.717483
782 791 1040.00 1.524483
783 782 614.00 0.900100
783 792 720.00 1.054567
783 970 882.00 1.293083
784 781 575.00 0.842117
784 788 564.00 0.827417
784 785 1058.00 1.550283
785 784 1058.00 1.550283
785 786 457.00 0.669450
785 787 568.00 0.832017
786 785 457.00 0.669450
787 785 568.00 0.832017
787 788 1469.00 2.151650
787 793 417.00 0.610817
788 782 576.00 0.844833
788 784 564.00 0.827417
788 787 1469.00 2.151650
788 789 1138.00 1.667117
789 788 1138.00 1.667117
790 782 1172.00 1.717483
791 782 1040.00 1.524483
791 793 975.00 1.428550
791 792 603.00 0.883650
792 783 720.00 1.054567
792 791 603.00 0.883650
792 796 863.00 1.264067
793 787 417.00 0.610817
793 791 975.00 1.428550
793 795 590.00 0.864983
793 976 1766.00 2.586650
794 795 291.00 0.426533
794 798 599.00 0.878417
794 964 559.00 0.818717
795 793 590.00 0.864983
795 794 291.00 0.426533
795 796 1040.00 1.524267
796 792 863.00 1.264067
796 795 1040.00 1.524267
796 798 870.00 1.274350
797 798 1048.00 1.534967
798 794 599.00 0.878417
798 796 870.00 1.274350
798 797 1048.00 1.534967
799 385 1717.00 2.515383
799 393 1378.00 2.019167
799 542 876.00 1.283467
799 968 1189.00 1.741783
800 361 1463.00 2.143200
800 922 111.00 0.162750
801 412 1803.00 0.880450
801 802 617.00 0.904200
802 854 178.00 0.260950
802 804 703.00 1.030367
803 854 937.00 1.372900
803 805 705.00 1.032783
804 803 247.00 0.363183
805 850 5476.00 8.019467
805 806 2210.00 3.237333
806 805 2210.00 3.237333
806 982 1604.00 2.350233
806 854 2648.00 3.878767
807 188 4344.00 6.362067
807 706 2978.00 4.361750
807 808 842.00 1.234083
808 807 842.00 1.234083
808 809 1303.00 1.909400
808 845 522.00 0.764717
809 705 2589.00 3.791817
809 717 1053.00 1.543200
809 808 1303.00 1.909400
810 706 995.00 1.457333
810 811 730.00 1.069500
811 810 730.00 1.069500
811 1054 639.00 0.936850
811 843 635.00 0.930983
812 424 3850.00 5.638650
813 417 2952.00 1.441067
813 847 4365.00 6.393117
814 703 1059.00 1.552083
814 838 1320.00 1.933850
814 837 793.00 1.162617
815 816 611.00 0.896167
815 584 2456.00 1.798367
816 815 611.00 0.896167
816 1000 2261.00 1.656017
817 745 1055.00 0.772683
817 563 246.00 0.180700
818 549 239.00 0.175650
818 819 3270.00 2.394533
819 742 1156.00 0.846617
819 669 283.00 0.207633
820 640 2446.00 1.791333
820 821 2567.00 3.760633
820 966 81.00 0.119650
821 820 2567.00 3.760633
822 404 353.00 0.517217
822 823 107.00 0.157550
823 822 107.00 0.157550
823 922 2571.00 3.765417
823 862 673.00 0.986517
824 825 5029.00 2.454933
824 1037 451.00 0.661617
825 978 7214.00 3.521883
825 1036 1300.00 1.904267
826 536 1932.00 2.829917
826 538 425.00 0.623150
826 540 1988.00 2.912300
826 827 492.00 0.721350
827 539 1988.00 2.911400
827 542 1857.00 2.719533
827 826 492.00 0.721350
828 320 336.00 0.493117
828 712 129.00 0.189100
828 1004 1497.00 1.096667
829 603 644.00 0.944050
829 831 706.00 1.034100
829 830 774.00 1.134750
830 778 732.00 1.072667
830 779 2103.00 3.079833
830 829 774.00 1.134750
831 829 706.00 1.034100
832 612 297.00 0.436333
832 614 126.00 0.185917
832 833 630.00 0.923817
833 603 1090.00 1.596817
833 605 415.00 0.607917
833 832 630.00 0.923817
834 537 771.00 1.129767
834 538 1006.00 1.474250
834 835 376.00 0.550767
835 537 1188.00 1.741000
835 603 2301.00 3.370933
835 834 376.00 0.550767
836 837 1349.00 1.976350
837 700 1358.00 1.989200
837 814 793.00 1.162617
837 836 1349.00 1.976350
838 814 1320.00 1.933850
839 1054 559.00 0.819283
840 841 1323.00 1.938050
841 840 1323.00 1.938050
841 810 1928.00 2.824267
842 843 748.00 1.095500
843 811 635.00 0.930983
843 842 748.00 1.095500
843 845 955.00 1.398883
844 845 817.00 1.197617
845 808 522.00 0.764717
845 843 955.00 1.398883
845 844 817.00 1.197617
846 847 175.00 0.257567
846 853 835.00 1.223050
846 983 12116.00 17.744567
847 813 4365.00 6.393117
847 846 175.00 0.257567
847 848 1932.00 2.830100
848 481 898.00 1.315450
848 488 1381.00 2.022683
848 847 1932.00 2.830100
849 439 578.00 0.846983
850 852 127.00 0.186433
850 853 1420.00 2.080950
851 982 139.00 0.205000
851 853 4738.00 6.940050
852 850 127.00 0.186433
852 851 1160.00 1.698867
853 846 835.00 1.223050
853 851 4738.00 6.940050
853 852 1443.00 2.114117
854 802 178.00 0.260950
854 806 2648.00 3.878767
854 412 651.00 0.954183
855 857 1335.00 1.955150
856 971 101.00 0.149317
856 857 927.00 1.358433
857 855 1335.00 1.955150
857 856 927.00 1.358433
857 928 1218.00 1.784500
858 921 874.00 1.280500
859 920 1185.00 1.736033
860 861 967.00 1.416200
861 860 967.00 1.416200
861 862 447.00 0.655933
861 865 848.00 1.242233
862 823 673.00 0.986517
862 861 447.00 0.655933
862 863 1520.00 2.227017
863 862 1520.00 2.227017
864 865 1067.00 1.563067
865 861 848.00 1.242233
865 864 1067.00 1.563067
865 938 496.00 0.726933
866 931 702.00 1.029067
867 930 1062.00 1.556117
868 933 112.00 0.165167
868 969 1845.00 2.702833
869 913 202.00 0.296717
869 870 728.00 1.066383
869 915 3264.00 4.781033
870 869 728.00 1.066383
871 872 325.00 0.476467
872 871 325.00 0.476467
872 873 313.00 0.459500
872 874 295.00 0.432350
872 875 1370.00 2.007467
873 872 313.00 0.459500
874 872 295.00 0.432350
875 872 1370.00 2.007467
875 876 1158.00 1.696400
875 915 348.00 0.510750
876 875 1158.00 1.696400
877 914 2080.00 3.046150
878 908 1415.00 2.072233
879 880 1073.00 1.572817
880 879 1073.00 1.572817
880 935 662.00 0.969733
880 902 703.00 1.030467
881 923 1666.00 2.439933
882 883 1147.00 1.681133
882 919 228.00 0.334817
882 887 666.00 0.976550
883 882 1147.00 1.681133
884 885 887.00 1.299817
884 919 415.00 0.609067
884 924 1027.00 1.504250
885 884 887.00 1.299817
886 887 1290.00 1.889967
887 882 666.00 0.976550
887 886 1290.00 1.889967
887 940 405.00 0.594317
887 918 690.00 1.011183
888 940 965.00 1.413483
889 919 1441.00 2.110383
890 891 1184.00 1.735017
890 934 122.00 0.179183
890 935 516.00 0.756317
891 890 1184.00 1.735017
892 893 1344.00 1.968717
892 933 726.00 1.064617
892 925 539.00 0.790683
893 892 1344.00 1.968717
894 895 1368.00 2.003883
894 934 719.00 1.053600
894 925 357.00 0.523450
895 894 1368.00 2.003883
896 934 921.00 1.348917
897 898 1380.00 2.021667
897 907 601.00 0.881600
897 935 1329.00 1.946917
898 897 1380.00 2.021667
899 942 315.00 0.461400
900 942 766.00 1.122600
900 905 722.00 1.058100
900 907 682.00 0.999783
901 902 1378.00 2.018733
902 880 703.00 1.030467
902 901 1378.00 2.018733
902 936 500.00 0.732850
903 912 745.00 1.091700
903 905 297.00 0.435883
903 904 1206.00 1.766333
904 903 1206.00 1.766333
904 911 1031.00 1.510750
904 906 587.00 0.860250
905 900 722.00 1.058100
905 903 297.00 0.435883
905 906 1180.00 1.729283
906 904 587.00 0.860250
906 905 1180.00 1.729283
906 907 1263.00 1.851033
907 897 601.00 0.881600
907 900 682.00 0.999783
907 906 1263.00 1.851033
908 878 1415.00 2.072233
908 935 1273.00 1.865567
908 918 1407.00 2.061833
909 910 955.00 1.399217
910 909 955.00 1.399217
910 918 1346.00 1.971500
910 917 1775.00 2.600183
911 904 1031.00 1.510750
911 970 80.00 0.118383
911 967 211.00 0.310250
912 903 745.00 1.091700
912 916 187.00 0.274117
912 911 1322.00 1.936850
913 869 202.00 0.296717
913 936 1085.00 1.589633
913 912 1231.00 1.802933
914 877 2080.00 3.046150
914 915 181.00 0.266450
914 913 3140.00 4.598500
914 917 1311.00 1.921083
915 875 348.00 0.510750
915 914 181.00 0.266450
916 912 187.00 0.274117
916 869 1153.00 1.688583
917 910 1775.00 2.600183
917 914 1311.00 1.921083
917 936 2331.00 3.414517
917 918 1102.00 1.614583
918 887 690.00 1.011183
918 908 1407.00 2.061833
918 910 1346.00 1.971500
918 917 1102.00 1.614583
919 882 228.00 0.334817
919 884 415.00 0.609067
919 889 1441.00 2.110383
920 859 1185.00 1.736033
920 929 1002.00 1.467833
920 921 593.00 0.869150
921 858 874.00 1.280500
921 920 593.00 0.869150
921 922 646.00 0.946550
922 800 111.00 0.162750
922 921 646.00 0.946550
922 856 466.00 0.682517
923 881 1666.00 2.439933
923 972 687.00 1.006700
923 924 1516.00 2.221567
924 884 1027.00 1.504250
924 923 1516.00 2.221567
924 929 990.00 1.450850
924 969 1169.00 1.712400
925 892 539.00 0.790683
925 894 357.00 0.523450
925 926 607.00 0.889883
926 925 607.00 0.889883
927 933 3206.00 4.695200
928 857 1218.00 1.784500
928 973 1532.00 2.244633
928 929 1030.00 1.508783
929 920 1002.00 1.467833
929 924 990.00 1.450850
929 928 1030.00 1.508783
929 932 2855.00 4.181483
930 867 1062.00 1.556117
930 932 678.00 0.993067
930 931 577.00 0.845600
931 391 1056.00 1.546717
931 866 702.00 1.029067
931 930 577.00 0.845600
932 929 2855.00 4.181483
932 930 678.00 0.993067
932 938 448.00 0.657467
932 933 1213.00 1.777250
933 868 112.00 0.165167
933 892 726.00 1.064617
933 927 3206.00 4.695200
933 932 1213.00 1.777250
934 890 122.00 0.179183
934 894 719.00 1.053600
934 896 921.00 1.348917
935 880 662.00 0.969733
935 890 516.00 0.756317
935 897 1329.00 1.946917
935 908 1273.00 1.865567
936 902 500.00 0.732850
936 913 1085.00 1.589633
936 917 2331.00 3.414517
937 938 916.00 1.341733
938 865 496.00 0.726933
938 932 448.00 0.657467
938 937 916.00 1.341733
939 940 238.00 0.348783
940 887 405.00 0.594317
940 888 965.00 1.413483
940 939 238.00 0.348783
941 942 289.00 0.424017
942 899 315.00 0.461400
942 900 766.00 1.122600
942 941 289.00 0.424017
943 963 632.00 0.925633
943 765 3176.00 2.325700
944 424 129.00 0.189500
944 422 3846.00 5.632583
945 36 130.00 0.191700
945 725 2392.00 1.751600
946 29 132.00 0.193967
946 34 567.00 0.415900
947 581 2867.00 2.099817
947 957 136.00 0.100083
948 714 2091.00 1.531583
948 817 216.00 0.158450
949 948 240.00 0.176433
950 714 84.00 0.123517
950 817 2089.00 1.530067
951 773 130.00 0.190600
951 80 1542.00 1.129133
952 82 95.00 0.140433
952 93 956.00 0.700067
953 33 99.00 0.145150
953 572 2699.00 1.976317
954 775 109.00 0.160383
954 126 2040.00 1.494000
955 11 85.00 0.125733
955 534 2930.00 2.145817
956 12 109.00 0.160367
956 955 2441.00 1.787450
957 947 136.00 0.100083
957 35 1445.00 1.058117
958 116 123.00 0.180933
958 112 434.00 0.318133
959 600 1135.00 1.663233
959 546 244.00 0.178917
959 992 1919.00 1.405533
960 281 1000.00 0.732750
961 601 765.00 1.120700
961 605 1865.00 2.731683
961 765 223.00 0.327250
962 601 102.00 0.150550
962 963 762.00 1.116367
963 943 632.00 0.925633
963 962 762.00 1.116367
964 794 559.00 0.818717
965 391 106.00 0.156033
965 390 1067.00 0.781383
966 820 81.00 0.119650
966 387 1149.00 0.841383
967 911 211.00 0.310250
967 916 1373.00 2.011300
968 799 1189.00 1.741783
969 868 1845.00 2.702833
969 924 1169.00 1.712400
970 783 882.00 1.293083
970 967 281.00 0.412017
971 856 101.00 0.149317
971 800 461.00 0.676517
972 923 687.00 1.006700
973 928 1532.00 2.244633
974 975 1079.00 1.581267
975 341 1175.00 1.721633
975 361 641.00 0.939650
975 974 1079.00 1.581267
976 393 97.00 0.143100
976 779 1584.00 2.320667
976 793 1766.00 2.586650
977 1053 196.00 0.288000
978 983 5593.00 2.730283
979 484 280.00 0.410950
979 485 180.00 0.264800
979 488 307.00 0.450033
980 456 451.00 0.661917
980 459 651.00 0.954550
980 460 381.00 0.558217
981 439 1290.00 1.889850
981 452 1151.00 1.686583
981 986 595.00 0.872150
982 806 1604.00 2.350233
982 851 139.00 0.205000
982 850 1274.00 1.866100
983 846 12116.00 17.744567
983 746 802.00 0.391783
984 486 505.00 0.739600
985 458 207.00 0.303517
985 459 358.00 0.524667
985 460 530.00 0.776383
986 438 27.00 0.039767
986 440 1207.00 1.768767
986 981 595.00 0.872150
987 470 199.00 0.291483
987 471 2540.00 3.720167
987 988 519.00 0.761283
988 470 400.00 0.587133
988 505 2643.00 3.871267
988 987 519.00 0.761283
989 990 178.00 0.130800
989 258 1217.00 0.891467
990 989 178.00 0.130800
990 259 1750.00 1.281650
991 764 733.00 0.537117
992 623 2487.00 3.642283
992 20 1836.00 1.344733
993 592 1640.00 1.201167
993 13 1385.00 2.028700
994 60 863.00 0.632633
994 570 294.00 0.215750
995 728 206.00 0.151450
996 673 217.00 0.159583
996 997 193.00 0.141983
997 996 193.00 0.141983
997 331 1547.00 1.132783
998 315 378.00 0.554150
998 997 326.00 0.239433
999 724 224.00 0.164683
1000 723 214.00 0.156950
1001 398 400.00 0.293550
1001 1002 122.00 0.179100
1002 338 507.00 0.743433
1002 1001 122.00 0.179100
1002 9 2558.00 1.873467
1003 711 130.00 0.191050
1003 6 2589.00 1.896350
1004 3 327.00 0.240150
1004 1005 204.00 0.149800
1005 1004 204.00 0.149800
1005 712 1503.00 1.100583
1006 304 536.00 0.785533
1006 1005 234.00 0.171450
1007 178 1876.00 1.373967
1007 1010 161.00 0.236333
1008 1007 129.00 0.189100
1009 168 1056.00 0.773733
1009 1008 147.00 0.215317
1010 172 32.00 0.047250
1011 1015 16.00 0.024800
1012 1014 17.00 0.026083
1013 733 64.00 0.094617
1014 1013 161.00 0.236533
1014 153 1037.00 0.759850
1015 127 2491.00 1.824650
1015 1012 143.00 0.210033
1016 656 1070.00 0.783950
1016 1031 300.00 0.220050
1017 251 3004.00 2.200117
1018 559 310.00 0.227700
1018 14 1684.00 1.233683
1019 577 101.00 0.148250
1019 54 662.00 0.485233
1020 188 243.00 0.177950
1021 959 229.00 0.168400
1022 387 108.00 0.158250
1022 820 1376.00 1.007583
1023 705 77.00 0.113050
1023 1025 133.00 0.195850
1024 1023 166.00 0.244083
1025 1026 72.00 0.106067
1026 753 841.00 1.232517
1026 701 117.00 0.172233
1027 204 1052.00 0.770700
1027 1029 335.00 0.245617
1028 230 2897.00 2.121983
1028 1030 195.00 0.143117
1029 1028 90.00 0.066617
1030 1016 23.00 0.017133
1031 1027 228.00 0.167333
1032 207 2162.00 1.583100
1032 1034 354.00 0.259783
1033 1032 170.00 0.124883
1034 661 47.00 0.034833
1035 216 1022.00 0.748833
1035 1033 333.00 0.244517
1036 825 1300.00 1.904267
1037 824 451.00 0.661617
1038 1039 654.00 0.958033
1039 749 1003.00 0.489900
1039 1038 654.00 0.958033
1040 1038 1992.00 0.972800
1040 1041 3093.00 4.529850
1041 1040 3093.00 4.529850
1042 1050 64.00 0.094867
1043 215 83.00 0.121900
1044 1052 60.00 0.088150
1045 1049 57.00 0.084617
1046 218 76.00 0.111333
1047 1051 59.00 0.086817
1048 1053 80.00 0.117983
1049 401 1861.00 2.725900
1049 402 754.00 1.105217
1049 1045 57.00 0.084617
1050 209 177.00 0.259600
1050 211 542.00 0.795083
1050 1042 64.00 0.094867
1051 226 592.00 0.867033
1051 229 151.00 0.222500
1051 1047 59.00 0.086817
1052 229 364.00 0.533783
1052 1044 60.00 0.088150
1052 1053 823.00 1.206000
1053 977 196.00 0.288000
1053 1048 80.00 0.117983
1053 1052 823.00 1.206000
1054 811 639.00 0.936850
1054 839 559.00 0.819283
1054 1055 344.00 0.504600
1055 1054 344.00 0.504600
1056 297 2199.00 3.221100
1056 766 2286.00 1.673967
1057 240 2233.00 3.270217
1057 301 2223.00 3.255500
1057 1056 1449.00 1.061300
1058 306 2214.00 3.243217
1058 436 2230.00 3.266033
1058 1057 1432.00 1.048817
