0 1 300.00 0.279070
0 2 300.00 0.355533
1 4 300.00 0.284807
1 18 300.00 0.344390
2 0 300.00 0.355533
2 18 300.00 0.289650
2 52 300.00 0.014797
3 4 300.00 0.900683
3 17 300.00 0.272283
3 105 300.00 0.311610
4 3 300.00 0.900683
4 5 300.00 0.280717
5 55 300.00 0.375647
5 41 300.00 0.289910
6 7 300.00 0.185347
6 8 300.00 0.048550
7 104 300.00 0.022543
7 110 300.00 0.556417
7 116 300.00 1.629557
8 6 300.00 0.048550
9 112 300.00 0.296723
9 113 300.00 0.271293
10 120 300.00 0.044993
11 12 300.00 0.641497
12 104 300.00 0.209563
13 11 300.00 0.614303
14 15 300.00 0.028657
15 14 300.00 0.028657
15 13 300.00 0.472210
16 17 300.00 0.201580
16 51 300.00 0.110043
16 25 300.00 0.739500
17 16 300.00 0.201580
17 3 300.00 0.272283
17 18 300.00 0.470627
18 17 300.00 0.470627
18 1 300.00 0.344390
18 2 300.00 0.289650
19 20 300.00 0.324323
19 21 300.00 0.204933
19 22 300.00 0.201213
20 19 300.00 0.324323
21 19 300.00 0.204933
21 106 300.00 0.253127
21 107 300.00 0.209870
22 19 300.00 0.201213
22 103 300.00 0.062357
22 105 300.00 0.235110
23 24 300.00 0.082733
23 71 300.00 0.326777
24 23 300.00 0.082733
24 25 300.00 0.148550
24 26 300.00 0.902267
25 24 300.00 0.148550
25 16 300.00 0.739500
25 53 300.00 0.228460
26 24 300.00 0.902267
26 29 300.00 0.037860
27 28 300.00 0.476367
27 111 300.00 0.261827
27 174 300.00 0.038243
28 27 300.00 0.476367
29 26 300.00 0.037860
29 107 300.00 0.211067
29 70 300.00 0.213010
30 31 300.00 0.365463
30 44 300.00 0.306063
30 52 300.00 0.292333
30 32 300.00 0.296383
31 30 300.00 0.365463
31 0 300.00 0.293057
32 33 300.00 0.009077
32 38 300.00 0.263050
32 30 300.00 0.296383
33 32 300.00 0.009077
33 34 300.00 0.325417
33 35 300.00 0.262037
34 33 300.00 0.325417
34 31 300.00 0.298973
35 33 300.00 0.262037
35 37 300.00 0.192897
35 124 300.00 0.324777
36 37 300.00 0.159890
36 125 300.00 0.217497
36 126 300.00 0.484660
36 46 300.00 0.259953
37 36 300.00 0.159890
37 38 300.00 0.276723
37 39 300.00 0.250417
37 35 300.00 0.192897
38 37 300.00 0.276723
38 43 300.00 0.022297
38 32 300.00 0.263050
39 37 300.00 0.250417
39 46 300.00 0.124467
39 45 300.00 0.296517
40 41 300.00 0.348917
40 54 300.00 0.340833
40 55 300.00 0.296087
41 40 300.00 0.348917
41 42 300.00 0.291667
42 99 300.00 0.152747
42 117 300.00 0.497757
43 38 300.00 0.022297
43 44 300.00 0.247437
43 45 300.00 0.249643
44 43 300.00 0.247437
44 50 300.00 0.250153
44 30 300.00 0.306063
45 43 300.00 0.249643
45 39 300.00 0.296517
45 50 300.00 0.267343
46 39 300.00 0.124467
46 48 300.00 0.098110
46 36 300.00 0.259953
47 48 300.00 0.069783
47 57 300.00 0.211310
47 151 300.00 0.182070
48 47 300.00 0.069783
48 46 300.00 0.098110
48 49 300.00 0.432273
49 48 300.00 0.432273
50 44 300.00 0.250153
50 45 300.00 0.267343
50 56 300.00 0.206307
51 16 300.00 0.110043
51 52 300.00 0.345877
51 53 300.00 0.936237
52 51 300.00 0.345877
52 2 300.00 0.014797
52 30 300.00 0.292333
53 51 300.00 0.936237
53 61 300.00 0.236187
53 25 300.00 0.228460
54 40 300.00 0.340833
54 98 300.00 0.628437
54 122 300.00 0.024040
55 40 300.00 0.296087
55 5 300.00 0.375647
55 123 300.00 0.345700
56 57 300.00 0.614000
56 50 300.00 0.206307
56 59 300.00 0.216623
57 56 300.00 0.614000
57 58 300.00 0.238720
57 47 300.00 0.211310
58 57 300.00 0.238720
58 59 300.00 0.599090
58 60 300.00 0.209210
59 56 300.00 0.216623
59 58 300.00 0.599090
59 61 300.00 0.213563
60 58 300.00 0.209210
60 62 300.00 0.224370
60 61 300.00 0.599290
61 59 300.00 0.213563
61 60 300.00 0.599290
61 53 300.00 0.236187
62 60 300.00 0.224370
62 67 300.00 0.477437
62 68 300.00 0.260887
63 64 300.00 0.253740
63 65 300.00 0.201000
63 66 300.00 0.037137
64 63 300.00 0.253740
65 69 300.00 0.256630
65 70 300.00 0.034883
65 26 300.00 0.214020
66 63 300.00 0.037137
66 105 300.00 0.211067
67 62 300.00 0.477437
67 71 300.00 0.260150
68 62 300.00 0.260887
69 65 300.00 0.256630
70 65 300.00 0.034883
70 66 300.00 0.199117
71 67 300.00 0.260150
71 72 300.00 0.230920
71 23 300.00 0.326777
72 71 300.00 0.230920
73 74 300.00 0.209180
73 114 300.00 0.646690
73 81 300.00 0.541340
74 73 300.00 0.209180
74 75 300.00 0.248380
74 76 300.00 0.541313
74 77 300.00 0.620177
75 74 300.00 0.248380
75 78 300.00 0.255527
75 79 300.00 0.543143
75 80 300.00 0.566160
76 74 300.00 0.541313
76 81 300.00 0.205540
76 79 300.00 0.248697
76 82 300.00 0.547507
77 80 300.00 0.258963
78 75 300.00 0.255527
78 84 300.00 0.544490
78 171 300.00 0.236527
78 115 300.00 0.517823
79 75 300.00 0.543143
79 76 300.00 0.248697
79 83 300.00 0.546177
79 84 300.00 0.254693
80 75 300.00 0.566160
80 115 300.00 0.259280
81 76 300.00 0.205540
81 91 300.00 0.367067
81 73 300.00 0.541340
82 76 300.00 0.547507
82 92 300.00 0.076930
82 83 300.00 0.246167
83 79 300.00 0.546177
83 82 300.00 0.246167
83 94 300.00 0.078633
84 79 300.00 0.254693
84 85 300.00 0.234267
84 86 300.00 0.542263
84 78 300.00 0.544490
85 84 300.00 0.234267
85 87 300.00 0.543290
86 84 300.00 0.542263
86 94 300.00 0.181570
86 87 300.00 0.228713
87 86 300.00 0.228713
87 95 300.00 0.119540
88 89 300.00 0.056847
88 92 300.00 0.129567
88 91 300.00 0.181730
89 88 300.00 0.056847
89 90 300.00 0.329367
89 91 300.00 0.189360
90 89 300.00 0.329367
90 93 300.00 0.234270
91 89 300.00 0.189360
91 81 300.00 0.367067
91 88 300.00 0.181730
92 88 300.00 0.129567
92 82 300.00 0.076930
92 93 300.00 0.332443
93 92 300.00 0.332443
93 90 300.00 0.234270
93 96 300.00 0.404763
94 83 300.00 0.078633
94 86 300.00 0.181570
94 96 300.00 0.333030
95 173 300.00 0.064300
95 172 300.00 0.046467
96 93 300.00 0.404763
96 97 300.00 0.414033
96 94 300.00 0.333030
97 96 300.00 0.414033
98 99 300.00 0.191960
98 100 300.00 0.251610
98 54 300.00 0.628437
99 98 300.00 0.191960
99 100 300.00 0.443783
99 42 300.00 0.152747
100 99 300.00 0.443783
100 98 300.00 0.251610
100 103 300.00 0.892497
101 102 300.00 0.026420
102 101 300.00 0.026420
102 6 300.00 0.226037
103 100 300.00 0.892497
103 22 300.00 0.062357
103 122 300.00 0.183440
104 7 300.00 0.022543
104 101 300.00 0.413147
105 22 300.00 0.235110
105 123 300.00 0.174197
105 3 300.00 0.311610
105 63 300.00 0.206253
106 21 300.00 0.253127
107 21 300.00 0.209870
107 29 300.00 0.211067
107 111 300.00 0.724580
108 109 300.00 0.032987
109 108 300.00 0.032987
109 110 300.00 0.293877
109 111 300.00 0.567203
110 109 300.00 0.293877
110 7 300.00 0.556417
110 175 300.00 0.022057
111 109 300.00 0.567203
111 107 300.00 0.724580
111 27 300.00 0.261827
112 134 300.00 0.159550
112 135 300.00 0.169660
113 132 300.00 0.275403
113 127 300.00 0.479683
114 73 300.00 0.646690
114 77 300.00 0.132097
115 78 300.00 0.517823
115 121 300.00 0.263410
116 119 300.00 0.259787
116 14 300.00 0.309227
117 102 300.00 0.039847
117 118 300.00 0.373350
118 117 300.00 0.373350
119 116 300.00 0.259787
120 121 300.00 0.027070
121 171 300.00 0.473297
121 145 300.00 0.045497
122 54 300.00 0.024040
122 103 300.00 0.183440
122 123 300.00 0.295173
123 122 300.00 0.295173
123 105 300.00 0.174197
123 55 300.00 0.345700
124 35 300.00 0.324777
124 34 300.00 0.262900
125 36 300.00 0.217497
125 130 300.00 0.267267
125 131 300.00 0.476933
126 36 300.00 0.484660
126 124 300.00 0.095063
127 128 300.00 0.265330
127 130 300.00 0.271000
127 113 300.00 0.479683
127 157 300.00 0.446510
128 127 300.00 0.265330
128 129 300.00 0.458257
129 144 300.00 0.138770
129 157 300.00 0.254907
129 150 300.00 0.545027
130 125 300.00 0.267267
130 127 300.00 0.271000
130 132 300.00 0.474017
130 133 300.00 0.443760
131 125 300.00 0.476933
131 126 300.00 0.275733
132 130 300.00 0.474017
132 131 300.00 0.284647
133 130 300.00 0.443760
133 156 300.00 0.207790
133 151 300.00 0.308370
133 157 300.00 0.278497
134 112 300.00 0.159550
135 128 300.00 0.009180
135 136 300.00 0.310263
136 135 300.00 0.310263
136 138 300.00 0.255653
136 141 300.00 0.412727
136 142 300.00 0.532483
137 138 300.00 0.249070
137 145 300.00 0.465930
138 137 300.00 0.249070
138 136 300.00 0.255653
138 139 300.00 0.543287
138 140 300.00 0.420013
139 138 300.00 0.543287
139 142 300.00 0.251630
139 146 300.00 0.255320
139 147 300.00 0.540800
140 138 300.00 0.420013
140 141 300.00 0.252797
141 9 300.00 0.293593
141 136 300.00 0.412727
142 136 300.00 0.532483
142 143 300.00 0.546053
142 144 300.00 0.143210
142 139 300.00 0.251630
143 142 300.00 0.546053
143 148 300.00 0.134710
143 147 300.00 0.255003
144 142 300.00 0.143210
144 129 300.00 0.138770
144 148 300.00 0.545150
145 140 300.00 0.228353
145 10 300.00 0.027060
146 139 300.00 0.255320
146 137 300.00 0.540227
147 139 300.00 0.540800
147 170 300.00 0.255627
147 143 300.00 0.255003
148 144 300.00 0.545150
148 149 300.00 0.181383
148 143 300.00 0.134710
148 150 300.00 0.139157
149 148 300.00 0.181383
150 148 300.00 0.139157
150 155 300.00 0.260900
150 169 300.00 0.266397
150 129 300.00 0.545027
151 47 300.00 0.182070
151 133 300.00 0.308370
151 164 300.00 1.001783
152 153 300.00 0.118417
152 156 300.00 0.218333
152 163 300.00 0.204033
153 152 300.00 0.118417
153 154 300.00 0.090520
153 155 300.00 0.266810
154 153 300.00 0.090520
154 165 300.00 0.173353
154 167 300.00 0.219033
155 153 300.00 0.266810
155 160 300.00 0.180817
155 168 300.00 0.402640
155 150 300.00 0.260900
156 133 300.00 0.207790
156 152 300.00 0.218333
156 162 300.00 0.208127
157 133 300.00 0.278497
157 158 300.00 0.180893
157 127 300.00 0.446510
157 129 300.00 0.254907
158 157 300.00 0.180893
158 159 300.00 0.135007
158 160 300.00 0.183583
159 158 300.00 0.135007
160 158 300.00 0.183583
160 155 300.00 0.180817
160 161 300.00 0.136317
161 160 300.00 0.136317
162 156 300.00 0.208127
163 152 300.00 0.204033
164 151 300.00 1.001783
165 166 300.00 0.116087
165 154 300.00 0.173353
165 176 300.00 0.207347
166 165 300.00 0.116087
167 154 300.00 0.219033
168 155 300.00 0.402640
169 150 300.00 0.266397
170 147 300.00 0.255627
170 146 300.00 0.542920
171 78 300.00 0.236527
171 85 300.00 0.542423
172 170 300.00 0.121530
173 97 300.00 0.156150
174 27 300.00 0.038243
175 110 300.00 0.022057
176 165 300.00 0.207347
