0 25 300.00 0.086673
0 26 300.00 0.104623
1 39 300.00 0.319647
1 41 300.00 0.517553
1 42 300.00 0.347307
2 54 300.00 0.172790
2 56 300.00 0.143547
3 4 300.00 0.406033
3 20 300.00 0.524700
3 21 300.00 0.314433
3 22 300.00 0.249670
4 3 300.00 0.406033
4 5 300.00 0.187570
4 6 300.00 0.253460
5 4 300.00 0.187570
5 9 300.00 0.164837
5 58 300.00 0.104750
6 4 300.00 0.253460
7 8 300.00 0.077347
7 21 300.00 0.378760
7 24 300.00 0.275373
8 7 300.00 0.077347
8 9 300.00 0.311213
9 8 300.00 0.311213
9 5 300.00 0.164837
9 58 300.00 0.269093
10 11 300.00 0.372603
10 51 300.00 0.260983
11 10 300.00 0.372603
11 12 300.00 0.265603
11 13 300.00 0.259567
12 11 300.00 0.265603
12 28 300.00 0.264703
12 27 300.00 0.326360
12 31 300.00 0.377917
13 11 300.00 0.259567
13 44 300.00 0.323800
13 51 300.00 0.366897
14 15 300.00 0.188780
14 18 300.00 0.032350
14 19 300.00 0.224277
15 14 300.00 0.188780
15 16 300.00 0.219777
15 17 300.00 0.447183
16 15 300.00 0.219777
16 19 300.00 0.186830
16 54 300.00 0.108730
17 15 300.00 0.447183
17 32 300.00 0.156767
18 14 300.00 0.032350
18 34 300.00 0.266283
19 14 300.00 0.224277
19 53 300.00 0.198000
19 16 300.00 0.186830
20 3 300.00 0.524700
20 36 300.00 0.159547
20 37 300.00 0.325367
20 35 300.00 0.246990
21 3 300.00 0.314433
21 23 300.00 0.123597
21 7 300.00 0.378760
22 3 300.00 0.249670
22 6 300.00 0.435830
23 21 300.00 0.123597
23 37 300.00 0.508517
23 24 300.00 0.328203
24 7 300.00 0.275373
24 39 300.00 0.511190
24 23 300.00 0.328203
25 0 300.00 0.086673
25 27 300.00 0.268890
25 28 300.00 0.316150
26 0 300.00 0.104623
26 32 300.00 0.174567
27 25 300.00 0.268890
27 44 300.00 0.538340
27 12 300.00 0.326360
28 25 300.00 0.316150
28 29 300.00 0.372540
28 30 300.00 0.253277
28 12 300.00 0.264703
29 28 300.00 0.372540
29 31 300.00 0.262160
30 28 300.00 0.253277
30 32 300.00 0.333670
30 33 300.00 0.370967
30 34 300.00 0.272917
31 12 300.00 0.377917
31 45 300.00 0.028263
31 10 300.00 0.262190
32 17 300.00 0.156767
32 26 300.00 0.174567
32 30 300.00 0.333670
33 30 300.00 0.370967
33 35 300.00 0.025500
33 29 300.00 0.266563
34 30 300.00 0.272917
34 18 300.00 0.266283
35 33 300.00 0.025500
35 20 300.00 0.246990
35 22 300.00 0.515263
36 20 300.00 0.159547
36 46 300.00 0.372217
36 55 300.00 0.252887
37 20 300.00 0.325367
37 23 300.00 0.508517
37 38 300.00 0.529190
37 39 300.00 0.331870
38 37 300.00 0.529190
38 46 300.00 0.329853
38 40 300.00 0.329280
38 48 300.00 0.521790
39 37 300.00 0.331870
39 24 300.00 0.511190
39 40 300.00 0.526027
39 1 300.00 0.319647
40 39 300.00 0.526027
40 38 300.00 0.329280
40 41 300.00 0.325293
40 49 300.00 0.524657
41 1 300.00 0.517553
41 40 300.00 0.325293
41 43 300.00 0.333640
41 50 300.00 0.531993
42 1 300.00 0.347307
42 43 300.00 0.506473
43 42 300.00 0.506473
43 41 300.00 0.333640
44 27 300.00 0.538340
44 13 300.00 0.323800
45 31 300.00 0.028263
45 46 300.00 0.257967
45 55 300.00 0.367497
46 38 300.00 0.329853
46 45 300.00 0.257967
46 36 300.00 0.372217
46 47 300.00 0.521257
47 46 300.00 0.521257
47 48 300.00 0.326470
47 52 300.00 0.283460
48 38 300.00 0.521790
48 47 300.00 0.326470
48 49 300.00 0.333100
49 40 300.00 0.524657
49 48 300.00 0.333100
49 50 300.00 0.329753
50 41 300.00 0.531993
50 49 300.00 0.329753
51 13 300.00 0.366897
51 52 300.00 0.027583
52 51 300.00 0.027583
52 47 300.00 0.283460
52 45 300.00 0.522997
53 19 300.00 0.198000
53 57 300.00 0.385503
54 16 300.00 0.108730
54 56 300.00 0.035297
54 2 300.00 0.172790
55 36 300.00 0.252887
55 35 300.00 0.161903
56 54 300.00 0.035297
56 57 300.00 0.021350
56 2 300.00 0.143547
57 53 300.00 0.385503
57 56 300.00 0.021350
58 5 300.00 0.104750
58 9 300.00 0.269093
