0 1 300.00 0.303243
1 2 300.00 0.285617
1 3 300.00 0.410453
2 4 300.00 0.411003
2 5 300.00 0.301403
3 1 300.00 0.410453
3 41 300.00 0.412400
3 4 300.00 0.303927
4 2 300.00 0.411003
4 37 300.00 0.410157
4 42 300.00 0.305847
5 11 300.00 0.346673
6 7 300.00 0.204353
6 8 300.00 0.526960
7 6 300.00 0.204353
7 20 300.00 0.201383
7 67 300.00 0.370953
8 9 300.00 0.314003
8 10 300.00 0.463737
9 8 300.00 0.314003
9 23 300.00 0.091420
9 68 300.00 0.455983
10 72 300.00 0.025630
11 12 300.00 0.412683
11 13 300.00 0.310783
12 11 300.00 0.412683
12 34 300.00 0.413107
12 15 300.00 0.310693
13 14 300.00 0.309293
13 15 300.00 0.409640
14 16 300.00 0.414470
14 17 300.00 0.410173
15 13 300.00 0.409640
15 33 300.00 0.415240
15 16 300.00 0.308087
16 18 300.00 0.414110
16 55 300.00 0.265163
17 18 300.00 0.418230
18 54 300.00 0.262383
19 20 300.00 0.337547
19 40 300.00 0.084423
20 19 300.00 0.337547
20 7 300.00 0.201383
20 21 300.00 0.126780
21 69 300.00 0.230917
21 70 300.00 0.104870
22 23 300.00 0.135343
23 22 300.00 0.135343
23 9 300.00 0.091420
23 24 300.00 0.450707
24 25 300.00 0.041267
25 75 300.00 0.054130
25 63 300.00 0.282743
26 27 300.00 0.145063
27 60 300.00 0.414230
28 20 300.00 0.207333
28 29 300.00 0.421217
29 28 300.00 0.421217
29 30 300.00 0.113623
30 35 300.00 0.209280
30 34 300.00 0.408990
31 32 300.00 0.306757
31 33 300.00 0.409297
32 62 300.00 0.139427
33 31 300.00 0.409297
33 15 300.00 0.415240
33 34 300.00 0.311527
34 30 300.00 0.408990
34 36 300.00 0.329697
34 12 300.00 0.413107
35 31 300.00 0.101573
36 42 300.00 0.413533
36 37 300.00 0.308427
37 38 300.00 0.270857
37 4 300.00 0.410157
37 41 300.00 0.316000
38 37 300.00 0.270857
38 39 300.00 0.195027
38 40 300.00 0.344650
39 38 300.00 0.195027
39 48 300.00 0.157627
39 71 300.00 0.324257
40 38 300.00 0.344650
40 29 300.00 0.212140
40 36 300.00 0.411940
41 3 300.00 0.412400
41 48 300.00 0.122393
41 49 300.00 0.225620
42 12 300.00 0.336553
42 5 300.00 0.409080
43 44 300.00 0.411017
44 45 300.00 0.164590
44 46 300.00 0.274257
45 81 300.00 0.127870
45 27 300.00 0.247750
46 62 300.00 0.411230
46 47 300.00 0.136077
47 33 300.00 0.309347
47 32 300.00 0.413613
48 41 300.00 0.122393
48 53 300.00 0.040170
48 39 300.00 0.157627
49 53 300.00 0.218513
49 50 300.00 0.078827
50 51 300.00 0.164850
50 52 300.00 0.039297
51 56 300.00 0.241957
52 78 300.00 0.127610
53 48 300.00 0.040170
53 64 300.00 0.404353
53 49 300.00 0.218513
54 55 300.00 0.410163
54 44 300.00 0.149607
55 54 300.00 0.410163
55 47 300.00 0.146923
56 57 300.00 0.116660
56 3 300.00 0.302290
57 77 300.00 0.145300
57 79 300.00 0.055583
58 59 300.00 0.218113
59 61 300.00 0.398987
60 58 300.00 0.401140
60 61 300.00 0.223497
61 59 300.00 0.398987
61 65 300.00 0.032380
62 26 300.00 0.120407
62 46 300.00 0.411230
63 64 300.00 0.260370
63 50 300.00 0.525503
64 71 300.00 0.191580
65 43 300.00 0.159580
65 66 300.00 0.126993
66 65 300.00 0.126993
67 7 300.00 0.370953
68 9 300.00 0.455983
68 24 300.00 0.092870
69 21 300.00 0.230917
70 80 300.00 0.190080
70 23 300.00 0.299960
71 39 300.00 0.324257
71 19 300.00 0.518533
72 68 300.00 0.293493
72 75 300.00 0.475637
73 0 300.00 0.031970
74 63 300.00 0.033950
74 52 300.00 0.541023
75 74 300.00 0.216887
76 77 300.00 0.040383
77 76 300.00 0.040383
77 0 300.00 0.151767
78 51 300.00 0.054680
78 79 300.00 0.441070
79 73 300.00 0.256410
80 70 300.00 0.190080
81 45 300.00 0.127870
