0 24 854.00 1.251083
1 120 2596.00 1.900933
2 1 2797.00 2.048083
2 18 1755.00 1.285500
3 17 881.00 1.290950
3 2 2828.00 2.071067
4 3 2779.00 2.035350
4 16 889.00 1.302100
5 15 1793.00 1.313400
5 4 2775.00 2.032300
6 5 2782.00 2.037083
7 13 1815.00 1.329717
7 6 2813.00 2.060483
8 12 934.00 1.368500
8 7 2804.00 2.053183
9 8 2809.00 2.057200
9 11 933.00 1.366883
10 11 2252.00 1.649583
10 148 3064.00 1.495883
11 9 933.00 1.366883
11 10 2252.00 1.649583
11 113 895.00 1.311617
11 12 2804.00 2.053450
12 8 934.00 1.368500
12 11 2804.00 2.053450
12 60 911.00 1.334283
12 13 2811.00 2.058850
13 12 2811.00 2.058850
13 45 1834.00 1.343083
13 14 2805.00 2.054467
14 13 2805.00 2.054467
14 6 1798.00 1.316917
14 15 2759.00 2.020867
15 14 2759.00 2.020867
15 92 1797.00 1.316267
15 16 2792.00 2.044717
16 4 889.00 1.302100
16 15 2792.00 2.044717
16 123 898.00 1.315833
16 17 2793.00 2.045400
17 3 881.00 1.290950
17 16 2793.00 2.045400
17 91 908.00 1.330050
17 133 1437.00 1.052250
18 118 899.00 1.317583
18 133 1387.00 1.016300
18 19 2793.00 2.045617
19 18 2793.00 2.045617
19 55 882.00 1.292267
19 1 1783.00 1.305617
19 131 1457.00 1.067567
20 90 882.00 1.292717
20 120 884.00 1.294867
20 21 3018.00 2.210117
20 131 1120.00 0.820583
21 20 3018.00 2.210117
21 121 910.00 1.333233
21 89 882.00 1.292600
21 22 2702.00 1.979083
22 21 2702.00 1.979083
22 124 1454.00 1.065367
22 122 885.00 1.297467
23 24 1089.00 0.797500
23 124 306.00 0.224667
24 23 1089.00 0.797500
25 26 1381.00 2.023083
26 114 1559.00 1.141633
26 27 919.00 1.346367
27 94 892.00 1.306367
28 126 573.00 0.840583
28 100 1587.00 0.774933
29 56 325.00 0.476317
29 30 876.00 0.427750
30 31 1095.00 1.604567
31 32 3026.00 1.477200
31 57 643.00 0.941733
32 33 2843.00 1.388300
32 58 1104.00 1.617883
33 59 1472.00 2.156883
33 35 201.00 0.295600
33 113 1004.00 1.470667
33 34 3272.00 1.597250
34 10 3147.00 1.536517
34 113 595.00 0.871900
35 33 201.00 0.295600
36 84 1416.00 2.074733
36 53 1365.00 2.000333
36 37 911.00 1.335050
36 119 894.00 1.310067
37 36 911.00 1.335050
37 52 1346.00 1.971883
37 64 1443.00 2.113650
37 38 923.00 1.351850
38 37 923.00 1.351850
38 39 876.00 1.283300
38 51 1343.00 1.968050
38 66 1439.00 2.107417
39 38 876.00 1.283300
39 40 1419.00 2.078767
39 87 711.00 1.041633
40 39 1419.00 2.078767
40 41 1395.00 2.043733
40 67 907.00 1.329067
40 66 893.00 1.307767
41 40 1395.00 2.043733
41 42 1400.00 2.051067
41 74 894.00 1.310550
41 76 898.00 1.315117
42 41 1400.00 2.051067
42 43 1401.00 2.052683
42 73 1807.00 1.323267
43 42 1401.00 2.052683
43 44 1379.00 2.019850
43 69 1744.00 1.277033
44 43 1379.00 2.019850
44 126 550.00 0.806583
44 68 4481.00 3.281150
45 46 1758.00 1.287983
45 60 1420.00 2.079783
45 72 1406.00 2.059083
46 47 1869.00 1.368550
46 59 1412.00 2.068100
46 71 1386.00 2.030233
47 48 1785.00 1.307117
47 58 1402.00 2.053533
47 70 1400.00 2.050783
48 49 1864.00 1.365417
48 57 1409.00 2.063433
48 61 1398.00 2.047533
49 44 1708.00 1.251033
49 69 2806.00 2.054817
50 51 340.00 0.499333
50 137 1133.00 1.660617
50 95 261.00 0.383650
51 38 1343.00 1.968050
51 50 340.00 0.499333
51 52 902.00 1.322100
52 37 1346.00 1.971883
52 51 902.00 1.322100
52 53 911.00 1.334733
52 65 861.00 1.262333
53 36 1365.00 2.000333
53 52 911.00 1.334733
53 54 882.00 1.292633
53 83 1311.00 1.920250
54 53 882.00 1.292633
54 129 369.00 0.540917
54 128 683.00 1.000400
54 79 1309.00 1.918350
55 19 882.00 1.292267
55 129 536.00 0.785050
55 127 703.00 1.030267
55 132 717.00 1.050433
56 30 182.00 0.267550
56 49 2767.00 2.026300
56 57 919.00 1.347167
57 31 643.00 0.941733
57 48 1409.00 2.063433
57 56 919.00 1.347167
57 58 886.00 1.298850
58 32 1104.00 1.617883
58 47 1402.00 2.053533
58 57 886.00 1.298850
58 59 921.00 1.349717
59 33 1472.00 2.156883
59 46 1412.00 2.068100
59 58 921.00 1.349717
59 60 902.00 1.321333
60 12 911.00 1.334283
60 45 1420.00 2.079783
60 59 902.00 1.321333
60 113 1380.00 2.021000
61 48 1398.00 2.047533
61 70 1806.00 1.323017
61 62 1391.00 2.037800
62 61 1391.00 2.037800
62 136 957.00 0.701250
62 63 1403.00 2.054817
63 62 1403.00 2.054817
63 76 904.00 1.324333
63 85 905.00 1.326467
63 64 1388.00 2.032667
64 37 1443.00 2.113650
64 63 1388.00 2.032667
64 66 903.00 1.323817
64 84 896.00 1.312900
65 52 861.00 1.262333
66 38 1439.00 2.107417
66 40 893.00 1.307767
66 64 903.00 1.323817
67 40 907.00 1.329067
67 74 2786.00 2.040150
67 96 1803.00 1.320400
68 43 1818.00 1.331883
69 135 891.00 0.652850
69 75 2809.00 2.057000
70 47 1400.00 2.050783
70 86 1385.00 2.029683
70 71 1816.00 1.330367
71 46 1386.00 2.030233
71 82 1389.00 2.035067
71 72 1804.00 1.321383
72 45 1406.00 2.059083
72 92 1382.00 2.024300
72 14 1794.00 1.313833
73 68 2821.00 2.065867
73 97 1822.00 1.334517
74 41 894.00 1.310550
74 73 2797.00 2.048200
74 98 907.00 1.328500
75 76 2782.00 2.037083
75 42 1748.00 1.280550
76 41 898.00 1.315117
76 63 904.00 1.324333
76 66 2777.00 2.033900
77 111 419.00 0.614783
77 108 1395.00 2.043250
77 98 896.00 1.312467
77 99 1328.00 1.944967
78 79 1283.00 1.879067
79 54 1309.00 1.918350
79 78 1283.00 1.879067
79 83 883.00 1.294333
79 130 353.00 0.518117
80 84 907.00 1.329500
80 91 907.00 1.329700
80 81 1394.00 2.042000
80 119 1419.00 2.078867
81 80 1394.00 2.042000
81 85 900.00 1.319150
81 123 907.00 1.329317
81 82 1409.00 2.064867
82 71 1389.00 2.035067
82 81 1409.00 2.064867
82 117 914.00 0.669800
83 53 1311.00 1.920250
83 79 883.00 1.294333
83 115 607.00 0.889000
83 150 798.00 1.169250
84 36 1416.00 2.074733
84 64 896.00 1.312900
84 80 907.00 1.329500
84 85 1398.00 2.048250
85 63 905.00 1.326467
85 81 900.00 1.319150
85 84 1398.00 2.048250
85 116 462.00 0.678017
86 70 1385.00 2.029683
86 62 1807.00 1.323767
86 116 941.00 1.379233
87 39 711.00 1.041633
87 94 549.00 0.804417
87 95 744.00 1.089833
88 89 456.00 0.668617
89 21 882.00 1.292600
89 88 456.00 0.668617
89 90 1513.00 2.215817
89 93 565.00 0.828267
90 20 882.00 1.292717
90 89 1513.00 2.215817
90 132 580.00 0.850700
90 130 552.00 0.808550
91 17 908.00 1.330050
91 80 907.00 1.329700
91 123 1392.00 2.039250
91 134 713.00 1.045417
92 72 1382.00 2.024300
92 123 1400.00 2.050683
92 82 1802.00 1.319600
93 89 565.00 0.828267
94 27 892.00 1.306367
94 87 549.00 0.804417
94 114 941.00 1.378600
95 50 261.00 0.383650
95 87 744.00 1.089833
96 67 1803.00 1.320400
96 140 297.00 0.217900
97 98 2773.00 2.030767
97 108 1796.00 1.315367
97 109 2824.00 2.068483
98 74 907.00 1.328500
98 77 896.00 1.312467
98 96 2778.00 2.034417
99 77 1328.00 1.944967
99 106 723.00 1.059900
100 29 349.00 0.170367
101 102 264.00 0.193583
101 138 2468.00 1.205233
102 101 264.00 0.193583
102 139 504.00 0.738467
102 109 2770.00 2.028683
103 109 1786.00 1.308400
103 112 1033.00 1.512817
103 108 1413.00 2.069300
104 103 1812.00 1.326967
104 107 508.00 0.745250
104 106 1424.00 2.085517
105 110 1403.00 2.055783
106 99 723.00 1.059900
106 104 1424.00 2.085517
106 105 1801.00 1.319300
107 104 508.00 0.745250
107 112 3133.00 1.529600
108 77 1395.00 2.043250
108 103 1413.00 2.069300
108 106 1817.00 1.330750
109 97 2824.00 2.068483
109 102 2770.00 2.028683
109 68 1811.00 1.326533
110 105 1403.00 2.055783
110 147 170.00 0.083017
111 77 419.00 0.614783
112 103 1033.00 1.512817
112 101 3024.00 1.476450
113 11 895.00 1.311617
113 34 595.00 0.871900
113 60 1380.00 2.021000
114 94 941.00 1.378600
114 141 237.00 0.174133
115 83 607.00 0.889000
116 85 462.00 0.678017
116 86 941.00 1.379233
116 117 1371.00 2.008583
117 116 1371.00 2.008583
117 86 908.00 0.665533
118 18 899.00 1.317583
118 134 699.00 1.025067
118 127 680.00 0.996983
118 119 895.00 1.310850
119 36 894.00 1.310067
119 80 1419.00 2.078867
119 118 895.00 1.310850
119 128 686.00 1.006033
120 20 884.00 1.294867
120 121 3015.00 2.207783
121 21 910.00 1.333233
121 122 2716.00 1.989100
122 0 2832.00 2.073900
123 16 898.00 1.315833
123 81 907.00 1.329317
123 91 1392.00 2.039250
123 92 1400.00 2.050683
124 22 1454.00 1.065367
124 23 306.00 0.224667
124 146 362.00 0.530650
125 150 736.00 1.078767
126 28 573.00 0.840583
126 44 550.00 0.806583
126 149 594.00 0.869967
127 55 703.00 1.030267
127 118 680.00 0.996983
127 128 892.00 1.307083
128 54 683.00 1.000400
128 119 686.00 1.006033
128 127 892.00 1.307083
129 54 369.00 0.540917
129 55 536.00 0.785050
129 130 1305.00 1.911567
130 79 353.00 0.518117
130 90 552.00 0.808550
130 129 1305.00 1.911567
131 19 1457.00 1.067567
131 20 1120.00 0.820583
131 132 869.00 1.273317
132 55 717.00 1.050433
132 90 580.00 0.850700
132 131 869.00 1.273317
133 17 1437.00 1.052250
133 18 1387.00 1.016300
133 134 897.00 1.314083
134 91 713.00 1.045417
134 118 699.00 1.025067
134 133 897.00 1.314083
135 61 966.00 0.707550
135 136 1404.00 2.056717
136 135 1404.00 2.056717
136 75 876.00 0.641733
137 50 1133.00 1.660617
138 28 3572.00 1.743733
139 102 504.00 0.738467
140 143 385.00 0.564533
140 25 1500.00 1.098733
141 67 2008.00 1.470383
141 142 927.00 1.358117
142 143 78.00 0.115050
142 96 304.00 0.445700
143 142 78.00 0.115050
143 114 919.00 1.347133
144 125 1378.00 2.018083
145 144 1415.00 2.073567
146 145 1067.00 1.563917
147 104 1712.00 1.253650
147 107 2951.00 1.440817
148 9 3426.00 2.508917
149 126 594.00 0.869967
150 83 798.00 1.169250
