0 1 300.00 0.032977
1 80 300.00 0.011130
2 3 300.00 0.177217
3 47 300.00 0.380987
4 5 300.00 0.128763
4 6 300.00 0.381710
5 70 300.00 0.138853
5 71 300.00 0.193540
6 4 300.00 0.381710
6 72 300.00 0.306237
6 85 300.00 0.289867
7 8 300.00 0.774963
7 65 300.00 0.272110
7 130 300.00 0.353020
7 139 300.00 0.175123
8 7 300.00 0.774963
9 10 300.00 0.163630
9 426 300.00 0.101303
9 649 300.00 0.224543
10 9 300.00 0.163630
11 12 300.00 0.096590
11 405 300.00 0.169523
11 664 300.00 0.245387
12 11 300.00 0.096590
12 13 300.00 0.546003
12 14 300.00 0.272767
13 12 300.00 0.546003
13 433 300.00 0.560583
13 665 300.00 0.099837
13 437 300.00 0.167047
14 12 300.00 0.272767
14 429 300.00 0.095500
14 430 300.00 0.552157
15 16 300.00 0.170183
15 24 300.00 0.098020
15 635 300.00 0.230210
16 15 300.00 0.170183
16 17 300.00 0.093130
16 18 300.00 0.555020
17 16 300.00 0.093130
17 425 300.00 0.151893
17 637 300.00 0.216807
18 16 300.00 0.555020
18 26 300.00 0.554597
18 447 300.00 0.098377
18 448 300.00 0.096023
19 20 300.00 0.265360
19 408 300.00 0.262553
19 415 300.00 0.557020
19 431 300.00 0.507457
20 19 300.00 0.265360
20 21 300.00 0.273033
20 22 300.00 0.553897
21 20 300.00 0.273033
21 458 300.00 0.267980
21 613 300.00 0.462173
22 415 300.00 0.268027
22 443 300.00 0.272413
22 420 300.00 0.554233
23 24 300.00 0.550907
23 32 300.00 0.551513
23 451 300.00 0.094530
23 452 300.00 0.093370
24 23 300.00 0.550907
24 25 300.00 0.164017
24 15 300.00 0.098020
25 24 300.00 0.164017
25 460 300.00 0.090207
25 628 300.00 0.221553
26 27 300.00 0.555713
26 18 300.00 0.554597
26 641 300.00 0.099687
26 644 300.00 0.094443
27 26 300.00 0.555713
27 28 300.00 0.558263
27 29 300.00 0.161750
27 30 300.00 0.099043
28 27 300.00 0.558263
28 446 300.00 0.269700
28 463 300.00 0.553697
28 464 300.00 0.263550
29 27 300.00 0.161750
29 436 300.00 0.103407
29 653 300.00 0.238043
30 27 300.00 0.099043
30 31 300.00 0.165777
30 655 300.00 0.247857
31 32 300.00 0.558133
31 464 300.00 0.560977
31 471 300.00 0.103787
31 30 300.00 0.165777
32 31 300.00 0.558133
32 23 300.00 0.551513
32 33 300.00 0.091910
32 34 300.00 0.097933
33 32 300.00 0.091910
33 641 300.00 0.073997
33 654 300.00 0.230083
34 32 300.00 0.097933
34 478 300.00 0.076987
34 633 300.00 0.229143
35 36 300.00 0.616943
35 211 300.00 0.196593
35 212 300.00 0.275043
35 203 300.00 0.135303
36 35 300.00 0.616943
37 38 300.00 0.173080
38 37 300.00 0.173080
38 39 300.00 0.558533
38 40 300.00 0.262440
38 41 300.00 0.266343
39 38 300.00 0.558533
39 477 300.00 0.263390
39 499 300.00 0.556850
39 507 300.00 0.264680
40 38 300.00 0.262440
40 507 300.00 0.554950
40 242 300.00 0.514443
40 524 300.00 0.274117
41 38 300.00 0.266343
41 473 300.00 0.268280
41 477 300.00 0.566797
41 498 300.00 0.540810
42 43 300.00 0.098797
42 509 300.00 0.166827
42 662 300.00 0.233140
43 42 300.00 0.098797
43 44 300.00 0.256777
43 45 300.00 0.270523
43 46 300.00 0.555560
44 43 300.00 0.256777
44 578 300.00 0.179977
44 527 300.00 0.558900
44 515 300.00 0.571407
45 43 300.00 0.270523
45 513 300.00 0.298480
45 625 300.00 0.129433
46 43 300.00 0.555560
46 521 300.00 0.553387
46 527 300.00 0.244450
46 516 300.00 0.180020
47 3 300.00 0.380987
47 50 300.00 0.274157
48 49 300.00 0.202803
48 2 300.00 0.472460
49 50 300.00 0.774547
49 53 300.00 0.277163
50 51 300.00 0.266407
51 52 300.00 0.268347
51 53 300.00 0.776770
52 54 300.00 0.499850
52 55 300.00 0.263607
53 51 300.00 0.776770
53 49 300.00 0.277163
53 70 300.00 0.556917
53 78 300.00 0.201803
54 52 300.00 0.499850
54 86 300.00 0.132490
54 56 300.00 0.276620
55 56 300.00 0.438630
55 57 300.00 0.265040
56 55 300.00 0.438630
56 99 300.00 0.119133
56 54 300.00 0.276620
56 58 300.00 0.298093
57 58 300.00 0.304990
57 59 300.00 0.261657
58 57 300.00 0.304990
58 105 300.00 0.104157
58 56 300.00 0.298093
58 61 300.00 0.280687
59 60 300.00 0.029087
59 61 300.00 0.225380
60 685 300.00 0.185080
61 58 300.00 0.280687
61 682 300.00 0.117873
61 684 300.00 0.034250
62 63 300.00 0.234343
62 123 300.00 0.538113
62 683 300.00 0.270153
63 62 300.00 0.234343
63 64 300.00 0.263943
64 66 300.00 0.774913
64 69 300.00 0.262887
65 7 300.00 0.272110
65 66 300.00 0.263627
65 67 300.00 0.436510
65 68 300.00 0.588063
66 65 300.00 0.263627
66 123 300.00 0.270117
66 119 300.00 0.526673
66 64 300.00 0.774913
67 65 300.00 0.436510
67 119 300.00 0.282800
67 124 300.00 0.114270
67 130 300.00 0.280337
68 65 300.00 0.588063
68 69 300.00 0.177127
68 693 300.00 0.126027
69 8 300.00 0.269877
69 68 300.00 0.177127
70 5 300.00 0.138853
70 53 300.00 0.556917
70 681 300.00 0.200120
71 48 300.00 0.174940
72 73 300.00 0.163263
72 82 300.00 0.266287
72 76 300.00 0.366503
72 6 300.00 0.306237
73 72 300.00 0.163263
73 4 300.00 0.490857
74 75 300.00 0.196310
74 77 300.00 0.455463
74 82 300.00 0.554933
74 83 300.00 0.265877
75 74 300.00 0.196310
75 76 300.00 0.197560
76 687 300.00 0.070303
76 72 300.00 0.366503
77 75 300.00 0.488337
77 74 300.00 0.455463
78 53 300.00 0.201803
78 87 300.00 0.059520
78 681 300.00 0.561883
79 80 300.00 0.515593
79 93 300.00 0.054070
79 725 300.00 0.208157
80 79 300.00 0.515593
80 81 300.00 0.277103
81 725 300.00 0.216767
82 74 300.00 0.554933
82 84 300.00 0.255930
82 72 300.00 0.266287
82 85 300.00 0.268917
83 74 300.00 0.265877
83 93 300.00 0.554657
83 84 300.00 0.552300
83 94 300.00 0.255810
84 82 300.00 0.255930
84 83 300.00 0.552300
84 97 300.00 0.353147
84 98 300.00 0.270893
85 82 300.00 0.268917
85 6 300.00 0.289867
85 97 300.00 0.260703
86 87 300.00 0.148183
86 54 300.00 0.132490
86 99 300.00 0.281313
87 86 300.00 0.148183
87 88 300.00 0.073957
87 78 300.00 0.059520
88 87 300.00 0.073957
88 95 300.00 0.189393
88 92 300.00 0.556373
89 90 300.00 0.154020
89 95 300.00 0.556970
89 96 300.00 0.266600
89 92 300.00 0.196113
90 89 300.00 0.154020
90 91 300.00 0.265200
90 92 300.00 0.316157
91 90 300.00 0.265200
91 97 300.00 0.089907
91 103 300.00 0.011020
92 90 300.00 0.316157
92 89 300.00 0.196113
92 681 300.00 0.129730
92 88 300.00 0.556373
93 83 300.00 0.554657
93 102 300.00 0.272567
93 79 300.00 0.054070
94 83 300.00 0.255810
94 101 300.00 0.036230
94 102 300.00 0.559357
95 89 300.00 0.556970
95 99 300.00 0.214203
95 100 300.00 0.270897
95 88 300.00 0.189393
96 89 300.00 0.266600
96 103 300.00 0.104160
96 100 300.00 0.554920
97 84 300.00 0.353147
97 91 300.00 0.089907
97 108 300.00 0.346373
97 85 300.00 0.260703
98 84 300.00 0.270893
98 94 300.00 0.552630
98 104 300.00 0.026230
99 95 300.00 0.214203
99 86 300.00 0.281313
99 56 300.00 0.119133
99 105 300.00 0.301900
100 95 300.00 0.270897
100 96 300.00 0.554920
100 105 300.00 0.364467
100 106 300.00 0.257947
101 94 300.00 0.036230
101 115 300.00 0.266603
101 104 300.00 0.552953
102 94 300.00 0.559357
102 349 300.00 0.276007
102 93 300.00 0.272567
103 96 300.00 0.104160
103 107 300.00 0.356077
103 91 300.00 0.011020
104 98 300.00 0.026230
104 121 300.00 0.263300
104 686 300.00 0.391750
105 100 300.00 0.364467
105 99 300.00 0.301900
105 58 300.00 0.104157
105 682 300.00 0.279950
106 100 300.00 0.257947
106 107 300.00 0.424153
106 110 300.00 0.027533
107 108 300.00 0.134907
107 109 300.00 0.031283
107 103 300.00 0.356077
108 97 300.00 0.346373
108 688 300.00 0.156703
108 689 300.00 0.029740
109 107 300.00 0.031283
109 117 300.00 0.283017
109 536 300.00 0.230887
110 106 300.00 0.027533
110 123 300.00 0.260233
110 683 300.00 0.445630
111 112 300.00 0.540573
111 126 300.00 0.317980
111 349 300.00 0.286127
112 111 300.00 0.540573
112 113 300.00 0.552360
112 114 300.00 0.262763
112 115 300.00 0.269153
113 112 300.00 0.552360
113 120 300.00 0.264030
113 121 300.00 0.264870
113 122 300.00 0.447297
114 112 300.00 0.262763
114 125 300.00 0.257890
114 126 300.00 0.349020
114 120 300.00 0.566567
115 112 300.00 0.269153
115 121 300.00 0.553810
115 101 300.00 0.266603
115 349 300.00 0.561277
116 117 300.00 0.333510
116 123 300.00 0.188513
116 536 300.00 0.259490
117 116 300.00 0.333510
117 118 300.00 0.090857
117 119 300.00 0.275223
117 109 300.00 0.283017
118 117 300.00 0.090857
118 122 300.00 0.266233
118 121 300.00 0.490323
118 689 300.00 0.266807
119 117 300.00 0.275223
119 66 300.00 0.526673
119 67 300.00 0.282800
120 113 300.00 0.264030
120 114 300.00 0.566567
120 127 300.00 0.258707
120 124 300.00 0.557430
121 113 300.00 0.264870
121 115 300.00 0.553810
121 104 300.00 0.263300
121 118 300.00 0.490323
122 113 300.00 0.447297
122 124 300.00 0.299873
122 118 300.00 0.266233
123 116 300.00 0.188513
123 62 300.00 0.538113
123 66 300.00 0.270117
123 110 300.00 0.260233
124 122 300.00 0.299873
124 120 300.00 0.557430
124 67 300.00 0.114270
124 136 300.00 0.282100
125 114 300.00 0.257890
125 128 300.00 0.031030
125 129 300.00 0.220480
126 114 300.00 0.349020
126 129 300.00 0.296477
126 111 300.00 0.317980
127 120 300.00 0.258707
127 131 300.00 0.029927
127 125 300.00 0.554273
128 125 300.00 0.031030
128 133 300.00 0.256317
128 131 300.00 0.555237
129 721 300.00 0.022457
129 722 300.00 0.033493
129 126 300.00 0.296477
130 67 300.00 0.280337
130 135 300.00 0.173177
130 136 300.00 0.086560
130 7 300.00 0.353020
131 127 300.00 0.029927
131 132 300.00 0.270213
131 690 300.00 0.045623
132 133 300.00 0.558957
132 137 300.00 0.254680
132 131 300.00 0.270213
132 138 300.00 0.639523
133 132 300.00 0.558957
133 134 300.00 0.271343
133 128 300.00 0.256317
134 133 300.00 0.271343
134 140 300.00 0.190957
134 141 300.00 0.259090
135 130 300.00 0.173177
135 142 300.00 0.110457
135 139 300.00 0.336690
136 130 300.00 0.086560
136 124 300.00 0.282100
136 690 300.00 0.622530
136 138 300.00 0.291973
137 132 300.00 0.254680
137 145 300.00 0.263857
137 146 300.00 0.665663
137 147 300.00 0.189130
138 132 300.00 0.639523
138 142 300.00 0.114957
138 136 300.00 0.291973
138 152 300.00 0.269200
139 7 300.00 0.175123
139 143 300.00 0.106580
139 135 300.00 0.336690
140 134 300.00 0.190957
140 150 300.00 0.260913
140 147 300.00 0.172257
141 134 300.00 0.259090
141 150 300.00 0.184497
141 151 300.00 0.232110
142 135 300.00 0.110457
142 143 300.00 0.336683
142 138 300.00 0.114957
142 144 300.00 0.268050
143 142 300.00 0.336683
143 148 300.00 0.662563
143 149 300.00 0.268097
143 139 300.00 0.106580
144 142 300.00 0.268050
144 149 300.00 0.280220
144 152 300.00 0.112977
144 154 300.00 0.306140
145 137 300.00 0.263857
145 155 300.00 0.204520
145 156 300.00 0.034070
146 137 300.00 0.665663
146 152 300.00 0.035623
146 153 300.00 0.279783
147 137 300.00 0.189130
147 140 300.00 0.172257
147 155 300.00 0.260000
148 143 300.00 0.662563
149 143 300.00 0.268097
149 144 300.00 0.280220
149 158 300.00 0.074530
150 141 300.00 0.184497
150 155 300.00 0.168220
150 140 300.00 0.260913
151 141 300.00 0.232110
151 440 300.00 0.056757
151 177 300.00 0.578327
152 146 300.00 0.035623
152 144 300.00 0.112977
152 138 300.00 0.269200
152 173 300.00 0.346233
153 146 300.00 0.279783
153 156 300.00 0.643407
153 160 300.00 0.317280
153 161 300.00 0.157740
154 144 300.00 0.306140
154 166 300.00 0.248987
154 165 300.00 0.131140
155 145 300.00 0.204520
155 150 300.00 0.168220
155 147 300.00 0.260000
156 145 300.00 0.034070
156 153 300.00 0.643407
156 157 300.00 0.272433
157 156 300.00 0.272433
157 162 300.00 0.255620
157 160 300.00 0.620067
158 149 300.00 0.074530
158 159 300.00 0.143207
159 158 300.00 0.143207
159 165 300.00 0.020367
159 694 300.00 0.347180
160 153 300.00 0.317280
160 157 300.00 0.620067
160 167 300.00 0.257393
160 168 300.00 0.518790
161 153 300.00 0.157740
161 692 300.00 0.140343
161 173 300.00 0.075063
162 157 300.00 0.255620
162 170 300.00 0.275073
162 167 300.00 0.597283
162 171 300.00 0.464360
163 164 300.00 0.330850
163 697 300.00 0.094897
163 694 300.00 0.129793
163 695 300.00 0.118860
164 163 300.00 0.330850
164 165 300.00 0.111303
164 166 300.00 0.117937
165 164 300.00 0.111303
165 159 300.00 0.020367
165 154 300.00 0.131140
166 164 300.00 0.117937
166 154 300.00 0.248987
166 168 300.00 0.153080
166 169 300.00 0.317573
167 160 300.00 0.257393
167 162 300.00 0.597283
167 174 300.00 0.529930
167 175 300.00 0.267487
168 160 300.00 0.518790
168 166 300.00 0.153080
168 172 300.00 0.575437
168 173 300.00 0.424157
168 174 300.00 0.268180
169 166 300.00 0.317573
169 695 300.00 0.035807
169 696 300.00 0.106030
170 162 300.00 0.275073
170 176 300.00 0.272070
170 175 300.00 0.577287
170 177 300.00 0.535237
171 162 300.00 0.464360
172 168 300.00 0.575437
172 178 300.00 0.201567
172 184 300.00 0.377007
173 168 300.00 0.424157
173 152 300.00 0.346233
173 161 300.00 0.075063
174 168 300.00 0.268180
174 167 300.00 0.529930
174 178 300.00 0.560250
174 179 300.00 0.274483
175 167 300.00 0.267487
175 170 300.00 0.577287
175 180 300.00 0.274167
175 179 300.00 0.536020
176 170 300.00 0.272070
176 181 300.00 0.280390
176 182 300.00 0.508460
177 170 300.00 0.535237
177 151 300.00 0.578327
177 182 300.00 0.279477
178 174 300.00 0.560250
178 183 300.00 0.275843
178 172 300.00 0.201567
178 184 300.00 0.318620
179 174 300.00 0.274483
179 175 300.00 0.536020
179 183 300.00 0.554533
179 185 300.00 0.266227
180 175 300.00 0.274167
180 186 300.00 0.269363
180 176 300.00 0.560673
181 176 300.00 0.280390
181 189 300.00 0.265157
181 186 300.00 0.573283
182 714 300.00 0.275963
182 439 300.00 0.065120
182 177 300.00 0.279477
183 178 300.00 0.275843
183 179 300.00 0.554533
183 190 300.00 0.272093
183 188 300.00 0.569357
184 178 300.00 0.318620
184 187 300.00 0.247880
184 172 300.00 0.377007
185 179 300.00 0.266227
185 180 300.00 0.557010
185 191 300.00 0.266703
186 180 300.00 0.269363
186 192 300.00 0.274447
186 191 300.00 0.556907
187 188 300.00 0.245180
187 184 300.00 0.247880
188 183 300.00 0.569357
188 193 300.00 0.273233
189 181 300.00 0.265157
189 704 300.00 0.168847
189 709 300.00 0.342460
189 201 300.00 0.119083
190 183 300.00 0.272093
190 194 300.00 0.368867
190 195 300.00 0.270707
191 185 300.00 0.266703
191 195 300.00 0.559477
191 196 300.00 0.273337
192 186 300.00 0.274447
192 207 300.00 0.260953
192 708 300.00 0.133007
192 196 300.00 0.558490
193 197 300.00 0.269653
193 190 300.00 0.571490
194 728 300.00 0.219083
194 185 300.00 0.183437
195 190 300.00 0.270707
195 204 300.00 0.389063
195 205 300.00 0.269563
196 191 300.00 0.273337
196 208 300.00 0.272547
196 192 300.00 0.558490
196 205 300.00 0.567183
197 210 300.00 0.266057
198 199 300.00 0.040910
198 202 300.00 0.151583
198 203 300.00 0.132903
199 198 300.00 0.040910
199 200 300.00 0.545913
199 201 300.00 0.147073
200 199 300.00 0.545913
200 709 300.00 0.126630
200 201 300.00 0.374163
201 199 300.00 0.147073
201 189 300.00 0.119083
201 200 300.00 0.374163
202 198 300.00 0.151583
202 704 300.00 0.270967
202 706 300.00 0.124147
202 211 300.00 0.269487
203 198 300.00 0.132903
203 35 300.00 0.135303
203 703 300.00 0.479517
204 711 300.00 0.267417
204 197 300.00 0.177843
205 195 300.00 0.269563
205 214 300.00 0.264603
205 711 300.00 0.378047
205 196 300.00 0.567183
206 207 300.00 0.141217
206 708 300.00 0.261610
206 215 300.00 0.268120
206 706 300.00 0.115790
207 206 300.00 0.141217
207 208 300.00 0.560180
207 209 300.00 0.269653
207 192 300.00 0.260953
208 207 300.00 0.560180
208 213 300.00 0.260803
208 214 300.00 0.564147
208 196 300.00 0.272547
209 207 300.00 0.269653
209 215 300.00 0.138467
209 213 300.00 0.565607
209 216 300.00 0.277967
210 711 300.00 0.182813
210 217 300.00 0.269293
211 35 300.00 0.196593
211 202 300.00 0.269487
211 707 300.00 0.076787
212 35 300.00 0.275043
212 219 300.00 0.873340
212 216 300.00 0.529800
212 220 300.00 0.273653
213 208 300.00 0.260803
213 209 300.00 0.565607
213 218 300.00 0.561533
213 221 300.00 0.268180
214 208 300.00 0.564147
214 217 300.00 0.566413
214 218 300.00 0.268087
214 205 300.00 0.264603
215 209 300.00 0.138467
215 707 300.00 0.113390
215 206 300.00 0.268120
216 209 300.00 0.277967
216 212 300.00 0.529800
216 221 300.00 0.571470
216 223 300.00 0.260480
217 214 300.00 0.566413
217 222 300.00 0.262610
218 214 300.00 0.268087
218 213 300.00 0.561533
218 222 300.00 0.571723
218 226 300.00 0.270567
219 212 300.00 0.873340
219 713 300.00 0.053353
219 710 300.00 0.839077
219 224 300.00 0.456250
220 212 300.00 0.273653
220 223 300.00 0.540160
220 224 300.00 0.680777
220 225 300.00 0.167853
221 213 300.00 0.268180
221 216 300.00 0.571470
221 226 300.00 0.544093
221 232 300.00 0.266693
222 218 300.00 0.571723
222 236 300.00 0.273250
223 216 300.00 0.260480
223 220 300.00 0.540160
223 232 300.00 0.563793
223 235 300.00 0.266893
224 220 300.00 0.680777
224 219 300.00 0.456250
224 231 300.00 0.133660
225 220 300.00 0.167853
225 227 300.00 0.094153
225 231 300.00 0.671783
226 218 300.00 0.270567
226 221 300.00 0.544093
226 236 300.00 0.578553
226 238 300.00 0.272190
227 228 300.00 0.661187
227 235 300.00 0.550067
227 225 300.00 0.094153
227 233 300.00 0.116050
228 227 300.00 0.661187
228 229 300.00 0.118603
228 230 300.00 0.233247
228 231 300.00 0.122843
229 228 300.00 0.118603
229 233 300.00 0.646357
229 234 300.00 0.160287
230 228 300.00 0.233247
230 244 300.00 0.548880
230 242 300.00 0.171477
230 713 300.00 0.531977
231 228 300.00 0.122843
231 224 300.00 0.133660
231 225 300.00 0.671783
232 221 300.00 0.266693
232 223 300.00 0.563793
232 238 300.00 0.552720
232 241 300.00 0.267603
233 229 300.00 0.646357
233 227 300.00 0.116050
233 240 300.00 0.159940
234 229 300.00 0.160287
234 237 300.00 0.198120
234 239 300.00 0.268813
234 240 300.00 0.638097
235 223 300.00 0.266893
235 227 300.00 0.550067
235 241 300.00 0.570317
235 248 300.00 0.274583
236 226 300.00 0.578553
236 246 300.00 0.263860
237 234 300.00 0.198120
238 226 300.00 0.272190
238 232 300.00 0.552720
238 246 300.00 0.575907
238 247 300.00 0.265707
239 234 300.00 0.268813
239 249 300.00 0.635177
239 252 300.00 0.271157
239 244 300.00 0.319163
240 234 300.00 0.638097
240 233 300.00 0.159940
240 248 300.00 0.560580
240 249 300.00 0.262917
241 232 300.00 0.267603
241 247 300.00 0.554697
241 257 300.00 0.270730
241 235 300.00 0.570317
242 243 300.00 0.516163
242 40 300.00 0.514443
242 230 300.00 0.171477
243 242 300.00 0.516163
243 244 300.00 0.068360
243 245 300.00 0.519473
244 243 300.00 0.068360
244 239 300.00 0.319163
244 230 300.00 0.548880
244 261 300.00 0.528020
245 243 300.00 0.519473
245 524 300.00 0.247137
245 526 300.00 0.568087
246 238 300.00 0.575907
246 253 300.00 0.270403
247 238 300.00 0.265707
247 241 300.00 0.554697
247 253 300.00 0.563577
247 255 300.00 0.269530
248 240 300.00 0.560580
248 257 300.00 0.572207
248 235 300.00 0.274583
248 250 300.00 0.271723
249 240 300.00 0.262917
249 239 300.00 0.635177
249 250 300.00 0.555593
249 251 300.00 0.270453
250 249 300.00 0.555593
250 258 300.00 0.584457
250 248 300.00 0.271723
250 264 300.00 0.262057
251 249 300.00 0.270453
251 252 300.00 0.635067
251 263 300.00 0.256860
251 264 300.00 0.561043
252 239 300.00 0.271157
252 254 300.00 0.366807
252 251 300.00 0.635067
252 256 300.00 0.256873
253 247 300.00 0.563577
253 262 300.00 0.266533
254 252 300.00 0.366807
255 247 300.00 0.269530
255 257 300.00 0.553287
255 265 300.00 0.273563
255 262 300.00 0.561737
256 252 300.00 0.256873
256 259 300.00 0.579747
256 266 300.00 0.466843
256 267 300.00 0.268773
257 255 300.00 0.553287
257 258 300.00 0.268923
257 241 300.00 0.270730
257 248 300.00 0.572207
258 257 300.00 0.268923
258 265 300.00 0.557853
258 268 300.00 0.268373
258 250 300.00 0.584457
259 256 300.00 0.579747
259 260 300.00 0.136843
259 261 300.00 0.110940
260 259 300.00 0.136843
260 275 300.00 0.141690
260 611 300.00 0.362750
261 259 300.00 0.110940
261 575 300.00 0.799040
261 244 300.00 0.528020
261 611 300.00 0.398303
262 255 300.00 0.561737
262 269 300.00 0.270437
263 251 300.00 0.256860
263 266 300.00 0.158780
263 271 300.00 0.269080
263 272 300.00 0.566643
264 251 300.00 0.561043
264 268 300.00 0.567183
264 250 300.00 0.262057
264 272 300.00 0.266627
265 255 300.00 0.273563
265 258 300.00 0.557853
265 269 300.00 0.556793
265 273 300.00 0.263170
266 256 300.00 0.466843
266 270 300.00 0.264873
266 263 300.00 0.158780
267 256 300.00 0.268773
267 274 300.00 0.291687
267 275 300.00 0.529923
267 276 300.00 0.362577
268 258 300.00 0.268373
268 264 300.00 0.567183
268 273 300.00 0.564680
268 277 300.00 0.267510
269 265 300.00 0.556793
269 278 300.00 0.271267
270 266 300.00 0.264873
270 274 300.00 0.172773
270 271 300.00 0.160207
271 263 300.00 0.269080
271 270 300.00 0.160207
271 279 300.00 0.155317
271 280 300.00 0.567543
272 263 300.00 0.566643
272 277 300.00 0.565527
272 280 300.00 0.273157
272 264 300.00 0.266627
273 265 300.00 0.263170
273 268 300.00 0.564680
273 278 300.00 0.562897
273 281 300.00 0.268997
274 267 300.00 0.291687
274 270 300.00 0.172773
274 556 300.00 0.223913
275 267 300.00 0.529923
275 553 300.00 0.108930
275 260 300.00 0.141690
276 267 300.00 0.362577
276 553 300.00 0.232810
276 677 300.00 0.238043
277 268 300.00 0.267510
277 272 300.00 0.565527
277 282 300.00 0.117407
277 281 300.00 0.557860
278 273 300.00 0.562897
278 287 300.00 0.265203
279 271 300.00 0.155317
279 283 300.00 0.045297
279 284 300.00 0.273997
280 271 300.00 0.567543
280 272 300.00 0.273157
280 285 300.00 0.555907
280 286 300.00 0.269090
281 273 300.00 0.268997
281 277 300.00 0.557860
281 287 300.00 0.574370
281 288 300.00 0.305653
282 277 300.00 0.117407
282 285 300.00 0.147090
282 712 300.00 0.219547
283 279 300.00 0.045297
283 556 300.00 0.273770
283 680 300.00 0.176823
284 279 300.00 0.273997
285 280 300.00 0.555907
285 289 300.00 0.162583
285 282 300.00 0.147090
285 290 300.00 0.351540
286 280 300.00 0.269090
286 291 300.00 0.256210
286 292 300.00 0.072997
286 293 300.00 0.452780
287 281 300.00 0.574370
288 281 300.00 0.305653
288 310 300.00 0.099807
288 309 300.00 0.113897
289 285 300.00 0.162583
289 299 300.00 0.085740
289 306 300.00 0.100450
290 285 300.00 0.351540
291 286 300.00 0.256210
291 300 300.00 0.415757
291 301 300.00 0.118850
291 302 300.00 0.239083
292 286 300.00 0.072997
292 294 300.00 0.152287
292 295 300.00 0.405267
293 286 300.00 0.452780
293 295 300.00 0.112677
293 300 300.00 0.125597
293 316 300.00 0.664847
294 292 300.00 0.152287
294 296 300.00 0.385463
294 297 300.00 0.113720
295 292 300.00 0.405267
295 296 300.00 0.142943
295 293 300.00 0.112677
296 294 300.00 0.385463
296 295 300.00 0.142943
297 294 300.00 0.113720
297 298 300.00 0.489347
297 299 300.00 0.183160
298 297 300.00 0.489347
298 303 300.00 0.176697
298 322 300.00 0.172600
299 297 300.00 0.183160
299 303 300.00 0.422097
299 289 300.00 0.085740
300 291 300.00 0.415757
300 293 300.00 0.125597
300 317 300.00 0.062913
301 291 300.00 0.118850
301 304 300.00 0.038887
301 305 300.00 0.415023
302 557 300.00 0.330517
302 304 300.00 0.107713
303 299 300.00 0.422097
303 308 300.00 0.171733
303 298 300.00 0.176697
304 301 300.00 0.038887
304 307 300.00 0.100117
305 301 300.00 0.415023
305 317 300.00 0.056443
305 311 300.00 0.114807
306 289 300.00 0.100450
306 308 300.00 0.356233
306 309 300.00 0.341183
307 304 300.00 0.100117
307 311 300.00 0.363800
307 312 300.00 0.159193
308 306 300.00 0.356233
308 303 300.00 0.171733
308 318 300.00 0.174073
309 306 300.00 0.341183
309 288 300.00 0.113897
309 313 300.00 0.125503
310 288 300.00 0.099807
310 314 300.00 0.179177
311 307 300.00 0.363800
311 305 300.00 0.114807
311 321 300.00 0.017427
312 307 300.00 0.159193
312 325 300.00 0.295630
312 326 300.00 0.258923
313 309 300.00 0.125503
313 314 300.00 0.173560
313 315 300.00 0.174430
314 313 300.00 0.173560
314 310 300.00 0.179177
315 313 300.00 0.174430
315 319 300.00 0.179030
315 320 300.00 0.108853
316 293 300.00 0.664847
317 300 300.00 0.062913
317 305 300.00 0.056443
318 308 300.00 0.174073
318 320 300.00 0.253353
318 322 300.00 0.348677
319 315 300.00 0.179030
319 323 300.00 0.176100
320 315 300.00 0.108853
320 328 300.00 0.185867
320 318 300.00 0.253353
321 311 300.00 0.017427
321 326 300.00 0.101363
322 298 300.00 0.172600
322 318 300.00 0.348677
322 329 300.00 0.048410
323 319 300.00 0.176100
324 325 300.00 0.270610
324 558 300.00 0.261370
324 552 300.00 0.769417
325 324 300.00 0.270610
325 326 300.00 0.083477
325 327 300.00 0.245770
325 312 300.00 0.295630
326 325 300.00 0.083477
326 321 300.00 0.101363
326 312 300.00 0.258923
327 325 300.00 0.245770
327 547 300.00 0.146987
328 320 300.00 0.185867
328 542 300.00 0.577247
329 322 300.00 0.048410
329 542 300.00 0.131873
330 331 300.00 0.362320
330 335 300.00 0.552807
330 338 300.00 0.265350
330 339 300.00 0.564543
331 330 300.00 0.362320
331 0 300.00 0.543087
332 333 300.00 0.345913
332 334 300.00 0.273210
332 335 300.00 0.027993
333 332 300.00 0.345913
334 336 300.00 0.549450
334 340 300.00 0.023840
334 345 300.00 0.262440
335 332 300.00 0.027993
335 330 300.00 0.552807
336 334 300.00 0.549450
336 337 300.00 0.188350
337 336 300.00 0.188350
337 333 300.00 0.210047
338 330 300.00 0.265350
338 340 300.00 0.556630
338 344 300.00 0.261950
338 343 300.00 0.552400
339 330 300.00 0.564543
339 341 300.00 0.441673
339 342 300.00 0.271857
339 343 300.00 0.258530
340 334 300.00 0.023840
340 338 300.00 0.556630
340 335 300.00 0.273317
341 339 300.00 0.441673
341 720 300.00 0.032887
341 342 300.00 0.657687
342 339 300.00 0.271857
342 341 300.00 0.657687
342 724 300.00 0.082940
343 339 300.00 0.258530
343 338 300.00 0.552400
343 347 300.00 0.497063
343 348 300.00 0.269310
344 338 300.00 0.261950
344 346 300.00 0.555103
344 353 300.00 0.282040
344 348 300.00 0.562357
345 346 300.00 0.025787
345 350 300.00 0.275100
346 345 300.00 0.025787
346 344 300.00 0.555103
346 340 300.00 0.262817
347 343 300.00 0.497063
347 614 300.00 0.303387
347 720 300.00 0.267607
348 343 300.00 0.269310
348 344 300.00 0.562357
348 355 300.00 0.557883
348 356 300.00 0.276370
349 115 300.00 0.561277
349 720 300.00 0.073583
349 111 300.00 0.286127
349 102 300.00 0.276007
350 351 300.00 0.549767
350 354 300.00 0.030297
350 357 300.00 0.274380
351 350 300.00 0.549767
351 352 300.00 0.281360
352 351 300.00 0.281360
352 357 300.00 0.548120
352 358 300.00 0.259217
353 344 300.00 0.282040
353 354 300.00 0.554420
353 359 300.00 0.272327
353 356 300.00 0.558543
354 353 300.00 0.554420
354 350 300.00 0.030297
354 346 300.00 0.275023
355 348 300.00 0.557883
355 362 300.00 0.281890
355 614 300.00 0.076877
356 348 300.00 0.276370
356 353 300.00 0.558543
356 362 300.00 0.554727
356 363 300.00 0.270157
357 352 300.00 0.548120
357 360 300.00 0.272413
357 361 300.00 0.035270
358 352 300.00 0.259217
358 360 300.00 0.552107
358 364 300.00 0.266423
359 353 300.00 0.272327
359 361 300.00 0.561183
359 365 300.00 0.243737
359 363 300.00 0.550190
360 358 300.00 0.552107
360 368 300.00 0.260503
360 369 300.00 0.031483
361 357 300.00 0.035270
361 359 300.00 0.561183
361 354 300.00 0.275220
362 356 300.00 0.554727
362 355 300.00 0.281890
362 366 300.00 0.263880
362 367 300.00 0.212063
363 356 300.00 0.270157
363 359 300.00 0.550190
363 370 300.00 0.250170
363 366 300.00 0.551453
364 358 300.00 0.266423
364 382 300.00 0.029287
365 359 300.00 0.243737
365 715 300.00 0.563497
365 394 300.00 0.295863
365 370 300.00 0.550753
366 362 300.00 0.263880
366 363 300.00 0.551453
366 371 300.00 0.247397
367 362 300.00 0.212063
367 723 300.00 0.041413
368 375 300.00 0.021620
368 376 300.00 0.319593
369 360 300.00 0.031483
369 715 300.00 0.026710
370 363 300.00 0.250170
370 365 300.00 0.550753
370 718 300.00 0.279840
370 371 300.00 0.548273
371 366 300.00 0.247397
371 409 300.00 0.315793
371 370 300.00 0.548273
372 373 300.00 0.269687
372 384 300.00 0.131517
372 381 300.00 0.564787
372 377 300.00 0.267203
373 372 300.00 0.269687
373 374 300.00 0.572683
374 373 300.00 0.572683
374 381 300.00 0.268717
374 382 300.00 0.252230
374 383 300.00 0.544053
375 717 300.00 0.031747
375 383 300.00 0.267947
376 733 300.00 0.025663
376 364 300.00 0.233337
377 378 300.00 0.284760
377 372 300.00 0.267203
377 729 300.00 0.131983
378 377 300.00 0.284760
378 379 300.00 0.125333
378 380 300.00 0.144640
379 378 300.00 0.125333
379 388 300.00 0.129730
379 729 300.00 0.284017
380 378 300.00 0.144640
380 731 300.00 0.215443
381 374 300.00 0.268717
381 372 300.00 0.564787
381 390 300.00 0.240457
381 385 300.00 0.548890
382 374 300.00 0.252230
382 733 300.00 0.234193
382 364 300.00 0.029287
383 374 300.00 0.544053
383 385 300.00 0.249967
383 386 300.00 0.029783
384 372 300.00 0.131517
384 396 300.00 0.126863
384 729 300.00 0.268487
385 381 300.00 0.548890
385 398 300.00 0.263833
385 399 300.00 0.030577
386 383 300.00 0.029783
386 717 300.00 0.269083
387 388 300.00 0.145467
387 397 300.00 0.140243
387 730 300.00 0.262410
388 387 300.00 0.145467
388 389 300.00 0.263923
388 379 300.00 0.129730
389 388 300.00 0.263923
389 403 300.00 0.099713
390 381 300.00 0.240457
390 396 300.00 0.560867
390 404 300.00 0.269950
390 398 300.00 0.552840
391 392 300.00 0.551470
391 400 300.00 0.553563
391 401 300.00 0.271083
391 402 300.00 0.272117
392 391 300.00 0.551470
392 393 300.00 0.271093
392 394 300.00 0.271057
393 392 300.00 0.271093
393 414 300.00 0.259623
393 399 300.00 0.557243
394 392 300.00 0.271057
394 365 300.00 0.295863
394 718 300.00 0.533203
395 396 300.00 0.259857
395 410 300.00 0.097793
395 411 300.00 0.278353
396 395 300.00 0.259857
396 384 300.00 0.126863
396 390 300.00 0.560867
396 397 300.00 0.271093
397 396 300.00 0.271093
397 729 300.00 0.130397
397 387 300.00 0.140243
397 411 300.00 0.262247
398 390 300.00 0.552840
398 412 300.00 0.264880
398 413 300.00 0.030977
399 385 300.00 0.030577
399 386 300.00 0.249047
399 393 300.00 0.557243
400 391 300.00 0.553563
400 408 300.00 0.266223
400 409 300.00 0.264723
401 391 300.00 0.271083
401 408 300.00 0.542253
401 415 300.00 0.259537
402 391 300.00 0.272117
402 718 300.00 0.016167
402 409 300.00 0.550217
403 389 300.00 0.099713
403 417 300.00 0.076953
403 668 300.00 0.249337
404 390 300.00 0.269950
404 419 300.00 0.285657
404 395 300.00 0.555737
405 406 300.00 0.545827
405 11 300.00 0.169523
405 407 300.00 0.090957
406 416 300.00 0.099713
406 417 300.00 0.087667
406 418 300.00 0.568570
407 405 300.00 0.090957
407 667 300.00 0.205603
408 400 300.00 0.266223
408 401 300.00 0.542253
408 19 300.00 0.262553
409 400 300.00 0.264723
409 371 300.00 0.315793
409 402 300.00 0.550217
410 395 300.00 0.097793
410 418 300.00 0.169760
410 670 300.00 0.244797
411 397 300.00 0.262247
411 730 300.00 0.137897
412 422 300.00 0.271010
412 404 300.00 0.549047
413 398 300.00 0.030977
413 414 300.00 0.551507
413 399 300.00 0.264150
414 413 300.00 0.551507
414 420 300.00 0.268083
414 393 300.00 0.259623
414 415 300.00 0.557427
415 401 300.00 0.259537
415 414 300.00 0.557427
415 22 300.00 0.268027
415 19 300.00 0.557020
416 406 300.00 0.099713
416 665 300.00 0.073230
416 666 300.00 0.247520
417 406 300.00 0.087667
417 403 300.00 0.076953
417 669 300.00 0.244740
418 421 300.00 0.103543
418 410 300.00 0.169760
418 419 300.00 0.555873
419 404 300.00 0.285657
419 424 300.00 0.272030
419 422 300.00 0.546143
420 414 300.00 0.268083
420 428 300.00 0.274673
420 423 300.00 0.556070
421 418 300.00 0.103543
421 433 300.00 0.177457
421 671 300.00 0.215613
422 434 300.00 0.034377
422 435 300.00 0.264697
423 412 300.00 0.030680
423 413 300.00 0.264053
424 419 300.00 0.272030
424 433 300.00 0.556380
424 441 300.00 0.254553
424 435 300.00 0.553613
425 426 300.00 0.017520
425 17 300.00 0.151893
426 425 300.00 0.017520
426 9 300.00 0.101303
426 427 300.00 0.550157
427 426 300.00 0.550157
427 444 300.00 0.552543
427 638 300.00 0.103070
427 646 300.00 0.091810
428 420 300.00 0.274673
428 442 300.00 0.265173
428 443 300.00 0.560557
429 14 300.00 0.095500
429 444 300.00 0.163913
429 651 300.00 0.255367
430 14 300.00 0.552157
430 436 300.00 0.264623
430 437 300.00 0.096220
430 438 300.00 0.560783
431 19 300.00 0.507457
431 439 300.00 0.273397
431 440 300.00 0.593627
432 433 300.00 0.099183
432 438 300.00 0.165170
432 674 300.00 0.224623
433 432 300.00 0.099183
433 421 300.00 0.177457
433 13 300.00 0.560583
433 424 300.00 0.556380
434 428 300.00 0.547070
434 423 300.00 0.270363
435 424 300.00 0.553613
435 456 300.00 0.030593
435 453 300.00 0.255893
436 430 300.00 0.264623
436 444 300.00 0.558320
436 29 300.00 0.103407
436 446 300.00 0.561010
437 430 300.00 0.096220
437 13 300.00 0.167047
437 673 300.00 0.228980
438 430 300.00 0.560783
438 446 300.00 0.256117
438 432 300.00 0.165170
438 441 300.00 0.550577
439 431 300.00 0.273397
439 20 300.00 0.528847
439 613 300.00 0.275530
440 431 300.00 0.593627
440 151 300.00 0.056757
440 691 300.00 1.056347
441 424 300.00 0.254553
441 438 300.00 0.550577
441 450 300.00 0.263963
441 453 300.00 0.554667
442 428 300.00 0.265173
442 449 300.00 0.560757
442 455 300.00 0.259160
442 456 300.00 0.552750
443 449 300.00 0.259363
443 22 300.00 0.272413
443 21 300.00 0.551883
444 429 300.00 0.163913
444 445 300.00 0.101893
444 427 300.00 0.552543
444 436 300.00 0.558320
445 444 300.00 0.101893
445 644 300.00 0.066833
445 645 300.00 0.216027
446 438 300.00 0.256117
446 436 300.00 0.561010
446 450 300.00 0.553777
446 28 300.00 0.269700
447 18 300.00 0.098377
447 452 300.00 0.071880
447 636 300.00 0.253720
448 18 300.00 0.096023
448 638 300.00 0.071367
448 643 300.00 0.204620
449 443 300.00 0.259363
449 457 300.00 0.270990
449 442 300.00 0.560757
449 458 300.00 0.557210
450 446 300.00 0.553777
450 465 300.00 0.551747
450 463 300.00 0.271303
450 441 300.00 0.263963
451 23 300.00 0.094530
451 469 300.00 0.072807
451 629 300.00 0.234970
452 23 300.00 0.093370
452 447 300.00 0.071880
452 640 300.00 0.258970
453 454 300.00 0.034583
453 441 300.00 0.554667
453 465 300.00 0.268300
454 453 300.00 0.034583
454 455 300.00 0.551093
454 456 300.00 0.257613
455 454 300.00 0.551093
455 462 300.00 0.267313
455 442 300.00 0.259160
455 457 300.00 0.564423
456 435 300.00 0.030593
456 442 300.00 0.552750
456 434 300.00 0.264933
457 449 300.00 0.270990
457 455 300.00 0.564423
457 472 300.00 0.550357
457 473 300.00 0.259753
458 449 300.00 0.557210
458 472 300.00 0.257683
458 21 300.00 0.267980
458 612 300.00 0.366697
459 460 300.00 0.179023
459 475 300.00 0.096443
459 626 300.00 0.213540
460 459 300.00 0.179023
460 25 300.00 0.090207
460 461 300.00 0.554173
461 460 300.00 0.554173
461 468 300.00 0.101077
461 469 300.00 0.092270
461 470 300.00 0.559410
462 455 300.00 0.267313
462 477 300.00 0.262157
462 466 300.00 0.553760
462 473 300.00 0.558113
463 28 300.00 0.553697
463 467 300.00 0.549227
463 480 300.00 0.265293
463 450 300.00 0.271303
464 28 300.00 0.263550
464 31 300.00 0.560977
464 480 300.00 0.551087
464 481 300.00 0.267680
465 450 300.00 0.551747
465 466 300.00 0.032583
465 467 300.00 0.265890
466 465 300.00 0.032583
466 462 300.00 0.553760
466 454 300.00 0.266097
467 463 300.00 0.549227
467 487 300.00 0.040847
467 488 300.00 0.267293
468 461 300.00 0.101077
468 486 300.00 0.073473
468 627 300.00 0.262643
469 461 300.00 0.092270
469 451 300.00 0.072807
469 634 300.00 0.205843
470 461 300.00 0.559410
470 478 300.00 0.091493
470 479 300.00 0.009047
471 31 300.00 0.103787
471 489 300.00 0.160910
471 657 300.00 0.232447
472 457 300.00 0.550357
472 482 300.00 0.261433
472 458 300.00 0.257683
472 483 300.00 0.160770
473 457 300.00 0.259753
473 462 300.00 0.558113
473 41 300.00 0.268280
473 482 300.00 0.552313
474 475 300.00 0.166167
474 493 300.00 0.099687
474 623 300.00 0.243493
475 474 300.00 0.166167
475 459 300.00 0.096443
475 476 300.00 0.550940
476 475 300.00 0.550940
476 484 300.00 0.559763
476 485 300.00 0.098913
476 486 300.00 0.093093
477 462 300.00 0.262157
477 487 300.00 0.545407
477 41 300.00 0.566797
477 39 300.00 0.263390
478 470 300.00 0.091493
478 34 300.00 0.076987
478 656 300.00 0.241040
479 470 300.00 0.009047
479 489 300.00 0.554113
479 631 300.00 0.091060
480 464 300.00 0.551087
480 488 300.00 0.556970
480 463 300.00 0.265293
480 491 300.00 0.262233
481 464 300.00 0.267680
481 489 300.00 0.557723
481 491 300.00 0.557777
481 505 300.00 0.265520
482 472 300.00 0.261433
482 473 300.00 0.552313
482 498 300.00 0.281627
483 472 300.00 0.160770
484 476 300.00 0.559763
484 495 300.00 0.098693
484 496 300.00 0.129560
484 497 300.00 0.556450
485 476 300.00 0.098913
485 503 300.00 0.036617
485 624 300.00 0.191437
486 476 300.00 0.093093
486 468 300.00 0.073473
486 630 300.00 0.226587
487 467 300.00 0.040847
487 477 300.00 0.545407
487 466 300.00 0.266810
488 480 300.00 0.556970
488 499 300.00 0.032067
488 500 300.00 0.266867
489 481 300.00 0.557723
489 479 300.00 0.554113
489 490 300.00 0.106737
489 471 300.00 0.160910
490 489 300.00 0.106737
490 497 300.00 0.158563
490 659 300.00 0.227303
491 480 300.00 0.262233
491 500 300.00 0.557193
491 481 300.00 0.557777
491 506 300.00 0.267833
492 493 300.00 0.162080
492 512 300.00 0.096347
492 621 300.00 0.216730
493 492 300.00 0.162080
493 474 300.00 0.099687
493 494 300.00 0.547397
494 493 300.00 0.547397
494 501 300.00 0.296483
494 502 300.00 0.094963
494 503 300.00 0.130797
495 484 300.00 0.098693
495 631 300.00 0.071870
495 658 300.00 0.268417
496 484 300.00 0.129560
496 503 300.00 0.558367
496 508 300.00 0.036883
497 484 300.00 0.556450
497 504 300.00 0.103837
497 490 300.00 0.158563
497 505 300.00 0.556753
498 482 300.00 0.281627
498 41 300.00 0.540810
498 713 300.00 0.151927
499 488 300.00 0.032067
499 39 300.00 0.556850
499 487 300.00 0.265943
500 491 300.00 0.557193
500 519 300.00 0.020070
500 523 300.00 0.095733
501 494 300.00 0.296483
501 509 300.00 0.268710
501 625 300.00 0.136793
502 494 300.00 0.094963
502 622 300.00 0.247860
502 514 300.00 0.030817
503 494 300.00 0.130797
503 485 300.00 0.036617
503 496 300.00 0.558367
504 497 300.00 0.103837
504 510 300.00 0.164407
504 661 300.00 0.233573
505 497 300.00 0.556753
505 506 300.00 0.558923
505 511 300.00 0.270637
505 481 300.00 0.265520
506 491 300.00 0.267833
506 505 300.00 0.558923
506 517 300.00 0.266127
506 518 300.00 0.564847
507 39 300.00 0.264680
507 40 300.00 0.554950
507 519 300.00 0.568327
507 520 300.00 0.265177
508 509 300.00 0.096843
508 496 300.00 0.036883
508 660 300.00 0.217277
509 508 300.00 0.096843
509 42 300.00 0.166827
509 501 300.00 0.268710
509 510 300.00 0.556677
510 509 300.00 0.556677
510 511 300.00 0.557453
510 516 300.00 0.090683
510 504 300.00 0.164407
511 505 300.00 0.270637
511 510 300.00 0.557453
511 517 300.00 0.553040
511 521 300.00 0.252293
512 513 300.00 0.548757
512 492 300.00 0.096347
512 537 300.00 0.174950
513 512 300.00 0.548757
513 45 300.00 0.298480
513 514 300.00 0.138220
513 515 300.00 0.261313
514 513 300.00 0.138220
514 502 300.00 0.030817
514 625 300.00 0.298030
515 513 300.00 0.261313
515 44 300.00 0.571407
515 602 300.00 0.277093
515 619 300.00 0.551183
516 510 300.00 0.090683
516 46 300.00 0.180020
516 663 300.00 0.220637
517 506 300.00 0.266127
517 511 300.00 0.553040
517 522 300.00 0.566897
517 525 300.00 0.259580
518 506 300.00 0.564847
518 520 300.00 0.574903
518 522 300.00 0.260767
518 523 300.00 0.171463
519 507 300.00 0.568327
519 500 300.00 0.020070
519 499 300.00 0.268717
520 507 300.00 0.265177
520 518 300.00 0.574903
520 526 300.00 0.264247
520 524 300.00 0.563070
521 511 300.00 0.252293
521 46 300.00 0.553387
521 525 300.00 0.560227
521 530 300.00 0.261443
522 518 300.00 0.260767
522 517 300.00 0.566897
522 526 300.00 0.572373
522 531 300.00 0.258853
523 518 300.00 0.171463
523 519 300.00 0.095030
524 40 300.00 0.274117
524 520 300.00 0.563070
524 245 300.00 0.247137
525 517 300.00 0.259580
525 521 300.00 0.560227
525 531 300.00 0.561307
525 532 300.00 0.162803
526 520 300.00 0.264247
526 522 300.00 0.572373
526 533 300.00 0.256780
526 245 300.00 0.568087
527 528 300.00 0.096347
527 46 300.00 0.244450
527 44 300.00 0.558900
528 527 300.00 0.096347
528 529 300.00 0.024570
528 530 300.00 0.560573
529 528 300.00 0.024570
529 577 300.00 0.272393
529 578 300.00 0.527340
530 528 300.00 0.560573
530 521 300.00 0.261443
530 555 300.00 0.190357
531 522 300.00 0.258853
531 525 300.00 0.561307
531 534 300.00 0.091053
532 525 300.00 0.162803
532 555 300.00 0.378987
532 535 300.00 0.397373
533 526 300.00 0.256780
533 534 300.00 0.599610
533 575 300.00 0.264740
533 576 300.00 0.682337
534 531 300.00 0.091053
534 535 300.00 0.166867
534 533 300.00 0.599610
535 534 300.00 0.166867
535 587 300.00 0.274877
535 532 300.00 0.397373
536 116 300.00 0.259490
536 110 300.00 0.189573
537 512 300.00 0.174950
537 619 300.00 0.105080
537 620 300.00 0.222813
538 539 300.00 0.191973
538 573 300.00 0.174410
538 574 300.00 0.149417
539 538 300.00 0.191973
539 540 300.00 0.274733
539 541 300.00 0.476440
540 539 300.00 0.274733
540 593 300.00 0.180193
540 570 300.00 0.599890
541 539 300.00 0.476440
541 571 300.00 0.128717
542 329 300.00 0.131873
542 328 300.00 0.577247
543 544 300.00 0.272060
543 551 300.00 0.773313
543 568 300.00 0.260157
544 543 300.00 0.272060
544 545 300.00 0.774070
545 544 300.00 0.774070
545 549 300.00 0.024223
545 550 300.00 0.262737
546 547 300.00 0.196807
546 560 300.00 0.592410
546 569 300.00 0.192787
547 546 300.00 0.196807
547 548 300.00 0.250940
547 327 300.00 0.146987
548 547 300.00 0.250940
548 561 300.00 0.330853
548 549 300.00 0.755400
549 545 300.00 0.024223
549 548 300.00 0.755400
549 552 300.00 0.260387
550 562 300.00 0.025583
551 545 300.00 0.259743
551 552 300.00 0.029140
551 543 300.00 0.773313
552 551 300.00 0.029140
552 324 300.00 0.769417
552 589 300.00 0.034767
553 275 300.00 0.108930
553 593 300.00 0.271620
553 276 300.00 0.232810
553 594 300.00 0.783983
554 555 300.00 0.272513
554 587 300.00 0.771993
554 597 300.00 0.261003
554 577 300.00 0.784877
555 554 300.00 0.272513
555 532 300.00 0.378987
555 530 300.00 0.190357
556 557 300.00 0.277407
556 584 300.00 0.202953
556 283 300.00 0.273770
556 274 300.00 0.223913
557 556 300.00 0.277407
557 558 300.00 0.276190
557 302 300.00 0.330517
557 559 300.00 0.210060
558 557 300.00 0.276190
558 324 300.00 0.261370
558 586 300.00 0.788830
559 557 300.00 0.210060
559 573 300.00 0.397900
559 678 300.00 0.177050
560 561 300.00 0.094580
560 546 300.00 0.592410
561 560 300.00 0.094580
561 548 300.00 0.330853
561 562 300.00 0.462090
562 561 300.00 0.462090
562 550 300.00 0.025583
562 549 300.00 0.262553
563 564 300.00 0.262190
563 585 300.00 0.270037
563 566 300.00 0.771770
563 579 300.00 0.779067
564 563 300.00 0.262190
564 565 300.00 0.769840
565 579 300.00 0.266723
565 580 300.00 0.774347
566 567 300.00 0.250670
566 563 300.00 0.771770
566 606 300.00 0.402120
566 608 300.00 0.266723
567 566 300.00 0.250670
567 564 300.00 0.782940
568 543 300.00 0.260157
568 586 300.00 0.783497
569 546 300.00 0.192787
570 571 300.00 0.259947
570 604 300.00 0.236837
570 606 300.00 0.380830
570 540 300.00 0.599890
571 570 300.00 0.259947
571 572 300.00 0.500710
572 567 300.00 0.270080
572 606 300.00 0.284817
573 538 300.00 0.174410
573 559 300.00 0.397900
573 595 300.00 0.274850
574 538 300.00 0.149417
574 586 300.00 0.129887
574 675 300.00 0.215290
574 676 300.00 0.135300
575 533 300.00 0.264740
575 587 300.00 0.770507
575 596 300.00 0.266883
575 261 300.00 0.799040
576 533 300.00 0.682337
577 529 300.00 0.272393
577 554 300.00 0.784877
577 591 300.00 0.266533
577 601 300.00 0.788587
578 529 300.00 0.527340
578 600 300.00 0.269027
578 44 300.00 0.179977
579 565 300.00 0.266723
579 563 300.00 0.779067
579 590 300.00 0.267750
579 583 300.00 0.778630
580 583 300.00 0.264233
581 582 300.00 0.768567
581 598 300.00 0.426927
581 599 300.00 1.003267
582 581 300.00 0.768567
582 583 300.00 0.028597
583 582 300.00 0.028597
583 579 300.00 0.778630
583 592 300.00 0.265227
584 556 300.00 0.202953
584 677 300.00 0.375430
584 679 300.00 0.164527
585 563 300.00 0.270037
585 590 300.00 0.785550
585 597 300.00 0.267090
586 568 300.00 0.783497
586 574 300.00 0.129887
586 589 300.00 0.233390
586 558 300.00 0.788830
587 554 300.00 0.771993
587 575 300.00 0.770507
587 535 300.00 0.274877
587 588 300.00 0.272060
588 587 300.00 0.272060
588 609 300.00 0.419127
588 608 300.00 0.258413
588 596 300.00 0.772757
589 586 300.00 0.233390
589 551 300.00 0.034727
590 579 300.00 0.267750
590 591 300.00 0.255303
590 592 300.00 0.778517
590 585 300.00 0.785550
591 590 300.00 0.255303
591 597 300.00 0.784243
591 577 300.00 0.266533
591 607 300.00 0.793620
592 590 300.00 0.778517
592 599 300.00 0.032937
592 610 300.00 0.055807
593 553 300.00 0.271620
593 595 300.00 0.197033
593 540 300.00 0.180193
594 553 300.00 0.783983
594 604 300.00 0.015063
594 605 300.00 0.024633
595 593 300.00 0.197033
595 677 300.00 0.014363
595 573 300.00 0.274850
596 575 300.00 0.266883
596 588 300.00 0.772757
596 605 300.00 0.255193
596 611 300.00 0.446647
597 554 300.00 0.261003
597 585 300.00 0.267090
597 603 300.00 0.118477
597 591 300.00 0.784243
598 581 300.00 0.426927
599 581 300.00 1.003267
599 592 300.00 0.032937
599 582 300.00 0.269177
600 578 300.00 0.269027
600 601 300.00 0.262073
600 602 300.00 0.312263
601 600 300.00 0.262073
601 577 300.00 0.788587
601 607 300.00 0.267007
601 727 300.00 1.064977
602 600 300.00 0.312263
602 727 300.00 0.489507
602 515 300.00 0.277093
603 597 300.00 0.118477
603 615 300.00 0.110153
603 616 300.00 0.263133
604 594 300.00 0.015063
604 570 300.00 0.236837
604 606 300.00 0.456073
605 594 300.00 0.024633
605 608 300.00 0.783503
605 596 300.00 0.255193
606 570 300.00 0.380830
606 566 300.00 0.402120
606 572 300.00 0.284817
606 604 300.00 0.456073
607 591 300.00 0.793620
607 601 300.00 0.267007
607 610 300.00 0.209683
608 566 300.00 0.266723
608 588 300.00 0.258413
608 605 300.00 0.783503
609 588 300.00 0.419127
609 615 300.00 0.126520
609 618 300.00 0.262750
610 607 300.00 0.209683
610 599 300.00 0.052737
611 596 300.00 0.446647
611 261 300.00 0.398303
611 260 300.00 0.362750
612 458 300.00 0.366697
612 710 300.00 0.053223
612 613 300.00 0.276497
612 713 300.00 0.839777
613 439 300.00 0.275530
613 612 300.00 0.276497
613 714 300.00 0.098690
614 355 300.00 0.076877
614 719 300.00 0.319517
614 347 300.00 0.303387
615 603 300.00 0.110153
615 609 300.00 0.126520
615 617 300.00 0.265207
616 603 300.00 0.263133
617 615 300.00 0.265207
618 609 300.00 0.262750
619 537 300.00 0.105080
619 732 300.00 0.354910
619 515 300.00 0.551183
620 537 300.00 0.222813
621 492 300.00 0.216730
622 502 300.00 0.247860
623 474 300.00 0.243493
624 485 300.00 0.191437
625 514 300.00 0.298030
625 501 300.00 0.136793
625 45 300.00 0.129433
626 459 300.00 0.213540
627 468 300.00 0.262643
628 25 300.00 0.221553
629 451 300.00 0.234970
630 486 300.00 0.226587
631 479 300.00 0.091060
631 495 300.00 0.071870
631 632 300.00 0.255553
632 631 300.00 0.255553
633 34 300.00 0.229143
634 469 300.00 0.205843
635 15 300.00 0.230210
636 447 300.00 0.253720
637 17 300.00 0.216807
638 427 300.00 0.103070
638 448 300.00 0.071367
638 639 300.00 0.218147
639 638 300.00 0.218147
640 452 300.00 0.258970
641 26 300.00 0.099687
641 33 300.00 0.073997
641 642 300.00 0.256127
642 641 300.00 0.256127
643 448 300.00 0.204620
644 445 300.00 0.066833
644 26 300.00 0.094443
644 652 300.00 0.243320
645 445 300.00 0.216027
646 647 300.00 0.068533
646 427 300.00 0.091810
646 650 300.00 0.222603
647 646 300.00 0.068533
647 648 300.00 0.224100
648 647 300.00 0.224100
649 9 300.00 0.224543
650 646 300.00 0.222603
651 429 300.00 0.255367
652 644 300.00 0.243320
653 29 300.00 0.238043
654 33 300.00 0.230083
655 30 300.00 0.247857
656 478 300.00 0.241040
657 471 300.00 0.232447
658 495 300.00 0.268417
659 490 300.00 0.227303
660 508 300.00 0.217277
661 504 300.00 0.233573
662 42 300.00 0.233140
663 516 300.00 0.220637
664 11 300.00 0.245387
665 416 300.00 0.073230
665 13 300.00 0.099837
665 672 300.00 0.231920
666 416 300.00 0.247520
667 407 300.00 0.205603
668 403 300.00 0.249337
669 417 300.00 0.244740
670 410 300.00 0.244797
671 421 300.00 0.215613
672 665 300.00 0.231920
673 437 300.00 0.228980
674 432 300.00 0.224623
675 574 300.00 0.215290
676 574 300.00 0.135300
677 276 300.00 0.238043
677 595 300.00 0.014363
677 584 300.00 0.375430
678 559 300.00 0.177050
679 584 300.00 0.164527
680 283 300.00 0.176823
681 70 300.00 0.200120
681 78 300.00 0.561883
681 92 300.00 0.129730
682 105 300.00 0.279950
682 106 300.00 0.427153
682 683 300.00 0.032937
683 682 300.00 0.032937
683 684 300.00 0.109553
683 62 300.00 0.270153
684 61 300.00 0.034250
684 60 300.00 0.213157
684 685 300.00 0.297323
685 684 300.00 0.297323
685 63 300.00 0.076650
686 688 300.00 0.026440
686 689 300.00 0.147690
687 73 300.00 0.333490
688 98 300.00 0.392500
688 686 300.00 0.026440
689 108 300.00 0.029740
689 109 300.00 0.148483
689 118 300.00 0.266807
690 136 300.00 0.622530
690 127 300.00 0.046270
691 440 300.00 1.056347
691 722 300.00 0.023523
691 721 300.00 0.033143
692 161 300.00 0.140343
693 68 300.00 0.126027
694 159 300.00 0.347180
694 163 300.00 0.129793
694 698 300.00 0.089453
695 169 300.00 0.035807
695 163 300.00 0.118860
695 702 300.00 0.178397
696 169 300.00 0.106030
696 697 300.00 0.159643
696 699 300.00 0.096080
697 163 300.00 0.094897
697 696 300.00 0.159643
697 700 300.00 0.089523
697 698 300.00 0.131143
698 694 300.00 0.089453
698 697 300.00 0.131143
698 701 300.00 0.088623
699 696 300.00 0.096080
699 700 300.00 0.176237
700 697 300.00 0.089523
700 699 300.00 0.176237
700 701 300.00 0.133343
701 698 300.00 0.088623
701 700 300.00 0.133343
702 695 300.00 0.178397
703 203 300.00 0.479517
704 189 300.00 0.168847
704 705 300.00 0.166603
704 202 300.00 0.270967
705 704 300.00 0.166603
705 708 300.00 0.120760
705 706 300.00 0.265237
706 202 300.00 0.124147
706 705 300.00 0.265237
706 707 300.00 0.261627
706 206 300.00 0.115790
707 211 300.00 0.076787
707 215 300.00 0.113390
707 706 300.00 0.261627
708 705 300.00 0.120760
708 192 300.00 0.133007
708 206 300.00 0.261610
709 200 300.00 0.126630
709 710 300.00 0.274617
709 189 300.00 0.342460
710 709 300.00 0.274617
710 612 300.00 0.053223
710 219 300.00 0.839077
711 204 300.00 0.267417
711 205 300.00 0.378047
711 210 300.00 0.182813
712 282 300.00 0.219547
713 612 300.00 0.839777
713 230 300.00 0.531977
713 219 300.00 0.053353
713 498 300.00 0.151927
714 182 300.00 0.275963
714 181 300.00 0.512447
715 361 300.00 0.244460
715 365 300.00 0.563497
716 369 300.00 0.260130
716 368 300.00 0.032260
717 716 300.00 0.021837
718 394 300.00 0.533203
718 402 300.00 0.016167
718 370 300.00 0.279840
719 614 300.00 0.319517
719 723 300.00 0.023470
719 367 300.00 0.035187
720 347 300.00 0.267607
720 349 300.00 0.073583
720 341 300.00 0.032887
721 129 300.00 0.022457
721 128 300.00 0.217690
722 691 300.00 0.023523
722 719 300.00 0.047473
723 719 300.00 0.023470
723 691 300.00 0.048037
724 342 300.00 0.082940
725 726 300.00 0.176157
725 79 300.00 0.208157
726 77 300.00 0.044280
727 601 300.00 1.064977
727 602 300.00 0.489507
727 732 300.00 0.065757
728 194 300.00 0.219083
729 377 300.00 0.131983
729 379 300.00 0.284017
729 384 300.00 0.268487
729 397 300.00 0.130397
730 387 300.00 0.262410
730 389 300.00 0.148300
731 380 300.00 0.215443
732 727 300.00 0.065757
732 619 300.00 0.354910
733 376 300.00 0.025663
733 375 300.00 0.319000
