0 1 300.00 0.299740
1 75 300.00 0.456647
1 228 300.00 0.464103
1 119 300.00 0.310707
2 3 300.00 0.451007
3 4 300.00 0.041617
3 5 300.00 0.284603
4 245 300.00 0.026507
5 74 300.00 0.301120
5 75 300.00 0.457487
6 7 300.00 0.462973
6 112 300.00 0.312213
6 138 300.00 0.099397
6 23 300.00 0.305237
7 6 300.00 0.462973
7 8 300.00 0.313720
8 9 300.00 0.030220
8 23 300.00 0.461823
9 10 300.00 0.300863
10 11 300.00 0.365967
10 12 300.00 0.141163
11 13 300.00 0.138883
11 14 300.00 0.121683
12 10 300.00 0.141163
12 509 300.00 0.302463
12 505 300.00 0.158900
13 147 300.00 0.167280
13 148 300.00 0.222250
14 11 300.00 0.121683
14 135 300.00 0.428470
14 140 300.00 0.238373
15 16 300.00 0.413173
15 17 300.00 0.480620
16 520 300.00 0.098497
16 521 300.00 0.028193
17 15 300.00 0.480620
17 92 300.00 0.447460
17 339 300.00 0.263800
18 19 300.00 0.223160
19 522 300.00 0.697567
19 523 300.00 0.082127
20 21 300.00 0.298730
20 22 300.00 0.924407
21 353 300.00 0.089210
21 354 300.00 0.307133
22 20 300.00 0.924407
22 173 300.00 0.630323
22 258 300.00 0.318353
22 308 300.00 0.458473
23 24 300.00 0.028380
23 6 300.00 0.305237
23 246 300.00 0.099493
24 23 300.00 0.028380
24 25 300.00 0.165257
24 26 300.00 0.291643
25 505 300.00 0.303263
25 509 300.00 0.153887
26 24 300.00 0.291643
26 27 300.00 0.408980
26 134 300.00 0.144817
26 135 300.00 0.044223
26 136 300.00 0.330283
27 24 300.00 0.268413
27 28 300.00 0.030783
27 26 300.00 0.408980
27 29 300.00 0.301673
28 27 300.00 0.030783
28 137 300.00 0.306837
28 30 300.00 0.193380
29 27 300.00 0.301673
29 32 300.00 0.184463
29 134 300.00 0.151563
29 105 300.00 0.315863
30 31 300.00 0.031693
30 242 300.00 0.167757
30 247 300.00 0.114227
31 30 300.00 0.031693
31 27 300.00 0.193077
31 32 300.00 0.304340
32 31 300.00 0.304340
32 104 300.00 0.314283
32 106 300.00 0.114677
32 29 300.00 0.184463
33 34 300.00 0.187893
33 35 300.00 0.304630
33 36 300.00 0.032583
34 511 300.00 0.156120
34 129 300.00 0.305727
35 33 300.00 0.304630
35 128 300.00 0.178647
35 129 300.00 0.188463
35 130 300.00 0.308170
36 33 300.00 0.032583
36 73 300.00 0.301730
36 48 300.00 0.457727
37 38 300.00 0.032237
37 39 300.00 0.453870
38 240 300.00 0.032543
38 244 300.00 0.302400
39 47 300.00 0.304980
39 48 300.00 0.035823
39 49 300.00 0.136063
40 41 300.00 0.031193
40 116 300.00 0.305237
40 45 300.00 0.461453
41 40 300.00 0.031193
41 42 300.00 0.086960
41 43 300.00 0.458673
42 41 300.00 0.086960
42 79 300.00 0.221133
42 560 300.00 0.012160
43 37 300.00 0.032630
43 80 300.00 0.306497
44 41 300.00 0.462260
44 45 300.00 0.028280
44 46 300.00 0.302980
45 44 300.00 0.028280
45 120 300.00 0.310110
45 231 300.00 0.463450
46 44 300.00 0.302980
46 79 300.00 0.459343
46 225 300.00 0.308350
46 227 300.00 0.467523
47 39 300.00 0.304980
47 50 300.00 0.306170
47 51 300.00 0.460227
47 52 300.00 0.131877
48 39 300.00 0.035823
48 126 300.00 0.305843
48 38 300.00 0.454877
49 512 300.00 0.151683
49 52 300.00 0.307080
50 47 300.00 0.306170
50 53 300.00 0.310413
50 54 300.00 0.222640
50 55 300.00 0.239400
51 47 300.00 0.460227
51 80 300.00 0.030187
51 37 300.00 0.306870
52 47 300.00 0.131877
52 128 300.00 0.156737
52 49 300.00 0.307080
53 50 300.00 0.310413
53 56 300.00 0.308763
53 57 300.00 0.242030
53 58 300.00 0.172563
54 50 300.00 0.222640
54 82 300.00 0.236810
54 574 300.00 0.018643
55 50 300.00 0.239400
55 130 300.00 0.217070
55 513 300.00 0.030803
56 53 300.00 0.308763
56 59 300.00 0.308260
56 60 300.00 0.456977
56 61 300.00 0.462790
57 53 300.00 0.242030
57 132 300.00 0.217997
57 514 300.00 0.020487
58 53 300.00 0.172563
58 469 300.00 0.048290
58 575 300.00 0.021510
59 56 300.00 0.308260
59 62 300.00 0.031063
59 63 300.00 0.462257
60 56 300.00 0.456977
60 149 300.00 0.025103
60 243 300.00 0.309123
61 56 300.00 0.462790
61 101 300.00 0.448843
61 132 300.00 0.308587
61 133 300.00 0.297333
62 59 300.00 0.031063
62 144 300.00 0.467177
63 60 300.00 0.303077
63 85 300.00 0.020387
64 65 300.00 0.431117
64 464 300.00 0.138743
64 467 300.00 0.033677
65 64 300.00 0.431117
65 66 300.00 0.333460
66 467 300.00 0.314913
66 466 300.00 0.155100
67 68 300.00 0.238977
67 107 300.00 0.228893
67 110 300.00 0.303057
68 67 300.00 0.238977
68 69 300.00 0.076950
68 70 300.00 0.087653
68 71 300.00 0.909470
68 72 300.00 0.449323
68 73 300.00 0.307297
69 64 300.00 0.351187
70 68 300.00 0.087653
70 237 300.00 0.227947
70 69 300.00 0.063630
71 68 300.00 0.909470
71 77 300.00 0.036757
71 4 300.00 0.907037
72 127 300.00 0.131680
72 109 300.00 0.141030
72 241 300.00 0.031297
73 68 300.00 0.307297
73 126 300.00 0.457293
73 127 300.00 0.196607
73 36 300.00 0.301730
74 77 300.00 0.322103
75 115 300.00 0.307757
75 1 300.00 0.456647
75 2 300.00 0.292973
76 77 300.00 0.453423
76 115 300.00 0.311703
76 116 300.00 0.314300
76 117 300.00 0.464413
77 76 300.00 0.453423
77 78 300.00 0.311893
77 71 300.00 0.036757
78 116 300.00 0.453467
78 240 300.00 0.301703
79 80 300.00 0.458843
79 215 300.00 0.298827
79 42 300.00 0.221133
79 46 300.00 0.459343
80 79 300.00 0.458843
80 51 300.00 0.030187
80 81 300.00 0.307023
81 82 300.00 0.028947
81 83 300.00 0.305917
81 84 300.00 0.290147
82 81 300.00 0.028947
82 54 300.00 0.236810
82 51 300.00 0.306203
83 243 300.00 0.026807
83 149 300.00 0.310033
84 81 300.00 0.290147
84 215 300.00 0.169080
84 515 300.00 0.022980
85 86 300.00 0.026147
86 470 300.00 0.021943
86 213 300.00 0.314293
87 88 300.00 0.139050
87 456 300.00 0.100387
87 446 300.00 0.051607
88 87 300.00 0.139050
88 89 300.00 0.316907
88 90 300.00 0.101517
88 91 300.00 0.633747
89 88 300.00 0.316907
89 150 300.00 0.460803
89 151 300.00 0.193667
89 142 300.00 0.480847
90 88 300.00 0.101517
90 456 300.00 0.140763
90 457 300.00 0.074127
91 88 300.00 0.633747
91 143 300.00 0.045827
91 528 300.00 0.823517
92 93 300.00 0.327727
92 336 300.00 0.138230
92 337 300.00 0.147360
92 17 300.00 0.447460
93 92 300.00 0.327727
93 94 300.00 0.137140
93 95 300.00 0.439827
94 93 300.00 0.137140
94 361 300.00 0.170153
94 518 300.00 0.346320
95 93 300.00 0.439827
95 141 300.00 0.122490
95 337 300.00 0.329260
96 97 300.00 0.130090
96 567 300.00 0.052990
96 580 300.00 0.027190
97 96 300.00 0.130090
97 98 300.00 0.296213
97 99 300.00 0.351367
97 100 300.00 0.186240
98 97 300.00 0.296213
98 101 300.00 0.014650
98 471 300.00 0.488403
99 97 300.00 0.351367
99 133 300.00 0.112893
100 97 300.00 0.186240
100 567 300.00 0.235147
100 336 300.00 0.027280
101 61 300.00 0.448843
101 98 300.00 0.014650
101 102 300.00 0.319467
102 101 300.00 0.319467
102 104 300.00 0.308603
102 480 300.00 0.201713
103 104 300.00 0.123057
103 106 300.00 0.314303
103 502 300.00 0.155247
104 103 300.00 0.123057
104 32 300.00 0.314283
104 105 300.00 0.168703
104 102 300.00 0.308603
105 104 300.00 0.168703
105 29 300.00 0.315863
105 139 300.00 0.156260
106 32 300.00 0.114677
106 511 300.00 0.305847
106 129 300.00 0.152613
106 103 300.00 0.314303
107 67 300.00 0.228893
107 108 300.00 0.195627
107 109 300.00 0.318160
107 110 300.00 0.539883
108 107 300.00 0.195627
108 111 300.00 0.166707
108 137 300.00 0.309130
109 107 300.00 0.318160
109 137 300.00 0.194137
109 72 300.00 0.141030
109 242 300.00 0.133837
110 107 300.00 0.539883
110 237 300.00 0.233950
110 67 300.00 0.303057
111 112 300.00 0.102413
111 108 300.00 0.166707
111 138 300.00 0.312623
112 111 300.00 0.102413
112 6 300.00 0.312213
112 113 300.00 0.103847
112 114 300.00 0.458540
113 112 300.00 0.103847
113 478 300.00 0.099537
113 479 300.00 0.024337
114 112 300.00 0.458540
114 7 300.00 0.304830
115 76 300.00 0.311703
115 119 300.00 0.454997
115 75 300.00 0.307757
115 74 300.00 0.457580
116 76 300.00 0.314300
116 120 300.00 0.466880
116 40 300.00 0.305237
116 78 300.00 0.453467
117 76 300.00 0.464413
117 118 300.00 0.463563
117 119 300.00 0.304080
117 120 300.00 0.315757
118 117 300.00 0.463563
118 121 300.00 0.459383
118 122 300.00 0.305053
118 123 300.00 0.314967
119 117 300.00 0.304080
119 115 300.00 0.454997
119 122 300.00 0.467863
120 117 300.00 0.315757
120 123 300.00 0.460330
120 116 300.00 0.466880
120 45 300.00 0.310110
121 118 300.00 0.459383
121 124 300.00 0.465920
121 206 300.00 0.308687
121 236 300.00 0.087900
122 118 300.00 0.305053
122 119 300.00 0.467863
122 228 300.00 0.309423
122 207 300.00 0.463607
123 118 300.00 0.314967
123 120 300.00 0.460330
123 231 300.00 0.304960
123 232 300.00 0.292777
124 121 300.00 0.465920
124 125 300.00 0.307607
125 207 300.00 0.458570
125 208 300.00 0.310810
126 73 300.00 0.457293
126 563 300.00 0.053370
126 48 300.00 0.305843
127 73 300.00 0.196607
127 72 300.00 0.131680
127 506 300.00 0.302380
128 35 300.00 0.178647
128 512 300.00 0.307147
128 52 300.00 0.156737
129 35 300.00 0.188463
129 106 300.00 0.152613
129 34 300.00 0.305727
129 502 300.00 0.314247
130 35 300.00 0.308170
130 55 300.00 0.217070
130 131 300.00 0.121157
130 132 300.00 0.316680
131 130 300.00 0.121157
131 502 300.00 0.072997
131 503 300.00 0.025130
132 130 300.00 0.316680
132 57 300.00 0.217997
132 61 300.00 0.308587
133 61 300.00 0.297333
133 144 300.00 0.035250
133 569 300.00 0.353460
134 26 300.00 0.144817
134 29 300.00 0.151563
134 139 300.00 0.316990
135 26 300.00 0.044223
135 14 300.00 0.428470
135 505 300.00 0.108227
136 26 300.00 0.330283
136 139 300.00 0.131500
136 145 300.00 0.099683
136 146 300.00 0.302267
137 108 300.00 0.309130
137 28 300.00 0.306837
137 109 300.00 0.194137
137 138 300.00 0.165390
138 137 300.00 0.165390
138 6 300.00 0.099397
138 111 300.00 0.312623
138 246 300.00 0.305523
139 105 300.00 0.156260
139 136 300.00 0.131500
139 134 300.00 0.316990
140 14 300.00 0.238373
140 145 300.00 0.019300
140 593 300.00 0.018157
141 95 300.00 0.122490
141 142 300.00 0.455520
141 143 300.00 0.382867
141 144 300.00 0.638100
142 141 300.00 0.455520
142 89 300.00 0.480847
142 345 300.00 0.218443
143 141 300.00 0.382867
143 516 300.00 0.068873
143 91 300.00 0.045827
144 141 300.00 0.638100
144 133 300.00 0.035250
144 99 300.00 0.109357
145 136 300.00 0.099683
145 140 300.00 0.019300
145 510 300.00 0.018167
146 136 300.00 0.302267
146 147 300.00 0.333620
146 471 300.00 0.335033
147 13 300.00 0.167280
147 146 300.00 0.333620
147 471 300.00 0.460430
148 481 300.00 0.527257
149 60 300.00 0.025103
149 85 300.00 0.303200
150 89 300.00 0.460803
150 152 300.00 0.091313
150 153 300.00 0.313043
150 154 300.00 0.311223
151 89 300.00 0.193667
151 462 300.00 0.115477
152 150 300.00 0.091313
152 155 300.00 0.369470
152 595 300.00 0.145977
153 150 300.00 0.313043
153 213 300.00 0.454927
153 214 300.00 0.305780
153 156 300.00 0.459467
154 150 300.00 0.311223
154 161 300.00 0.308970
154 157 300.00 0.461887
154 162 300.00 0.138040
155 152 300.00 0.369470
155 156 300.00 0.309043
155 157 300.00 0.311540
155 158 300.00 0.957780
156 155 300.00 0.309043
156 153 300.00 0.459467
156 160 300.00 0.444397
156 212 300.00 0.302783
157 155 300.00 0.311540
157 154 300.00 0.461887
157 163 300.00 0.305637
157 164 300.00 0.890790
158 155 300.00 0.957780
158 159 300.00 0.433943
158 160 300.00 0.802357
159 158 300.00 0.433943
159 190 300.00 0.318497
160 158 300.00 0.802357
160 193 300.00 0.311417
160 156 300.00 0.444397
161 154 300.00 0.308970
161 433 300.00 0.306187
161 442 300.00 0.202643
161 451 300.00 0.123610
162 154 300.00 0.138040
162 448 300.00 0.142267
162 449 300.00 0.082140
163 157 300.00 0.305637
163 166 300.00 0.146610
163 167 300.00 0.201190
163 168 300.00 0.314190
164 157 300.00 0.890790
164 165 300.00 0.485447
164 171 300.00 0.314950
165 159 300.00 0.310967
165 164 300.00 0.485447
166 163 300.00 0.146610
166 171 300.00 0.747960
166 439 300.00 0.095300
167 163 300.00 0.201190
167 442 300.00 0.059357
167 443 300.00 0.312673
168 163 300.00 0.314190
168 177 300.00 0.127503
168 178 300.00 0.461487
168 179 300.00 0.185940
169 170 300.00 0.221450
169 171 300.00 0.486753
170 165 300.00 0.083543
170 409 300.00 0.018127
171 169 300.00 0.486753
171 164 300.00 0.314950
171 166 300.00 0.747960
172 173 300.00 0.366840
172 361 300.00 0.237240
172 527 300.00 0.397197
173 172 300.00 0.366840
173 22 300.00 0.630323
173 174 300.00 0.455113
174 173 300.00 0.455113
174 175 300.00 0.304543
174 176 300.00 0.472580
175 174 300.00 0.304543
175 309 300.00 0.464520
175 308 300.00 0.310040
176 174 300.00 0.472580
176 309 300.00 0.309823
176 568 300.00 0.423970
177 168 300.00 0.127503
177 278 300.00 0.181790
177 384 300.00 0.457720
178 168 300.00 0.461487
178 181 300.00 0.465607
178 384 300.00 0.123250
179 438 300.00 0.267650
179 436 300.00 0.150170
180 169 300.00 0.311387
180 181 300.00 0.450563
181 180 300.00 0.450563
181 178 300.00 0.465607
181 189 300.00 0.326827
182 183 300.00 0.342710
182 186 300.00 0.295507
182 372 300.00 0.471073
183 182 300.00 0.342710
183 184 300.00 0.450867
183 185 300.00 0.125023
184 183 300.00 0.450867
184 347 300.00 0.287257
184 275 300.00 0.026743
185 183 300.00 0.125023
185 390 300.00 0.229813
185 399 300.00 0.158080
186 182 300.00 0.295507
186 187 300.00 0.132850
186 188 300.00 0.022293
186 189 300.00 0.462697
187 180 300.00 0.194153
188 186 300.00 0.022293
188 389 300.00 0.139013
189 186 300.00 0.462697
189 181 300.00 0.326827
189 372 300.00 0.291730
189 373 300.00 0.158060
190 191 300.00 0.276203
191 192 300.00 0.040173
191 193 300.00 0.914693
192 385 300.00 0.318687
193 191 300.00 0.914693
193 212 300.00 0.468487
193 160 300.00 0.311417
194 195 300.00 0.451907
194 224 300.00 0.127600
194 197 300.00 0.301287
194 234 300.00 0.221690
195 194 300.00 0.451907
195 196 300.00 0.155517
196 198 300.00 0.148423
196 403 300.00 0.014027
197 198 300.00 0.453940
197 194 300.00 0.301287
197 229 300.00 0.240203
197 201 300.00 0.308980
198 197 300.00 0.453940
198 199 300.00 0.309450
199 200 300.00 0.308987
199 201 300.00 0.459440
200 202 300.00 0.011863
201 199 300.00 0.459440
201 227 300.00 0.459840
201 197 300.00 0.308980
201 203 300.00 0.306617
202 203 300.00 0.441297
202 204 300.00 0.034897
203 201 300.00 0.306617
203 235 300.00 0.041577
203 230 300.00 0.464057
204 401 300.00 0.012867
205 124 300.00 0.307883
205 206 300.00 0.458940
206 205 300.00 0.458940
206 121 300.00 0.308687
206 235 300.00 0.304740
206 232 300.00 0.175580
207 125 300.00 0.458570
207 122 300.00 0.463607
207 209 300.00 0.307500
207 236 300.00 0.219877
208 209 300.00 0.454947
208 210 300.00 0.293653
209 208 300.00 0.454947
209 228 300.00 0.466120
209 207 300.00 0.307500
209 211 300.00 0.305383
210 211 300.00 0.458780
211 209 300.00 0.305383
211 233 300.00 0.465907
212 156 300.00 0.302783
212 382 300.00 0.157040
212 383 300.00 0.036797
213 153 300.00 0.454927
213 462 300.00 0.021313
213 151 300.00 0.116070
214 153 300.00 0.305780
214 386 300.00 0.035437
215 216 300.00 0.311837
215 219 300.00 0.181367
215 84 300.00 0.169080
215 79 300.00 0.298827
216 215 300.00 0.311837
216 217 300.00 0.308307
216 218 300.00 0.213007
217 216 300.00 0.308307
217 386 300.00 0.302750
217 387 300.00 0.461200
218 216 300.00 0.213007
219 215 300.00 0.181367
219 225 300.00 0.283320
219 463 300.00 0.019080
220 221 300.00 0.233773
221 220 300.00 0.233773
221 222 300.00 0.090000
221 223 300.00 0.090833
221 224 300.00 0.799130
222 221 300.00 0.090000
222 225 300.00 0.218797
222 562 300.00 0.019060
223 221 300.00 0.090833
223 387 300.00 0.217650
223 561 300.00 0.018067
224 221 300.00 0.799130
224 194 300.00 0.127600
224 558 300.00 0.148647
225 219 300.00 0.283320
225 46 300.00 0.308350
225 222 300.00 0.218797
225 226 300.00 0.457707
226 225 300.00 0.457707
226 229 300.00 0.232073
226 227 300.00 0.307373
227 46 300.00 0.467523
227 226 300.00 0.307373
227 201 300.00 0.459840
227 230 300.00 0.306380
228 1 300.00 0.464103
228 122 300.00 0.309423
228 209 300.00 0.466120
228 233 300.00 0.294953
229 226 300.00 0.232073
229 197 300.00 0.240203
229 402 300.00 0.021603
230 227 300.00 0.306380
230 231 300.00 0.033937
230 44 300.00 0.463683
231 230 300.00 0.033937
231 123 300.00 0.304960
231 235 300.00 0.465120
232 123 300.00 0.292777
232 206 300.00 0.175580
232 592 300.00 0.017290
233 228 300.00 0.294953
233 0 300.00 0.464637
234 194 300.00 0.221690
234 375 300.00 0.090353
234 404 300.00 0.325573
235 203 300.00 0.041577
235 206 300.00 0.304740
235 204 300.00 0.440363
236 121 300.00 0.087900
236 207 300.00 0.219877
236 400 300.00 0.026123
237 238 300.00 0.310940
237 465 300.00 0.111140
237 110 300.00 0.233950
237 70 300.00 0.227947
238 237 300.00 0.310940
238 239 300.00 0.369170
239 238 300.00 0.369170
239 381 300.00 0.405690
239 472 300.00 0.022517
240 40 300.00 0.460760
240 43 300.00 0.033047
241 242 300.00 0.162690
241 247 300.00 0.282100
242 109 300.00 0.133837
242 30 300.00 0.167757
243 82 300.00 0.307507
243 469 300.00 0.235500
243 83 300.00 0.026807
244 468 300.00 0.295377
244 71 300.00 0.313557
245 65 300.00 0.410330
246 28 300.00 0.167793
246 138 300.00 0.305523
247 241 300.00 0.282100
247 506 300.00 0.152187
248 249 300.00 0.171153
248 279 300.00 0.151430
248 426 300.00 0.162927
249 248 300.00 0.171153
249 250 300.00 0.027717
249 251 300.00 0.469280
250 249 300.00 0.027717
250 276 300.00 0.187023
250 425 300.00 0.272080
251 249 300.00 0.469280
251 266 300.00 0.291170
251 274 300.00 0.325937
251 275 300.00 0.432293
252 253 300.00 0.470213
252 284 300.00 0.457580
252 285 300.00 0.322563
252 286 300.00 0.302827
253 252 300.00 0.470213
253 254 300.00 0.230713
253 255 300.00 0.315913
253 256 300.00 0.304557
254 253 300.00 0.230713
254 322 300.00 0.233210
254 501 300.00 0.025097
255 253 300.00 0.315913
255 321 300.00 0.026193
255 285 300.00 0.455957
256 253 300.00 0.304557
256 262 300.00 0.314740
256 286 300.00 0.472683
256 350 300.00 0.097787
257 258 300.00 0.101413
257 300 300.00 0.354527
257 557 300.00 0.023613
258 257 300.00 0.101413
258 259 300.00 0.258827
258 22 300.00 0.318353
258 260 300.00 0.359727
259 258 300.00 0.258827
259 315 300.00 0.223223
259 541 300.00 0.025857
260 258 300.00 0.359727
260 577 300.00 0.019947
260 578 300.00 0.059493
261 262 300.00 0.137700
261 344 300.00 0.332683
261 544 300.00 0.024310
262 261 300.00 0.137700
262 263 300.00 0.462023
262 256 300.00 0.314740
262 264 300.00 0.306730
263 262 300.00 0.462023
263 301 300.00 0.180537
263 281 300.00 0.311770
263 302 300.00 0.306013
264 262 300.00 0.306730
264 281 300.00 0.463270
264 282 300.00 0.085090
264 283 300.00 0.462700
265 266 300.00 0.308867
265 269 300.00 0.024053
265 419 300.00 0.092763
266 265 300.00 0.308867
266 267 300.00 0.459387
266 268 300.00 0.202610
266 251 300.00 0.291170
267 266 300.00 0.459387
267 276 300.00 0.088057
267 277 300.00 0.313027
268 266 300.00 0.202610
268 346 300.00 0.134473
268 423 300.00 0.019057
269 270 300.00 0.282947
269 265 300.00 0.024053
269 420 300.00 0.259547
270 269 300.00 0.282947
270 271 300.00 0.453333
270 272 300.00 0.770873
270 273 300.00 0.511860
271 270 300.00 0.453333
271 413 300.00 0.041333
271 416 300.00 0.148130
272 270 300.00 0.770873
273 270 300.00 0.511860
273 277 300.00 0.256843
273 358 300.00 0.131890
274 251 300.00 0.325937
274 279 300.00 0.461513
274 410 300.00 0.297733
275 251 300.00 0.432293
275 371 300.00 0.329120
275 184 300.00 0.026743
276 267 300.00 0.088057
276 250 300.00 0.187023
276 424 300.00 0.013177
277 267 300.00 0.313027
277 273 300.00 0.256843
277 419 300.00 0.361647
278 279 300.00 0.327417
278 177 300.00 0.181790
278 412 300.00 0.460933
279 278 300.00 0.327417
279 248 300.00 0.151430
279 274 300.00 0.461513
279 280 300.00 1.194273
280 279 300.00 1.194273
280 586 300.00 0.036023
281 264 300.00 0.463270
281 287 300.00 0.457780
281 263 300.00 0.311770
281 349 300.00 0.078597
282 264 300.00 0.085090
282 484 300.00 0.310917
283 264 300.00 0.462700
283 344 300.00 0.309583
283 334 300.00 0.294730
284 252 300.00 0.457580
284 324 300.00 0.330430
284 340 300.00 0.498543
284 329 300.00 0.098810
285 252 300.00 0.322563
285 366 300.00 0.099613
285 325 300.00 0.131963
285 255 300.00 0.455957
286 252 300.00 0.302827
286 327 300.00 0.454673
286 256 300.00 0.472683
287 281 300.00 0.457780
287 288 300.00 0.339580
288 355 300.00 0.454890
289 290 300.00 0.609103
289 291 300.00 0.617687
289 294 300.00 0.245937
289 305 300.00 0.252047
290 289 300.00 0.609103
291 289 300.00 0.617687
291 292 300.00 0.245713
292 368 300.00 0.221577
292 304 300.00 0.493783
293 294 300.00 0.077233
293 549 300.00 0.125940
293 550 300.00 0.325900
294 293 300.00 0.077233
294 295 300.00 0.055683
294 289 300.00 0.245937
295 294 300.00 0.055683
295 551 300.00 0.113440
295 552 300.00 0.416593
296 18 300.00 0.305180
297 298 300.00 0.087290
297 366 300.00 0.131807
297 538 300.00 0.021477
298 297 300.00 0.087290
298 299 300.00 0.464790
298 300 300.00 0.313370
299 298 300.00 0.464790
299 317 300.00 0.126460
299 318 300.00 0.082847
299 319 300.00 0.568430
300 298 300.00 0.313370
300 307 300.00 0.099893
300 308 300.00 0.307040
300 257 300.00 0.354527
301 263 300.00 0.180537
301 363 300.00 0.087747
301 490 300.00 0.018200
302 263 300.00 0.306013
302 356 300.00 0.274580
302 357 300.00 0.186007
302 322 300.00 0.318233
303 304 300.00 0.060783
303 483 300.00 0.076023
303 306 300.00 0.242943
304 303 300.00 0.060783
304 291 300.00 0.253707
304 305 300.00 0.641737
304 306 300.00 0.289573
305 304 300.00 0.641737
305 289 300.00 0.252047
305 340 300.00 0.620597
306 304 300.00 0.289573
306 338 300.00 0.456630
306 303 300.00 0.242943
307 300 300.00 0.099893
307 534 300.00 0.138060
307 536 300.00 0.020050
308 300 300.00 0.307040
308 310 300.00 0.454840
308 22 300.00 0.458473
308 175 300.00 0.310040
309 176 300.00 0.309823
309 310 300.00 0.297223
309 175 300.00 0.464520
310 309 300.00 0.297223
310 308 300.00 0.454840
310 311 300.00 0.321020
311 310 300.00 0.321020
311 312 300.00 0.089977
311 313 300.00 0.123953
312 311 300.00 0.089977
312 534 300.00 0.135883
312 537 300.00 0.022587
313 311 300.00 0.123953
313 317 300.00 0.059423
313 530 300.00 0.036087
314 315 300.00 0.072330
314 543 300.00 0.022510
314 353 300.00 0.273047
315 314 300.00 0.072330
315 259 300.00 0.223223
315 316 300.00 0.309030
316 315 300.00 0.309030
316 320 300.00 0.304083
316 354 300.00 0.445800
317 299 300.00 0.126460
317 313 300.00 0.059423
317 531 300.00 0.044900
318 299 300.00 0.082847
318 323 300.00 0.135467
318 532 300.00 0.013730
319 299 300.00 0.568430
319 340 300.00 0.552297
319 529 300.00 0.037850
320 316 300.00 0.304083
320 321 300.00 0.469350
320 322 300.00 0.341373
321 320 300.00 0.469350
321 365 300.00 0.088883
321 255 300.00 0.026193
322 320 300.00 0.341373
322 351 300.00 0.459800
322 302 300.00 0.318233
322 254 300.00 0.233210
323 324 300.00 0.097727
323 318 300.00 0.135467
323 533 300.00 0.018053
324 323 300.00 0.097727
324 284 300.00 0.330430
324 325 300.00 0.334943
325 324 300.00 0.334943
325 285 300.00 0.131963
325 540 300.00 0.297480
326 327 300.00 0.312093
326 330 300.00 0.321600
326 331 300.00 0.100087
326 332 300.00 0.304157
327 326 300.00 0.312093
327 286 300.00 0.454673
327 328 300.00 0.328113
327 329 300.00 0.207640
328 327 300.00 0.328113
329 327 300.00 0.207640
329 284 300.00 0.098810
329 495 300.00 0.106310
330 326 300.00 0.321600
331 326 300.00 0.100087
331 493 300.00 0.219983
331 343 300.00 0.141073
332 326 300.00 0.304157
332 333 300.00 0.170843
332 334 300.00 0.178000
332 335 300.00 0.342117
333 332 300.00 0.170843
333 369 300.00 0.341590
333 487 300.00 0.407267
334 332 300.00 0.178000
334 283 300.00 0.294730
334 367 300.00 0.153720
335 332 300.00 0.342117
335 369 300.00 0.177597
335 370 300.00 0.270570
336 92 300.00 0.138230
336 337 300.00 0.197603
336 100 300.00 0.027280
337 92 300.00 0.147360
337 95 300.00 0.329260
337 336 300.00 0.197603
338 306 300.00 0.456630
339 17 300.00 0.263800
340 305 300.00 0.620597
340 284 300.00 0.498543
340 319 300.00 0.552297
341 342 300.00 0.067983
341 414 300.00 0.382213
341 418 300.00 0.161920
342 341 300.00 0.067983
343 344 300.00 0.218137
343 545 300.00 0.219033
343 331 300.00 0.141073
344 343 300.00 0.218137
344 261 300.00 0.332683
344 283 300.00 0.309583
345 142 300.00 0.218443
345 462 300.00 0.551143
345 564 300.00 0.200863
346 347 300.00 0.139543
346 268 300.00 0.134473
346 422 300.00 0.244523
347 346 300.00 0.139543
347 184 300.00 0.287257
347 348 300.00 0.364977
348 347 300.00 0.364977
348 414 300.00 0.232983
348 415 300.00 0.070317
349 281 300.00 0.078597
349 355 300.00 0.258867
349 596 300.00 0.158717
350 256 300.00 0.097787
350 356 300.00 0.089847
350 500 300.00 0.024767
351 322 300.00 0.459800
351 352 300.00 0.104913
352 565 300.00 0.024273
352 566 300.00 0.032747
353 21 300.00 0.089210
353 542 300.00 0.025033
353 314 300.00 0.273047
354 316 300.00 0.445800
354 351 300.00 0.646827
355 349 300.00 0.258867
355 288 300.00 0.454890
356 302 300.00 0.274580
356 492 300.00 0.023593
356 350 300.00 0.089847
357 302 300.00 0.186007
357 359 300.00 0.282287
357 489 300.00 0.023280
358 273 300.00 0.131890
358 549 300.00 0.696703
359 357 300.00 0.282287
359 360 300.00 0.312867
360 363 300.00 0.199897
360 364 300.00 0.164693
361 94 300.00 0.170153
361 172 300.00 0.237240
361 362 300.00 0.435057
362 361 300.00 0.435057
363 360 300.00 0.199897
363 301 300.00 0.087747
363 491 300.00 0.265863
364 287 300.00 0.142017
365 321 300.00 0.088883
365 578 300.00 0.097877
365 579 300.00 0.021090
366 285 300.00 0.099613
366 297 300.00 0.131807
366 539 300.00 0.021823
367 334 300.00 0.153720
368 292 300.00 0.221577
368 553 300.00 0.122527
368 556 300.00 0.366590
369 335 300.00 0.177597
369 333 300.00 0.341590
369 487 300.00 0.074147
370 335 300.00 0.270570
371 372 300.00 0.022907
371 373 300.00 0.425190
371 275 300.00 0.329120
372 371 300.00 0.022907
372 182 300.00 0.471073
372 189 300.00 0.291730
373 371 300.00 0.425190
373 189 300.00 0.158060
373 377 300.00 0.150123
374 375 300.00 0.184440
374 385 300.00 0.257377
374 405 300.00 0.035607
375 374 300.00 0.184440
375 234 300.00 0.090353
375 376 300.00 0.222580
376 375 300.00 0.222580
377 373 300.00 0.150123
377 410 300.00 0.153787
377 411 300.00 0.279683
378 379 300.00 0.309753
378 380 300.00 0.597430
379 114 300.00 0.312923
379 504 300.00 0.232230
380 378 300.00 0.597430
380 474 300.00 0.138723
380 476 300.00 0.019863
381 239 300.00 0.405690
382 214 300.00 0.304233
382 594 300.00 0.140177
383 212 300.00 0.036797
383 387 300.00 0.303503
383 193 300.00 0.472640
384 178 300.00 0.123250
384 412 300.00 0.203013
384 177 300.00 0.457720
385 374 300.00 0.257377
385 195 300.00 0.305193
386 217 300.00 0.302750
386 383 300.00 0.460613
386 214 300.00 0.035437
387 217 300.00 0.461200
387 388 300.00 0.440683
387 223 300.00 0.217650
387 383 300.00 0.303503
388 387 300.00 0.440683
389 188 300.00 0.139013
389 390 300.00 0.523260
389 391 300.00 1.920587
390 389 300.00 0.523260
390 392 300.00 0.078013
390 185 300.00 0.229813
391 389 300.00 1.920587
391 572 300.00 0.244600
392 390 300.00 0.078013
392 395 300.00 0.044997
392 396 300.00 0.114317
393 394 300.00 0.055520
393 395 300.00 0.114380
393 398 300.00 0.419017
394 393 300.00 0.055520
395 392 300.00 0.044997
395 397 300.00 0.381613
395 393 300.00 0.114380
396 392 300.00 0.114317
397 395 300.00 0.381613
398 393 300.00 0.419017
399 185 300.00 0.158080
400 236 300.00 0.026123
401 205 300.00 0.295377
402 229 300.00 0.021603
403 196 300.00 0.014027
404 234 300.00 0.325573
405 406 300.00 0.345847
405 407 300.00 0.626850
405 374 300.00 0.035607
405 408 300.00 0.235167
406 405 300.00 0.345847
407 405 300.00 0.626850
408 405 300.00 0.235167
409 170 300.00 0.018127
410 377 300.00 0.153787
410 412 300.00 0.014953
410 274 300.00 0.297733
411 377 300.00 0.279683
412 410 300.00 0.014953
412 278 300.00 0.460933
412 384 300.00 0.203013
413 414 300.00 0.018383
413 271 300.00 0.041333
413 417 300.00 0.347557
414 413 300.00 0.018383
414 341 300.00 0.382213
414 348 300.00 0.232983
415 348 300.00 0.070317
416 271 300.00 0.148130
417 413 300.00 0.347557
418 341 300.00 0.161920
419 277 300.00 0.361647
419 265 300.00 0.092763
419 421 300.00 0.021933
420 269 300.00 0.259547
421 419 300.00 0.021933
422 346 300.00 0.244523
423 268 300.00 0.019057
424 276 300.00 0.013177
425 250 300.00 0.272080
426 248 300.00 0.162927
426 427 300.00 0.016280
426 429 300.00 0.073160
427 428 300.00 0.176430
427 426 300.00 0.016280
427 430 300.00 0.053427
428 427 300.00 0.176430
429 426 300.00 0.073160
430 427 300.00 0.053427
430 431 300.00 0.089053
430 432 300.00 0.232537
431 430 300.00 0.089053
432 430 300.00 0.232537
433 161 300.00 0.306187
433 434 300.00 0.035120
433 435 300.00 0.189347
434 433 300.00 0.035120
434 455 300.00 0.065583
435 442 300.00 0.309710
435 443 300.00 0.072733
436 437 300.00 0.263207
436 434 300.00 0.145667
437 436 300.00 0.263207
438 179 300.00 0.267650
439 166 300.00 0.095300
439 440 300.00 0.115550
439 441 300.00 0.113990
440 439 300.00 0.115550
441 439 300.00 0.113990
442 167 300.00 0.059357
442 161 300.00 0.202643
443 168 300.00 0.197790
444 445 300.00 0.096750
444 458 300.00 0.069180
444 456 300.00 0.170490
445 444 300.00 0.096750
445 446 300.00 0.121360
445 447 300.00 0.262007
446 445 300.00 0.121360
446 87 300.00 0.051607
446 559 300.00 0.416553
447 445 300.00 0.262007
447 583 300.00 0.025913
448 162 300.00 0.142267
448 451 300.00 0.171687
448 460 300.00 0.086933
449 162 300.00 0.082140
449 457 300.00 0.066763
449 460 300.00 0.140930
450 451 300.00 0.091447
450 458 300.00 0.071137
450 460 300.00 0.169657
451 450 300.00 0.091447
451 452 300.00 0.119757
451 448 300.00 0.171687
451 161 300.00 0.123610
452 451 300.00 0.119757
452 453 300.00 0.188193
452 454 300.00 0.294147
453 452 300.00 0.188193
453 455 300.00 0.052540
453 454 300.00 0.144277
454 452 300.00 0.294147
454 453 300.00 0.144277
454 461 300.00 0.181060
455 453 300.00 0.052540
455 433 300.00 0.054223
456 90 300.00 0.140763
456 444 300.00 0.170490
456 87 300.00 0.100387
456 459 300.00 0.073013
457 90 300.00 0.074127
457 459 300.00 0.141227
457 449 300.00 0.066763
458 444 300.00 0.069180
458 450 300.00 0.071137
458 459 300.00 0.170007
459 457 300.00 0.141227
459 458 300.00 0.170007
459 456 300.00 0.073013
459 460 300.00 0.068633
460 449 300.00 0.140930
460 450 300.00 0.169657
460 448 300.00 0.086933
460 459 300.00 0.068633
461 454 300.00 0.181060
461 570 300.00 0.033177
462 213 300.00 0.021313
462 470 300.00 0.315183
462 345 300.00 0.551143
463 219 300.00 0.019080
464 64 300.00 0.138743
465 466 300.00 0.308597
465 237 300.00 0.111140
465 467 300.00 0.152647
466 465 300.00 0.308597
466 238 300.00 0.113813
467 465 300.00 0.152647
467 66 300.00 0.314913
467 64 300.00 0.033677
468 244 300.00 0.295377
468 563 300.00 0.104560
469 243 300.00 0.235500
469 58 300.00 0.048290
469 573 300.00 0.018883
470 63 300.00 0.025310
470 62 300.00 0.462133
471 98 300.00 0.488403
471 146 300.00 0.335033
471 567 300.00 0.437670
471 147 300.00 0.460430
472 239 300.00 0.022517
473 474 300.00 0.016610
473 478 300.00 0.106843
473 504 300.00 0.224637
474 473 300.00 0.016610
474 380 300.00 0.138723
474 475 300.00 0.448247
475 474 300.00 0.448247
476 380 300.00 0.019863
477 478 300.00 0.021760
478 477 300.00 0.021760
478 113 300.00 0.099537
478 473 300.00 0.106843
479 113 300.00 0.024337
480 102 300.00 0.201713
481 15 300.00 0.324590
481 482 300.00 0.338693
482 481 300.00 0.338693
483 303 300.00 0.076023
483 488 300.00 0.040373
483 597 300.00 0.054563
484 282 300.00 0.310917
484 485 300.00 0.127060
484 486 300.00 0.191987
485 484 300.00 0.127060
486 484 300.00 0.191987
487 333 300.00 0.407267
487 369 300.00 0.074147
487 488 300.00 0.093077
488 487 300.00 0.093077
488 483 300.00 0.040373
488 571 300.00 0.024077
489 357 300.00 0.023280
490 301 300.00 0.018200
491 363 300.00 0.265863
492 356 300.00 0.023593
493 494 300.00 0.057717
493 545 300.00 0.145427
493 331 300.00 0.219983
494 493 300.00 0.057717
495 329 300.00 0.106310
495 496 300.00 0.136740
495 499 300.00 0.146913
496 497 300.00 0.302443
496 495 300.00 0.136740
496 498 300.00 0.177027
497 496 300.00 0.302443
498 496 300.00 0.177027
499 495 300.00 0.146913
500 350 300.00 0.024767
501 254 300.00 0.025097
502 131 300.00 0.072997
502 103 300.00 0.155247
502 129 300.00 0.314247
503 131 300.00 0.025130
504 379 300.00 0.232230
504 473 300.00 0.224637
504 507 300.00 0.024560
504 508 300.00 0.024353
505 135 300.00 0.108227
505 12 300.00 0.158900
505 25 300.00 0.303263
506 127 300.00 0.302380
506 36 300.00 0.198977
507 504 300.00 0.024560
508 504 300.00 0.024353
509 12 300.00 0.302463
509 9 300.00 0.142040
510 145 300.00 0.018167
511 106 300.00 0.305847
511 31 300.00 0.114510
512 33 300.00 0.178137
512 128 300.00 0.307147
513 55 300.00 0.030803
514 57 300.00 0.020487
515 84 300.00 0.022980
516 517 300.00 0.193240
516 143 300.00 0.068873
516 581 300.00 0.506353
517 516 300.00 0.193240
518 94 300.00 0.346320
519 520 300.00 0.026937
520 519 300.00 0.026937
520 296 300.00 0.127310
521 16 300.00 0.028193
522 19 300.00 0.697567
523 524 300.00 0.027143
524 525 300.00 0.433590
525 20 300.00 0.175867
525 526 300.00 0.033460
526 525 300.00 0.033460
527 172 300.00 0.397197
528 91 300.00 0.823517
528 582 300.00 0.027850
529 319 300.00 0.037850
530 313 300.00 0.036087
531 317 300.00 0.044900
532 318 300.00 0.013730
533 323 300.00 0.018053
534 312 300.00 0.135883
534 307 300.00 0.138060
534 535 300.00 0.021463
535 534 300.00 0.021463
536 307 300.00 0.020050
537 312 300.00 0.022587
538 297 300.00 0.021477
539 366 300.00 0.021823
540 325 300.00 0.297480
541 259 300.00 0.025857
542 353 300.00 0.025033
543 314 300.00 0.022510
544 261 300.00 0.024310
545 493 300.00 0.145427
545 546 300.00 0.140457
545 343 300.00 0.219033
546 547 300.00 0.056023
546 545 300.00 0.140457
546 548 300.00 0.171510
547 546 300.00 0.056023
548 546 300.00 0.171510
549 358 300.00 0.696703
549 293 300.00 0.125940
550 293 300.00 0.325900
551 295 300.00 0.113440
551 553 300.00 0.126970
551 554 300.00 0.277210
552 295 300.00 0.416593
553 551 300.00 0.126970
553 368 300.00 0.122527
553 555 300.00 0.288673
554 551 300.00 0.277210
555 553 300.00 0.288673
556 368 300.00 0.366590
557 257 300.00 0.023613
558 224 300.00 0.148647
559 446 300.00 0.416553
560 42 300.00 0.012160
561 223 300.00 0.018067
562 222 300.00 0.019060
563 468 300.00 0.104560
563 126 300.00 0.053370
564 345 300.00 0.200863
565 359 300.00 0.183510
566 352 300.00 0.032747
567 471 300.00 0.437670
567 100 300.00 0.235147
567 96 300.00 0.052990
568 176 300.00 0.423970
568 587 300.00 0.028583
569 59 300.00 0.112203
569 576 300.00 0.016033
570 585 300.00 0.007120
571 488 300.00 0.024077
572 391 300.00 0.244600
573 469 300.00 0.018883
574 54 300.00 0.018643
575 58 300.00 0.021510
576 569 300.00 0.016033
577 260 300.00 0.019947
578 260 300.00 0.059493
578 365 300.00 0.097877
578 584 300.00 0.017053
579 365 300.00 0.021090
580 96 300.00 0.027190
581 516 300.00 0.506353
582 591 300.00 0.014167
583 590 300.00 0.007097
584 578 300.00 0.017053
585 280 300.00 0.025920
585 586 300.00 0.014267
586 589 300.00 0.007123
587 588 300.00 0.007163
588 528 300.00 0.023930
588 582 300.00 0.021277
589 568 300.00 0.037713
589 587 300.00 0.021377
590 461 300.00 0.030233
590 570 300.00 0.014303
591 447 300.00 0.023850
591 583 300.00 0.021293
592 232 300.00 0.017290
593 140 300.00 0.018157
594 382 300.00 0.140177
595 152 300.00 0.145977
596 349 300.00 0.158717
597 483 300.00 0.054563
