0 1 300.00 0.971253
0 29 300.00 0.503820
0 28 300.00 0.434510
1 0 300.00 0.971253
1 2 300.00 1.004190
2 46 300.00 0.326103
3 4 300.00 0.492607
4 9 300.00 0.163427
4 12 300.00 0.150317
5 6 300.00 0.065650
5 7 300.00 1.317977
6 48 300.00 0.538337
7 37 300.00 0.060623
7 11 300.00 0.819070
8 3 300.00 0.152530
9 10 300.00 0.374043
10 36 300.00 0.177443
10 37 300.00 0.519813
11 12 300.00 0.131203
11 9 300.00 0.116757
12 8 300.00 0.446583
13 14 300.00 0.119807
14 13 300.00 0.119807
14 15 300.00 0.258747
14 16 300.00 0.253820
15 16 300.00 0.081557
15 25 300.00 0.373337
16 14 300.00 0.253820
16 22 300.00 0.121727
16 24 300.00 0.330910
16 15 300.00 0.081557
17 18 300.00 0.213220
17 24 300.00 0.149747
17 29 300.00 0.279510
18 17 300.00 0.213220
19 20 300.00 0.109547
19 23 300.00 0.046633
19 22 300.00 0.241833
20 19 300.00 0.109547
20 21 300.00 0.233367
20 22 300.00 0.311533
21 20 300.00 0.233367
21 32 300.00 0.017813
22 20 300.00 0.311533
22 19 300.00 0.241833
22 16 300.00 0.121727
23 19 300.00 0.046633
24 16 300.00 0.330910
24 17 300.00 0.149747
24 26 300.00 0.055440
25 26 300.00 0.115417
25 28 300.00 0.390937
26 24 300.00 0.055440
26 27 300.00 0.249313
26 25 300.00 0.115417
27 26 300.00 0.249313
27 29 300.00 0.147213
27 49 300.00 0.113223
28 0 300.00 0.434510
29 17 300.00 0.279510
29 27 300.00 0.147213
29 0 300.00 0.503820
30 31 300.00 0.345113
30 32 300.00 0.159970
30 33 300.00 1.189293
31 30 300.00 0.345113
31 6 300.00 0.122033
32 30 300.00 0.159970
32 35 300.00 1.961977
32 21 300.00 0.017813
33 30 300.00 1.189293
33 37 300.00 0.150570
33 36 300.00 0.511520
34 35 300.00 0.194330
34 41 300.00 0.043287
35 34 300.00 0.194330
35 32 300.00 1.961977
35 36 300.00 0.452177
36 35 300.00 0.452177
36 33 300.00 0.511520
36 10 300.00 0.177443
37 33 300.00 0.150570
37 31 300.00 1.207680
38 39 300.00 0.467350
39 42 300.00 0.016613
39 43 300.00 0.246570
40 41 300.00 0.090760
41 40 300.00 0.090760
41 38 300.00 0.113990
42 3 300.00 0.352403
43 44 300.00 0.391090
43 42 300.00 0.255560
44 43 300.00 0.391090
45 46 300.00 0.078133
46 47 300.00 0.776690
47 48 300.00 0.060637
47 5 300.00 0.554057
48 47 300.00 0.060637
48 45 300.00 0.760620
49 27 300.00 0.113223
