0 1 300.00 0.102357
0 171 300.00 0.287010
0 2 300.00 0.102213
1 0 300.00 0.102357
1 2 300.00 0.069463
1 3 300.00 0.022847
2 1 300.00 0.069463
2 196 300.00 0.145563
2 0 300.00 0.102213
3 1 300.00 0.022847
3 243 300.00 0.453313
4 5 300.00 0.110467
4 253 300.00 0.464390
4 254 300.00 0.103630
5 4 300.00 0.110467
5 6 300.00 0.207363
6 259 300.00 0.567540
6 268 300.00 0.354380
7 8 300.00 0.030787
8 297 300.00 0.227830
9 10 300.00 0.250603
9 276 300.00 0.160977
9 354 300.00 0.544767
10 9 300.00 0.250603
10 11 300.00 0.240060
10 12 300.00 0.075173
11 10 300.00 0.240060
11 242 300.00 0.637630
11 247 300.00 0.248727
11 264 300.00 0.411707
12 10 300.00 0.075173
13 14 300.00 0.143803
13 15 300.00 0.093537
13 16 300.00 0.233417
14 13 300.00 0.143803
15 13 300.00 0.093537
15 24 300.00 0.104520
15 324 300.00 0.113030
16 13 300.00 0.233417
16 17 300.00 0.088710
16 18 300.00 0.133320
17 16 300.00 0.088710
17 29 300.00 0.111700
17 324 300.00 0.120927
18 16 300.00 0.133320
19 20 300.00 0.114487
19 328 300.00 0.100800
19 26 300.00 0.130673
20 19 300.00 0.114487
20 21 300.00 0.124157
21 26 300.00 0.116123
21 22 300.00 0.080943
22 23 300.00 0.030517
22 27 300.00 0.237040
23 22 300.00 0.030517
23 24 300.00 0.061613
23 25 300.00 0.297297
24 23 300.00 0.061613
24 15 300.00 0.104520
24 325 300.00 0.102643
25 322 300.00 0.516027
25 287 300.00 0.089507
26 21 300.00 0.116123
26 19 300.00 0.130673
26 329 300.00 0.097033
27 28 300.00 0.028087
27 31 300.00 0.296303
27 32 300.00 0.410837
28 27 300.00 0.028087
28 29 300.00 0.069463
28 30 300.00 0.135670
29 28 300.00 0.069463
29 17 300.00 0.111700
29 325 300.00 0.128100
30 325 300.00 0.069123
30 23 300.00 0.096640
31 35 300.00 0.164100
31 336 300.00 0.204853
32 27 300.00 0.410837
32 33 300.00 0.527480
32 39 300.00 0.064513
33 32 300.00 0.527480
33 34 300.00 0.897903
33 35 300.00 0.256540
34 33 300.00 0.897903
34 52 300.00 0.049080
34 53 300.00 0.204350
35 33 300.00 0.256540
35 351 300.00 0.091260
36 37 300.00 0.031473
36 334 300.00 0.069403
36 48 300.00 0.222497
37 36 300.00 0.031473
37 38 300.00 0.055530
37 39 300.00 0.407210
38 37 300.00 0.055530
38 331 300.00 0.102477
38 332 300.00 0.127700
39 37 300.00 0.407210
39 32 300.00 0.064513
39 40 300.00 0.663383
40 39 300.00 0.663383
40 51 300.00 0.058337
40 50 300.00 0.076343
41 42 300.00 0.422000
41 54 300.00 0.429910
41 55 300.00 0.279597
41 56 300.00 0.163247
42 41 300.00 0.422000
42 43 300.00 0.149930
42 44 300.00 0.268723
42 45 300.00 0.419700
43 42 300.00 0.149930
43 46 300.00 0.083203
43 47 300.00 0.149573
44 42 300.00 0.268723
44 285 300.00 0.418407
44 293 300.00 0.270640
44 55 300.00 0.432177
45 42 300.00 0.419700
45 285 300.00 0.257277
45 286 300.00 0.442230
46 43 300.00 0.083203
46 56 300.00 0.326427
46 47 300.00 0.176530
47 43 300.00 0.149573
47 49 300.00 0.094960
47 46 300.00 0.176530
48 49 300.00 0.143523
48 334 300.00 0.279583
48 36 300.00 0.222497
49 48 300.00 0.143523
49 50 300.00 0.497093
49 47 300.00 0.094960
50 49 300.00 0.497093
50 40 300.00 0.076343
50 342 300.00 0.094687
51 40 300.00 0.058337
51 338 300.00 0.256323
51 343 300.00 0.094017
52 34 300.00 0.049080
52 338 300.00 0.141583
52 339 300.00 0.420513
53 34 300.00 0.204350
53 63 300.00 0.219077
53 67 300.00 0.019750
54 41 300.00 0.429910
54 305 300.00 0.276030
55 41 300.00 0.279597
55 44 300.00 0.432177
55 299 300.00 0.265303
55 305 300.00 0.425253
56 41 300.00 0.163247
56 46 300.00 0.326427
56 57 300.00 0.081817
57 56 300.00 0.081817
57 58 300.00 0.324360
57 59 300.00 0.393053
58 57 300.00 0.324360
58 68 300.00 0.470197
59 57 300.00 0.393053
59 60 300.00 0.066900
59 70 300.00 0.257963
60 61 300.00 0.088743
60 59 300.00 0.066900
60 340 300.00 0.217943
61 60 300.00 0.088743
62 63 300.00 0.298737
62 69 300.00 0.032840
62 70 300.00 0.189027
63 62 300.00 0.298737
63 64 300.00 0.269073
63 53 300.00 0.219077
64 63 300.00 0.269073
65 66 300.00 0.034733
65 72 300.00 0.235770
65 67 300.00 0.136283
66 65 300.00 0.034733
67 53 300.00 0.019750
67 71 300.00 0.223553
67 65 300.00 0.136283
68 58 300.00 0.470197
69 62 300.00 0.032840
69 341 300.00 0.220147
70 62 300.00 0.189027
70 59 300.00 0.257963
70 344 300.00 0.098817
71 72 300.00 0.121237
71 74 300.00 0.187067
71 67 300.00 0.223553
72 71 300.00 0.121237
72 65 300.00 0.235770
72 73 300.00 1.395067
73 72 300.00 1.395067
73 86 300.00 0.509657
73 84 300.00 0.226840
74 71 300.00 0.187067
74 75 300.00 0.566520
74 76 300.00 0.581160
75 74 300.00 0.566520
75 77 300.00 0.069800
75 78 300.00 0.273193
76 74 300.00 0.581160
76 345 300.00 0.202517
76 346 300.00 0.240963
77 75 300.00 0.069800
78 75 300.00 0.273193
79 80 300.00 0.194480
79 81 300.00 0.311210
79 82 300.00 0.334953
80 79 300.00 0.194480
80 77 300.00 0.222957
81 79 300.00 0.311210
81 83 300.00 0.066017
81 84 300.00 0.753077
82 79 300.00 0.334953
83 81 300.00 0.066017
83 85 300.00 0.701167
84 81 300.00 0.753077
84 73 300.00 0.226840
84 85 300.00 0.135467
85 83 300.00 0.701167
85 84 300.00 0.135467
85 88 300.00 0.110353
86 87 300.00 1.201627
86 73 300.00 0.509657
86 91 300.00 0.520267
87 86 300.00 1.201627
88 85 300.00 0.110353
89 90 300.00 0.724107
89 91 300.00 0.259113
89 93 300.00 0.242680
90 89 300.00 0.724107
91 86 300.00 0.520267
91 89 300.00 0.259113
92 90 300.00 0.279140
92 93 300.00 0.601473
93 92 300.00 0.601473
93 89 300.00 0.242680
94 95 300.00 0.159047
94 98 300.00 0.229880
94 99 300.00 0.398237
94 100 300.00 0.477240
95 94 300.00 0.159047
95 96 300.00 0.413743
95 97 300.00 0.821707
96 95 300.00 0.413743
96 99 300.00 0.215107
96 102 300.00 0.488303
97 95 300.00 0.821707
97 98 300.00 0.906353
98 94 300.00 0.229880
98 97 300.00 0.906353
98 101 300.00 0.392450
99 94 300.00 0.398237
99 96 300.00 0.215107
99 103 300.00 0.015537
100 94 300.00 0.477240
101 98 300.00 0.392450
101 103 300.00 0.183103
101 105 300.00 0.366633
102 96 300.00 0.488303
102 106 300.00 0.299167
102 112 300.00 0.313830
103 99 300.00 0.015537
103 101 300.00 0.183103
103 104 300.00 0.321180
104 103 300.00 0.321180
104 106 300.00 0.161083
104 105 300.00 0.180830
105 101 300.00 0.366633
105 104 300.00 0.180830
105 107 300.00 0.136700
106 104 300.00 0.161083
106 108 300.00 0.022650
106 102 300.00 0.299167
107 105 300.00 0.136700
107 108 300.00 0.161563
107 110 300.00 0.295473
108 106 300.00 0.022650
108 107 300.00 0.161563
108 109 300.00 0.329590
109 108 300.00 0.329590
109 111 300.00 0.263630
109 117 300.00 0.157877
110 107 300.00 0.295473
110 115 300.00 0.098527
110 116 300.00 0.181263
111 112 300.00 0.119973
111 114 300.00 0.266790
111 109 300.00 0.263630
112 111 300.00 0.119973
112 113 300.00 0.317227
112 102 300.00 0.313830
113 112 300.00 0.317227
113 119 300.00 0.331700
113 120 300.00 0.146503
114 111 300.00 0.266790
114 120 300.00 0.264210
114 130 300.00 0.404803
114 131 300.00 0.260233
115 110 300.00 0.098527
115 117 300.00 0.098973
115 118 300.00 0.157580
116 110 300.00 0.181263
116 118 300.00 0.155110
116 125 300.00 0.085657
117 115 300.00 0.098973
117 109 300.00 0.157877
117 121 300.00 0.063333
118 115 300.00 0.157580
118 123 300.00 0.139250
118 116 300.00 0.155110
118 126 300.00 0.189857
119 113 300.00 0.331700
119 128 300.00 0.098907
119 129 300.00 0.258207
120 113 300.00 0.146503
120 114 300.00 0.264210
120 127 300.00 0.164410
121 122 300.00 0.047073
121 123 300.00 0.115457
121 117 300.00 0.063333
122 121 300.00 0.047073
123 124 300.00 0.137933
123 118 300.00 0.139250
123 121 300.00 0.115457
124 123 300.00 0.137933
125 116 300.00 0.085657
125 132 300.00 0.130377
125 133 300.00 0.539797
126 118 300.00 0.189857
126 131 300.00 0.108653
126 132 300.00 0.210897
126 134 300.00 0.399780
127 120 300.00 0.164410
127 140 300.00 0.284007
127 308 300.00 0.102147
128 119 300.00 0.098907
128 141 300.00 0.410647
128 308 300.00 0.136500
129 119 300.00 0.258207
129 135 300.00 0.207917
129 136 300.00 0.309920
130 114 300.00 0.404803
130 138 300.00 0.210317
130 139 300.00 0.375600
130 140 300.00 0.258753
131 114 300.00 0.260233
131 126 300.00 0.108653
131 138 300.00 0.401187
132 125 300.00 0.130377
132 126 300.00 0.210897
132 137 300.00 0.374440
133 125 300.00 0.539797
133 137 300.00 0.148167
133 147 300.00 0.568290
134 126 300.00 0.399780
134 143 300.00 0.027267
134 137 300.00 0.302727
135 129 300.00 0.207917
135 149 300.00 0.466037
136 129 300.00 0.309920
136 141 300.00 0.259807
136 142 300.00 0.285813
137 132 300.00 0.374440
137 134 300.00 0.302727
137 133 300.00 0.148167
137 146 300.00 0.573680
138 130 300.00 0.210317
138 143 300.00 0.092577
138 131 300.00 0.401187
139 130 300.00 0.375600
139 156 300.00 0.198513
139 157 300.00 0.178863
140 130 300.00 0.258753
140 155 300.00 0.428283
140 127 300.00 0.284007
141 136 300.00 0.259807
141 145 300.00 0.147397
141 128 300.00 0.410647
142 136 300.00 0.285813
142 149 300.00 0.204447
142 152 300.00 0.017940
143 138 300.00 0.092577
143 134 300.00 0.027267
143 144 300.00 0.113053
144 143 300.00 0.113053
144 158 300.00 0.221223
144 165 300.00 0.678597
145 141 300.00 0.147397
145 153 300.00 0.111457
145 310 300.00 0.098910
146 137 300.00 0.573680
146 166 300.00 0.065917
146 147 300.00 0.147500
147 133 300.00 0.568290
147 170 300.00 0.152220
147 146 300.00 0.147500
148 149 300.00 0.174113
148 178 300.00 0.121903
148 150 300.00 0.107097
149 148 300.00 0.174113
149 135 300.00 0.466037
149 150 300.00 0.195363
149 142 300.00 0.204447
150 149 300.00 0.195363
150 311 300.00 0.121647
150 148 300.00 0.107097
151 152 300.00 0.281407
151 184 300.00 0.140537
151 178 300.00 0.196867
152 151 300.00 0.281407
152 142 300.00 0.017940
152 153 300.00 0.267463
153 152 300.00 0.267463
153 154 300.00 0.356973
153 145 300.00 0.111457
153 155 300.00 0.269747
154 153 300.00 0.356973
154 161 300.00 0.275137
154 168 300.00 0.054420
155 153 300.00 0.269747
155 160 300.00 0.083793
155 140 300.00 0.428283
156 139 300.00 0.198513
156 158 300.00 0.091503
156 307 300.00 0.233583
157 139 300.00 0.178863
157 160 300.00 0.242910
157 162 300.00 0.301960
158 156 300.00 0.091503
158 159 300.00 0.188057
158 144 300.00 0.221223
159 158 300.00 0.188057
159 163 300.00 0.013933
159 164 300.00 0.275020
160 155 300.00 0.083793
160 157 300.00 0.242910
160 161 300.00 0.279267
161 160 300.00 0.279267
161 154 300.00 0.275137
161 169 300.00 0.054667
162 157 300.00 0.301960
162 173 300.00 0.268610
162 174 300.00 0.041600
163 159 300.00 0.013933
163 173 300.00 0.285890
163 165 300.00 0.264937
164 159 300.00 0.275020
165 166 300.00 0.034690
165 144 300.00 0.678597
165 163 300.00 0.264937
166 165 300.00 0.034690
166 167 300.00 0.235950
166 146 300.00 0.065917
167 166 300.00 0.235950
167 173 300.00 0.237807
167 180 300.00 0.507897
168 154 300.00 0.054420
168 187 300.00 0.476883
168 184 300.00 0.261543
169 161 300.00 0.054667
169 188 300.00 0.446323
169 174 300.00 0.247757
170 147 300.00 0.152220
170 171 300.00 0.259780
170 172 300.00 0.238430
171 170 300.00 0.259780
171 0 300.00 0.287010
171 172 300.00 0.098990
172 170 300.00 0.238430
172 171 300.00 0.098990
172 195 300.00 0.372720
173 162 300.00 0.268610
173 167 300.00 0.237807
173 179 300.00 0.238437
173 163 300.00 0.285890
174 162 300.00 0.041600
174 193 300.00 0.181200
174 169 300.00 0.247757
175 176 300.00 0.129063
175 311 300.00 0.276360
175 181 300.00 0.326270
176 175 300.00 0.129063
176 177 300.00 0.297710
176 178 300.00 0.293480
177 176 300.00 0.297710
177 181 300.00 0.117947
177 182 300.00 0.271010
178 176 300.00 0.293480
178 311 300.00 0.129220
178 151 300.00 0.196867
178 148 300.00 0.121903
179 173 300.00 0.238437
179 192 300.00 0.243550
179 193 300.00 0.256140
180 167 300.00 0.507897
180 195 300.00 0.274647
180 192 300.00 0.273783
181 177 300.00 0.117947
181 175 300.00 0.326270
181 198 300.00 0.501590
182 177 300.00 0.271010
182 183 300.00 0.159217
182 184 300.00 0.441153
182 185 300.00 0.403383
183 182 300.00 0.159217
183 187 300.00 0.103393
183 312 300.00 0.120580
184 182 300.00 0.441153
184 151 300.00 0.140537
184 168 300.00 0.261543
185 182 300.00 0.403383
185 200 300.00 0.038530
185 186 300.00 0.259793
186 187 300.00 0.406600
186 203 300.00 0.156933
186 185 300.00 0.259793
186 189 300.00 0.275397
187 186 300.00 0.406600
187 183 300.00 0.103393
187 188 300.00 0.260093
187 168 300.00 0.476883
188 187 300.00 0.260093
188 189 300.00 0.408490
188 190 300.00 0.282030
188 169 300.00 0.446323
189 188 300.00 0.408490
189 186 300.00 0.275397
189 204 300.00 0.253800
189 205 300.00 0.151553
190 188 300.00 0.282030
190 191 300.00 0.214157
190 192 300.00 0.248227
190 193 300.00 0.249340
191 190 300.00 0.214157
191 204 300.00 0.212800
191 315 300.00 0.094047
192 190 300.00 0.248227
192 194 300.00 0.163037
192 179 300.00 0.243550
193 190 300.00 0.249340
193 179 300.00 0.256140
193 174 300.00 0.181200
194 206 300.00 0.281100
194 214 300.00 0.281257
195 180 300.00 0.274647
195 196 300.00 0.017203
195 172 300.00 0.372720
196 195 300.00 0.017203
196 2 300.00 0.145563
196 197 300.00 0.449660
197 196 300.00 0.449660
197 213 300.00 0.268380
197 217 300.00 0.087663
197 218 300.00 0.420253
198 199 300.00 0.013100
198 313 300.00 0.102863
198 181 300.00 0.501590
199 198 300.00 0.013100
199 200 300.00 0.256457
199 201 300.00 0.373960
200 199 300.00 0.256457
200 202 300.00 0.208947
200 185 300.00 0.038530
201 199 300.00 0.373960
201 215 300.00 0.160613
201 216 300.00 0.388463
202 200 300.00 0.208947
202 220 300.00 0.169387
202 208 300.00 0.261447
203 186 300.00 0.156933
203 208 300.00 0.090397
203 205 300.00 0.271537
204 189 300.00 0.253800
204 206 300.00 0.262900
204 191 300.00 0.212800
204 207 300.00 0.444683
205 189 300.00 0.151553
205 203 300.00 0.271537
205 211 300.00 0.303687
206 204 300.00 0.262900
206 209 300.00 0.149627
206 210 300.00 0.412070
207 204 300.00 0.444683
207 228 300.00 0.116443
207 230 300.00 0.417137
207 210 300.00 0.269507
208 203 300.00 0.090397
208 224 300.00 0.211843
208 202 300.00 0.261447
209 206 300.00 0.149627
209 212 300.00 0.120827
209 213 300.00 0.133657
210 207 300.00 0.269507
210 231 300.00 0.277900
210 232 300.00 0.426890
211 205 300.00 0.303687
211 225 300.00 0.133857
211 228 300.00 0.133543
211 229 300.00 0.423713
212 209 300.00 0.120827
213 209 300.00 0.133657
213 197 300.00 0.268380
213 214 300.00 0.292160
214 194 300.00 0.281257
214 180 300.00 0.169597
215 201 300.00 0.160613
215 219 300.00 0.078583
215 220 300.00 0.139993
215 221 300.00 0.329127
216 201 300.00 0.388463
216 233 300.00 0.097767
216 234 300.00 0.200877
217 197 300.00 0.087663
217 243 300.00 0.165973
217 316 300.00 0.208760
218 197 300.00 0.420253
218 231 300.00 0.276087
218 244 300.00 0.422597
218 240 300.00 0.260433
219 215 300.00 0.078583
220 215 300.00 0.139993
220 222 300.00 0.058220
220 202 300.00 0.169387
221 215 300.00 0.329127
221 235 300.00 0.124650
221 238 300.00 0.266350
221 233 300.00 0.120300
222 220 300.00 0.058220
222 223 300.00 0.221377
222 224 300.00 0.260593
223 222 300.00 0.221377
223 235 300.00 0.063930
223 237 300.00 0.219357
224 222 300.00 0.260593
224 225 300.00 0.134753
224 226 300.00 0.414040
224 208 300.00 0.211843
225 224 300.00 0.134753
225 211 300.00 0.133857
225 227 300.00 0.421223
226 224 300.00 0.414040
226 237 300.00 0.136817
226 227 300.00 0.136873
227 225 300.00 0.421223
227 226 300.00 0.136873
227 229 300.00 0.115437
228 211 300.00 0.133543
228 207 300.00 0.116443
228 314 300.00 0.285407
229 211 300.00 0.423713
229 227 300.00 0.115437
229 230 300.00 0.270820
229 252 300.00 0.126293
230 207 300.00 0.417137
230 229 300.00 0.270820
230 232 300.00 0.259383
230 253 300.00 0.425690
231 210 300.00 0.277900
231 213 300.00 0.397827
231 218 300.00 0.276087
232 230 300.00 0.259383
232 257 300.00 0.274877
232 258 300.00 0.429247
233 216 300.00 0.097767
233 221 300.00 0.120300
233 239 300.00 0.244443
234 216 300.00 0.200877
234 239 300.00 0.201393
234 246 300.00 0.119803
235 223 300.00 0.063930
235 236 300.00 0.414847
235 221 300.00 0.124650
236 235 300.00 0.414847
236 249 300.00 0.146163
236 259 300.00 0.146900
237 223 300.00 0.219357
237 226 300.00 0.136817
237 249 300.00 0.174290
238 221 300.00 0.266350
238 239 300.00 0.138140
238 250 300.00 0.155740
239 233 300.00 0.244443
239 234 300.00 0.201393
239 238 300.00 0.138140
240 241 300.00 0.038597
240 218 300.00 0.260433
240 245 300.00 0.429903
241 240 300.00 0.038597
241 242 300.00 0.261317
241 243 300.00 0.375573
242 241 300.00 0.261317
242 247 300.00 0.408680
242 11 300.00 0.637630
242 248 300.00 0.642227
243 241 300.00 0.375573
243 217 300.00 0.165973
243 248 300.00 0.103123
243 3 300.00 0.453313
244 218 300.00 0.422597
244 257 300.00 0.275027
244 245 300.00 0.262167
244 262 300.00 0.423477
245 240 300.00 0.429903
245 244 300.00 0.262167
245 247 300.00 0.278220
245 270 300.00 0.428077
246 234 300.00 0.119803
246 250 300.00 0.437033
246 251 300.00 0.164137
247 242 300.00 0.408680
247 245 300.00 0.278220
247 11 300.00 0.248727
247 263 300.00 0.432290
248 242 300.00 0.642227
248 243 300.00 0.103123
248 317 300.00 0.232473
249 237 300.00 0.174290
249 254 300.00 0.593507
249 236 300.00 0.146163
250 246 300.00 0.437033
250 238 300.00 0.155740
250 255 300.00 0.146783
251 246 300.00 0.164137
251 255 300.00 0.534357
251 256 300.00 0.250387
252 229 300.00 0.126293
252 319 300.00 0.112473
252 271 300.00 0.377567
253 230 300.00 0.425690
253 258 300.00 0.252573
253 4 300.00 0.464390
254 249 300.00 0.593507
254 4 300.00 0.103630
254 271 300.00 0.137490
255 251 300.00 0.534357
255 250 300.00 0.146783
255 260 300.00 0.174063
256 251 300.00 0.250387
256 260 300.00 0.716537
256 261 300.00 0.192757
257 232 300.00 0.274877
257 244 300.00 0.275027
257 231 300.00 0.431490
258 253 300.00 0.252573
258 266 300.00 0.455863
258 267 300.00 0.276263
259 236 300.00 0.146900
259 265 300.00 0.279937
259 6 300.00 0.567540
260 256 300.00 0.716537
260 255 300.00 0.174063
260 265 300.00 0.190643
261 256 300.00 0.192757
262 244 300.00 0.423477
262 267 300.00 0.274947
262 269 300.00 0.453940
262 270 300.00 0.259850
263 247 300.00 0.432290
263 273 300.00 0.435543
263 274 300.00 0.103077
263 270 300.00 0.278323
264 11 300.00 0.411707
264 275 300.00 0.446593
264 274 300.00 0.156333
264 276 300.00 0.255083
265 260 300.00 0.190643
265 268 300.00 0.162380
265 259 300.00 0.279937
266 278 300.00 0.428353
266 279 300.00 0.272067
267 258 300.00 0.276263
267 262 300.00 0.274947
267 257 300.00 0.424393
268 265 300.00 0.162380
268 272 300.00 0.362147
269 262 300.00 0.453940
269 281 300.00 0.432300
269 280 300.00 0.139430
269 282 300.00 0.262967
270 262 300.00 0.259850
270 263 300.00 0.278323
270 245 300.00 0.428077
270 282 300.00 0.446457
271 254 300.00 0.137490
271 252 300.00 0.377567
271 320 300.00 0.189590
272 350 300.00 0.096347
273 263 300.00 0.435543
273 283 300.00 0.437373
273 282 300.00 0.274543
273 275 300.00 0.271287
274 263 300.00 0.103077
274 264 300.00 0.156333
274 318 300.00 0.055027
275 264 300.00 0.446593
275 273 300.00 0.271287
275 284 300.00 0.217777
275 285 300.00 0.447907
276 264 300.00 0.255083
276 277 300.00 0.024820
276 9 300.00 0.160977
277 276 300.00 0.024820
277 287 300.00 0.394960
277 323 300.00 0.180360
278 288 300.00 0.061793
278 289 300.00 0.260697
278 290 300.00 0.057240
279 266 300.00 0.272067
279 267 300.00 0.450597
279 280 300.00 0.135573
280 279 300.00 0.135573
280 269 300.00 0.139430
280 321 300.00 0.154633
281 269 300.00 0.432300
281 289 300.00 0.277127
281 291 300.00 0.431353
281 292 300.00 0.266057
282 269 300.00 0.262967
282 273 300.00 0.274543
282 270 300.00 0.446457
282 292 300.00 0.432530
283 273 300.00 0.437373
283 293 300.00 0.431817
283 285 300.00 0.264903
283 292 300.00 0.265653
284 275 300.00 0.217777
284 286 300.00 0.031477
285 275 300.00 0.447907
285 283 300.00 0.264903
285 44 300.00 0.418407
285 45 300.00 0.257277
286 287 300.00 0.017250
286 45 300.00 0.442230
286 326 300.00 0.080267
287 286 300.00 0.017250
287 277 300.00 0.394960
287 284 300.00 0.031793
288 290 300.00 0.058690
289 278 300.00 0.260697
289 279 300.00 0.432587
289 281 300.00 0.277127
290 348 300.00 0.126713
291 281 300.00 0.431353
291 294 300.00 0.265580
291 295 300.00 0.435913
291 296 300.00 0.263813
292 281 300.00 0.266057
292 283 300.00 0.265653
292 282 300.00 0.432530
292 296 300.00 0.431447
293 283 300.00 0.431817
293 299 300.00 0.428627
293 296 300.00 0.260253
293 44 300.00 0.270640
294 289 300.00 0.435570
294 291 300.00 0.265580
295 291 300.00 0.435913
295 300 300.00 0.118007
295 301 300.00 0.266133
296 291 300.00 0.263813
296 293 300.00 0.260253
296 301 300.00 0.432777
296 292 300.00 0.431447
297 294 300.00 0.121280
297 298 300.00 0.097020
298 294 300.00 0.057740
298 288 300.00 0.487417
299 293 300.00 0.428627
299 301 300.00 0.257783
299 55 300.00 0.265303
299 303 300.00 0.426427
300 295 300.00 0.118007
300 304 300.00 0.034723
301 295 300.00 0.266133
301 299 300.00 0.257783
301 302 300.00 0.423977
301 296 300.00 0.432777
302 301 300.00 0.423977
302 303 300.00 0.256057
302 306 300.00 0.187460
303 299 300.00 0.426427
303 302 300.00 0.256057
303 305 300.00 0.260983
304 7 300.00 0.206943
305 55 300.00 0.425253
305 303 300.00 0.260983
305 54 300.00 0.276030
306 302 300.00 0.187460
306 347 300.00 0.123307
307 156 300.00 0.233583
308 128 300.00 0.136500
308 127 300.00 0.102147
308 309 300.00 0.082023
309 308 300.00 0.082023
310 145 300.00 0.098910
311 175 300.00 0.276360
311 178 300.00 0.129220
311 150 300.00 0.121647
312 183 300.00 0.120580
313 198 300.00 0.102863
314 228 300.00 0.285407
315 191 300.00 0.094047
316 217 300.00 0.208760
317 248 300.00 0.232473
318 274 300.00 0.055027
319 252 300.00 0.112473
320 271 300.00 0.189590
321 280 300.00 0.154633
322 25 300.00 0.516027
323 277 300.00 0.180360
324 15 300.00 0.113030
324 17 300.00 0.120927
324 325 300.00 0.107117
325 324 300.00 0.107117
325 30 300.00 0.069123
325 24 300.00 0.102643
325 29 300.00 0.128100
326 20 300.00 0.103513
326 327 300.00 0.570263
327 326 300.00 0.570263
328 19 300.00 0.100800
328 330 300.00 0.094703
328 329 300.00 0.126647
329 26 300.00 0.097033
329 328 300.00 0.126647
329 331 300.00 0.093197
330 328 300.00 0.094703
330 332 300.00 0.094083
330 331 300.00 0.126363
331 329 300.00 0.093197
331 330 300.00 0.126363
331 38 300.00 0.102477
332 330 300.00 0.094083
332 333 300.00 0.095100
332 38 300.00 0.127700
333 332 300.00 0.095100
333 334 300.00 0.065063
333 335 300.00 0.120130
334 333 300.00 0.065063
334 36 300.00 0.069403
334 48 300.00 0.279583
335 333 300.00 0.120130
336 31 300.00 0.204853
337 338 300.00 0.353333
338 337 300.00 0.353333
338 52 300.00 0.141583
338 51 300.00 0.256323
339 52 300.00 0.420513
340 60 300.00 0.217943
341 69 300.00 0.220147
342 50 300.00 0.094687
343 51 300.00 0.094017
344 70 300.00 0.098817
345 76 300.00 0.202517
346 76 300.00 0.240963
347 300 300.00 0.438093
348 349 300.00 0.114353
349 353 300.00 0.247023
350 261 300.00 0.488990
351 352 300.00 0.027303
352 351 300.00 0.027303
352 28 300.00 0.559090
353 5 300.00 0.112383
354 9 300.00 0.544767
