0 1 300.00 0.308050
0 34 300.00 0.048573
0 189 300.00 0.272037
1 0 300.00 0.308050
1 2 300.00 0.071913
2 189 300.00 0.046480
2 176 300.00 0.104643
3 4 300.00 0.412303
3 47 300.00 0.227500
3 69 300.00 0.276153
3 70 300.00 0.417197
4 3 300.00 0.412303
4 5 300.00 0.106583
4 6 300.00 0.284833
5 4 300.00 0.106583
5 47 300.00 0.435837
5 64 300.00 0.424167
5 65 300.00 0.140063
6 4 300.00 0.284833
6 69 300.00 0.414507
7 8 300.00 0.415777
7 155 300.00 0.017103
7 96 300.00 0.272050
8 7 300.00 0.415777
8 9 300.00 0.256440
9 24 300.00 0.031400
9 95 300.00 0.217040
10 11 300.00 0.173950
10 93 300.00 0.569730
10 161 300.00 0.270950
10 164 300.00 0.130563
11 10 300.00 0.173950
11 12 300.00 0.277423
12 36 300.00 0.167713
12 78 300.00 0.020980
12 79 300.00 0.250500
13 14 300.00 0.412567
13 69 300.00 0.408607
13 70 300.00 0.284830
13 171 300.00 0.271270
14 13 300.00 0.412567
14 15 300.00 0.274633
15 171 300.00 0.416850
16 17 300.00 0.254933
16 21 300.00 0.032090
16 66 300.00 0.233410
17 16 300.00 0.254933
17 18 300.00 0.255093
17 19 300.00 0.422087
17 20 300.00 0.440197
18 17 300.00 0.255093
18 102 300.00 0.420263
18 103 300.00 0.599997
18 31 300.00 0.258917
19 17 300.00 0.422087
19 90 300.00 0.167627
19 125 300.00 0.232387
20 17 300.00 0.440197
20 134 300.00 0.250517
20 137 300.00 0.424223
20 102 300.00 0.268597
21 22 300.00 0.216193
21 16 300.00 0.032090
21 23 300.00 0.259383
22 133 300.00 0.219470
22 135 300.00 0.026720
23 21 300.00 0.259383
23 112 300.00 0.439143
23 127 300.00 0.143380
23 130 300.00 0.422597
24 25 300.00 0.023853
24 26 300.00 0.243220
25 162 300.00 0.034010
25 203 300.00 0.031590
26 151 300.00 0.421420
26 1 300.00 0.088073
27 28 300.00 0.173580
27 53 300.00 0.273800
27 77 300.00 0.268603
28 27 300.00 0.173580
28 29 300.00 0.268800
28 30 300.00 0.386640
28 31 300.00 0.284413
29 28 300.00 0.268800
29 67 300.00 0.389490
29 44 300.00 0.229510
30 28 300.00 0.386640
30 67 300.00 0.270753
30 139 300.00 0.262347
30 144 300.00 0.439140
31 28 300.00 0.284413
31 18 300.00 0.258917
31 77 300.00 0.140830
31 131 300.00 0.433747
32 33 300.00 0.122573
32 34 300.00 0.122670
32 151 300.00 0.220507
33 32 300.00 0.122573
33 34 300.00 0.183123
33 35 300.00 0.385043
34 33 300.00 0.183123
34 0 300.00 0.048573
34 80 300.00 0.313850
34 32 300.00 0.122670
35 33 300.00 0.385043
35 58 300.00 0.462517
35 140 300.00 0.115317
36 37 300.00 0.590520
36 12 300.00 0.167713
36 164 300.00 0.149210
36 167 300.00 0.151340
37 36 300.00 0.590520
37 38 300.00 0.028227
37 39 300.00 0.092067
38 37 300.00 0.028227
38 165 300.00 0.087997
38 172 300.00 0.295830
39 37 300.00 0.092067
39 168 300.00 0.033610
39 173 300.00 0.490737
40 41 300.00 0.035097
40 175 300.00 0.431790
40 182 300.00 0.304053
41 40 300.00 0.035097
41 42 300.00 0.352320
41 43 300.00 0.060023
42 41 300.00 0.352320
42 93 300.00 0.022740
42 94 300.00 0.301880
43 41 300.00 0.060023
43 99 300.00 0.325150
43 172 300.00 0.136050
44 45 300.00 0.260300
44 29 300.00 0.229510
44 88 300.00 0.241683
44 89 300.00 0.729590
45 44 300.00 0.260300
46 47 300.00 0.107937
46 51 300.00 0.093057
46 65 300.00 0.440437
47 46 300.00 0.107937
47 3 300.00 0.227500
47 5 300.00 0.435837
47 48 300.00 0.421600
48 47 300.00 0.421600
48 81 300.00 0.415687
48 70 300.00 0.263417
49 50 300.00 0.063143
49 170 300.00 0.084533
49 180 300.00 0.450963
50 49 300.00 0.063143
50 51 300.00 0.060893
50 52 300.00 0.498867
51 50 300.00 0.060893
51 46 300.00 0.093057
51 181 300.00 0.450740
52 50 300.00 0.498867
52 82 300.00 0.323203
52 166 300.00 0.115500
53 27 300.00 0.273800
53 54 300.00 0.040093
53 55 300.00 0.148390
54 53 300.00 0.040093
54 121 300.00 0.471817
54 88 300.00 0.187983
55 53 300.00 0.148390
55 73 300.00 0.111977
55 120 300.00 0.481607
56 57 300.00 0.370187
56 127 300.00 0.139797
56 128 300.00 0.201363
57 56 300.00 0.370187
57 58 300.00 0.434430
57 59 300.00 0.455507
58 57 300.00 0.434430
58 132 300.00 0.211287
58 35 300.00 0.462517
59 57 300.00 0.455507
59 123 300.00 0.211433
59 87 300.00 0.111667
60 61 300.00 0.429823
60 62 300.00 0.032587
60 63 300.00 0.123393
61 113 300.00 0.125167
61 125 300.00 0.032587
61 126 300.00 0.193830
62 60 300.00 0.032587
62 92 300.00 0.149003
63 60 300.00 0.123393
63 110 300.00 0.131660
63 113 300.00 0.435713
64 5 300.00 0.424167
64 97 300.00 0.115590
65 5 300.00 0.140063
65 46 300.00 0.440437
65 181 300.00 0.092743
66 126 300.00 0.027313
66 125 300.00 0.194550
67 29 300.00 0.389490
67 68 300.00 0.253763
67 30 300.00 0.270753
68 67 300.00 0.253763
69 6 300.00 0.414507
69 13 300.00 0.408607
69 3 300.00 0.276153
70 71 300.00 0.414747
70 3 300.00 0.417197
70 48 300.00 0.263417
70 13 300.00 0.284830
71 70 300.00 0.414747
71 72 300.00 0.135973
72 14 300.00 0.137100
73 74 300.00 0.106130
73 55 300.00 0.111977
73 77 300.00 0.262620
74 73 300.00 0.106130
74 75 300.00 0.153960
74 76 300.00 0.387643
75 74 300.00 0.153960
75 117 300.00 0.295953
75 118 300.00 0.089030
76 74 300.00 0.387643
76 117 300.00 0.168193
76 120 300.00 0.100123
77 73 300.00 0.262620
77 31 300.00 0.140830
77 27 300.00 0.268603
78 12 300.00 0.020980
78 96 300.00 0.412333
78 8 300.00 0.272773
79 101 300.00 0.020830
79 163 300.00 0.155840
79 82 300.00 0.260390
80 34 300.00 0.313850
80 189 300.00 0.114780
81 48 300.00 0.415687
81 71 300.00 0.267320
82 52 300.00 0.323203
82 83 300.00 0.024507
82 84 300.00 0.262130
83 82 300.00 0.024507
83 100 300.00 0.405783
83 101 300.00 0.261160
84 166 300.00 0.443667
84 81 300.00 0.209097
85 86 300.00 0.038237
85 108 300.00 0.189087
85 190 300.00 0.214453
86 85 300.00 0.038237
86 87 300.00 0.379567
87 86 300.00 0.379567
87 59 300.00 0.111667
87 191 300.00 0.172080
88 44 300.00 0.241683
88 54 300.00 0.187983
88 122 300.00 0.510457
89 44 300.00 0.729590
89 98 300.00 0.037293
90 19 300.00 0.167627
90 91 300.00 0.089510
90 92 300.00 0.273603
91 90 300.00 0.089510
91 114 300.00 0.293627
91 105 300.00 0.073243
92 90 300.00 0.273603
92 62 300.00 0.149003
92 114 300.00 0.099860
93 42 300.00 0.022740
93 99 300.00 0.097967
93 10 300.00 0.569730
94 42 300.00 0.301880
94 175 300.00 0.069480
94 160 300.00 0.297983
95 200 300.00 0.032760
95 201 300.00 0.133757
96 78 300.00 0.412333
96 7 300.00 0.272050
96 158 300.00 0.258240
96 138 300.00 0.504197
97 64 300.00 0.115590
97 187 300.00 0.241763
97 197 300.00 0.074967
98 89 300.00 0.037293
98 119 300.00 0.155930
98 122 300.00 0.383103
99 93 300.00 0.097967
99 165 300.00 0.046220
99 43 300.00 0.325150
100 83 300.00 0.405783
100 158 300.00 0.262553
100 148 300.00 0.256840
101 158 300.00 0.414260
101 78 300.00 0.254313
101 79 300.00 0.020830
102 18 300.00 0.420263
102 20 300.00 0.268597
102 138 300.00 0.388650
102 131 300.00 0.250077
103 18 300.00 0.599997
103 104 300.00 0.015277
103 118 300.00 0.069747
104 103 300.00 0.015277
104 105 300.00 0.096540
104 106 300.00 0.295423
105 104 300.00 0.096540
105 115 300.00 0.294027
105 91 300.00 0.073243
106 104 300.00 0.295423
106 115 300.00 0.084950
106 116 300.00 0.107100
107 108 300.00 0.122623
107 110 300.00 0.134813
107 111 300.00 0.447833
108 107 300.00 0.122623
108 85 300.00 0.189087
108 109 300.00 0.216050
109 108 300.00 0.216050
109 124 300.00 0.235027
109 190 300.00 0.194190
110 107 300.00 0.134813
110 63 300.00 0.131660
110 112 300.00 0.439250
111 107 300.00 0.447833
111 124 300.00 0.127307
111 112 300.00 0.125573
112 110 300.00 0.439250
112 111 300.00 0.125573
112 113 300.00 0.144183
112 23 300.00 0.439143
113 63 300.00 0.435713
113 112 300.00 0.144183
113 61 300.00 0.125167
114 92 300.00 0.099860
114 115 300.00 0.122257
114 91 300.00 0.293627
115 114 300.00 0.122257
115 106 300.00 0.084950
115 105 300.00 0.294027
116 106 300.00 0.107100
116 117 300.00 0.064560
116 118 300.00 0.294660
117 116 300.00 0.064560
117 76 300.00 0.168193
117 75 300.00 0.295953
118 116 300.00 0.294660
118 103 300.00 0.069747
118 75 300.00 0.089030
119 98 300.00 0.155930
120 76 300.00 0.100123
120 55 300.00 0.481607
120 121 300.00 0.185747
121 120 300.00 0.185747
121 122 300.00 0.135143
121 54 300.00 0.471817
122 121 300.00 0.135143
122 88 300.00 0.510457
122 98 300.00 0.383103
123 59 300.00 0.211433
123 124 300.00 0.192430
123 191 300.00 0.109957
124 109 300.00 0.235027
124 123 300.00 0.192430
124 111 300.00 0.127307
125 62 300.00 0.429823
125 61 300.00 0.032587
125 19 300.00 0.232387
126 66 300.00 0.027313
126 21 300.00 0.248643
127 56 300.00 0.139797
127 23 300.00 0.143380
127 129 300.00 0.418650
128 56 300.00 0.201363
128 132 300.00 0.201203
128 192 300.00 0.173407
129 127 300.00 0.418650
129 132 300.00 0.132723
129 130 300.00 0.132017
130 23 300.00 0.422597
130 129 300.00 0.132017
130 133 300.00 0.274503
131 31 300.00 0.433747
131 102 300.00 0.250077
131 139 300.00 0.017490
132 58 300.00 0.211287
132 129 300.00 0.132723
132 128 300.00 0.201203
133 130 300.00 0.274503
133 134 300.00 0.033023
133 136 300.00 0.352020
134 135 300.00 0.203503
134 20 300.00 0.250517
134 133 300.00 0.033023
135 22 300.00 0.026720
135 16 300.00 0.230217
136 146 300.00 0.077353
136 194 300.00 0.027043
137 20 300.00 0.424223
137 157 300.00 0.035157
137 138 300.00 0.275570
138 102 300.00 0.388650
138 96 300.00 0.504197
138 137 300.00 0.275570
139 131 300.00 0.017490
139 30 300.00 0.262347
139 159 300.00 0.429690
140 141 300.00 0.413283
140 35 300.00 0.115317
140 145 300.00 0.437730
140 143 300.00 0.186890
141 140 300.00 0.413283
141 142 300.00 0.092400
141 143 300.00 0.234403
142 141 300.00 0.092400
143 141 300.00 0.234403
143 140 300.00 0.186890
143 145 300.00 0.263310
143 146 300.00 0.344673
144 30 300.00 0.439140
144 149 300.00 0.018200
144 159 300.00 0.269483
145 140 300.00 0.437730
145 143 300.00 0.263310
145 150 300.00 0.080520
146 143 300.00 0.344673
146 147 300.00 0.202993
147 154 300.00 0.027050
147 152 300.00 0.237707
148 149 300.00 0.185153
148 100 300.00 0.256840
148 195 300.00 0.265600
149 148 300.00 0.185153
149 144 300.00 0.018200
150 145 300.00 0.080520
151 32 300.00 0.220507
151 26 300.00 0.421420
151 152 300.00 0.270620
152 151 300.00 0.270620
152 153 300.00 0.035107
152 156 300.00 0.058060
153 154 300.00 0.221913
153 152 300.00 0.035107
153 155 300.00 0.251350
154 193 300.00 0.199967
154 147 300.00 0.027050
155 153 300.00 0.251350
155 7 300.00 0.017103
155 157 300.00 0.404010
156 200 300.00 0.132170
156 201 300.00 0.032590
157 155 300.00 0.404010
157 193 300.00 0.252273
157 137 300.00 0.035157
158 96 300.00 0.258240
158 101 300.00 0.414260
158 159 300.00 0.458393
158 100 300.00 0.262553
159 158 300.00 0.458393
159 139 300.00 0.429690
159 144 300.00 0.269483
160 161 300.00 0.340380
160 94 300.00 0.297983
160 196 300.00 0.085373
161 160 300.00 0.340380
161 162 300.00 0.132183
161 10 300.00 0.270950
162 161 300.00 0.132183
162 203 300.00 0.037223
163 79 300.00 0.155840
163 167 300.00 0.100960
163 169 300.00 0.637970
163 170 300.00 0.786923
164 10 300.00 0.130563
164 36 300.00 0.149210
164 165 300.00 0.574117
165 164 300.00 0.574117
165 99 300.00 0.046220
165 38 300.00 0.087997
166 84 300.00 0.443667
166 52 300.00 0.115500
166 202 300.00 0.129263
167 36 300.00 0.151340
167 163 300.00 0.100960
167 168 300.00 0.614637
168 167 300.00 0.614637
168 39 300.00 0.033610
168 174 300.00 0.094493
169 163 300.00 0.637970
169 174 300.00 0.028630
169 178 300.00 0.084250
170 163 300.00 0.786923
170 178 300.00 0.036603
170 49 300.00 0.084533
171 15 300.00 0.416850
171 13 300.00 0.271270
172 38 300.00 0.295830
172 43 300.00 0.136050
172 183 300.00 0.208923
173 39 300.00 0.490737
173 183 300.00 0.076290
173 177 300.00 0.113017
174 168 300.00 0.094493
174 169 300.00 0.028630
174 177 300.00 0.478223
175 94 300.00 0.069480
175 176 300.00 0.945570
175 40 300.00 0.431790
176 175 300.00 0.945570
176 25 300.00 0.299140
177 174 300.00 0.478223
177 173 300.00 0.113017
177 179 300.00 0.131850
177 184 300.00 0.187610
178 169 300.00 0.084250
178 170 300.00 0.036603
178 179 300.00 0.464623
179 178 300.00 0.464623
179 177 300.00 0.131850
179 180 300.00 0.117867
179 185 300.00 0.269027
180 49 300.00 0.450963
180 179 300.00 0.117867
180 186 300.00 0.092030
181 51 300.00 0.450740
181 186 300.00 0.027170
181 65 300.00 0.092743
182 40 300.00 0.304053
182 183 300.00 0.098970
182 184 300.00 0.191150
183 172 300.00 0.208923
183 182 300.00 0.098970
183 173 300.00 0.076290
184 177 300.00 0.187610
184 182 300.00 0.191150
184 185 300.00 0.125450
185 179 300.00 0.269027
185 184 300.00 0.125450
185 188 300.00 0.198187
186 180 300.00 0.092030
186 181 300.00 0.027170
186 187 300.00 0.298767
187 186 300.00 0.298767
187 188 300.00 0.139130
187 97 300.00 0.241763
188 185 300.00 0.198187
188 187 300.00 0.139130
188 197 300.00 0.256280
188 198 300.00 0.478523
189 0 300.00 0.272037
189 80 300.00 0.114780
189 2 300.00 0.046480
190 85 300.00 0.214453
190 191 300.00 0.135777
190 109 300.00 0.194190
191 123 300.00 0.109957
191 190 300.00 0.135777
191 87 300.00 0.172080
192 128 300.00 0.173407
193 194 300.00 0.085670
193 157 300.00 0.252273
194 136 300.00 0.027043
194 134 300.00 0.364523
195 148 300.00 0.265600
196 160 300.00 0.085373
197 97 300.00 0.074967
197 198 300.00 0.275093
197 188 300.00 0.256280
198 197 300.00 0.275093
198 199 300.00 0.238797
198 188 300.00 0.478523
199 198 300.00 0.238797
200 95 300.00 0.032760
200 24 300.00 0.217700
201 156 300.00 0.032590
201 153 300.00 0.070857
202 166 300.00 0.129263
203 9 300.00 0.023660
203 11 300.00 0.255987
