0 1 294.00 0.215517
0 342 50.00 0.074667
0 226 2395.00 1.754117
1 0 294.00 0.215517
1 3 2307.00 1.689250
2 246 349.00 0.511633
2 173 494.00 0.723917
2 6 1464.00 2.144917
3 1 2307.00 1.689250
3 289 2409.00 1.764367
3 7 2186.00 1.600683
4 250 858.00 1.257700
4 262 1661.00 2.432783
4 223 3103.00 4.544250
4 178 448.00 0.656683
5 9 2326.00 1.703800
5 289 2431.00 1.780217
5 20 3714.00 2.719933
6 2 1464.00 2.144917
6 302 352.00 0.516067
6 242 453.00 0.663650
6 303 376.00 0.551017
7 3 2186.00 1.600683
7 15 1324.00 1.940050
7 16 1719.00 1.258983
7 312 1534.00 1.123767
8 243 366.00 0.536150
8 10 416.00 0.609350
8 244 651.00 0.954617
9 5 2326.00 1.703800
9 310 1253.00 1.835617
9 12 1697.00 1.243017
10 8 416.00 0.609350
10 19 930.00 1.363383
10 188 299.00 0.438400
11 181 1452.00 2.127433
11 16 1199.00 1.756850
11 278 870.00 1.274333
11 18 883.00 1.293667
12 9 1697.00 1.243017
12 311 1689.00 2.474100
13 179 600.00 0.879033
13 182 1293.00 1.893983
13 223 784.00 1.149467
14 241 687.00 1.006833
14 240 743.00 1.088333
14 303 589.00 0.862783
15 7 1324.00 1.940050
15 23 1749.00 1.280683
15 20 1129.00 1.654000
15 289 2936.00 2.150250
16 7 1719.00 1.258983
16 11 1199.00 1.756850
16 23 1321.00 1.935817
16 234 1788.00 1.309900
17 241 433.00 0.634667
17 19 419.00 0.613717
17 235 289.00 0.424450
17 244 291.00 0.426583
18 11 883.00 1.293667
18 27 867.00 1.270583
18 189 2794.00 2.046567
18 234 2248.00 1.646600
19 10 930.00 1.363383
19 17 419.00 0.613717
19 22 1309.00 1.917700
19 28 910.00 1.333850
20 5 3714.00 2.719933
20 15 1129.00 1.654000
20 29 1694.00 1.240433
20 353 263.00 0.386350
21 30 1189.00 1.741750
21 262 258.00 0.379283
21 25 695.00 1.017850
22 19 1309.00 1.917700
22 33 905.00 1.325383
22 223 917.00 1.344000
22 346 1503.00 2.202233
23 15 1749.00 1.280683
23 16 1321.00 1.935817
23 32 1803.00 1.320917
23 29 1100.00 1.611567
24 239 305.00 0.447783
24 245 875.00 1.281683
24 240 184.00 0.270350
25 21 695.00 1.017850
25 204 1003.00 1.469967
25 264 697.00 1.021050
26 236 434.00 0.636200
26 28 427.00 0.626333
26 36 887.00 1.300017
26 235 637.00 0.933317
27 18 867.00 1.270583
27 291 510.00 0.748333
27 34 1067.00 1.563417
27 196 1350.00 1.977300
28 19 910.00 1.333850
28 26 427.00 0.626333
28 39 899.00 1.317650
28 33 1285.00 1.882850
29 20 1694.00 1.240433
29 23 1100.00 1.611567
29 354 122.00 0.180117
29 35 1032.00 0.756267
30 21 1189.00 1.741750
30 203 168.00 0.247083
30 37 1613.00 2.362600
31 264 281.00 0.411633
32 23 1803.00 1.320917
32 290 1444.00 1.057650
32 234 2804.00 2.053300
32 38 2180.00 1.596833
33 22 905.00 1.325383
33 28 1285.00 1.882850
33 47 923.00 1.352217
33 37 1786.00 2.616433
34 27 1067.00 1.563417
34 234 1743.00 1.276333
34 49 1512.00 2.214367
35 29 1032.00 0.756267
35 40 1056.00 0.773600
35 38 756.00 0.554200
36 26 887.00 1.300017
36 39 402.00 0.588817
36 237 431.00 0.632583
37 30 1613.00 2.362600
37 33 1786.00 2.616433
37 42 661.00 0.968200
37 47 2707.00 3.964533
38 32 2180.00 1.596833
38 35 756.00 0.554200
38 46 677.00 0.495867
39 28 899.00 1.317650
39 36 402.00 0.588817
39 47 1279.00 1.873350
40 35 1056.00 0.773600
40 48 1598.00 1.170517
40 54 1191.00 1.744800
40 310 2225.00 3.259717
41 49 1601.00 2.345733
41 51 843.00 1.235417
41 296 327.00 0.480183
41 355 1869.00 2.737750
42 37 661.00 0.968200
42 50 1314.00 1.925200
42 203 652.00 0.955800
42 270 861.00 1.261000
43 55 1742.00 1.275900
43 272 823.00 1.205333
43 205 1458.00 2.135267
44 344 661.00 0.484250
45 202 917.00 1.343517
45 57 894.00 1.310600
45 51 2331.00 3.414283
45 283 817.00 1.197350
46 38 677.00 0.495867
47 33 923.00 1.352217
47 37 2707.00 3.964533
47 39 1279.00 1.873350
47 59 880.00 1.288950
48 40 1598.00 1.170517
48 58 2394.00 1.753100
48 52 373.00 0.547250
48 311 2192.00 3.211317
49 34 1512.00 2.214367
49 41 1601.00 2.345733
49 54 1887.00 2.764767
49 60 805.00 1.179333
50 42 1314.00 1.925200
50 265 672.00 0.985417
50 269 723.00 1.059683
50 204 634.00 0.928817
51 41 843.00 1.235417
51 45 2331.00 3.414283
51 64 877.00 1.285317
51 53 168.00 0.247300
52 48 373.00 0.547250
53 51 168.00 0.247300
53 60 1451.00 2.125367
54 40 1191.00 1.744800
54 49 1887.00 2.764767
54 62 2024.00 2.964067
54 66 841.00 1.231950
55 265 1313.00 1.923033
55 206 1842.00 1.349400
55 63 1911.00 2.799117
56 344 1516.00 1.110350
56 58 128.00 0.093950
57 45 894.00 1.310600
57 69 971.00 1.422817
57 219 1932.00 2.830767
57 64 2359.00 3.455067
58 48 2394.00 1.753100
58 56 128.00 0.093950
58 62 985.00 0.721317
59 47 880.00 1.288950
59 68 916.00 1.342000
59 341 3123.00 2.286967
60 49 805.00 1.179333
60 53 1451.00 2.125367
60 66 1905.00 2.790850
60 81 1942.00 2.844417
61 271 495.00 0.725183
61 269 190.00 0.278633
61 266 677.00 0.992633
62 54 2024.00 2.964067
62 58 985.00 0.721317
62 67 1039.00 0.761500
63 55 1911.00 2.799117
63 69 1932.00 2.830433
63 220 528.00 0.386667
64 57 2359.00 3.455067
64 298 158.00 0.231750
64 74 1032.00 1.512100
65 59 3856.00 2.823683
65 73 920.00 1.347550
66 54 841.00 1.231950
66 60 1905.00 2.790850
66 70 1588.00 2.325950
66 78 1222.00 1.790883
67 62 1039.00 0.761500
67 70 853.00 0.624683
68 59 916.00 1.342000
68 73 3874.00 2.836950
68 317 769.00 1.126817
69 57 971.00 1.422817
69 63 1932.00 2.830433
69 77 918.00 1.344917
69 74 2359.00 3.455850
70 66 1588.00 2.325950
70 67 853.00 0.624683
70 301 601.00 0.440533
71 338 195.00 0.142967
71 80 921.00 1.350017
72 77 1902.00 2.785433
72 63 1796.00 1.315733
72 206 1911.00 2.798917
73 65 920.00 1.347550
73 80 3818.00 2.796017
73 83 875.00 1.282400
74 69 2359.00 3.455850
74 313 920.00 1.347683
74 75 150.00 0.220383
75 74 150.00 0.220383
75 298 1038.00 1.520867
75 81 1452.00 2.127600
76 316 415.00 0.608450
76 317 145.00 0.212567
76 315 889.00 1.302600
77 69 918.00 1.344917
77 72 1902.00 2.785433
77 86 900.00 1.318950
77 313 2370.00 3.470850
78 66 1222.00 1.790883
79 301 1602.00 1.173100
79 87 2001.00 1.465833
80 71 921.00 1.350017
80 89 870.00 1.274283
80 85 3784.00 2.771300
81 60 1942.00 2.844417
81 75 1452.00 2.127600
81 90 913.00 1.337650
81 87 2567.00 3.759350
82 207 3899.00 2.855417
82 72 1819.00 1.332183
83 73 875.00 1.282400
83 92 917.00 1.344067
83 316 1433.00 2.099883
83 89 1920.00 2.811900
84 75 909.00 1.332567
84 90 1450.00 2.124600
84 313 174.00 0.255983
85 208 1742.00 1.275767
85 91 3885.00 2.845100
86 77 900.00 1.318950
86 82 3830.00 2.804500
86 95 894.00 1.309683
87 79 2001.00 1.465833
87 81 2567.00 3.759350
88 92 1366.00 2.000800
88 315 111.00 0.163783
88 306 1075.00 1.575617
89 80 870.00 1.274283
89 83 1920.00 2.811900
89 96 891.00 1.305667
89 208 1883.00 2.757800
90 81 913.00 1.337650
90 84 1450.00 2.124600
90 97 899.00 1.317700
91 95 3800.00 2.782650
91 82 1824.00 1.336250
92 83 917.00 1.344067
92 88 1366.00 2.000800
92 99 892.00 1.306950
92 96 1935.00 2.834183
93 222 908.00 1.330267
93 86 4691.00 3.435050
94 84 908.00 1.330850
94 93 361.00 0.264900
95 86 894.00 1.309683
95 222 4745.00 3.474883
95 102 867.00 1.269850
96 89 891.00 1.305667
96 92 1935.00 2.834183
96 101 1883.00 2.757617
96 103 914.00 1.339700
97 90 899.00 1.317700
97 94 2866.00 2.099283
97 104 908.00 1.330983
98 208 1940.00 2.842183
98 102 1904.00 2.789733
98 91 1694.00 1.241033
99 92 892.00 1.306950
99 339 825.00 1.209100
99 306 822.00 1.203883
99 103 1951.00 2.857333
100 94 907.00 1.328867
100 104 2890.00 2.116850
101 96 1883.00 2.757617
101 105 1941.00 2.843417
101 108 1845.00 1.351050
102 95 867.00 1.269850
102 98 1904.00 2.789733
102 106 2374.00 3.476633
102 109 915.00 1.340167
103 96 914.00 1.339700
103 99 1951.00 2.857333
103 108 1856.00 2.718467
103 114 1155.00 1.692417
104 97 908.00 1.330983
104 111 855.00 1.252317
105 101 1941.00 2.843417
105 109 1908.00 2.794467
105 98 1834.00 1.343033
106 102 2374.00 3.476633
106 107 152.00 0.223133
106 116 912.00 1.336567
107 106 152.00 0.223133
107 100 854.00 1.251150
107 111 1443.00 2.113333
108 103 1856.00 2.718467
108 113 1935.00 2.834533
108 118 1930.00 1.413517
109 102 915.00 1.340167
109 105 1908.00 2.794467
109 116 2376.00 3.480617
109 119 891.00 1.306000
110 339 524.00 0.768283
110 114 1914.00 2.803150
110 121 1448.00 2.120850
110 306 1590.00 2.329333
111 104 855.00 1.252317
111 107 1443.00 2.113333
111 115 874.00 1.280000
111 122 904.00 1.324983
112 115 319.00 0.234067
113 108 1935.00 2.834533
113 119 1935.00 2.834083
113 105 1845.00 1.351267
114 103 1155.00 1.692417
114 110 1914.00 2.803150
114 118 1895.00 2.776250
114 125 891.00 1.305983
115 111 874.00 1.280000
115 112 319.00 0.234067
116 109 2376.00 3.480617
116 127 894.00 1.310667
116 117 141.00 0.207200
117 116 141.00 0.207200
117 107 900.00 1.318300
117 122 1437.00 2.104817
118 114 1895.00 2.776250
118 129 1779.00 1.303350
118 120 1935.00 2.834650
119 109 891.00 1.306000
119 113 1935.00 2.834083
119 124 404.00 0.592433
119 123 806.00 1.180383
120 118 1935.00 2.834650
120 113 1445.00 1.058550
120 124 1966.00 2.879317
121 110 1448.00 2.120850
121 125 772.00 1.131950
121 314 943.00 1.381717
122 111 904.00 1.324983
122 117 1437.00 2.104817
123 119 806.00 1.180383
123 127 1555.00 2.278017
123 130 931.00 1.364100
124 119 404.00 0.592433
124 120 1966.00 2.879317
124 126 241.00 0.353433
125 114 891.00 1.305983
125 121 772.00 1.131950
125 129 1898.00 2.780717
125 314 591.00 0.866117
126 124 241.00 0.353433
126 135 904.00 1.324200
126 134 1354.00 1.983117
127 123 1555.00 2.278017
127 128 144.00 0.211567
128 127 144.00 0.211567
128 117 908.00 1.329850
129 125 1898.00 2.780717
129 132 973.00 1.424950
129 142 3671.00 2.688717
130 123 931.00 1.364100
130 134 843.00 1.235783
131 135 886.00 1.298150
132 129 973.00 1.424950
132 336 876.00 1.284133
132 352 494.00 0.724567
132 133 956.00 1.400417
133 132 956.00 1.400417
133 120 1985.00 1.453600
133 145 2672.00 3.913167
134 126 1354.00 1.983117
134 130 843.00 1.235783
134 137 620.00 0.908900
134 322 469.00 0.687100
135 126 904.00 1.324200
135 131 886.00 1.298150
135 139 1009.00 1.478317
136 133 994.00 0.728483
136 351 362.00 0.530733
136 334 326.00 0.477600
137 134 620.00 0.908900
137 321 452.00 0.662783
138 144 697.00 1.020883
138 140 412.00 0.604483
138 334 418.00 0.612883
139 135 1009.00 1.478317
139 337 38.00 0.056317
139 322 375.00 0.549533
140 138 412.00 0.604483
140 147 709.00 1.038733
140 143 433.00 0.635233
141 144 391.00 0.573900
141 333 191.00 0.140200
141 336 1044.00 1.530300
142 146 927.00 1.358083
142 299 1598.00 1.170333
143 140 433.00 0.635233
143 151 727.00 1.065117
143 148 442.00 0.648667
144 138 697.00 1.020883
144 141 391.00 0.573900
144 147 413.00 0.605800
145 133 2672.00 3.913167
145 150 493.00 0.722183
145 319 375.00 0.549733
145 335 514.00 0.753617
146 142 927.00 1.358083
146 154 485.00 0.711133
146 336 1074.00 1.573100
146 149 424.00 0.622133
147 140 709.00 1.038733
147 144 413.00 0.605800
147 151 433.00 0.634817
148 143 442.00 0.648667
148 152 720.00 1.055267
148 150 435.00 0.637917
149 146 424.00 0.622133
150 145 493.00 0.722183
150 148 435.00 0.637917
150 155 733.00 1.074650
150 153 462.00 0.677617
151 143 727.00 1.065117
151 147 433.00 0.634817
151 152 430.00 0.629917
152 148 720.00 1.055267
152 151 430.00 0.629917
152 155 444.00 0.650383
153 150 462.00 0.677617
153 329 281.00 0.411700
153 335 468.00 0.685617
154 146 485.00 0.711133
155 150 733.00 1.074650
155 152 444.00 0.650383
155 156 466.00 0.682950
156 155 466.00 0.682950
156 329 471.00 0.690533
156 331 658.00 0.964183
157 300 3611.00 1.762983
157 331 852.00 1.248567
158 328 2291.00 3.355417
158 159 2158.00 1.580867
159 233 8096.00 3.952267
160 162 856.00 1.253850
160 161 805.00 1.180050
161 160 805.00 1.180050
161 164 867.00 1.270917
162 160 856.00 1.253850
162 259 812.00 1.190450
162 164 656.00 0.961400
163 275 3511.00 2.571233
163 224 1764.00 1.291683
164 161 867.00 1.270917
164 162 656.00 0.961400
164 172 2677.00 3.920667
165 228 345.00 0.252750
165 170 1440.00 1.054717
165 277 1114.00 1.632200
166 169 688.00 1.008117
166 248 151.00 0.221750
166 211 2074.00 3.038400
167 260 476.00 0.698067
167 168 65.00 0.096433
167 274 1592.00 2.331767
168 167 65.00 0.096433
168 171 1573.00 1.152283
169 166 688.00 1.008117
169 215 165.00 0.242850
169 179 1853.00 2.714683
170 165 1440.00 1.054717
170 227 1018.00 0.745433
170 286 911.00 1.335167
171 178 2337.00 3.423733
171 174 1695.00 1.241517
172 164 2677.00 3.920667
172 257 889.00 1.302583
172 260 816.00 1.195567
173 2 494.00 0.723917
173 188 2247.00 3.291617
173 215 691.00 1.012700
174 183 1952.00 2.859533
174 176 767.00 0.562050
175 257 467.00 0.684317
175 178 841.00 1.232500
175 250 480.00 0.704400
176 177 880.00 1.289667
176 185 1501.00 1.099400
177 176 880.00 1.289667
177 180 1108.00 1.623217
178 4 448.00 0.656683
178 171 2337.00 3.423733
178 175 841.00 1.232500
178 183 901.00 1.319933
179 13 600.00 0.879033
179 169 1853.00 2.714683
179 190 1218.00 1.785083
180 177 1108.00 1.623217
180 195 2883.00 2.111700
180 184 791.00 1.158700
180 347 2097.00 1.535917
181 11 1452.00 2.127433
181 280 429.00 0.629367
181 287 889.00 1.303250
182 13 1293.00 1.893983
182 247 2134.00 3.125333
182 250 894.00 1.309500
183 174 1952.00 2.859533
183 178 901.00 1.319933
183 185 1794.00 2.627783
184 180 791.00 1.158700
184 186 598.00 0.877017
184 197 1435.00 2.101567
184 284 4171.00 3.054200
185 183 1794.00 2.627783
185 263 4684.00 3.430017
185 297 677.00 0.992150
186 184 598.00 0.877017
186 187 131.00 0.192883
186 273 1463.00 2.143450
187 186 131.00 0.192883
187 191 624.00 0.914467
187 285 2078.00 3.044200
188 10 299.00 0.438400
188 173 2247.00 3.291617
188 190 234.00 0.343983
189 18 2794.00 2.046567
189 196 870.00 1.275050
189 280 461.00 0.675200
190 179 1218.00 1.785083
190 188 234.00 0.343983
190 223 792.00 1.161067
191 187 624.00 0.914467
191 192 197.00 0.289683
191 279 1310.00 1.918733
192 191 197.00 0.289683
192 193 418.00 0.613150
192 201 1534.00 2.247550
193 192 418.00 0.613150
193 288 1341.00 1.964867
193 194 43.00 0.064000
194 193 43.00 0.064000
194 196 643.00 0.943050
194 293 755.00 1.105733
195 180 2883.00 2.111700
195 199 1912.00 1.400683
195 281 846.00 1.239400
195 197 759.00 1.111700
196 27 1350.00 1.977300
196 189 870.00 1.275050
196 194 643.00 0.943050
196 292 732.00 1.072833
197 184 1435.00 2.101567
197 195 759.00 1.111700
197 199 1686.00 2.469417
197 273 631.00 0.924167
198 281 1820.00 1.332950
198 199 714.00 1.046217
199 195 1912.00 1.400683
199 197 1686.00 2.469417
199 198 714.00 1.046217
200 201 458.00 0.671117
201 192 1534.00 2.247550
201 200 458.00 0.671117
201 202 742.00 1.087683
201 283 1117.00 1.636850
202 45 917.00 1.343517
202 201 742.00 1.087683
202 355 455.00 0.667267
202 293 803.00 1.176567
203 30 168.00 0.247083
203 42 652.00 0.955800
203 267 679.00 0.994633
204 25 1003.00 1.469967
204 50 634.00 0.928817
204 267 619.00 0.907600
205 43 1458.00 2.135267
205 198 4731.00 3.464733
206 72 1911.00 2.798917
206 266 1323.00 1.937983
206 207 1787.00 1.308783
207 85 1843.00 1.349533
207 71 3770.00 2.760700
208 89 1883.00 2.757800
208 98 1940.00 2.842183
208 101 1799.00 1.317617
209 211 1830.00 2.680683
209 210 833.00 1.221233
210 209 833.00 1.221233
210 212 1773.00 2.597433
210 304 2260.00 3.310667
211 166 2074.00 3.038400
211 209 1830.00 2.680683
211 212 835.00 1.223317
212 210 1773.00 2.597433
212 211 835.00 1.223317
212 213 668.00 0.978817
212 304 1289.00 1.888483
213 212 668.00 0.978817
213 216 1276.00 1.868817
213 215 1266.00 1.854333
214 304 268.00 0.392783
214 216 684.00 1.002700
214 217 1127.00 1.650750
215 169 165.00 0.242850
215 173 691.00 1.012700
215 213 1266.00 1.854333
216 213 1276.00 1.868817
216 214 684.00 1.002700
216 217 942.00 1.379917
216 246 369.00 0.541483
217 214 1127.00 1.650750
217 216 942.00 1.379917
217 302 674.00 0.987800
218 300 3119.00 4.568400
218 299 1906.00 2.792217
218 141 3966.00 2.904450
219 57 1932.00 2.830767
219 282 932.00 1.366183
219 205 430.00 0.630367
220 205 1507.00 1.103600
220 219 652.00 0.955117
221 159 1587.00 1.162733
221 229 3037.00 4.448067
222 100 302.00 0.221383
222 106 855.00 1.252217
223 4 3103.00 4.544250
223 13 784.00 1.149467
223 22 917.00 1.344000
223 190 792.00 1.161067
224 163 1764.00 1.291683
224 225 1553.00 1.137317
224 284 3912.00 2.864783
225 224 1553.00 1.137317
225 228 909.00 0.665967
225 285 1879.00 2.751817
226 0 2395.00 1.754117
226 227 795.00 0.582333
227 170 1018.00 0.745433
227 226 795.00 0.582333
227 287 798.00 1.170067
228 165 345.00 0.252750
228 225 909.00 0.665967
229 221 3037.00 4.448067
229 232 140.00 0.206433
229 233 794.00 1.163000
230 232 563.00 0.825533
230 326 978.00 1.433150
230 309 973.00 1.425983
231 221 1046.00 0.765967
231 324 1750.00 2.562833
232 229 140.00 0.206433
232 230 563.00 0.825533
232 326 980.00 1.436283
233 229 794.00 1.163000
233 325 3776.00 1.843300
234 16 1788.00 1.309900
234 18 2248.00 1.646600
234 32 2804.00 2.053300
234 34 1743.00 1.276333
235 17 289.00 0.424450
235 26 637.00 0.933317
235 340 781.00 1.144233
236 26 434.00 0.636200
236 340 61.00 0.090583
236 237 884.00 1.295533
237 36 431.00 0.632583
237 236 884.00 1.295533
237 238 413.00 0.605983
238 237 413.00 0.605983
238 245 325.00 0.476967
238 239 877.00 1.285167
239 24 305.00 0.447783
239 238 877.00 1.285167
239 340 355.00 0.520933
240 14 743.00 1.088333
240 24 184.00 0.270350
240 241 1111.00 1.627567
241 14 687.00 1.006833
241 17 433.00 0.634667
241 240 1111.00 1.627567
241 242 1030.00 1.508817
242 6 453.00 0.663650
242 241 1030.00 1.508817
242 243 386.00 0.565583
243 8 366.00 0.536150
243 242 386.00 0.565583
243 244 740.00 1.085117
244 8 651.00 0.954617
244 17 291.00 0.426583
244 243 740.00 1.085117
245 24 875.00 1.281683
245 238 325.00 0.476967
245 341 1695.00 2.482317
246 2 349.00 0.511633
246 216 369.00 0.541483
246 350 760.00 1.113600
247 182 2134.00 3.125333
248 166 151.00 0.221750
248 249 1004.00 1.471383
248 253 281.00 0.412950
249 248 1004.00 1.471383
250 4 858.00 1.257700
250 175 480.00 0.704400
250 182 894.00 1.309500
250 251 1244.00 1.822117
251 250 1244.00 1.822117
251 252 696.00 1.019533
252 251 696.00 1.019533
253 248 281.00 0.412950
253 254 1172.00 1.717733
254 253 1172.00 1.717733
255 259 201.00 0.295383
255 256 1875.00 2.746000
256 255 1875.00 2.746000
257 172 889.00 1.302583
257 175 467.00 0.684317
257 258 2208.00 3.234083
258 257 2208.00 3.234083
259 162 812.00 1.190450
259 255 201.00 0.295383
260 167 476.00 0.698067
260 172 816.00 1.195567
260 261 303.00 0.444600
261 260 303.00 0.444600
262 4 1661.00 2.432783
262 21 258.00 0.379283
262 263 2743.00 4.017817
263 262 2743.00 4.017817
263 43 1754.00 1.284383
264 25 697.00 1.021050
264 31 281.00 0.411633
264 265 1517.00 2.222150
265 50 672.00 0.985417
265 55 1313.00 1.923033
265 264 1517.00 2.222150
265 266 921.00 1.348917
266 61 677.00 0.992633
266 206 1323.00 1.937983
266 265 921.00 1.348917
267 203 679.00 0.994633
267 204 619.00 0.907600
267 268 747.00 1.094283
268 267 747.00 1.094283
269 50 723.00 1.059683
269 61 190.00 0.278633
269 270 1142.00 1.673450
270 42 861.00 1.261000
270 269 1142.00 1.673450
270 271 1810.00 2.650917
271 61 495.00 0.725183
271 270 1810.00 2.650917
271 338 405.00 0.593250
272 43 823.00 1.205333
273 186 1463.00 2.143450
273 197 631.00 0.924167
273 282 1342.00 1.966467
274 161 1144.00 1.676783
275 163 3511.00 2.571233
275 347 2018.00 1.477767
275 284 738.00 1.080950
276 279 786.00 1.151333
276 277 523.00 0.766600
276 285 553.00 0.810267
277 165 1114.00 1.632200
277 276 523.00 0.766600
277 286 695.00 1.019183
278 11 870.00 1.274333
278 342 650.00 0.952050
278 287 1491.00 2.184783
279 191 1310.00 1.918733
279 276 786.00 1.151333
279 288 634.00 0.929083
280 181 429.00 0.629367
280 189 461.00 0.675200
280 288 605.00 0.887050
281 195 846.00 1.239400
281 297 1187.00 0.869883
282 219 932.00 1.366183
282 273 1342.00 1.966467
282 283 1094.00 1.603350
283 45 817.00 1.197350
283 201 1117.00 1.636850
283 282 1094.00 1.603350
284 184 4171.00 3.054200
284 224 3912.00 2.864783
284 275 738.00 1.080950
284 285 829.00 1.215267
285 187 2078.00 3.044200
285 225 1879.00 2.751817
285 276 553.00 0.810267
285 284 829.00 1.215267
286 170 911.00 1.335167
286 277 695.00 1.019183
286 288 1281.00 1.877417
286 287 557.00 0.816867
287 181 889.00 1.303250
287 227 798.00 1.170067
287 278 1491.00 2.184783
287 286 557.00 0.816867
288 193 1341.00 1.964867
288 279 634.00 0.929083
288 280 605.00 0.887050
288 286 1281.00 1.877417
289 3 2409.00 1.764367
289 5 2431.00 1.780217
289 15 2936.00 2.150250
290 32 1444.00 1.057650
291 27 510.00 0.748333
291 295 247.00 0.362600
291 343 466.00 0.682850
292 196 732.00 1.072833
292 294 735.00 1.077383
292 293 537.00 0.787600
293 194 755.00 1.105733
293 202 803.00 1.176567
293 292 537.00 0.787600
294 292 735.00 1.077383
295 291 247.00 0.362600
296 41 327.00 0.480183
297 185 677.00 0.992150
297 177 1723.00 1.262300
298 64 158.00 0.231750
298 53 880.00 1.288867
299 218 1906.00 2.792217
299 307 1245.00 0.911717
300 218 3119.00 4.568400
300 158 2385.00 3.493100
301 70 601.00 0.440533
301 79 1602.00 1.173100
302 6 352.00 0.516067
302 217 674.00 0.987800
302 303 525.00 0.769467
303 6 376.00 0.551017
303 14 589.00 0.862783
303 302 525.00 0.769467
304 210 2260.00 3.310667
304 212 1289.00 1.888483
304 214 268.00 0.392783
305 68 832.00 1.219183
305 341 1184.00 1.734600
305 317 1157.00 1.694967
306 88 1075.00 1.575617
306 99 822.00 1.203883
306 110 1590.00 2.329333
307 327 4081.00 2.988850
308 323 4191.00 6.138767
308 314 3448.00 5.050833
308 307 456.00 0.668167
309 230 973.00 1.425983
309 324 961.00 1.407717
309 323 958.00 1.403817
310 9 1253.00 1.835617
310 40 2225.00 3.259717
310 311 1567.00 1.147867
311 12 1689.00 2.474100
311 48 2192.00 3.211317
311 310 1567.00 1.147867
312 7 1534.00 1.123767
313 77 2370.00 3.470850
313 84 174.00 0.255983
313 93 897.00 1.314267
314 121 943.00 1.381717
314 125 591.00 0.866117
314 308 3448.00 5.050833
315 76 889.00 1.302600
315 88 111.00 0.163783
315 316 773.00 1.132600
316 76 415.00 0.608450
316 83 1433.00 2.099883
316 315 773.00 1.132600
317 68 769.00 1.126817
317 76 145.00 0.212567
317 305 1157.00 1.694967
318 335 390.00 0.571850
318 320 408.00 0.597700
318 319 553.00 0.810417
319 145 375.00 0.549733
319 318 553.00 0.810417
319 337 410.00 0.601483
320 318 408.00 0.597700
320 321 421.00 0.617200
320 337 582.00 0.853133
321 137 452.00 0.662783
321 320 421.00 0.617200
321 322 589.00 0.863967
322 134 469.00 0.687100
322 139 375.00 0.549533
322 321 589.00 0.863967
323 308 4191.00 6.138767
323 309 958.00 1.403817
323 324 257.00 0.377033
324 231 1750.00 2.562833
324 309 961.00 1.407717
324 323 257.00 0.377033
325 326 816.00 1.196417
326 230 978.00 1.433150
326 232 980.00 1.436283
326 325 816.00 1.196417
327 231 2872.00 2.103200
328 327 904.00 1.324133
328 218 2465.00 1.805117
329 153 281.00 0.411700
329 156 471.00 0.690533
329 330 347.00 0.508400
330 329 347.00 0.508400
331 156 658.00 0.964183
331 157 852.00 1.248567
331 332 544.00 0.796767
332 331 544.00 0.796767
333 334 616.00 0.902633
333 136 1314.00 0.962717
334 136 326.00 0.477600
334 138 418.00 0.612883
334 333 616.00 0.902633
335 145 514.00 0.753617
335 153 468.00 0.685617
335 318 390.00 0.571850
336 132 876.00 1.284133
336 141 1044.00 1.530300
336 146 1074.00 1.573100
337 139 38.00 0.056317
337 319 410.00 0.601483
337 320 582.00 0.853133
338 271 405.00 0.593250
338 65 3643.00 2.668083
339 99 825.00 1.209100
339 110 524.00 0.768283
339 349 723.00 1.059133
340 235 781.00 1.144233
340 236 61.00 0.090583
340 239 355.00 0.520933
341 245 1695.00 2.482317
341 305 1184.00 1.734600
342 278 650.00 0.952050
342 1 153.00 0.224833
343 291 466.00 0.682850
344 44 661.00 0.484250
344 56 1516.00 1.110350
344 345 844.00 1.236533
345 344 844.00 1.236533
346 22 1503.00 2.202233
347 180 2097.00 1.535917
347 275 2018.00 1.477767
347 348 684.00 1.002533
348 347 684.00 1.002533
349 339 723.00 1.059133
350 246 760.00 1.113600
351 136 362.00 0.530733
352 132 494.00 0.724567
353 20 263.00 0.386350
354 29 122.00 0.180117
355 41 1869.00 2.737750
355 202 455.00 0.667267
355 356 90.00 0.132433
356 355 90.00 0.132433
