0 72 2346.00 1.718233
0 44 1716.00 2.514050
1 100 753.00 0.551383
1 105 77.00 0.113750
1 61 1756.00 2.572617
2 41 1761.00 2.579367
3 9 91.00 0.133950
3 30 890.00 1.304567
3 54 1740.00 1.274100
4 7 92.00 0.134933
4 25 881.00 1.290600
4 46 2548.00 1.866000
5 6 97.00 0.142833
5 68 1587.00 1.162483
6 45 2568.00 1.880817
7 4 92.00 0.134933
7 21 790.00 1.157650
7 8 2372.00 1.736983
8 54 103.00 0.151650
8 22 870.00 1.274517
8 9 1753.00 1.283733
9 3 91.00 0.133950
9 38 896.00 1.313567
9 10 3737.00 2.736800
10 37 1774.00 1.299533
11 108 195.00 0.286117
11 88 780.00 1.143600
11 21 759.00 1.112550
12 20 938.00 1.374200
13 89 948.00 1.388800
14 13 1418.00 2.077083
14 32 1038.00 0.760233
15 14 787.00 1.153683
16 15 1067.00 1.563317
16 33 535.00 0.784833
17 16 346.00 0.507600
17 91 721.00 1.056850
18 17 1430.00 2.094417
19 18 363.00 0.531900
19 108 1196.00 1.752183
20 12 938.00 1.374200
20 21 1283.00 1.879717
20 45 874.00 1.281217
21 7 790.00 1.157650
21 11 759.00 1.112550
21 20 1283.00 1.879717
21 22 684.00 1.001867
22 8 870.00 1.274517
22 21 684.00 1.001867
22 88 265.00 0.388283
23 24 393.00 0.575967
24 23 393.00 0.575967
24 77 1238.00 1.813883
24 5 881.00 1.290900
25 4 881.00 1.290600
25 69 946.00 1.386700
25 26 1299.00 1.902500
25 77 1306.00 1.913350
26 25 1299.00 1.902500
26 54 849.00 1.244350
26 42 1902.00 2.786717
27 28 1845.00 2.702817
27 85 931.00 0.682417
27 83 865.00 0.633950
28 27 1845.00 2.702817
28 84 432.00 0.633917
28 86 461.00 0.676517
29 30 1840.00 2.694867
29 85 868.00 0.635850
30 3 890.00 1.304567
30 29 1840.00 2.694867
30 86 460.00 0.674183
31 79 1243.00 0.910300
31 34 1808.00 1.324300
32 14 1038.00 0.760233
32 98 698.00 0.511367
32 33 1859.00 2.723250
33 16 535.00 0.784833
33 32 1859.00 2.723250
33 65 314.00 0.461300
33 53 900.00 1.319100
34 31 1808.00 1.324300
34 80 1664.00 2.438267
34 35 1795.00 1.314800
35 34 1795.00 1.314800
35 80 803.00 1.176167
35 83 935.00 0.685333
36 81 577.00 0.845200
36 41 887.00 1.299617
36 84 449.00 0.658667
36 42 317.00 0.464983
37 10 1774.00 1.299533
37 39 1800.00 1.318617
37 38 1856.00 2.718750
38 9 896.00 1.313567
38 37 1856.00 2.718750
38 53 893.00 1.308550
38 66 384.00 0.562750
39 37 1800.00 1.318617
39 98 1116.00 0.817483
39 53 1873.00 2.744117
40 53 431.00 0.632633
41 2 1761.00 2.579367
41 36 887.00 1.299617
41 42 943.00 1.382267
41 59 1705.00 1.248933
42 26 1902.00 2.786717
42 36 317.00 0.464983
42 41 943.00 1.382267
43 70 1209.00 1.771767
43 73 314.00 0.460350
43 24 945.00 1.384917
44 0 1716.00 2.514050
44 55 918.00 1.345583
44 64 1217.00 1.783167
45 20 874.00 1.281217
45 7 2543.00 1.862250
46 5 2560.00 1.874883
46 77 885.00 1.297400
47 72 1739.00 2.546933
47 62 867.00 1.269683
47 61 2596.00 1.901567
48 49 1935.00 2.834250
48 101 1019.00 1.492900
48 102 891.00 1.305050
49 48 1935.00 2.834250
49 99 906.00 1.327417
49 74 918.00 1.345367
50 91 1388.00 2.033833
50 90 1869.00 2.737950
50 15 997.00 1.461250
51 91 1505.00 2.204717
51 18 778.00 1.139900
52 93 649.00 0.950817
52 94 367.00 0.538700
52 95 839.00 1.229300
53 33 900.00 1.319100
53 38 893.00 1.308550
53 39 1873.00 2.744117
53 40 431.00 0.632633
54 8 103.00 0.151650
54 26 849.00 1.244350
54 4 2399.00 1.756617
55 64 573.00 0.839750
55 43 885.00 1.297250
55 62 1207.00 1.768367
56 63 438.00 0.642450
56 60 1034.00 1.514417
56 68 1201.00 1.759350
57 59 1765.00 2.585017
57 2 1742.00 1.275950
58 59 1655.00 2.424500
59 41 1705.00 1.248933
59 57 1765.00 2.585017
59 58 1655.00 2.424500
59 61 2443.00 1.789150
60 56 1034.00 1.514417
60 64 519.00 0.760167
60 63 1129.00 1.654733
61 47 2596.00 1.901567
61 59 2443.00 1.789150
61 71 884.00 1.294667
62 47 867.00 1.269683
62 55 1207.00 1.768367
62 70 905.00 1.326583
62 71 1329.00 1.946467
63 56 438.00 0.642450
63 60 1129.00 1.654733
63 67 1311.00 1.921050
64 44 1217.00 1.783167
64 55 573.00 0.839750
64 60 519.00 0.760167
65 33 314.00 0.461300
66 38 384.00 0.562750
67 63 1311.00 1.921050
68 56 1201.00 1.759350
68 67 1925.00 1.409800
69 25 946.00 1.386700
69 71 888.00 1.301567
69 70 1334.00 1.954350
70 43 1209.00 1.771767
70 62 905.00 1.326583
70 69 1334.00 1.954350
70 77 963.00 1.411250
71 61 884.00 1.294667
71 62 1329.00 1.946467
71 69 888.00 1.301567
72 47 1739.00 2.546933
72 1 2698.00 1.975683
73 43 314.00 0.460350
74 49 918.00 1.345367
74 101 1626.00 2.381567
75 76 387.00 0.568067
75 93 1561.00 2.286067
75 92 1381.00 2.023133
76 50 700.00 1.025433
76 94 1332.00 1.951017
77 24 1238.00 1.813883
77 25 1306.00 1.913350
77 46 885.00 1.297400
77 70 963.00 1.411250
78 104 1961.00 0.957550
79 31 1243.00 0.910300
80 34 1664.00 2.438267
80 35 803.00 1.176167
80 81 474.00 0.694583
81 36 577.00 0.845200
81 80 474.00 0.694583
81 82 599.00 0.877233
82 81 599.00 0.877233
83 27 865.00 0.633950
83 35 935.00 0.685333
83 84 1841.00 2.697417
84 28 432.00 0.633917
84 36 449.00 0.658667
84 83 1841.00 2.697417
85 27 931.00 0.682417
85 29 868.00 0.635850
85 86 1844.00 2.701483
86 28 461.00 0.676517
86 30 460.00 0.674183
86 85 1844.00 2.701483
87 88 1111.00 1.627900
88 11 780.00 1.143600
88 22 265.00 0.388283
88 87 1111.00 1.627900
89 90 114.00 0.167700
90 50 1869.00 2.737950
90 52 786.00 1.151900
91 50 1388.00 2.033833
91 51 1505.00 2.204717
91 92 758.00 1.110433
92 75 1381.00 2.023133
93 75 1561.00 2.286067
93 78 619.00 0.907317
94 52 367.00 0.538700
94 76 1332.00 1.951017
94 103 182.00 0.266767
94 109 300.00 0.439400
95 52 839.00 1.229300
95 96 797.00 1.167783
96 95 797.00 1.167783
97 98 1919.00 2.811433
98 32 698.00 0.511367
98 39 1116.00 0.817483
98 97 1919.00 2.811433
99 49 906.00 1.327417
99 100 80.00 0.117417
99 105 755.00 0.553333
100 99 80.00 0.117417
100 57 1625.00 1.190133
101 48 1019.00 1.492900
101 74 1626.00 2.381567
101 106 922.00 1.351100
102 48 891.00 1.305050
103 94 182.00 0.266767
104 107 2330.00 1.137450
105 1 77.00 0.113750
105 102 3591.00 2.629917
106 101 922.00 1.351100
107 75 593.00 0.869000
108 11 195.00 0.286117
108 19 1196.00 1.752183
108 12 1199.00 1.756100
109 94 300.00 0.439400
