0 142 7154.00 5.238800
1 29 584.00 0.427883
1 100 1129.00 1.653483
1 27 2373.00 1.737683
2 29 1116.00 1.634850
2 28 3421.00 2.505550
3 100 1357.00 1.987417
4 3 290.00 0.212550
4 24 3997.00 2.927183
5 4 1568.00 1.148283
5 20 4756.00 3.482517
6 97 1148.00 0.841167
6 22 2948.00 4.317383
7 18 2855.00 2.091117
7 107 1374.00 2.012417
8 176 2036.00 1.491433
8 110 1376.00 2.015950
9 10 2436.00 1.189200
9 22 1352.00 1.980217
10 89 587.00 0.286733
10 30 2863.00 2.096667
11 26 1546.00 1.132450
11 9 3584.00 1.749833
11 20 2715.00 1.988367
12 24 2715.00 1.988650
12 11 1713.00 1.254567
13 153 399.00 0.292250
13 114 1228.00 0.899500
13 154 505.00 0.740367
14 15 1290.00 0.944917
15 136 6486.00 4.749500
15 90 628.00 0.919717
16 91 609.00 0.891933
16 146 351.00 0.171417
17 109 714.00 1.046917
17 106 918.00 1.345833
17 108 613.00 0.898483
17 40 1231.00 1.803850
18 40 1205.00 0.882350
19 30 1021.00 0.747800
20 5 4756.00 3.482517
20 24 1544.00 1.131183
20 22 2411.00 1.765583
21 6 1417.00 1.038117
21 19 3309.00 4.846433
22 6 2948.00 4.317383
22 9 1352.00 1.980217
22 20 2411.00 1.765583
22 30 604.00 0.442450
23 78 250.00 0.366383
23 174 96.00 0.142033
24 4 3997.00 2.927183
24 12 2715.00 1.988650
24 20 1544.00 1.131183
25 80 291.00 0.426617
25 76 553.00 0.810250
26 88 2207.00 3.232567
26 90 598.00 0.876333
26 14 1265.00 0.926767
27 1 2373.00 1.737683
27 21 4226.00 3.094883
28 27 823.00 0.603033
29 1 584.00 0.427883
29 2 1116.00 1.634850
29 142 2475.00 1.812550
30 10 2863.00 2.096667
30 22 604.00 0.442450
31 101 1244.00 1.823067
31 12 2382.00 1.744267
32 163 181.00 0.132867
32 33 2033.00 2.978133
33 32 2033.00 2.978133
33 157 194.00 0.285367
33 162 332.00 0.486250
34 39 1395.00 2.043617
34 162 836.00 1.224750
35 38 2562.00 1.876200
35 157 1832.00 2.683600
35 160 1366.00 2.001150
36 160 504.00 0.369167
37 124 1494.00 2.187967
37 157 1248.00 1.828050
37 126 924.00 1.354017
38 124 518.00 0.760000
38 150 1640.00 1.201100
39 34 1395.00 2.043617
40 17 1231.00 1.803850
40 129 887.00 0.649617
41 146 4631.00 3.390950
42 113 249.00 0.182983
42 41 169.00 0.247567
43 130 329.00 0.482333
44 42 691.00 0.506000
44 112 1077.00 1.578517
45 175 517.00 0.252517
45 118 1363.00 1.997333
46 52 670.00 0.982050
46 45 1730.00 0.844517
47 46 1002.00 0.489350
47 121 623.00 0.913200
48 122 366.00 0.536500
48 49 579.00 0.848867
48 50 356.00 0.522717
49 48 579.00 0.848867
49 52 619.00 0.906617
49 118 765.00 1.120933
50 48 356.00 0.522717
50 117 882.00 1.292433
50 51 1313.00 1.924167
51 50 1313.00 1.924167
51 47 908.00 0.443533
52 46 670.00 0.982050
52 49 619.00 0.906617
52 121 445.00 0.652117
53 90 506.00 0.741433
54 102 1237.00 0.906117
55 59 969.00 1.420017
55 35 556.00 0.407567
56 59 328.00 0.480400
56 62 902.00 0.660917
57 58 967.00 1.417467
57 55 441.00 0.323133
58 57 967.00 1.417467
58 60 215.00 0.316200
58 59 228.00 0.335350
59 55 969.00 1.420017
59 56 328.00 0.480400
59 58 228.00 0.335350
60 58 215.00 0.316200
60 62 218.00 0.320100
60 61 967.00 1.416167
61 60 967.00 1.416167
61 57 440.00 0.322800
62 60 218.00 0.320100
63 172 105.00 0.155083
64 86 391.00 0.573483
64 65 496.00 0.727833
64 152 117.00 0.172400
65 64 496.00 0.727833
65 66 850.00 1.245300
65 69 379.00 0.555917
66 65 850.00 1.245300
66 78 285.00 0.418017
66 81 382.00 0.560500
67 131 394.00 0.577167
67 168 180.00 0.264483
68 77 306.00 0.448883
68 72 410.00 0.601433
69 65 379.00 0.555917
69 86 497.00 0.728100
69 81 841.00 1.232717
69 84 423.00 0.619667
70 86 602.00 0.882683
71 87 903.00 1.323800
72 79 292.00 0.427750
72 25 355.00 0.519967
73 83 838.00 1.228333
73 127 710.00 1.040817
73 75 480.00 0.703133
73 84 347.00 0.509167
74 128 1693.00 1.240050
74 127 931.00 1.364333
75 73 480.00 0.703133
75 76 1415.00 2.073033
75 85 313.00 0.459650
76 75 1415.00 2.073033
76 14 867.00 1.270683
77 68 306.00 0.448883
77 78 386.00 0.566483
77 81 286.00 0.419550
78 23 250.00 0.366383
78 66 285.00 0.418017
78 77 386.00 0.566483
79 72 292.00 0.427750
79 82 283.00 0.414600
79 80 355.00 0.519933
80 25 291.00 0.426617
80 79 355.00 0.519933
80 83 286.00 0.420100
81 66 382.00 0.560500
81 69 841.00 1.232717
81 77 286.00 0.419550
81 82 417.00 0.611650
82 79 283.00 0.414600
82 81 417.00 0.611650
82 84 840.00 1.231583
82 83 353.00 0.517917
83 73 838.00 1.228333
83 80 286.00 0.420100
83 82 353.00 0.517917
84 69 423.00 0.619667
84 73 347.00 0.509167
84 82 840.00 1.231583
84 155 506.00 0.741500
85 75 313.00 0.459650
85 14 2524.00 1.848767
86 64 391.00 0.573483
86 69 497.00 0.728100
86 70 602.00 0.882683
86 155 407.00 0.596867
87 71 903.00 1.323800
87 155 39.00 0.058400
87 127 396.00 0.580033
88 26 2207.00 3.232567
88 89 781.00 1.144083
88 135 893.00 1.307817
88 128 639.00 0.936533
89 88 781.00 1.144083
89 16 1558.00 0.760767
90 15 628.00 0.919717
90 26 598.00 0.876333
90 53 506.00 0.741433
91 93 318.00 0.466300
91 92 307.00 0.450533
92 91 307.00 0.450533
93 95 311.00 0.456583
93 94 263.00 0.385533
94 93 263.00 0.385533
95 96 267.00 0.391183
95 19 281.00 0.411850
96 95 267.00 0.391183
97 5 246.00 0.180517
97 169 801.00 1.174367
98 99 964.00 1.412650
98 143 609.00 0.892317
98 100 661.00 0.968100
99 98 964.00 1.412650
100 1 1129.00 1.653483
100 3 1357.00 1.987417
100 98 661.00 0.968100
101 31 1244.00 1.823067
102 103 1316.00 0.963683
102 170 137.00 0.201100
103 104 1004.00 1.471067
103 31 2361.00 1.729433
104 103 1004.00 1.471067
105 106 1608.00 2.355383
106 17 918.00 1.345833
106 105 1608.00 2.355383
106 137 224.00 0.328050
107 109 360.00 0.528167
107 171 406.00 0.595100
108 17 613.00 0.898483
108 112 1497.00 2.192717
108 110 700.00 1.025233
109 17 714.00 1.046917
109 110 925.00 1.355550
110 8 1376.00 2.015950
110 108 700.00 1.025233
110 109 925.00 1.355550
110 111 2204.00 3.228817
111 110 2204.00 3.228817
111 44 1393.00 1.020267
112 44 1077.00 1.578517
112 108 1497.00 2.192717
112 113 1745.00 2.555917
113 112 1745.00 2.555917
114 13 1228.00 0.899500
114 116 20.00 0.014667
114 165 207.00 0.151617
115 156 914.00 1.339567
115 119 253.00 0.371917
115 116 1373.00 2.011983
116 114 20.00 0.014667
116 115 1373.00 2.011983
116 158 2577.00 1.887667
117 50 882.00 1.292433
118 45 1363.00 1.997333
118 49 765.00 1.120933
118 159 814.00 1.192250
119 115 253.00 0.371917
119 161 409.00 0.599383
119 158 796.00 1.166817
120 153 5169.00 3.785250
120 158 3504.00 2.566050
121 47 623.00 0.913200
121 52 445.00 0.652117
121 122 321.00 0.471117
122 48 366.00 0.536500
122 121 321.00 0.471117
122 123 290.00 0.426067
123 122 290.00 0.426067
124 37 1494.00 2.187967
124 38 518.00 0.760000
124 125 571.00 0.837333
125 124 571.00 0.837333
126 37 924.00 1.354017
126 150 4552.00 3.333450
127 73 710.00 1.040817
127 74 931.00 1.364333
127 87 396.00 0.580033
127 128 401.00 0.588050
128 88 639.00 0.936533
128 85 1889.00 1.383317
129 105 911.00 0.667700
130 43 329.00 0.482333
130 137 946.00 1.386783
131 67 394.00 0.577167
131 132 663.00 0.971433
131 23 213.00 0.312783
132 131 663.00 0.971433
132 144 338.00 0.496450
133 132 465.00 0.681767
133 144 423.00 0.310117
134 154 166.00 0.244033
134 149 2190.00 1.603833
135 88 893.00 1.307817
135 148 1283.00 0.939933
136 54 3101.00 2.271017
137 106 224.00 0.328050
137 130 946.00 1.386783
138 145 678.00 0.993683
138 140 150.00 0.220933
139 13 3517.00 1.717233
139 141 68.00 0.099583
140 138 150.00 0.220933
141 139 68.00 0.099583
142 0 7154.00 5.238800
142 29 2475.00 1.812550
142 164 50.00 0.073483
143 98 609.00 0.892317
144 36 4551.00 3.332783
145 8 3322.00 2.432983
145 147 1093.00 1.601450
146 149 321.00 0.157067
146 135 1644.00 1.204250
147 111 509.00 0.373100
148 74 266.00 0.195000
148 152 3574.00 2.617233
149 145 300.00 0.146550
149 147 2114.00 1.548250
150 126 4552.00 3.333450
150 151 3051.00 2.234117
151 36 1922.00 2.816083
151 120 1237.00 0.906000
152 64 117.00 0.172400
152 133 1377.00 1.008483
153 148 217.00 0.159083
153 134 747.00 0.547650
154 138 285.00 0.417833
155 84 506.00 0.741500
155 86 407.00 0.596867
155 87 39.00 0.058400
156 115 914.00 1.339567
157 33 194.00 0.285367
157 35 1832.00 2.683600
157 37 1248.00 1.828050
157 162 223.00 0.327867
158 116 2577.00 1.887667
158 119 796.00 1.166817
158 120 3504.00 2.566050
159 118 814.00 1.192250
159 161 251.00 0.367850
159 166 75.00 0.110817
160 35 1366.00 2.001150
160 56 557.00 0.408083
161 119 409.00 0.599383
161 159 251.00 0.367850
161 167 95.00 0.139950
162 33 332.00 0.486250
162 34 836.00 1.224750
162 157 223.00 0.327867
163 172 643.00 0.942350
163 61 594.00 0.435483
164 142 50.00 0.073483
165 114 207.00 0.151617
166 159 75.00 0.110817
167 161 95.00 0.139950
168 23 105.00 0.154133
168 174 132.00 0.193750
169 97 801.00 1.174367
170 102 137.00 0.201100
171 107 406.00 0.595100
172 63 105.00 0.155083
172 163 643.00 0.942350
172 173 238.00 0.349233
173 172 238.00 0.349233
174 68 415.00 0.608517
175 139 3256.00 1.589600
175 176 1405.00 2.058217
176 175 1405.00 2.058217
176 7 1952.00 1.429717
