0 36 1003.00 1.469700
0 21 1284.00 1.881333
0 25 2414.00 3.536383
0 32 1493.00 2.187100
1 48 462.00 0.676583
1 36 1051.00 1.540367
1 37 4197.00 3.073817
2 3 488.00 0.715333
2 50 553.00 0.811233
2 62 2105.00 3.083883
3 2 488.00 0.715333
3 52 1777.00 2.603467
3 76 1031.00 1.510833
4 22 1063.00 1.557083
5 73 1189.00 1.742183
5 79 1564.00 2.291667
5 72 1261.00 1.847233
6 17 118.00 0.174267
6 88 1026.00 1.503733
7 78 524.00 0.768800
8 92 199.00 0.291633
8 58 2132.00 3.123117
8 56 1783.00 2.611367
9 44 269.00 0.394167
9 45 432.00 0.632883
9 38 800.00 1.172333
10 40 652.00 0.955450
10 41 428.00 0.627700
10 11 1439.00 2.108300
11 10 1439.00 2.108300
11 12 647.00 0.948250
11 15 625.00 0.916200
11 13 1784.00 2.613533
12 11 647.00 0.948250
12 57 1749.00 2.561767
12 40 1218.00 1.784833
13 11 1784.00 2.613533
13 89 602.00 0.882567
13 57 626.00 0.916983
14 54 73.00 0.107017
14 57 621.00 0.910350
14 16 788.00 1.154150
15 11 625.00 0.916200
15 61 1788.00 2.619867
15 49 829.00 1.215033
16 14 788.00 1.154150
17 6 118.00 0.174267
18 74 362.00 0.531050
18 19 2306.00 1.688867
19 18 2306.00 1.688867
19 20 562.00 0.823433
19 22 2596.00 1.900967
20 19 562.00 0.823433
21 0 1284.00 1.881333
21 24 1276.00 1.868667
22 4 1063.00 1.557083
22 19 2596.00 1.900967
22 25 773.00 1.132283
23 30 1173.00 1.717833
23 29 1150.00 1.684850
24 21 1276.00 1.868667
24 26 1114.00 1.632583
24 32 1158.00 1.696750
25 0 2414.00 3.536383
25 22 773.00 1.132283
25 94 726.00 1.064000
26 24 1114.00 1.632583
26 29 239.00 0.351400
27 30 406.00 0.595500
28 31 1829.00 2.679167
29 23 1150.00 1.684850
29 26 239.00 0.351400
29 34 1135.00 1.663267
29 33 1151.00 1.685600
30 23 1173.00 1.717833
30 27 406.00 0.595500
30 34 1164.00 1.704767
31 28 1829.00 2.679167
31 36 2268.00 3.322783
31 94 309.00 0.453433
31 37 1012.00 1.483117
32 0 1493.00 2.187100
32 24 1158.00 1.696750
32 33 456.00 0.668017
32 82 862.00 1.263517
33 29 1151.00 1.685600
33 32 456.00 0.668017
33 38 1141.00 1.671750
34 29 1135.00 1.663267
34 30 1164.00 1.704767
34 38 1159.00 1.697417
34 41 1350.00 1.977367
35 28 3058.00 1.493067
35 37 3674.00 2.690350
36 0 1003.00 1.469700
36 1 1051.00 1.540367
36 31 2268.00 3.322783
36 82 2148.00 3.146800
37 1 4197.00 3.073817
37 31 1012.00 1.483117
37 35 3674.00 2.690350
37 47 1029.00 1.508300
38 9 800.00 1.172333
38 33 1141.00 1.671750
38 34 1159.00 1.697417
38 43 1138.00 1.667450
39 40 691.00 1.012467
39 54 2601.00 3.810000
40 10 652.00 0.955450
40 12 1218.00 1.784833
40 39 691.00 1.012467
41 10 428.00 0.627700
41 34 1350.00 1.977367
41 42 247.00 0.362733
42 41 247.00 0.362733
42 44 707.00 1.035667
42 49 856.00 1.253767
43 38 1138.00 1.667450
43 83 591.00 0.866133
43 92 293.00 0.429967
43 93 269.00 0.394500
44 9 269.00 0.394167
44 42 707.00 1.035667
44 51 1186.00 1.737833
45 9 432.00 0.632883
45 46 690.00 1.010817
45 53 1513.00 2.216833
46 45 690.00 1.010817
46 93 113.00 0.166633
46 55 1806.00 2.645917
47 37 1029.00 1.508300
47 50 1947.00 2.851417
47 52 1010.00 1.479567
48 1 462.00 0.676583
48 50 584.00 0.855900
48 81 458.00 0.671833
49 15 829.00 1.215033
49 42 856.00 1.253767
49 51 629.00 0.921867
50 2 553.00 0.811233
50 47 1947.00 2.851417
50 48 584.00 0.855900
51 44 1186.00 1.737833
51 49 629.00 0.921867
51 63 2606.00 3.817200
51 53 628.00 0.921133
52 3 1777.00 2.603467
52 47 1010.00 1.479567
52 87 1026.00 1.503883
53 45 1513.00 2.216833
53 51 628.00 0.921133
53 55 621.00 0.910883
53 65 2607.00 3.818083
54 14 73.00 0.107017
54 39 2601.00 3.810000
55 46 1806.00 2.645917
55 53 621.00 0.910883
55 58 635.00 0.930283
55 67 2633.00 3.856100
56 8 1783.00 2.611367
56 59 1099.00 1.609983
56 60 1176.00 1.723250
57 12 1749.00 2.561767
57 13 626.00 0.916983
57 14 621.00 0.910350
58 8 2132.00 3.123117
58 55 635.00 0.930283
58 69 2611.00 3.824200
59 56 1099.00 1.609983
59 62 1182.00 1.731300
59 64 1172.00 1.717767
59 81 2222.00 3.255000
60 56 1176.00 1.723250
60 66 1202.00 1.760417
60 64 1110.00 1.626083
61 15 1788.00 2.619867
61 63 641.00 0.938900
61 89 37.00 0.054250
62 2 2105.00 3.083883
62 59 1182.00 1.731300
62 91 1104.00 1.618217
62 68 1163.00 1.704067
63 51 2606.00 3.817200
63 61 641.00 0.938900
63 65 630.00 0.923783
64 59 1172.00 1.717767
64 60 1110.00 1.626083
64 68 1160.00 1.700067
64 70 1184.00 1.734300
65 53 2607.00 3.818083
65 63 630.00 0.923783
65 67 612.00 0.897700
66 60 1202.00 1.760417
66 71 1194.00 1.749450
66 70 1096.00 1.606317
67 55 2633.00 3.856100
67 65 612.00 0.897700
67 69 656.00 0.960950
68 62 1163.00 1.704067
68 64 1160.00 1.700067
68 72 1167.00 1.710150
69 58 2611.00 3.824200
69 67 656.00 0.960950
69 71 701.00 1.026833
70 64 1184.00 1.734300
70 66 1096.00 1.606317
70 72 1179.00 1.727367
70 73 1212.00 1.775733
71 66 1194.00 1.749450
71 69 701.00 1.026833
71 73 1069.00 1.565617
72 5 1261.00 1.847233
72 68 1167.00 1.710150
72 70 1179.00 1.727367
72 79 943.00 1.381767
73 5 1189.00 1.742183
73 70 1212.00 1.775733
73 71 1069.00 1.565617
74 18 362.00 0.531050
74 75 720.00 1.055467
75 74 720.00 1.055467
76 3 1031.00 1.510833
76 77 1047.00 1.533833
76 87 1634.00 2.393300
76 86 1373.00 2.012017
77 76 1047.00 1.533833
77 88 1447.00 2.119483
77 85 1036.00 1.518350
78 80 1421.00 2.081833
78 91 1920.00 2.811867
79 72 943.00 1.381767
79 7 899.00 1.317233
80 85 600.00 0.878817
80 86 1638.00 2.398983
81 48 458.00 0.671833
81 59 2222.00 3.255000
81 90 37.00 0.055333
82 32 862.00 1.263517
82 36 2148.00 3.146800
82 83 420.00 0.616050
83 43 591.00 0.866133
83 82 420.00 0.616050
83 84 863.00 1.264533
84 83 863.00 1.264533
85 77 1036.00 1.518350
85 6 1264.00 1.851633
86 76 1373.00 2.012017
86 80 1638.00 2.398983
86 91 40.00 0.058950
87 52 1026.00 1.503883
87 76 1634.00 2.393300
87 88 1021.00 1.496133
88 6 1026.00 1.503733
88 77 1447.00 2.119483
88 87 1021.00 1.496133
89 13 602.00 0.882567
89 61 37.00 0.054250
90 81 37.00 0.055333
91 62 1104.00 1.618217
91 78 1920.00 2.811867
91 86 40.00 0.058950
92 8 199.00 0.291633
92 43 293.00 0.429967
92 93 440.00 0.644617
93 43 269.00 0.394500
93 46 113.00 0.166633
93 92 440.00 0.644617
94 25 726.00 1.064000
94 31 309.00 0.453433
94 95 72.00 0.105583
95 94 72.00 0.105583
