0 46 300.00 0.395580
0 43 300.00 0.414947
1 2 300.00 0.212577
2 31 300.00 0.204770
2 45 300.00 0.177753
3 4 300.00 0.170150
3 5 300.00 0.338370
4 50 300.00 0.337710
4 6 300.00 0.173473
5 3 300.00 0.338370
5 49 300.00 0.127477
5 19 300.00 0.171470
5 50 300.00 0.165857
6 7 300.00 0.255527
7 8 300.00 0.188177
8 9 300.00 0.159013
8 10 300.00 0.263547
9 53 300.00 0.170367
9 52 300.00 0.446353
10 54 300.00 0.327940
11 36 300.00 0.245647
12 13 300.00 0.309463
13 12 300.00 0.309463
13 23 300.00 0.197197
13 17 300.00 0.220183
14 15 300.00 0.246303
14 20 300.00 0.305840
14 22 300.00 0.204667
14 23 300.00 0.367830
15 14 300.00 0.246303
15 16 300.00 0.276933
15 17 300.00 0.159443
15 18 300.00 0.259677
16 15 300.00 0.276933
16 20 300.00 0.303327
16 33 300.00 0.127743
16 34 300.00 0.447650
17 15 300.00 0.159443
17 13 300.00 0.220183
17 37 300.00 0.266397
18 15 300.00 0.259677
18 37 300.00 0.165703
18 40 300.00 0.190383
19 20 300.00 0.129397
19 5 300.00 0.171470
19 33 300.00 0.315693
20 19 300.00 0.129397
20 21 300.00 0.152557
20 14 300.00 0.305840
20 16 300.00 0.303327
21 20 300.00 0.152557
21 22 300.00 0.311177
22 14 300.00 0.204667
22 21 300.00 0.311177
22 29 300.00 0.357977
22 25 300.00 0.194607
23 14 300.00 0.367830
23 24 300.00 0.311893
23 29 300.00 0.235143
24 23 300.00 0.311893
24 12 300.00 0.158467
25 26 300.00 0.200600
25 22 300.00 0.194607
25 47 300.00 0.619737
26 25 300.00 0.200600
26 27 300.00 0.389517
26 28 300.00 0.387560
27 26 300.00 0.389517
27 39 300.00 0.312490
27 43 300.00 0.248723
28 55 300.00 0.182563
28 46 300.00 0.248510
29 30 300.00 0.307977
29 22 300.00 0.357977
29 44 300.00 0.190437
30 29 300.00 0.307977
31 3 300.00 0.125577
31 32 300.00 0.168423
32 45 300.00 0.196997
32 49 300.00 0.172647
33 19 300.00 0.315693
33 51 300.00 0.162627
34 16 300.00 0.447650
34 35 300.00 0.225077
34 36 300.00 0.241883
35 34 300.00 0.225077
35 40 300.00 0.009067
35 36 300.00 0.439757
36 34 300.00 0.241883
36 11 300.00 0.245647
36 54 300.00 0.308393
36 35 300.00 0.439757
37 38 300.00 0.231453
37 18 300.00 0.165703
37 17 300.00 0.266397
38 37 300.00 0.231453
38 13 300.00 0.290700
39 27 300.00 0.312490
40 18 300.00 0.190383
40 35 300.00 0.009067
40 41 300.00 0.406163
41 38 300.00 0.162237
42 39 300.00 0.381487
42 26 300.00 0.342303
43 27 300.00 0.248723
44 42 300.00 0.210217
44 25 300.00 0.355240
45 2 300.00 0.177753
45 32 300.00 0.196997
45 48 300.00 0.164870
46 0 300.00 0.395580
46 47 300.00 0.202837
46 1 300.00 0.345123
47 46 300.00 0.202837
47 48 300.00 0.014767
48 47 300.00 0.014767
48 49 300.00 0.185393
48 45 300.00 0.164870
49 5 300.00 0.127477
49 21 300.00 0.299563
49 48 300.00 0.185393
50 5 300.00 0.165857
50 51 300.00 0.170573
51 52 300.00 0.176350
51 50 300.00 0.170573
51 53 300.00 0.451753
52 9 300.00 0.446353
52 6 300.00 0.168073
53 51 300.00 0.451753
53 34 300.00 0.309743
53 54 300.00 0.249623
54 53 300.00 0.249623
54 36 300.00 0.308393
54 10 300.00 0.327940
55 28 300.00 0.182563
