0 147 1064.00 0.389650
0 1 4455.00 2.174800
1 214 363.00 0.177667
2 216 1729.00 1.266350
2 147 2584.00 1.261617
3 9 1352.00 1.981167
3 222 710.00 1.039800
4 10 1337.00 1.958800
5 187 160.00 0.235100
6 43 1009.00 1.478050
6 53 694.00 1.016433
7 9 1339.00 1.962317
7 16 1336.00 1.956950
7 8 1390.00 2.036600
8 7 1390.00 2.036600
8 10 1307.00 1.914483
8 21 1324.00 1.939533
9 3 1352.00 1.981167
9 7 1339.00 1.962317
9 221 1385.00 1.014650
10 4 1337.00 1.958800
10 8 1307.00 1.914483
10 247 424.00 0.310567
10 221 1423.00 1.042300
11 85 1180.00 0.864733
12 85 560.00 0.410217
12 32 606.00 0.887517
12 193 2679.00 1.962200
13 165 607.00 0.889717
13 31 202.00 0.295983
13 14 1445.00 2.116850
14 13 1445.00 2.116850
14 238 108.00 0.158350
14 54 425.00 0.622750
15 238 850.00 1.245550
16 7 1336.00 1.956950
16 21 1387.00 2.031400
17 51 430.00 0.630883
17 134 408.00 0.598400
17 136 411.00 0.602683
17 118 895.00 1.311200
18 128 456.00 0.668900
18 121 418.00 0.613283
19 231 68.00 0.100633
19 66 550.00 0.805500
20 94 575.00 0.842250
20 194 1190.00 1.744033
20 100 563.00 0.825067
21 8 1324.00 1.939533
21 16 1387.00 2.031400
21 127 455.00 0.666550
22 74 1377.00 2.017550
22 24 557.00 0.816567
22 36 1744.00 2.555033
23 86 232.00 0.339917
23 25 482.00 0.707133
23 33 529.00 0.775400
23 74 1182.00 1.731867
24 22 557.00 0.816567
24 174 365.00 0.535583
24 26 288.00 0.421900
25 23 482.00 0.707133
25 27 268.00 0.392833
25 179 640.00 0.937667
26 24 288.00 0.421900
26 173 445.00 0.653033
26 171 597.00 0.874450
27 25 268.00 0.392833
27 178 652.00 0.954950
27 30 611.00 0.895967
28 168 382.00 0.560333
28 167 1328.00 1.945783
28 171 318.00 0.466617
29 72 588.00 0.861717
29 146 659.00 0.965617
29 30 1217.00 1.782450
29 168 1171.00 1.716083
30 27 611.00 0.895967
30 29 1217.00 1.782450
30 32 516.00 0.756900
30 84 316.00 0.463133
31 13 202.00 0.295983
31 192 1109.00 1.624833
31 168 655.00 0.960500
32 12 606.00 0.887517
32 30 516.00 0.756900
32 146 1236.00 1.810183
33 23 529.00 0.775400
33 141 598.00 0.876967
33 36 1199.00 1.756367
34 234 988.00 1.446883
34 39 551.00 0.403667
35 235 46.00 0.067900
35 233 171.00 0.251417
36 22 1744.00 2.555033
36 33 1199.00 1.756367
36 75 657.00 0.962233
36 74 507.00 0.742667
37 226 60.00 0.088483
37 45 688.00 1.008350
38 156 1157.00 1.695683
38 42 2592.00 0.949300
38 153 2170.00 0.794667
39 34 551.00 0.403667
39 158 942.00 1.380517
39 202 2876.00 1.053250
39 143 2476.00 0.906783
40 48 1688.00 2.472483
40 152 352.00 0.516683
41 225 2406.00 3.523567
41 47 1746.00 2.558267
41 204 602.00 0.882433
41 226 511.00 0.749217
42 38 2592.00 0.949300
42 225 1630.00 2.387383
42 218 1702.00 2.492817
42 144 6104.00 4.469550
43 6 1009.00 1.478050
43 145 8554.00 6.263733
44 134 1036.00 1.518517
44 132 816.00 0.597650
44 151 263.00 0.192633
45 37 688.00 1.008350
45 50 873.00 1.279200
45 159 3165.00 4.635850
46 227 92.00 0.135183
46 237 767.00 1.124267
47 41 1746.00 2.558267
48 40 1688.00 2.472483
48 157 469.00 0.688017
48 98 2849.00 4.173250
48 227 884.00 1.294717
49 204 459.00 0.672900
49 205 1796.00 2.630567
49 218 2420.00 3.544767
50 45 873.00 1.279200
50 206 465.00 0.681383
50 158 3168.00 4.639433
51 17 430.00 0.630883
51 128 476.00 0.697300
51 125 417.00 0.610917
52 228 632.00 0.925883
52 53 1031.00 1.511067
52 58 4207.00 6.161250
53 6 694.00 1.016433
53 52 1031.00 1.511067
54 14 425.00 0.622750
54 167 132.00 0.194683
54 228 504.00 0.739333
55 166 497.00 0.728867
55 164 2776.00 2.032983
56 57 289.00 0.423900
56 145 334.00 0.489600
56 59 992.00 1.452850
57 56 289.00 0.423900
57 61 1002.00 1.468567
57 58 292.00 0.428333
58 52 4207.00 6.161250
58 57 292.00 0.428333
58 60 153.00 0.224950
59 56 992.00 1.452850
59 61 371.00 0.543383
59 144 375.00 0.550483
60 58 153.00 0.224950
60 170 2231.00 3.268350
60 235 826.00 1.210067
61 57 1002.00 1.468567
61 59 371.00 0.543383
61 63 444.00 0.651233
62 65 748.00 1.096367
63 61 444.00 0.651233
63 35 156.00 0.228983
63 233 78.00 0.114783
64 232 76.00 0.112150
64 63 511.00 0.748650
65 62 748.00 1.096367
65 198 113.00 0.165500
65 197 877.00 1.284367
66 236 72.00 0.105783
66 64 610.00 0.894617
67 69 351.00 0.515067
67 162 197.00 0.289367
67 232 957.00 1.401633
68 220 800.00 1.171867
68 200 589.00 0.862950
68 234 153.00 0.225167
68 19 561.00 0.822983
69 67 351.00 0.515067
69 80 1084.00 1.588267
69 161 532.00 0.779850
70 162 337.00 0.494983
70 76 618.00 0.905267
70 236 704.00 1.032417
71 79 996.00 1.459483
72 29 588.00 0.861717
72 178 540.00 0.790950
72 172 410.00 0.601033
72 73 256.00 0.375400
73 72 256.00 0.375400
73 179 545.00 0.799183
73 177 403.00 0.591167
73 74 522.00 0.765083
74 22 1377.00 2.017550
74 23 1182.00 1.731867
74 36 507.00 0.742667
74 73 522.00 0.765083
75 36 657.00 0.962233
75 77 623.00 0.912967
75 160 2795.00 4.093667
75 141 1227.00 1.797133
76 70 618.00 0.905267
76 78 375.00 0.549633
76 162 708.00 1.037183
77 75 623.00 0.912967
77 82 403.00 0.590500
77 160 1601.00 2.345717
77 79 500.00 0.733583
78 76 375.00 0.549633
78 80 563.00 0.825500
78 81 415.00 0.608700
78 88 795.00 1.165400
79 71 996.00 1.459483
79 77 500.00 0.733583
79 83 402.00 0.588967
79 80 739.00 1.083550
80 69 1084.00 1.588267
80 78 563.00 0.825500
80 79 739.00 1.083550
80 91 959.00 1.404867
81 78 415.00 0.608700
81 88 644.00 0.943700
81 231 1506.00 2.206783
81 142 539.00 0.790267
82 77 403.00 0.590500
82 90 833.00 1.220967
82 83 511.00 0.748617
83 79 402.00 0.588967
83 82 511.00 0.748617
83 230 430.00 0.630500
84 183 605.00 0.886700
84 181 172.00 0.252533
85 11 1180.00 0.864733
85 12 560.00 0.410217
85 181 1133.00 1.659400
85 185 785.00 1.150567
86 23 232.00 0.339917
86 92 332.00 0.487500
86 183 737.00 1.079817
87 194 578.00 0.846600
87 230 178.00 0.261683
87 91 661.00 0.968883
88 78 795.00 1.165400
88 81 644.00 0.943700
88 196 267.00 0.392250
89 245 201.00 0.295700
89 90 356.00 0.522367
89 97 495.00 0.726333
90 82 833.00 1.220967
90 89 356.00 0.522367
90 194 949.00 1.390683
91 80 959.00 1.404867
91 87 661.00 0.968883
91 94 514.00 0.753533
92 86 332.00 0.487500
92 149 550.00 0.805983
92 180 689.00 1.009100
93 96 1067.00 1.562900
93 95 230.00 0.338033
93 142 886.00 1.298100
93 196 554.00 0.811950
94 20 575.00 0.842250
94 91 514.00 0.753533
94 196 187.00 0.274133
95 93 230.00 0.338033
95 100 530.00 0.776917
95 99 1054.00 1.544800
96 93 1067.00 1.562900
96 99 1428.00 0.522967
96 98 1319.00 1.931767
96 143 3334.00 1.220900
97 89 495.00 0.726333
97 103 8287.00 6.068700
97 150 584.00 0.856650
97 243 231.00 0.339283
98 48 2849.00 4.173250
98 96 1319.00 1.931767
98 102 810.00 1.186850
99 95 1054.00 1.544800
99 96 1428.00 0.522967
99 101 2010.00 0.736250
99 102 1463.00 2.143150
100 20 563.00 0.825067
100 95 530.00 0.776917
100 101 1054.00 1.543700
101 99 2010.00 0.736250
101 100 1054.00 1.543700
101 112 1420.00 2.080433
101 103 2922.00 1.070033
102 98 810.00 1.186850
102 99 1463.00 2.143150
102 110 275.00 0.403817
102 227 2789.00 4.085683
103 97 8287.00 6.068700
103 101 2922.00 1.070033
103 216 412.00 0.151117
104 105 417.00 0.610900
105 104 417.00 0.610900
105 106 415.00 0.608400
106 105 415.00 0.608400
106 107 416.00 0.610583
107 106 416.00 0.610583
107 163 361.00 0.528983
108 239 525.00 0.769450
108 148 8091.00 3.950100
109 113 470.00 0.689700
109 115 5386.00 2.629533
110 102 275.00 0.403817
110 114 434.00 0.636650
110 219 1950.00 2.856700
111 239 784.00 1.149567
111 208 373.00 0.546800
111 126 1759.00 2.576100
112 101 1420.00 2.080433
112 114 219.00 0.321683
112 120 549.00 0.804683
113 109 470.00 0.689700
113 123 467.00 0.684433
113 116 469.00 0.687250
114 110 434.00 0.636650
114 112 219.00 0.321683
114 117 502.00 0.735833
115 124 454.00 0.665133
115 0 1759.00 0.859050
116 113 469.00 0.687250
116 125 470.00 0.688750
116 118 428.00 0.627250
117 114 502.00 0.735833
118 17 895.00 1.311200
118 116 428.00 0.627250
118 122 417.00 0.611150
119 126 1276.00 1.869767
119 208 132.00 0.194600
119 127 443.00 0.649617
120 112 549.00 0.804683
120 2 1652.00 0.806817
121 148 935.00 1.370517
121 123 461.00 0.675750
122 118 417.00 0.611150
122 129 467.00 0.684500
122 124 482.00 0.706033
123 113 467.00 0.684433
123 121 461.00 0.675750
123 125 471.00 0.690900
124 115 454.00 0.665133
124 122 482.00 0.706033
124 130 470.00 0.688883
125 51 417.00 0.610917
125 116 470.00 0.688750
125 123 471.00 0.690900
126 111 1759.00 2.576100
126 119 1276.00 1.869767
126 131 457.00 0.670483
127 21 455.00 0.666550
127 119 443.00 0.649617
127 131 1263.00 1.850017
128 18 456.00 0.668900
128 51 476.00 0.697300
128 133 423.00 0.620533
129 122 467.00 0.684500
129 130 486.00 0.712633
129 134 402.00 0.589200
130 124 470.00 0.688883
130 129 486.00 0.712633
130 132 558.00 0.817550
131 126 457.00 0.670483
131 127 1263.00 1.850017
132 44 816.00 0.597650
132 130 558.00 0.817550
133 128 423.00 0.620533
133 135 477.00 0.698667
133 138 479.00 0.702100
134 17 408.00 0.598400
134 44 1036.00 1.518517
134 129 402.00 0.589200
135 133 477.00 0.698667
135 136 413.00 0.604983
135 139 479.00 0.702933
136 17 411.00 0.602683
136 135 413.00 0.604983
137 18 897.00 1.314833
137 138 463.00 0.679400
138 133 479.00 0.702100
138 137 463.00 0.679400
138 139 478.00 0.701050
139 135 479.00 0.702933
139 138 478.00 0.701050
139 140 467.00 0.685317
140 139 467.00 0.685317
141 33 598.00 0.876967
141 245 95.00 0.139283
142 81 539.00 0.790267
142 93 886.00 1.298100
142 220 595.00 0.871650
142 143 1079.00 1.580317
143 39 2476.00 0.906783
143 96 3334.00 1.220900
143 142 1079.00 1.580317
143 229 1056.00 1.547017
144 42 6104.00 4.469550
144 59 375.00 0.550483
144 145 2032.00 1.487983
145 43 8554.00 6.263733
145 56 334.00 0.489600
145 144 2032.00 1.487983
146 29 659.00 0.965617
146 32 1236.00 1.810183
146 192 37.00 0.054450
147 0 1064.00 0.389650
147 216 538.00 0.197117
147 217 8488.00 4.143767
148 217 173.00 0.253850
148 109 1362.00 0.664950
149 92 550.00 0.805983
149 184 1620.00 0.790833
150 97 584.00 0.856650
150 149 4276.00 2.087367
151 44 263.00 0.192633
152 40 352.00 0.516683
153 38 2170.00 0.794667
153 202 2153.00 0.788550
153 154 1123.00 1.645350
154 153 1123.00 1.645350
154 156 440.00 0.644917
154 155 1638.00 2.400150
155 154 1638.00 2.400150
156 38 1157.00 1.695683
156 154 440.00 0.644917
156 226 2899.00 4.246117
157 48 469.00 0.688017
157 206 127.00 0.186650
157 229 3144.00 4.604517
158 39 942.00 1.380517
158 50 3168.00 4.639433
158 229 597.00 0.874517
158 159 771.00 1.129700
159 45 3165.00 4.635850
159 158 771.00 1.129700
159 202 900.00 1.318867
160 75 2795.00 4.093667
160 77 1601.00 2.345717
160 161 503.00 0.737833
161 69 532.00 0.779850
161 160 503.00 0.737833
161 235 905.00 1.326350
162 67 197.00 0.289367
162 70 337.00 0.494983
162 76 708.00 1.037183
163 107 361.00 0.528983
163 187 722.00 1.058583
164 55 2776.00 2.032983
164 165 131.00 0.192883
164 193 2175.00 1.593067
165 13 607.00 0.889717
165 164 131.00 0.192883
165 166 2784.00 2.038767
166 55 497.00 0.728867
166 165 2784.00 2.038767
166 238 377.00 0.552333
167 28 1328.00 1.945783
167 54 132.00 0.194683
167 169 1198.00 1.754917
168 28 382.00 0.560333
168 29 1171.00 1.716083
168 31 655.00 0.960500
169 167 1198.00 1.754917
169 170 499.00 0.731167
169 228 1174.00 1.719900
170 60 2231.00 3.268350
170 169 499.00 0.731167
170 171 1386.00 2.031083
171 26 597.00 0.874450
171 28 318.00 0.466617
171 170 1386.00 2.031083
172 72 410.00 0.601033
172 175 380.00 0.557750
172 177 263.00 0.386017
173 26 445.00 0.653033
173 175 388.00 0.568550
173 174 263.00 0.386283
174 24 365.00 0.535583
174 173 263.00 0.386283
174 176 393.00 0.575850
175 172 380.00 0.557750
175 173 388.00 0.568550
175 176 261.00 0.383033
176 174 393.00 0.575850
176 175 261.00 0.383033
176 177 377.00 0.552683
177 73 403.00 0.591167
177 172 263.00 0.386017
177 176 377.00 0.552683
178 27 652.00 0.954950
178 72 540.00 0.790950
178 179 262.00 0.384750
179 25 640.00 0.937667
179 73 545.00 0.799183
179 178 262.00 0.384750
180 92 689.00 1.009100
180 181 653.00 0.956900
180 184 584.00 0.856700
180 183 232.00 0.341017
181 85 1133.00 1.659400
181 180 653.00 0.956900
181 182 574.00 0.840767
182 210 209.00 0.306800
182 11 3524.00 1.720667
183 84 605.00 0.886700
183 86 737.00 1.079817
183 180 232.00 0.341017
184 180 584.00 0.856700
184 182 2473.00 1.207350
185 85 785.00 1.150567
185 186 604.00 0.885033
185 244 309.00 0.453050
186 185 604.00 0.885033
186 190 335.00 0.491983
187 5 160.00 0.235100
187 163 722.00 1.058583
187 189 571.00 0.836917
188 189 358.00 0.525267
189 187 571.00 0.836917
189 188 358.00 0.525267
189 244 573.00 0.839167
190 5 455.00 0.666683
190 244 603.00 0.884217
191 244 284.00 0.416650
192 31 1109.00 1.624833
192 146 37.00 0.054450
192 193 707.00 1.036333
193 12 2679.00 1.962200
193 164 2175.00 1.593067
193 192 707.00 1.036333
194 20 1190.00 1.744033
194 87 578.00 0.846600
194 90 949.00 1.390683
195 230 273.00 0.399800
196 88 267.00 0.392250
196 93 554.00 0.811950
196 94 187.00 0.274133
197 65 877.00 1.284367
198 65 113.00 0.165500
198 200 313.00 0.459267
198 199 602.00 0.881850
199 198 602.00 0.881850
200 68 589.00 0.862950
200 198 313.00 0.459267
200 201 632.00 0.926533
201 200 632.00 0.926533
202 39 2876.00 1.053250
202 153 2153.00 0.788550
202 159 900.00 1.318867
202 234 968.00 1.417967
203 204 474.00 0.694400
204 41 602.00 0.882433
204 49 459.00 0.672900
204 203 474.00 0.694400
205 49 1796.00 2.630567
206 50 465.00 0.681383
206 157 127.00 0.186650
206 207 1127.00 1.650917
207 206 1127.00 1.650917
208 111 373.00 0.546800
208 119 132.00 0.194600
208 209 1326.00 1.942167
209 208 1326.00 1.942167
209 8 1036.00 1.517733
210 211 722.00 1.058667
210 108 4113.00 2.008067
211 209 857.00 1.255883
211 248 935.00 1.370417
212 210 3455.00 1.686983
212 241 3864.00 2.829650
213 215 868.00 0.424067
214 215 186.00 0.272583
215 120 498.00 0.243367
216 103 412.00 0.151117
216 147 538.00 0.197117
217 150 3841.00 1.875350
218 42 1702.00 2.492817
218 49 2420.00 3.544767
218 224 77.00 0.113717
219 110 1950.00 2.856700
219 213 3864.00 1.886417
220 68 800.00 1.171867
220 142 595.00 0.871650
220 34 814.00 1.192200
221 9 1385.00 1.014650
221 10 1423.00 1.042300
221 222 1344.00 1.968567
222 221 1344.00 1.968567
222 4 697.00 1.021583
223 224 1119.00 1.639117
224 218 77.00 0.113717
224 223 1119.00 1.639117
224 225 501.00 0.734750
225 41 2406.00 3.523567
225 42 1630.00 2.387383
225 224 501.00 0.734750
226 37 60.00 0.088483
226 41 511.00 0.749217
226 156 2899.00 4.246117
227 46 92.00 0.135183
227 48 884.00 1.294717
227 102 2789.00 4.085683
228 52 632.00 0.925883
228 54 504.00 0.739333
228 169 1174.00 1.719900
229 143 1056.00 1.547017
229 157 3144.00 4.604517
229 158 597.00 0.874517
230 83 430.00 0.630500
230 87 178.00 0.261683
230 195 273.00 0.399800
231 19 68.00 0.100633
231 81 1506.00 2.206783
231 68 561.00 0.821883
232 64 76.00 0.112150
232 67 957.00 1.401633
232 236 583.00 0.855183
233 63 78.00 0.114783
233 232 526.00 0.771617
234 34 988.00 1.446883
234 68 153.00 0.225167
234 202 968.00 1.417967
235 35 46.00 0.067900
235 60 826.00 1.210067
235 161 905.00 1.326350
236 66 72.00 0.105783
236 70 704.00 1.032417
236 231 555.00 0.814017
237 46 767.00 1.124267
238 14 108.00 0.158350
238 15 850.00 1.245550
238 166 377.00 0.552333
239 108 525.00 0.769450
239 111 784.00 1.149567
239 240 860.00 1.259633
240 239 860.00 1.259633
241 212 3864.00 2.829650
241 242 870.00 1.275283
241 247 1011.00 0.740683
242 241 870.00 1.275283
243 97 231.00 0.339283
244 185 309.00 0.453050
244 189 573.00 0.839167
244 190 603.00 0.884217
244 191 284.00 0.416650
245 89 201.00 0.295700
245 141 95.00 0.139283
245 75 1231.00 1.802850
246 247 48.00 0.070517
247 10 424.00 0.310567
247 241 1011.00 0.740683
247 246 48.00 0.070517
248 211 935.00 1.370417
