0 122 2518.00 3.688750
1 7 3049.00 2.232600
1 5 3076.00 2.252383
2 32 3257.00 2.385417
2 105 1330.00 0.973983
3 80 1510.00 1.105717
3 75 2549.00 1.866733
3 207 773.00 1.132933
4 207 714.00 1.046967
4 97 1843.00 1.349850
5 99 2914.00 2.134300
6 202 1021.00 0.748100
6 212 1031.00 0.755467
6 211 1164.00 0.852383
7 1 3049.00 2.232600
7 242 2796.00 2.047933
7 201 1743.00 1.276367
8 201 676.00 0.495400
9 10 1374.00 2.013100
9 116 1024.00 1.500467
9 62 1001.00 1.466883
9 70 1013.00 1.484583
10 9 1374.00 2.013100
10 63 1003.00 1.469283
10 110 1016.00 1.488483
10 11 1387.00 2.032033
11 10 1387.00 2.032033
11 12 1104.00 1.617767
11 64 1019.00 1.493400
11 71 1020.00 1.494250
12 11 1104.00 1.617767
12 72 2046.00 1.498817
12 65 2080.00 1.523333
12 13 1410.00 2.064900
13 12 1410.00 2.064900
13 238 401.00 0.588017
13 231 1033.00 0.756567
13 73 2015.00 1.475483
14 222 1024.00 1.499967
14 223 956.00 1.400500
14 239 660.00 0.967667
15 16 2856.00 2.091617
15 7 1282.00 1.878483
16 15 2856.00 2.091617
16 214 1091.00 0.799450
16 81 2810.00 2.057600
16 212 4222.00 3.091900
17 18 2860.00 2.094667
17 214 1798.00 1.317150
17 145 1443.00 1.057333
18 17 2860.00 2.094667
18 116 2036.00 1.491033
18 70 2204.00 1.614533
19 20 2109.00 1.544800
19 116 2015.00 1.475767
19 62 927.00 1.358917
19 148 1308.00 1.915783
20 19 2109.00 1.544800
20 21 2049.00 1.500917
20 51 813.00 1.191967
20 50 1422.00 2.083100
21 20 2049.00 1.500917
21 257 1495.00 1.095067
21 44 756.00 1.107650
21 43 1403.00 2.055233
22 110 1440.00 2.109950
22 213 1089.00 0.797633
23 24 1191.00 1.744517
23 227 1386.00 2.030250
23 56 1077.00 1.578500
23 107 1061.00 1.554633
24 23 1191.00 1.744517
24 113 6295.00 3.072933
25 132 1252.00 1.834083
25 86 1153.00 1.689250
25 26 2842.00 2.081133
26 84 2959.00 2.167233
26 91 2389.00 1.749950
26 27 2753.00 2.015850
27 248 1523.00 1.115317
27 133 1355.00 0.992883
28 82 2800.00 2.050750
28 197 693.00 1.015117
28 103 2500.00 1.831283
29 139 1416.00 1.037417
29 36 2520.00 1.845833
30 81 2961.00 2.168367
30 15 1417.00 2.076117
31 32 2813.00 2.059817
31 203 1731.00 1.267733
31 99 3234.00 2.368200
32 205 1484.00 1.086700
32 33 2619.00 1.917950
33 34 2873.00 2.104150
33 74 2796.00 2.047717
34 79 3015.00 2.207850
34 35 2404.00 1.760533
35 34 2404.00 1.760533
35 232 1403.00 2.055550
36 104 2897.00 2.121350
37 29 2787.00 2.041050
37 137 703.00 1.030950
37 140 680.00 0.997217
38 143 1376.00 1.007917
38 37 3017.00 2.209500
39 40 1012.00 1.482733
39 142 1357.00 0.994017
39 38 1414.00 2.071733
40 39 1012.00 1.482733
40 60 1021.00 1.495817
40 115 1385.00 2.029700
40 100 1398.00 2.048283
41 60 1056.00 1.547067
41 42 1006.00 1.474583
41 50 1395.00 2.043917
41 182 1085.00 1.590067
42 41 1006.00 1.474583
42 43 1407.00 2.060567
42 165 483.00 0.708067
42 183 1151.00 1.686567
43 21 1403.00 2.055233
43 42 1407.00 2.060567
43 246 464.00 0.680700
43 50 1012.00 1.482950
44 21 756.00 1.107650
44 45 1409.00 2.064617
44 218 840.00 1.230633
44 51 1010.00 1.479250
45 44 1409.00 2.064617
45 111 766.00 1.123017
45 52 1004.00 1.471367
45 46 1390.00 2.036383
46 45 1390.00 2.036383
46 53 974.00 1.427567
46 111 1736.00 2.543067
47 48 1517.00 2.221600
48 47 1517.00 2.221600
48 49 1369.00 2.006267
48 58 1027.00 1.504383
48 180 613.00 0.898433
49 48 1369.00 2.006267
49 182 335.00 0.491000
49 59 2057.00 1.506817
49 181 917.00 1.343150
50 20 1422.00 2.083100
50 41 1395.00 2.043917
50 43 1012.00 1.482950
50 61 1064.00 1.559217
51 20 813.00 1.191967
51 44 1010.00 1.479250
51 52 1421.00 2.081383
51 62 1040.00 1.524250
52 45 1004.00 1.471367
52 51 1421.00 2.081383
52 53 1381.00 2.022517
52 63 1035.00 1.516317
53 46 974.00 1.427567
53 52 1381.00 2.022517
53 54 879.00 1.287700
53 64 1026.00 1.503383
54 53 879.00 1.287700
54 65 2009.00 1.471417
54 245 747.00 1.094967
54 251 2063.00 1.510817
55 227 1048.00 1.535167
55 225 155.00 0.227233
55 244 355.00 0.520200
56 23 1077.00 1.578500
56 223 1076.00 1.576533
56 225 1263.00 1.849733
56 57 1240.00 1.817200
57 24 3157.00 1.541567
58 48 1027.00 1.504383
58 59 1413.00 2.070067
58 149 978.00 1.432700
58 90 679.00 0.994983
59 49 2057.00 1.506817
59 58 1413.00 2.070067
59 60 1400.00 2.050283
59 100 2065.00 1.512683
60 40 1021.00 1.495817
60 41 1056.00 1.547067
60 59 1400.00 2.050283
60 61 1383.00 2.026350
61 50 1064.00 1.559217
61 60 1383.00 2.026350
61 148 109.00 0.160550
61 115 1023.00 1.499233
62 9 1001.00 1.466883
62 19 927.00 1.358917
62 51 1040.00 1.524250
62 63 1383.00 2.025917
63 10 1003.00 1.469283
63 52 1035.00 1.516317
63 62 1383.00 2.025917
63 64 1406.00 2.059333
64 11 1019.00 1.493400
64 53 1026.00 1.503383
64 63 1406.00 2.059333
64 65 977.00 1.431883
65 12 2080.00 1.523333
65 54 2009.00 1.471417
65 64 977.00 1.431883
65 247 1313.00 1.922933
66 88 1363.00 1.996150
66 188 517.00 0.758483
66 253 1392.00 2.038783
67 119 148.00 0.217983
68 144 1438.00 1.053617
68 100 2073.00 1.517933
68 94 2792.00 2.044450
69 147 1387.00 1.015717
69 115 998.00 1.462050
70 9 1013.00 1.484583
70 112 1754.00 1.284667
70 96 1430.00 2.095567
71 11 1020.00 1.494250
71 97 1444.00 2.114700
71 72 1233.00 1.806500
72 12 2046.00 1.498817
72 76 2936.00 2.150100
72 73 1387.00 2.031417
73 13 2015.00 1.475483
73 101 3017.00 2.209800
73 263 1000.00 1.464933
74 261 2656.00 1.945417
75 3 2549.00 1.866733
75 206 1566.00 1.147367
75 79 2976.00 2.179233
76 4 968.00 0.709450
76 208 1550.00 1.135017
77 264 98.00 0.071883
77 0 819.00 1.199833
78 232 108.00 0.158833
78 221 1788.00 1.309717
78 98 1428.00 2.091867
79 75 2976.00 2.179233
79 209 1533.00 1.122967
79 232 2873.00 2.104083
80 3 1510.00 1.105717
80 97 2899.00 2.122833
80 203 1006.00 0.737050
80 211 1685.00 1.234150
81 16 2810.00 2.057600
81 95 2815.00 2.061517
81 140 766.00 1.122067
82 28 2800.00 2.050750
82 193 1168.00 0.855900
82 83 1418.00 2.076617
82 137 695.00 1.019017
83 82 1418.00 2.076617
83 192 1153.00 0.844417
83 84 1377.00 2.017000
84 26 2959.00 2.167233
84 83 1377.00 2.017000
84 85 1421.00 2.082250
84 92 2772.00 2.029767
85 84 1421.00 2.082250
85 87 1359.00 1.991550
85 132 266.00 0.390083
86 25 1153.00 1.689250
86 91 2805.00 2.054000
87 85 1359.00 1.991550
87 190 1321.00 0.967467
87 188 894.00 1.309567
88 66 1363.00 1.996150
88 89 1422.00 2.083433
88 252 58.00 0.086167
89 88 1422.00 2.083433
89 253 2742.00 2.008250
89 90 1609.00 2.357167
89 180 8633.00 6.322033
90 58 679.00 0.994983
90 89 1609.00 2.357167
90 114 341.00 0.500150
91 26 2389.00 1.749950
91 102 2794.00 2.046217
92 84 2772.00 2.029767
92 186 1957.00 1.433000
92 87 2797.00 2.048717
93 92 2841.00 2.080933
93 67 2779.00 2.035000
94 68 2792.00 2.044450
94 93 2814.00 2.060783
94 195 778.00 0.569950
95 141 1445.00 1.058533
95 196 663.00 0.971750
96 70 1430.00 2.095567
96 215 899.00 1.316833
96 17 2271.00 1.663183
97 71 1444.00 2.114700
97 80 2899.00 2.122833
97 210 1693.00 1.240033
98 78 1428.00 2.091867
98 233 1993.00 1.459683
98 234 4933.00 3.612283
98 101 2926.00 2.142667
99 31 3234.00 2.368200
99 2 2851.00 2.088033
100 40 1398.00 2.048283
100 59 2065.00 1.512683
100 68 2073.00 1.517933
100 114 1361.00 1.993317
101 73 3017.00 2.209800
101 98 2926.00 2.142667
101 76 2891.00 2.116983
102 27 2491.00 1.824033
102 135 1477.00 1.081533
103 28 2500.00 1.831283
103 36 2718.00 1.990250
104 30 2577.00 1.887450
104 127 2897.00 2.121717
105 74 1243.00 0.910550
106 266 1930.00 1.413867
106 229 759.00 1.112550
106 264 1955.00 1.431617
107 23 1061.00 1.554633
107 228 1406.00 2.060133
107 113 535.00 0.784517
108 219 399.00 0.585717
108 109 2138.00 3.131667
108 220 2095.00 3.069133
109 108 2138.00 3.131667
109 264 592.00 0.867300
109 220 1314.00 1.924333
110 10 1016.00 1.488483
110 22 1440.00 2.109950
110 71 2729.00 1.998817
111 45 766.00 1.123017
111 46 1736.00 2.543067
111 218 1441.00 2.111483
112 110 1012.00 0.741633
112 213 1452.00 2.127700
113 107 535.00 0.784517
113 243 6636.00 3.239750
114 90 341.00 0.500150
114 100 1361.00 1.993317
115 40 1385.00 2.029700
115 61 1023.00 1.499233
115 69 998.00 1.462050
115 130 402.00 0.589983
116 9 1024.00 1.500467
116 18 2036.00 1.491033
116 19 2015.00 1.475767
117 123 508.00 0.744500
117 158 255.00 0.374500
117 154 512.00 0.750983
117 164 1209.00 1.771233
118 155 90.00 0.133050
118 124 452.00 0.662150
118 152 544.00 0.796717
119 114 1037.00 1.519100
119 68 1374.00 2.013317
120 260 259.00 0.380350
121 122 1070.00 1.567283
121 176 3427.00 2.509517
121 173 1224.00 1.792683
122 121 1070.00 1.567283
122 219 1795.00 2.629133
123 117 508.00 0.744500
123 159 240.00 0.352483
123 152 878.00 1.287017
124 118 452.00 0.662150
124 131 312.00 0.457000
125 168 343.00 0.503633
125 165 1704.00 2.496500
125 167 777.00 1.139117
126 57 916.00 0.447283
126 237 965.00 1.414200
127 128 856.00 0.627283
127 199 1717.00 1.257700
128 267 1336.00 0.978883
129 132 1429.00 2.093900
130 115 402.00 0.589983
130 148 1042.00 1.526617
130 147 1000.00 1.464683
131 124 312.00 0.457000
131 260 1399.00 2.049950
131 240 1193.00 1.748083
132 25 1252.00 1.834083
132 85 266.00 0.390083
132 129 1429.00 2.093900
133 134 974.00 1.427800
133 28 729.00 1.068483
134 133 974.00 1.427800
135 136 899.00 1.317233
135 103 1363.00 0.998417
136 135 899.00 1.317233
137 37 703.00 1.030950
137 82 695.00 1.019017
137 138 668.00 0.979700
138 137 668.00 0.979700
139 30 1465.00 1.073333
139 140 1421.00 2.081083
140 37 680.00 0.997217
140 81 766.00 1.122067
140 141 1466.00 2.147300
141 38 1424.00 1.042933
141 142 1417.00 2.076383
142 69 1399.00 1.024450
143 144 1408.00 2.063183
143 94 1392.00 1.019667
144 143 1408.00 2.063183
144 39 1386.00 1.014983
145 146 1064.00 1.559317
145 95 1403.00 1.027783
146 145 1064.00 1.559317
147 130 1000.00 1.464683
147 18 1431.00 1.047967
148 19 1308.00 1.915783
148 61 109.00 0.160550
148 130 1042.00 1.526617
149 58 978.00 1.432700
150 162 524.00 0.767933
150 161 567.00 0.830683
150 156 832.00 1.219333
151 152 363.00 0.532700
151 154 305.00 0.447000
151 156 510.00 0.747583
151 155 550.00 0.806867
152 118 544.00 0.796717
152 123 878.00 1.287017
152 151 363.00 0.532700
153 157 136.00 0.199633
153 156 308.00 0.451300
153 162 673.00 0.985817
154 117 512.00 0.750983
154 151 305.00 0.447000
154 157 582.00 0.852833
155 118 90.00 0.133050
155 151 550.00 0.806867
155 161 1433.00 2.099033
156 150 832.00 1.219333
156 151 510.00 0.747583
156 153 308.00 0.451300
157 153 136.00 0.199633
157 154 582.00 0.852833
157 163 674.00 0.987650
158 117 255.00 0.374500
158 160 1158.00 1.696200
158 159 528.00 0.774150
159 123 240.00 0.352483
159 158 528.00 0.774150
159 167 472.00 0.691817
160 158 1158.00 1.696200
160 164 452.00 0.662083
160 166 484.00 0.708950
161 150 567.00 0.830683
161 155 1433.00 2.099033
161 240 260.00 0.381717
161 180 306.00 0.448817
162 150 524.00 0.767933
162 153 673.00 0.985817
162 163 135.00 0.198383
163 157 674.00 0.987650
163 162 135.00 0.198383
163 164 303.00 0.445067
164 117 1209.00 1.771233
164 160 452.00 0.662083
164 163 303.00 0.445067
165 42 483.00 0.708067
165 125 1704.00 2.496500
165 171 1046.00 1.533050
165 166 467.00 0.684133
166 160 484.00 0.708950
166 165 467.00 0.684133
166 167 1674.00 2.451717
167 125 777.00 1.139117
167 159 472.00 0.691817
167 166 1674.00 2.451717
168 125 343.00 0.503633
168 170 382.00 0.560300
168 169 906.00 1.328217
169 168 906.00 1.328217
170 168 382.00 0.560300
170 172 496.00 0.726550
170 171 1675.00 2.453467
171 165 1046.00 1.533050
171 170 1675.00 2.453467
171 254 664.00 0.972417
172 170 496.00 0.726550
172 173 454.00 0.665333
172 254 1373.00 2.011167
173 121 1224.00 1.792683
173 172 454.00 0.665333
173 255 1423.00 2.084850
174 177 287.00 0.420433
174 175 594.00 0.870433
174 256 530.00 0.776333
175 174 594.00 0.870433
176 121 3427.00 2.509517
176 177 333.00 0.488783
176 257 589.00 0.431600
176 219 1100.00 1.612150
177 174 287.00 0.420433
177 176 333.00 0.488783
177 178 571.00 0.837533
178 177 571.00 0.837533
179 256 749.00 1.098233
180 48 613.00 0.898433
180 89 8633.00 6.322033
180 161 306.00 0.448817
180 181 1509.00 2.210833
181 49 917.00 1.343150
181 180 1509.00 2.210833
181 183 323.00 0.474050
182 41 1085.00 1.590067
182 49 335.00 0.491000
182 184 787.00 1.152683
183 42 1151.00 1.686567
183 181 323.00 0.474050
183 184 183.00 0.268117
184 182 787.00 1.152683
184 183 183.00 0.268117
184 185 443.00 0.649067
185 184 443.00 0.649067
186 92 1957.00 1.433000
186 253 881.00 0.645200
186 187 612.00 0.896567
187 186 612.00 0.896567
188 66 517.00 0.758483
188 87 894.00 1.309567
188 189 683.00 1.001667
189 188 683.00 1.001667
190 191 1325.00 1.941167
190 262 1526.00 1.118083
191 190 1325.00 1.941167
191 66 805.00 1.180300
192 193 1425.00 2.088233
192 194 940.00 0.688800
193 82 1168.00 0.855900
193 192 1425.00 2.088233
193 195 1012.00 0.741017
194 195 1417.00 2.075517
194 93 746.00 0.546733
195 94 778.00 0.569950
195 193 1012.00 0.741017
195 194 1417.00 2.075517
196 265 70.00 0.103967
196 69 768.00 1.124717
197 29 1397.00 1.023283
197 198 910.00 1.333033
198 197 910.00 1.333033
199 200 761.00 1.114767
199 15 960.00 0.703283
200 199 761.00 1.114767
201 7 1743.00 1.276367
201 8 676.00 0.495400
201 202 1397.00 2.047017
202 6 1021.00 0.748100
202 201 1397.00 2.047017
202 242 1710.00 1.252117
203 31 1731.00 1.267733
203 80 1006.00 0.737050
203 204 829.00 1.214917
204 203 829.00 1.214917
205 206 1294.00 1.895467
205 3 1526.00 1.117883
206 205 1294.00 1.895467
206 33 1478.00 1.082783
207 3 773.00 1.132933
207 4 714.00 1.046967
207 208 793.00 1.162167
208 207 793.00 1.162167
208 209 1465.00 2.146800
208 75 1564.00 1.145450
209 208 1465.00 2.146800
209 101 1562.00 1.144450
210 211 1449.00 2.122000
210 22 1102.00 0.806933
211 6 1164.00 0.852383
211 80 1685.00 1.234150
211 210 1449.00 2.122000
212 6 1031.00 0.755467
212 16 4222.00 3.091900
212 216 550.00 0.806700
213 112 1452.00 2.127700
213 96 1702.00 1.246750
213 216 899.00 1.317033
214 16 1091.00 0.799450
214 17 1798.00 1.317150
214 215 1191.00 1.745383
215 96 899.00 1.316833
215 214 1191.00 1.745383
215 216 851.00 1.247600
216 212 550.00 0.806700
216 213 899.00 1.317033
216 215 851.00 1.247600
216 217 636.00 0.932683
217 216 636.00 0.932683
218 44 840.00 1.230633
218 111 1441.00 2.111483
218 257 688.00 1.008400
219 108 399.00 0.585717
219 122 1795.00 2.629133
219 176 1100.00 1.612150
220 108 2095.00 3.069133
220 109 1314.00 1.924333
220 266 847.00 1.241000
221 78 1788.00 1.309717
222 14 1024.00 1.499967
222 259 104.00 0.152500
223 14 956.00 1.400500
223 56 1076.00 1.576533
223 224 1082.00 1.584817
224 223 1082.00 1.584817
224 126 828.00 1.213583
225 55 155.00 0.227233
225 56 1263.00 1.849733
225 226 259.00 0.379550
226 225 259.00 0.379550
227 23 1386.00 2.030250
227 55 1048.00 1.535167
227 250 1218.00 1.784533
227 228 1053.00 1.542583
228 107 1406.00 2.060133
228 227 1053.00 1.542583
228 229 651.00 0.954467
229 106 759.00 1.112550
229 228 651.00 0.954467
229 230 737.00 1.079783
230 229 737.00 1.079783
231 13 1033.00 0.756567
232 35 1403.00 2.055550
232 78 108.00 0.158833
232 79 2873.00 2.104083
233 98 1993.00 1.459683
234 98 4933.00 3.612283
235 236 334.00 0.489350
236 126 3194.00 1.559433
237 235 5398.00 2.635367
238 13 401.00 0.588017
239 14 660.00 0.967667
239 259 1202.00 1.760733
239 244 2378.00 3.483067
240 131 1193.00 1.748083
240 161 260.00 0.381717
240 260 4973.00 3.641633
241 129 798.00 0.389600
242 202 1710.00 1.252117
242 31 2878.00 2.107667
242 5 3168.00 2.319750
243 77 708.00 1.037500
244 55 355.00 0.520200
244 239 2378.00 3.483067
244 250 1355.00 1.985433
245 54 747.00 1.094967
246 43 464.00 0.680700
247 65 1313.00 1.922933
248 83 1371.00 1.003967
248 249 804.00 1.177650
249 248 804.00 1.177650
250 227 1218.00 1.784533
250 244 1355.00 1.985433
250 251 174.00 0.255817
251 54 2063.00 1.510817
251 250 174.00 0.255817
251 266 154.00 0.113417
252 88 58.00 0.086167
253 89 2742.00 2.008250
253 186 881.00 0.645200
253 67 1366.00 2.000983
254 171 664.00 0.972417
254 172 1373.00 2.011167
254 255 357.00 0.523150
255 173 1423.00 2.084850
255 254 357.00 0.523150
255 256 251.00 0.367650
256 174 530.00 0.776333
256 179 749.00 1.098233
256 255 251.00 0.367650
257 21 1495.00 1.095067
257 176 589.00 0.431600
257 218 688.00 1.008400
258 259 1806.00 2.645650
259 222 104.00 0.152500
259 239 1202.00 1.760733
259 258 1806.00 2.645650
260 120 259.00 0.380350
260 131 1399.00 2.049950
260 240 4973.00 3.641633
261 34 1722.00 1.261117
262 241 3960.00 1.933300
263 73 1000.00 1.464933
264 77 98.00 0.071883
264 106 1955.00 1.431617
264 109 592.00 0.867300
265 196 70.00 0.103967
266 106 1930.00 1.413867
266 220 847.00 1.241000
266 251 154.00 0.113417
267 1 1437.00 1.052833
267 268 818.00 1.199233
268 267 818.00 1.199233
