0 33 300.00 0.488273
0 83 300.00 0.339343
0 48 300.00 0.392403
1 22 300.00 0.208943
1 81 300.00 0.293283
2 3 300.00 0.090170
2 6 300.00 0.022377
3 2 300.00 0.090170
3 4 300.00 0.018687
4 3 300.00 0.018687
4 16 300.00 0.446647
5 6 300.00 0.218467
5 7 300.00 0.439460
6 5 300.00 0.218467
6 2 300.00 0.022377
7 5 300.00 0.439460
7 18 300.00 0.470443
7 16 300.00 0.341167
8 9 300.00 0.339207
8 14 300.00 0.021263
8 15 300.00 0.189093
9 8 300.00 0.339207
9 10 300.00 0.193530
9 11 300.00 0.331613
10 9 300.00 0.193530
10 15 300.00 0.344517
11 9 300.00 0.331613
11 12 300.00 0.365173
11 13 300.00 0.535367
12 11 300.00 0.365173
12 16 300.00 0.031883
12 17 300.00 0.438687
13 11 300.00 0.535367
13 19 300.00 0.344460
13 26 300.00 0.222557
13 27 300.00 0.192367
14 8 300.00 0.021263
14 87 300.00 0.384023
15 8 300.00 0.189093
15 10 300.00 0.344517
16 12 300.00 0.031883
16 7 300.00 0.341167
16 4 300.00 0.446647
17 12 300.00 0.438687
17 40 300.00 0.450583
17 27 300.00 0.098010
17 28 300.00 0.184813
18 7 300.00 0.470443
18 28 300.00 0.182253
18 29 300.00 0.472780
18 30 300.00 0.324813
19 24 300.00 0.328100
19 13 300.00 0.344460
19 25 300.00 0.339757
20 21 300.00 0.092467
20 24 300.00 0.342300
20 82 300.00 0.314477
21 20 300.00 0.092467
21 22 300.00 0.312667
21 23 300.00 0.271287
22 21 300.00 0.312667
22 33 300.00 0.276703
22 1 300.00 0.208943
23 21 300.00 0.271287
23 81 300.00 0.054267
24 19 300.00 0.328100
24 20 300.00 0.342300
24 36 300.00 0.448807
24 87 300.00 0.156583
25 19 300.00 0.339757
25 34 300.00 0.106650
26 13 300.00 0.222557
26 37 300.00 0.223657
27 13 300.00 0.192367
27 17 300.00 0.098010
27 39 300.00 0.455097
28 18 300.00 0.182253
28 17 300.00 0.184813
29 18 300.00 0.472780
29 92 300.00 0.445133
30 18 300.00 0.324813
30 31 300.00 0.034343
31 30 300.00 0.034343
31 93 300.00 0.729180
31 94 300.00 0.102897
32 33 300.00 0.329910
32 36 300.00 0.336610
32 83 300.00 0.474393
32 82 300.00 0.137487
33 32 300.00 0.329910
33 0 300.00 0.488273
33 22 300.00 0.276703
34 25 300.00 0.106650
34 35 300.00 0.491020
34 36 300.00 0.334217
34 37 300.00 0.339153
35 34 300.00 0.491020
35 38 300.00 0.330493
35 84 300.00 0.335480
35 86 300.00 0.409157
36 34 300.00 0.334217
36 32 300.00 0.336610
36 84 300.00 0.486433
36 24 300.00 0.448807
37 34 300.00 0.339153
37 38 300.00 0.489957
37 26 300.00 0.223657
37 39 300.00 0.164050
38 37 300.00 0.489957
38 35 300.00 0.330493
38 41 300.00 0.266657
38 42 300.00 0.412537
39 37 300.00 0.164050
39 40 300.00 0.099973
39 27 300.00 0.455097
40 39 300.00 0.099973
40 17 300.00 0.450583
40 41 300.00 0.474690
41 40 300.00 0.474690
41 38 300.00 0.266657
41 56 300.00 0.083640
42 38 300.00 0.412537
42 53 300.00 0.117093
42 54 300.00 0.349867
42 55 300.00 0.395313
43 44 300.00 0.094823
43 56 300.00 0.172757
43 92 300.00 0.046290
44 43 300.00 0.094823
44 45 300.00 0.241627
45 44 300.00 0.241627
45 47 300.00 0.131117
45 59 300.00 0.261413
46 47 300.00 0.114777
46 60 300.00 0.314220
47 46 300.00 0.114777
47 45 300.00 0.131117
48 49 300.00 0.339490
48 63 300.00 0.370190
48 0 300.00 0.392403
49 48 300.00 0.339490
49 50 300.00 0.337710
49 51 300.00 0.103233
49 52 300.00 0.376227
50 49 300.00 0.337710
50 86 300.00 0.335997
50 84 300.00 0.403070
51 49 300.00 0.103233
51 90 300.00 0.048703
52 49 300.00 0.376227
52 63 300.00 0.326943
52 65 300.00 0.518127
53 42 300.00 0.117093
53 88 300.00 0.113847
53 66 300.00 0.391657
54 42 300.00 0.349867
54 56 300.00 0.424577
55 42 300.00 0.395313
55 57 300.00 0.023813
55 58 300.00 0.438373
56 54 300.00 0.424577
56 41 300.00 0.083640
56 43 300.00 0.172757
57 55 300.00 0.023813
57 66 300.00 0.096437
58 55 300.00 0.438373
58 61 300.00 0.072727
58 73 300.00 0.588827
59 45 300.00 0.261413
59 60 300.00 0.170160
59 61 300.00 0.467640
60 46 300.00 0.314220
60 59 300.00 0.170160
60 62 300.00 0.467097
61 59 300.00 0.467640
61 62 300.00 0.174770
61 58 300.00 0.072727
62 60 300.00 0.467097
62 61 300.00 0.174770
62 70 300.00 0.658333
63 52 300.00 0.326943
63 48 300.00 0.370190
64 65 300.00 0.152140
64 86 300.00 0.390170
64 89 300.00 0.096487
65 64 300.00 0.152140
65 52 300.00 0.518127
66 57 300.00 0.096437
66 89 300.00 0.116360
66 53 300.00 0.391657
67 68 300.00 0.307773
67 71 300.00 0.388640
68 67 300.00 0.307773
68 69 300.00 0.401973
69 68 300.00 0.401973
69 71 300.00 0.286913
69 72 300.00 0.596553
70 62 300.00 0.658333
70 73 300.00 0.167090
70 75 300.00 0.170730
70 74 300.00 0.601027
71 69 300.00 0.286913
71 77 300.00 0.370987
71 67 300.00 0.388640
72 69 300.00 0.596553
72 75 300.00 0.053000
72 79 300.00 0.121303
73 70 300.00 0.167090
73 74 300.00 0.757563
73 58 300.00 0.588827
74 73 300.00 0.757563
74 70 300.00 0.601027
74 76 300.00 0.166913
75 70 300.00 0.170730
75 72 300.00 0.053000
75 76 300.00 0.588863
76 75 300.00 0.588863
76 74 300.00 0.166913
76 80 300.00 0.168680
77 71 300.00 0.370987
77 78 300.00 0.222090
78 77 300.00 0.222090
78 79 300.00 0.104917
79 72 300.00 0.121303
79 80 300.00 0.591433
79 78 300.00 0.104917
80 79 300.00 0.591433
80 76 300.00 0.168680
81 23 300.00 0.054267
81 1 300.00 0.293283
82 20 300.00 0.314477
82 32 300.00 0.137487
83 32 300.00 0.474393
83 0 300.00 0.339343
83 84 300.00 0.343387
83 85 300.00 0.108883
84 83 300.00 0.343387
84 50 300.00 0.403070
84 35 300.00 0.335480
84 36 300.00 0.486433
85 83 300.00 0.108883
85 91 300.00 0.092230
86 50 300.00 0.335997
86 35 300.00 0.409157
86 64 300.00 0.390170
86 88 300.00 0.098927
87 24 300.00 0.156583
87 14 300.00 0.384023
88 86 300.00 0.098927
88 53 300.00 0.113847
88 89 300.00 0.391827
89 64 300.00 0.096487
89 88 300.00 0.391827
89 66 300.00 0.116360
90 91 300.00 0.049107
90 51 300.00 0.048703
91 90 300.00 0.049107
91 85 300.00 0.092230
92 43 300.00 0.046290
92 29 300.00 0.445133
93 94 300.00 0.025323
93 31 300.00 0.729180
94 93 300.00 0.025323
94 31 300.00 0.102897
