0 1 727.00 1.065067
0 218 314.00 0.460700
0 7 1559.00 2.283400
1 0 727.00 1.065067
1 4 748.00 1.095717
1 2 2661.00 3.898333
2 1 2661.00 3.898333
2 5 283.00 0.415250
2 4 3542.00 5.187333
3 6 873.00 1.278650
3 17 1570.00 2.300233
3 216 1855.00 2.717350
4 1 748.00 1.095717
4 2 3542.00 5.187333
4 9 726.00 1.064467
5 2 283.00 0.415250
5 222 63.00 0.093550
5 18 1786.00 2.616683
6 3 873.00 1.278650
6 7 829.00 1.215100
6 20 1575.00 2.307550
6 287 1871.00 2.741317
7 0 1559.00 2.283400
7 6 829.00 1.215100
7 14 638.00 0.934567
8 15 736.00 1.079067
8 262 576.00 0.844117
8 263 831.00 1.217733
8 12 1371.00 2.008300
9 4 726.00 1.064467
9 16 734.00 1.075733
9 18 2532.00 3.708600
10 37 2959.00 4.334233
10 11 262.00 0.384350
10 35 3366.00 4.930367
11 10 262.00 0.384350
12 8 1371.00 2.008300
12 19 772.00 1.131733
13 261 830.00 1.216050
13 22 1004.00 1.470450
13 15 1728.00 2.531600
14 7 638.00 0.934567
14 16 716.00 1.048583
14 30 1236.00 1.810750
15 8 736.00 1.079067
15 13 1728.00 2.531600
15 19 1488.00 2.180017
15 26 792.00 1.160967
16 9 734.00 1.075733
16 14 716.00 1.048583
16 28 2291.00 3.356067
17 3 1570.00 2.300233
17 20 881.00 1.290400
17 21 277.00 0.406783
18 5 1786.00 2.616683
18 9 2532.00 3.708600
18 28 757.00 1.109650
19 12 772.00 1.131733
19 15 1488.00 2.180017
19 32 780.00 1.142883
20 6 1575.00 2.307550
20 17 881.00 1.290400
20 24 283.00 0.414667
21 17 277.00 0.406783
21 29 399.00 0.585550
22 13 1004.00 1.470450
22 209 898.00 1.316217
22 39 1398.00 2.048650
23 34 763.00 1.117383
24 20 283.00 0.414667
24 33 404.00 0.591667
24 30 844.00 1.236600
25 36 783.00 1.147167
26 15 792.00 1.160967
26 209 363.00 0.531917
26 27 440.00 0.644667
27 26 440.00 0.644667
27 31 781.00 1.144900
27 52 3002.00 4.396383
28 16 2291.00 3.356067
28 18 757.00 1.109650
28 40 1208.00 1.770317
29 21 399.00 0.585550
29 41 1456.00 2.132533
29 33 860.00 1.260267
30 14 1236.00 1.810750
30 24 844.00 1.236600
30 228 1831.00 2.682267
30 280 1459.00 1.068767
31 27 781.00 1.144900
31 32 310.00 0.455183
31 38 815.00 1.194400
32 19 780.00 1.142883
32 31 310.00 0.455183
32 35 425.00 0.623733
33 24 404.00 0.591667
33 29 860.00 1.260267
33 42 1438.00 2.106417
34 23 763.00 1.117383
34 280 115.00 0.169417
34 30 1489.00 1.090550
35 10 3366.00 4.930367
35 32 425.00 0.623733
35 37 732.00 1.072017
36 25 783.00 1.147167
36 281 110.00 0.162433
36 34 1486.00 1.088167
37 10 2959.00 4.334233
37 35 732.00 1.072017
38 31 815.00 1.194400
38 44 678.00 0.993650
38 302 1742.00 2.551617
39 22 1398.00 2.048650
39 247 1893.00 2.772883
39 210 583.00 0.854617
40 28 1208.00 1.770317
40 226 1221.00 0.894683
40 306 114.00 0.167033
41 29 1456.00 2.132533
41 42 855.00 1.253550
41 56 1850.00 2.709400
42 33 1438.00 2.106417
42 41 855.00 1.253550
42 60 1868.00 2.736917
42 228 792.00 1.160000
43 247 143.00 0.210767
43 47 1410.00 2.065317
43 213 2513.00 1.840467
44 38 678.00 0.993650
44 51 1232.00 1.805333
45 247 1320.00 0.966900
45 210 1791.00 2.622883
46 48 1852.00 2.712400
46 210 600.00 0.880017
46 50 617.00 0.904800
47 43 1410.00 2.065317
47 49 528.00 0.773883
47 212 385.00 0.564133
48 46 1852.00 2.712400
48 213 129.00 0.190100
48 45 1117.00 0.817933
49 47 528.00 0.773883
49 53 657.00 0.962750
49 225 1098.00 1.609033
50 46 617.00 0.904800
50 54 427.00 0.625950
50 57 1977.00 2.895317
51 44 1232.00 1.805333
51 52 931.00 1.363583
52 27 3002.00 4.396383
52 51 931.00 1.363583
52 54 356.00 0.522417
53 49 657.00 0.962750
53 55 95.00 0.139400
53 66 1149.00 1.684083
54 50 427.00 0.625950
54 52 356.00 0.522417
54 58 164.00 0.241450
55 53 95.00 0.139400
55 69 934.00 1.369000
55 59 585.00 0.857500
56 41 1850.00 2.709400
56 75 1848.00 2.707350
56 60 859.00 1.258250
57 50 1977.00 2.895317
57 48 1197.00 0.876767
58 54 164.00 0.241450
58 65 1989.00 2.913783
58 64 557.00 0.816983
59 55 585.00 0.857500
59 212 616.00 0.903167
59 61 615.00 0.900650
59 81 2129.00 3.119267
60 42 1868.00 2.736917
60 56 859.00 1.258250
60 229 784.00 1.148300
60 77 1818.00 2.663567
61 59 615.00 0.900650
61 62 582.00 0.853400
61 82 2133.00 3.124083
62 61 582.00 0.853400
62 84 2129.00 3.118150
62 63 613.00 0.898383
63 62 613.00 0.898383
63 214 591.00 0.866633
63 322 572.00 0.838483
63 88 2131.00 3.122150
64 58 557.00 0.816983
64 70 1994.00 2.920517
64 72 648.00 0.949167
65 58 1989.00 2.913783
65 305 570.00 0.417850
66 53 1149.00 1.684083
66 71 681.00 0.997533
66 69 710.00 1.040217
67 300 1073.00 0.785850
67 322 37.00 0.054600
68 224 1885.00 2.761383
68 304 681.00 0.998167
68 229 734.00 1.076050
68 285 649.00 0.950500
69 55 934.00 1.369000
69 66 710.00 1.040217
69 73 579.00 0.848733
70 64 1994.00 2.920517
70 300 142.00 0.209300
70 65 1196.00 0.875800
71 66 681.00 0.997533
71 285 68.00 0.099950
71 73 1105.00 1.619217
72 64 648.00 0.949167
72 76 1784.00 2.613250
72 250 695.00 1.019017
73 69 579.00 0.848733
73 71 1105.00 1.619217
73 78 624.00 0.914217
74 285 663.00 0.971200
74 79 718.00 1.052567
74 78 1518.00 2.223367
75 56 1848.00 2.707350
75 231 308.00 0.451367
75 85 866.00 1.269650
76 72 1784.00 2.613250
76 70 1127.00 0.825417
77 60 1818.00 2.663567
77 231 547.00 0.801117
77 230 1036.00 1.517183
77 313 1305.00 1.912267
78 73 624.00 0.914217
78 74 1518.00 2.223367
78 81 581.00 0.851933
79 74 718.00 1.052567
79 86 1912.00 2.801333
79 87 709.00 1.039000
80 83 828.00 1.213333
80 90 595.00 0.871383
80 322 1542.00 2.258550
81 59 2129.00 3.119267
81 78 581.00 0.851933
81 82 638.00 0.935667
81 89 590.00 0.864100
82 61 2133.00 3.124083
82 81 638.00 0.935667
82 84 587.00 0.860483
83 80 828.00 1.213333
83 249 130.00 0.191283
83 245 1892.00 1.385783
84 62 2129.00 3.118150
84 82 587.00 0.860483
84 88 594.00 0.871050
85 75 866.00 1.269650
86 79 1912.00 2.801333
86 89 599.00 0.877883
86 91 569.00 0.833567
87 79 709.00 1.039000
87 92 731.00 1.071083
87 91 2314.00 3.389400
88 63 2131.00 3.122150
88 84 594.00 0.871050
88 90 604.00 0.884600
88 93 590.00 0.864417
89 81 590.00 0.864100
89 86 599.00 0.877883
89 94 575.00 0.842200
89 93 1824.00 2.671750
90 80 595.00 0.871383
90 88 604.00 0.884600
90 245 1529.00 2.239900
91 86 569.00 0.833567
91 87 2314.00 3.389400
91 100 600.00 0.879683
92 87 731.00 1.071083
92 111 1560.00 2.285000
92 95 737.00 1.080233
92 230 668.00 0.979217
93 88 590.00 0.864417
93 89 1824.00 2.671750
93 101 598.00 0.876583
93 96 598.00 0.876433
94 89 575.00 0.842200
94 103 606.00 0.888550
94 101 1821.00 2.667567
95 92 737.00 1.080233
95 113 1609.00 2.356650
95 97 727.00 1.065800
96 93 598.00 0.876433
96 104 564.00 0.826867
96 99 1686.00 2.469250
97 95 727.00 1.065800
97 115 2002.00 2.932750
97 98 744.00 1.090167
98 97 744.00 1.090167
98 116 2050.00 3.003567
98 100 456.00 0.667967
99 96 1686.00 2.469250
99 246 474.00 0.695083
99 108 668.00 0.979333
100 91 600.00 0.879683
100 98 456.00 0.667967
100 102 245.00 0.360133
101 93 598.00 0.876583
101 94 1821.00 2.667567
101 109 582.00 0.852717
102 100 245.00 0.360133
102 103 396.00 0.580833
102 118 2085.00 3.054500
103 94 606.00 0.888550
103 102 396.00 0.580833
103 106 345.00 0.505717
104 96 564.00 0.826867
104 108 1392.00 2.039567
104 110 595.00 0.871933
105 238 1572.00 2.302400
106 103 345.00 0.505717
106 120 2130.00 3.120550
106 107 727.00 1.065067
107 106 727.00 1.065067
107 124 2181.00 3.194000
107 109 702.00 1.028400
108 99 668.00 0.979333
108 104 1392.00 2.039567
108 112 677.00 0.992817
109 101 582.00 0.852717
109 107 702.00 1.028400
109 233 469.00 0.687667
109 110 578.00 0.846767
110 104 595.00 0.871933
110 109 578.00 0.846767
110 112 1114.00 1.631517
111 92 1560.00 2.285000
111 113 734.00 1.075267
111 242 748.00 1.095967
112 108 677.00 0.992817
112 110 1114.00 1.631517
112 283 172.00 0.252150
112 117 1313.00 1.923367
113 95 1609.00 2.356650
113 111 734.00 1.075267
113 114 353.00 0.517450
114 113 353.00 0.517450
114 119 663.00 0.972000
114 115 705.00 1.032717
115 97 2002.00 2.932750
115 114 705.00 1.032717
115 116 771.00 1.130317
116 98 2050.00 3.003567
116 115 771.00 1.130317
116 125 677.00 0.991917
116 118 677.00 0.991950
117 112 1313.00 1.923367
117 235 768.00 1.125183
117 215 1192.00 1.746467
118 102 2085.00 3.054500
118 116 677.00 0.991950
118 120 740.00 1.083750
118 127 701.00 1.027350
119 114 663.00 0.972000
119 123 436.00 0.638667
119 121 717.00 1.050417
120 106 2130.00 3.120550
120 118 740.00 1.083750
120 124 734.00 1.076200
121 119 717.00 1.050417
121 133 2192.00 3.211433
121 125 745.00 1.091367
122 131 1478.00 2.165300
122 241 713.00 1.044667
122 123 730.00 1.069217
123 119 436.00 0.638667
123 122 730.00 1.069217
123 132 1617.00 2.368567
124 107 2181.00 3.194000
124 120 734.00 1.076200
124 126 721.00 1.056883
125 116 677.00 0.991917
125 121 745.00 1.091367
125 136 2330.00 3.412317
125 127 696.00 1.020617
126 124 721.00 1.056883
126 130 713.00 1.044467
126 234 341.00 0.499917
127 118 701.00 1.027350
127 125 696.00 1.020617
127 128 714.00 1.046883
127 134 1770.00 2.592617
128 127 714.00 1.046883
128 135 1767.00 2.588833
128 129 768.00 1.126100
129 128 768.00 1.126100
129 130 689.00 1.010450
129 137 1767.00 2.588450
130 126 713.00 1.044467
130 129 689.00 1.010450
130 253 1156.00 1.693033
131 122 1478.00 2.165300
131 240 717.00 1.050683
132 123 1617.00 2.368567
132 297 128.00 0.188883
132 131 749.00 1.098200
133 121 2192.00 3.211433
133 132 740.00 1.084517
134 127 1770.00 2.592617
134 135 726.00 1.064200
134 139 687.00 1.006750
135 128 1767.00 2.588833
135 134 726.00 1.064200
135 137 710.00 1.040933
136 125 2330.00 3.412317
136 296 133.00 0.195200
136 133 739.00 1.083517
137 129 1767.00 2.588450
137 135 710.00 1.040933
137 138 533.00 0.780733
138 137 533.00 0.780733
138 254 933.00 1.367583
138 253 639.00 0.936600
139 134 687.00 1.006750
139 295 138.00 0.202167
139 136 751.00 1.100417
140 144 780.00 1.142533
140 265 2078.00 3.043617
141 146 430.00 0.631150
142 254 185.00 0.271683
142 288 155.00 0.227400
142 139 1587.00 2.324250
143 288 42.00 0.061533
143 311 234.00 0.343133
143 255 1840.00 2.695767
144 140 780.00 1.142533
144 157 1226.00 1.796850
144 147 614.00 0.900000
145 316 254.00 0.372733
146 141 430.00 0.631150
146 151 642.00 0.940383
147 144 614.00 0.900000
147 157 1228.00 1.799733
147 149 476.00 0.697683
148 308 374.00 0.548733
148 311 446.00 0.654167
148 317 1779.00 2.606050
149 147 476.00 0.697683
149 150 479.00 0.702300
149 167 2941.00 4.307817
150 149 479.00 0.702300
150 264 362.00 0.530833
150 172 3050.00 4.467633
151 146 642.00 0.940383
151 152 109.00 0.159900
151 158 472.00 0.691567
152 151 109.00 0.159900
152 156 1784.00 2.612867
152 153 254.00 0.372250
153 152 254.00 0.372250
153 160 685.00 1.003217
153 158 430.00 0.630817
154 255 544.00 0.798033
154 317 116.00 0.170200
154 156 119.00 0.174317
155 159 373.00 0.547300
155 264 447.00 0.655083
155 168 2565.00 3.757783
156 152 1784.00 2.612867
156 154 119.00 0.174317
156 160 1421.00 2.081433
157 144 1226.00 1.796850
157 147 1228.00 1.799733
158 151 472.00 0.691567
158 153 430.00 0.630817
158 166 933.00 1.366533
158 315 112.00 0.164917
159 155 373.00 0.547300
159 164 767.00 1.123433
159 177 2598.00 3.805750
160 153 685.00 1.003217
160 156 1421.00 2.081433
160 259 365.00 0.535500
161 163 311.00 0.455967
161 307 668.00 0.979183
161 318 2140.00 3.134883
162 319 109.00 0.160317
162 165 744.00 1.090250
162 258 381.00 0.558000
163 161 311.00 0.455967
163 321 2284.00 3.345450
163 286 289.00 0.424283
164 159 767.00 1.123433
164 170 730.00 1.069283
164 179 2682.00 3.928533
165 162 744.00 1.090250
165 178 1428.00 2.091433
165 257 432.00 0.633900
166 158 933.00 1.366533
167 149 2941.00 4.307817
167 172 463.00 0.679050
168 155 2565.00 3.757783
168 286 794.00 1.163317
168 173 869.00 1.274033
169 257 381.00 0.558250
169 259 394.00 0.577033
169 174 850.00 1.245417
170 164 730.00 1.069283
170 171 517.00 0.757967
170 180 2796.00 4.094933
171 170 517.00 0.757967
171 176 653.00 0.956483
171 181 2836.00 4.154033
172 150 3050.00 4.467633
172 167 463.00 0.679050
172 266 485.00 0.710717
173 168 869.00 1.274033
173 177 237.00 0.348450
173 293 1096.00 1.605100
174 169 850.00 1.245417
174 260 530.00 0.777400
174 256 606.00 0.888033
175 321 104.00 0.152800
175 178 729.00 1.067617
175 162 1314.00 1.925217
176 171 653.00 0.956483
176 266 409.00 0.599000
176 326 1202.00 1.760517
176 182 2848.00 4.170950
177 159 2598.00 3.805750
177 173 237.00 0.348450
177 179 775.00 1.135450
178 165 1428.00 2.091433
178 175 729.00 1.067617
178 256 538.00 0.788950
178 289 2446.00 3.582583
179 164 2682.00 3.928533
179 177 775.00 1.135450
179 180 769.00 1.126600
179 333 1902.00 2.785817
180 170 2796.00 4.094933
180 179 769.00 1.126600
180 181 502.00 0.736567
181 171 2836.00 4.154033
181 180 502.00 0.736567
181 182 453.00 0.663700
182 176 2848.00 4.170950
182 181 453.00 0.663700
182 184 1476.00 2.162650
183 267 391.00 0.573183
183 325 703.00 1.030850
183 294 129.00 0.188950
184 182 1476.00 2.162650
184 269 1173.00 1.717933
184 324 2514.00 3.682067
185 186 330.00 0.484250
185 189 1271.00 1.862400
185 270 1259.00 1.844483
186 185 330.00 0.484250
186 187 1144.00 1.676433
186 268 1059.00 1.552233
187 186 1144.00 1.676433
187 269 1000.00 1.465117
187 188 408.00 0.598567
188 187 408.00 0.598567
188 292 1585.00 2.321167
188 189 1705.00 2.497400
189 185 1271.00 1.862400
189 188 1705.00 2.497400
189 207 1742.00 2.551117
189 284 1326.00 1.942600
190 200 726.00 1.064650
190 192 2853.00 4.178783
191 328 486.00 0.712783
191 201 720.00 1.054767
191 327 135.00 0.199000
192 190 2853.00 4.178783
192 193 1444.00 1.057433
192 196 2830.00 4.145017
193 192 1444.00 1.057433
193 194 1453.00 1.064150
193 197 2829.00 4.143133
193 200 2862.00 4.191600
194 193 1453.00 1.064150
194 195 1436.00 1.051583
194 198 2824.00 4.136967
194 201 2843.00 4.164383
195 194 1436.00 1.051583
195 328 2298.00 3.366533
195 290 1412.00 2.068050
195 205 2966.00 2.172017
196 192 2830.00 4.145017
196 197 736.00 1.078367
197 193 2829.00 4.143133
197 196 736.00 1.078367
197 198 735.00 1.076400
198 194 2824.00 4.136967
198 197 735.00 1.076400
198 323 420.00 0.616333
199 323 308.00 0.451850
199 203 789.00 1.156367
199 276 618.00 0.452533
199 205 2711.00 1.985783
200 190 726.00 1.064650
200 193 2862.00 4.191600
200 201 729.00 1.067600
201 191 720.00 1.054767
201 194 2843.00 4.164383
201 200 729.00 1.067600
201 207 787.00 1.152600
202 203 649.00 0.950983
202 204 1348.00 1.974233
203 199 789.00 1.156367
203 202 649.00 0.950983
203 206 1355.00 1.984617
204 202 1348.00 1.974233
204 206 678.00 0.993750
204 272 1033.00 1.513133
205 195 2966.00 2.172017
205 199 2711.00 1.985783
205 206 767.00 1.124133
206 203 1355.00 1.984617
206 204 678.00 0.993750
206 205 767.00 1.124133
207 189 1742.00 2.551117
207 201 787.00 1.152600
207 292 611.00 0.895283
208 294 917.00 1.343200
208 326 435.00 0.637183
208 330 116.00 0.170533
209 22 898.00 1.316217
209 26 363.00 0.531917
209 211 1926.00 2.821183
210 39 583.00 0.854617
210 45 1791.00 2.622883
210 46 600.00 0.880017
211 209 1926.00 2.821183
212 47 385.00 0.564133
212 59 616.00 0.903167
212 214 1814.00 2.657250
213 48 129.00 0.190100
213 244 1683.00 1.232583
213 214 442.00 0.648100
214 63 591.00 0.866633
214 212 1814.00 2.657250
214 213 442.00 0.648100
215 117 1192.00 1.746467
215 234 743.00 1.089017
215 233 666.00 0.975333
216 3 1855.00 2.717350
216 287 855.00 1.252933
216 217 889.00 1.301917
217 216 889.00 1.301917
218 0 314.00 0.460700
218 287 818.00 1.198667
218 219 538.00 0.789217
219 218 538.00 0.789217
219 221 1123.00 1.645367
219 220 840.00 1.230983
220 219 840.00 1.230983
221 219 1123.00 1.645367
222 5 63.00 0.093550
222 261 404.00 0.591817
222 223 2191.00 3.208733
223 222 2191.00 3.208733
224 68 1885.00 2.761383
224 280 1732.00 2.536750
224 228 767.00 1.124633
224 225 694.00 1.017433
225 49 1098.00 1.609033
225 224 694.00 1.017433
225 281 1696.00 2.484583
226 36 1479.00 1.083333
226 227 776.00 1.137000
226 301 120.00 0.177083
227 226 776.00 1.137000
228 30 1831.00 2.682267
228 42 792.00 1.160000
228 224 767.00 1.124633
228 229 1869.00 2.737333
229 60 784.00 1.148300
229 68 734.00 1.076050
229 228 1869.00 2.737333
230 77 1036.00 1.517183
230 92 668.00 0.979217
230 236 267.00 0.391600
231 75 308.00 0.451367
231 77 547.00 0.801117
231 232 840.00 1.231600
232 231 840.00 1.231600
233 109 469.00 0.687667
233 215 666.00 0.975333
233 329 823.00 1.205667
234 126 341.00 0.499917
234 215 743.00 1.089017
234 235 912.00 1.336883
235 117 768.00 1.125183
235 234 912.00 1.336883
235 253 2393.00 3.505233
235 252 1277.00 1.870717
236 230 267.00 0.391600
236 237 864.00 1.266267
237 238 535.00 0.784867
237 243 93.00 0.137283
238 105 1572.00 2.302400
238 242 109.00 0.160933
238 282 1404.00 2.056883
239 299 117.00 0.172650
240 239 154.00 0.226833
240 241 1344.00 1.968517
241 122 713.00 1.044667
241 282 132.00 0.194233
241 242 1420.00 2.079533
242 111 748.00 1.095967
242 238 109.00 0.160933
242 243 535.00 0.784633
243 237 93.00 0.137283
243 236 854.00 1.250733
244 67 685.00 0.501833
244 305 138.00 0.203017
245 90 1529.00 2.239900
245 246 720.00 0.527367
246 99 474.00 0.695083
246 248 108.00 0.159483
247 39 1893.00 2.772883
247 43 143.00 0.210767
247 40 2202.00 1.612650
248 246 108.00 0.159483
248 249 2474.00 1.812200
249 83 130.00 0.191283
249 76 1194.00 0.874633
249 250 1411.00 2.067083
250 72 695.00 1.019017
250 249 1411.00 2.067083
251 283 1151.00 1.686950
252 235 1277.00 1.870717
253 130 1156.00 1.693033
253 138 639.00 0.936600
253 235 2393.00 3.505233
254 138 933.00 1.367583
254 142 185.00 0.271683
254 316 1698.00 2.487767
255 143 1840.00 2.695767
255 154 544.00 0.798033
255 316 270.00 0.395933
256 174 606.00 0.888033
256 178 538.00 0.788950
256 257 1292.00 1.892133
257 165 432.00 0.633900
257 169 381.00 0.558250
257 256 1292.00 1.892133
258 154 376.00 0.550850
258 259 1559.00 2.283700
259 160 365.00 0.535500
259 169 394.00 0.577033
259 258 1559.00 2.283700
260 174 530.00 0.777400
260 314 480.00 0.704083
260 315 1765.00 2.585583
261 13 830.00 1.216050
261 222 404.00 0.591817
261 310 373.00 0.546617
262 8 576.00 0.844117
263 8 831.00 1.217733
263 310 836.00 1.224850
264 150 362.00 0.530833
264 155 447.00 0.655083
264 265 773.00 1.133283
265 140 2078.00 3.043617
265 264 773.00 1.133283
265 286 3162.00 4.631583
266 172 485.00 0.710717
266 176 409.00 0.599000
266 267 2669.00 3.909933
267 183 391.00 0.573183
267 266 2669.00 3.909933
268 186 1059.00 1.552233
268 325 1533.00 2.245367
268 269 1284.00 1.881633
269 184 1173.00 1.717933
269 187 1000.00 1.465117
269 268 1284.00 1.881633
270 185 1259.00 1.844483
270 284 1265.00 1.853233
271 284 504.00 0.739200
272 204 1033.00 1.513133
272 290 274.00 0.401883
272 274 381.00 0.558683
273 274 716.00 1.049000
274 272 381.00 0.558683
274 273 716.00 1.049000
274 275 1332.00 1.950667
275 274 1332.00 1.950667
276 199 618.00 0.452533
276 278 220.00 0.322467
277 278 1088.00 1.594450
278 276 220.00 0.322467
278 277 1088.00 1.594450
278 279 1326.00 1.941900
279 278 1326.00 1.941900
280 34 115.00 0.169417
280 224 1732.00 2.536750
280 281 1490.00 1.091033
281 36 110.00 0.162433
281 225 1696.00 2.484583
281 301 1481.00 1.084933
282 241 132.00 0.194233
282 239 1325.00 1.941600
283 112 172.00 0.252150
283 251 1151.00 1.686950
284 189 1326.00 1.942600
284 270 1265.00 1.853233
284 271 504.00 0.739200
285 68 649.00 0.950500
285 71 68.00 0.099950
285 74 663.00 0.971200
286 163 289.00 0.424283
286 168 794.00 1.163317
286 265 3162.00 4.631583
287 6 1871.00 2.741317
287 216 855.00 1.252933
287 218 818.00 1.198667
288 142 155.00 0.227400
288 143 42.00 0.061533
289 178 2446.00 3.582583
289 293 1493.00 2.186733
289 333 1075.00 1.575067
290 195 1412.00 2.068050
290 272 274.00 0.401883
290 328 3894.00 5.703150
291 292 847.00 1.241417
292 188 1585.00 2.321167
292 207 611.00 0.895283
292 291 847.00 1.241417
293 168 1036.00 1.518500
294 183 129.00 0.188950
294 208 917.00 1.343200
294 324 662.00 0.970817
295 139 138.00 0.202167
295 288 1559.00 2.283367
296 136 133.00 0.195200
296 295 768.00 1.125917
297 132 128.00 0.188883
297 296 1461.00 2.140950
298 240 121.00 0.178617
298 297 1452.00 2.127467
299 298 156.00 0.228850
300 70 142.00 0.209300
300 83 2369.00 1.735350
301 226 120.00 0.177083
301 306 1194.00 0.874550
302 38 1742.00 2.551617
303 304 921.00 1.350183
304 68 681.00 0.998167
304 303 921.00 1.350183
304 313 753.00 1.102967
305 244 138.00 0.203017
305 57 570.00 0.418067
306 40 114.00 0.167033
306 43 2002.00 1.466633
307 161 668.00 0.979183
307 308 420.00 0.615683
307 319 1943.00 2.845583
308 148 374.00 0.548733
308 307 420.00 0.615683
308 320 1860.00 2.723983
309 310 814.00 1.192250
310 261 373.00 0.546617
310 263 836.00 1.224850
310 309 814.00 1.192250
311 143 234.00 0.343133
311 148 446.00 0.654167
311 332 112.00 0.165050
312 313 589.00 0.862900
313 77 1305.00 1.912267
313 304 753.00 1.102967
313 312 589.00 0.862900
314 260 480.00 0.704083
314 315 1518.00 2.224017
315 158 112.00 0.164917
315 260 1765.00 2.585583
315 314 1518.00 2.224017
316 145 254.00 0.372733
316 254 1698.00 2.487767
316 255 270.00 0.395933
317 148 1779.00 2.606050
317 154 116.00 0.170200
317 320 373.00 0.547400
318 161 2140.00 3.134883
318 321 627.00 0.919133
319 162 109.00 0.160317
319 307 1943.00 2.845583
319 318 670.00 0.981783
320 308 1860.00 2.723983
320 319 379.00 0.555367
321 163 2284.00 3.345450
321 175 104.00 0.152800
322 63 572.00 0.838483
322 67 37.00 0.054600
322 80 1542.00 2.258550
323 198 420.00 0.616333
323 199 308.00 0.451850
323 276 437.00 0.640017
324 184 2514.00 3.682067
324 294 662.00 0.970817
324 325 112.00 0.165000
325 183 703.00 1.030850
325 268 1533.00 2.245367
325 324 112.00 0.165000
326 176 1202.00 1.760517
326 208 435.00 0.637183
326 331 1349.00 1.976117
327 191 135.00 0.199000
328 191 486.00 0.712783
328 195 2298.00 3.366533
328 290 3894.00 5.703150
329 233 823.00 1.205667
330 208 116.00 0.170533
331 326 1349.00 1.976117
332 311 112.00 0.165050
333 179 1902.00 2.785817
333 289 1075.00 1.575067
333 334 1155.00 1.692433
334 333 1155.00 1.692433
