0 17 300.00 0.022263
1 24 300.00 0.202493
1 25 300.00 0.385320
2 3 300.00 0.413947
2 4 300.00 0.544580
3 199 300.00 0.466093
3 18 300.00 0.439810
4 311 300.00 0.025343
4 312 300.00 0.558377
5 2 300.00 0.023410
5 6 300.00 0.486540
6 331 300.00 0.364397
6 356 300.00 0.370807
7 8 300.00 0.545260
7 5 300.00 0.370870
8 316 300.00 0.294163
8 310 300.00 0.560427
9 10 300.00 0.378520
10 11 300.00 0.392347
10 12 300.00 0.369417
11 13 300.00 0.346373
11 14 300.00 0.373457
12 39 300.00 0.376600
12 40 300.00 0.486817
13 15 300.00 0.025587
13 16 300.00 0.261473
14 12 300.00 0.391333
14 41 300.00 0.258500
15 428 300.00 0.444003
15 430 300.00 0.331453
16 28 300.00 0.353610
16 29 300.00 0.256853
17 417 300.00 0.328373
18 19 300.00 0.427007
18 20 300.00 0.360697
19 199 300.00 0.453827
19 347 300.00 0.404463
20 343 300.00 0.194557
21 22 300.00 0.408983
21 23 300.00 0.561713
22 377 300.00 0.493477
23 406 300.00 0.200203
23 383 300.00 0.551133
24 327 300.00 0.211640
24 414 300.00 0.213883
25 162 300.00 0.420160
25 161 300.00 0.358510
26 1 300.00 0.031023
26 0 300.00 0.369623
27 10 300.00 0.264503
28 27 300.00 0.392073
28 11 300.00 0.266753
29 32 300.00 0.028653
29 33 300.00 0.356637
30 31 300.00 0.387917
30 27 300.00 0.257583
31 29 300.00 0.357527
31 28 300.00 0.255050
32 426 300.00 0.033797
32 184 300.00 0.357590
32 34 300.00 0.322967
33 172 300.00 0.352217
33 170 300.00 0.301670
34 35 300.00 0.354030
34 36 300.00 0.543603
35 186 300.00 0.307090
35 184 300.00 0.327030
36 37 300.00 0.114153
36 38 300.00 0.267613
37 57 300.00 0.279287
37 232 300.00 0.315467
38 302 300.00 0.327620
39 9 300.00 0.361367
40 17 300.00 0.406827
40 26 300.00 0.204400
41 40 300.00 0.449490
41 50 300.00 0.425200
42 43 300.00 0.258203
43 44 300.00 0.390970
44 99 300.00 0.392147
44 104 300.00 0.259197
45 108 300.00 0.359277
45 109 300.00 0.391113
46 47 300.00 0.032347
47 48 300.00 0.409120
48 49 300.00 0.419200
49 112 300.00 0.384407
49 111 300.00 0.413797
50 25 300.00 0.025143
50 26 300.00 0.385723
51 13 300.00 0.436153
51 41 300.00 0.399130
52 51 300.00 0.030203
52 15 300.00 0.422930
53 52 300.00 0.377653
53 54 300.00 0.460630
54 294 300.00 0.359963
54 295 300.00 0.852750
55 53 300.00 0.438653
55 56 300.00 0.314153
56 55 300.00 0.314153
56 58 300.00 0.198480
56 399 300.00 0.200473
57 55 300.00 0.221623
57 58 300.00 0.345790
58 330 300.00 0.180187
58 56 300.00 0.198480
59 36 300.00 0.347217
59 35 300.00 0.552193
60 59 300.00 0.300570
60 61 300.00 0.614493
61 301 300.00 0.032583
61 432 300.00 0.476130
62 60 300.00 0.219307
62 63 300.00 0.552353
63 188 300.00 0.263030
63 185 300.00 0.329520
64 65 300.00 0.413457
64 66 300.00 0.554640
65 62 300.00 0.270613
65 93 300.00 1.396903
66 94 300.00 0.330437
66 95 300.00 0.410907
67 64 300.00 0.405030
67 68 300.00 0.521593
68 136 300.00 0.421753
68 422 300.00 0.491283
69 67 300.00 0.452230
69 70 300.00 0.561020
70 125 300.00 0.381747
70 135 300.00 0.326860
71 69 300.00 0.391607
71 72 300.00 0.461960
72 126 300.00 0.035733
72 154 300.00 0.419497
73 71 300.00 0.414700
73 74 300.00 0.561003
74 139 300.00 0.034727
74 124 300.00 0.326663
75 76 300.00 0.415487
75 77 300.00 0.468500
76 73 300.00 0.033263
76 139 300.00 0.561010
77 284 300.00 0.245550
77 283 300.00 0.404323
78 79 300.00 0.448403
78 80 300.00 0.422327
79 211 300.00 0.567797
79 208 300.00 0.412310
80 75 300.00 0.406800
81 82 300.00 0.568610
81 78 300.00 0.411133
82 194 300.00 0.330940
82 290 300.00 0.236197
83 84 300.00 0.159720
83 85 300.00 0.223223
84 438 300.00 0.272940
84 81 300.00 0.259777
85 83 300.00 0.223223
86 87 300.00 0.411170
86 88 300.00 0.420963
87 89 300.00 0.409967
87 90 300.00 0.454687
88 119 300.00 0.722993
89 91 300.00 0.374700
89 92 300.00 0.415060
90 252 300.00 0.408027
90 251 300.00 0.283997
91 64 300.00 1.397713
91 93 300.00 0.439743
92 117 300.00 0.402187
92 118 300.00 0.420177
93 279 300.00 0.279013
93 278 300.00 0.381720
94 96 300.00 0.030930
94 114 300.00 0.406077
95 70 300.00 0.458923
95 67 300.00 0.554797
96 97 300.00 0.343097
96 98 300.00 0.406567
97 99 300.00 0.399027
97 100 300.00 0.391267
98 114 300.00 0.028817
98 115 300.00 0.466407
99 169 300.00 0.261010
99 168 300.00 0.343447
100 44 300.00 0.395173
101 30 300.00 0.350313
102 103 300.00 0.393367
102 101 300.00 0.300963
103 170 300.00 0.344333
103 172 300.00 0.303207
104 42 300.00 0.389457
104 102 300.00 0.207487
105 106 300.00 0.081017
105 107 300.00 0.174483
106 100 300.00 0.322807
107 113 300.00 0.217220
107 134 300.00 0.484150
108 105 300.00 0.487293
109 120 300.00 0.365923
109 121 300.00 0.336737
110 45 300.00 0.407533
110 46 300.00 0.413027
111 110 300.00 0.032067
111 47 300.00 0.412640
112 151 300.00 0.344020
112 152 300.00 0.413107
113 97 300.00 0.401040
113 98 300.00 0.341693
114 135 300.00 0.465360
114 95 300.00 0.329467
115 120 300.00 0.343893
115 121 300.00 0.373293
116 91 300.00 0.417133
116 92 300.00 0.363410
117 130 300.00 0.360277
117 131 300.00 0.432397
118 87 300.00 0.420700
118 88 300.00 0.411953
119 253 300.00 0.444363
119 138 300.00 0.039527
120 113 300.00 0.478550
120 134 300.00 0.218313
121 122 300.00 0.033040
121 123 300.00 0.414147
122 124 300.00 0.413947
122 125 300.00 0.322543
123 150 300.00 0.029827
123 153 300.00 0.344383
124 148 300.00 0.030117
124 123 300.00 0.023930
125 74 300.00 0.410987
125 71 300.00 0.561697
126 127 300.00 0.520217
127 128 300.00 0.395637
127 129 300.00 0.422913
128 130 300.00 0.426727
128 131 300.00 0.348023
129 146 300.00 0.031353
129 154 300.00 0.552607
130 137 300.00 0.393043
130 116 300.00 0.408357
131 132 300.00 0.417650
131 133 300.00 0.438843
132 142 300.00 0.029563
132 145 300.00 0.342463
133 138 300.00 0.443143
133 253 300.00 0.041827
134 107 300.00 0.484150
134 108 300.00 0.169277
135 115 300.00 0.031020
135 122 300.00 0.374527
136 126 300.00 0.402957
136 69 300.00 0.498460
137 422 300.00 0.418557
137 127 300.00 0.410490
138 117 300.00 0.431243
138 118 300.00 0.384927
139 148 300.00 0.325797
139 149 300.00 0.209917
140 141 300.00 0.032417
140 142 300.00 0.448187
141 133 300.00 0.420047
141 132 300.00 0.445783
142 143 300.00 0.414417
142 144 300.00 0.340037
143 265 300.00 0.418580
143 264 300.00 0.450263
144 145 300.00 0.027913
144 146 300.00 0.396813
145 128 300.00 0.419063
145 129 300.00 0.396593
146 215 300.00 0.414370
146 147 300.00 0.553117
147 76 300.00 0.463403
147 77 300.00 0.414457
148 150 300.00 0.023767
148 155 300.00 0.212447
149 190 300.00 0.201767
150 151 300.00 0.414157
150 152 300.00 0.345067
151 166 300.00 0.026350
151 163 300.00 0.410110
152 153 300.00 0.027783
152 111 300.00 0.390050
153 109 300.00 0.413257
153 110 300.00 0.390057
154 147 300.00 0.031150
154 73 300.00 0.463693
155 149 300.00 0.322133
155 166 300.00 0.201547
156 50 300.00 0.358240
156 51 300.00 0.620640
157 156 300.00 0.028533
157 158 300.00 0.357270
158 52 300.00 0.278070
158 54 300.00 0.327170
159 157 300.00 0.025623
159 160 300.00 0.320627
160 296 300.00 0.268147
160 297 300.00 0.426700
161 159 300.00 0.028230
161 156 300.00 0.025713
162 299 300.00 0.411590
162 300 300.00 0.162730
163 164 300.00 0.028410
163 165 300.00 0.426637
164 191 300.00 0.423283
164 192 300.00 0.321823
165 193 300.00 0.019920
165 191 300.00 0.023630
166 189 300.00 0.203127
166 190 300.00 0.324837
167 168 300.00 0.260933
167 169 300.00 0.341347
168 187 300.00 0.030027
168 96 300.00 0.404460
169 103 300.00 0.212380
169 104 300.00 0.395090
170 171 300.00 0.030163
170 167 300.00 0.211857
171 185 300.00 0.211417
171 186 300.00 0.326543
172 101 300.00 0.387723
172 31 300.00 0.348450
173 161 300.00 0.421950
173 162 300.00 0.364340
174 175 300.00 0.405500
175 181 300.00 0.029150
175 173 300.00 0.408817
175 180 300.00 0.076357
176 177 300.00 0.410237
177 374 300.00 0.027750
177 178 300.00 0.416260
178 179 300.00 0.515487
178 180 300.00 0.395707
179 349 300.00 0.274917
179 373 300.00 0.412113
180 181 300.00 0.076050
180 182 300.00 0.320367
181 183 300.00 0.401870
182 297 300.00 0.469990
182 298 300.00 0.533117
183 173 300.00 0.030793
183 159 300.00 0.422737
184 33 300.00 0.026033
184 171 300.00 0.300767
185 167 300.00 0.029883
185 187 300.00 0.261670
186 63 300.00 0.212703
186 60 300.00 0.554550
187 94 300.00 0.405307
187 188 300.00 0.326400
188 66 300.00 0.406973
188 65 300.00 0.557370
189 293 300.00 0.320123
189 164 300.00 0.207007
190 75 300.00 0.557190
190 293 300.00 0.207157
191 193 300.00 0.022557
191 291 300.00 0.322570
192 291 300.00 0.424747
192 80 300.00 0.561863
193 194 300.00 0.383913
194 195 300.00 0.240247
195 423 300.00 0.367100
196 197 300.00 0.406680
196 198 300.00 0.355850
197 222 300.00 0.346447
198 218 300.00 0.456757
199 358 300.00 0.170830
199 333 300.00 0.411867
200 201 300.00 0.294910
200 202 300.00 0.365850
201 357 300.00 0.170097
202 389 300.00 0.479467
203 204 300.00 0.235477
203 200 300.00 0.590657
204 305 300.00 0.081540
205 206 300.00 0.572477
205 196 300.00 0.352357
206 83 300.00 0.445707
206 281 300.00 0.386330
207 208 300.00 0.573550
207 205 300.00 0.407287
208 81 300.00 0.444903
208 206 300.00 0.416690
209 210 300.00 0.396727
209 285 300.00 0.212397
210 209 300.00 0.396727
210 207 300.00 0.207207
211 210 300.00 0.214060
211 212 300.00 0.176217
212 285 300.00 0.215247
212 439 300.00 0.031290
213 211 300.00 0.416320
213 214 300.00 0.314700
214 283 300.00 0.249550
215 216 300.00 0.140690
215 217 300.00 0.394940
216 213 300.00 0.265390
216 286 300.00 0.393793
217 144 300.00 0.414883
217 143 300.00 0.338467
218 219 300.00 0.486867
218 220 300.00 0.342043
219 197 300.00 0.062290
219 223 300.00 0.316907
220 221 300.00 0.225290
221 224 300.00 0.737823
222 275 300.00 0.405517
222 205 300.00 0.402757
223 219 300.00 0.316907
223 224 300.00 0.197420
223 220 300.00 0.642437
224 223 300.00 0.197420
224 225 300.00 0.391253
225 228 300.00 0.407117
225 230 300.00 0.194787
226 227 300.00 0.279357
227 263 300.00 0.388180
228 226 300.00 0.435107
228 229 300.00 0.198533
229 228 300.00 0.198533
229 230 300.00 0.406567
229 275 300.00 0.323643
230 223 300.00 0.395177
230 274 300.00 0.055960
231 232 300.00 0.199743
231 57 300.00 0.468153
232 303 300.00 0.319757
232 38 300.00 0.095213
233 234 300.00 0.592003
233 203 300.00 0.575683
234 200 300.00 0.332247
234 392 300.00 0.293797
235 236 300.00 0.362263
235 237 300.00 0.145577
236 272 300.00 0.019407
236 273 300.00 0.346930
237 271 300.00 0.310253
237 270 300.00 0.386580
238 239 300.00 0.199947
238 240 300.00 0.055303
239 241 300.00 0.049127
239 242 300.00 0.518643
239 243 300.00 0.360247
240 238 300.00 0.055303
240 249 300.00 0.269097
241 394 300.00 0.038757
241 395 300.00 0.416767
242 367 300.00 0.238717
243 244 300.00 0.052527
243 245 300.00 0.218353
244 248 300.00 0.264140
244 241 300.00 0.344073
245 246 300.00 0.050200
245 235 300.00 0.485290
246 244 300.00 0.232910
247 235 300.00 0.049223
247 246 300.00 0.486487
248 368 300.00 0.678003
249 240 300.00 0.269097
249 364 300.00 0.170980
249 369 300.00 0.485023
249 363 300.00 0.387190
250 251 300.00 0.403977
250 252 300.00 0.287457
251 268 300.00 0.403283
251 269 300.00 0.225313
252 86 300.00 0.460267
253 425 300.00 0.418987
254 398 300.00 0.527387
254 255 300.00 0.707007
255 256 300.00 0.252480
255 257 300.00 0.554690
256 360 300.00 0.110837
257 443 300.00 0.027883
257 424 300.00 0.030963
258 259 300.00 0.682617
258 260 300.00 0.263890
259 337 300.00 0.351073
260 337 300.00 0.612290
260 348 300.00 0.270603
261 262 300.00 0.506360
262 248 300.00 0.387127
262 366 300.00 1.014487
263 264 300.00 0.422577
263 265 300.00 0.458517
263 266 300.00 0.234380
264 140 300.00 0.408867
264 267 300.00 0.271957
265 276 300.00 0.396843
265 277 300.00 0.339010
266 263 300.00 0.234380
267 264 300.00 0.271957
268 278 300.00 0.283647
268 279 300.00 0.387720
269 270 300.00 0.227890
269 271 300.00 0.398893
270 236 300.00 0.181180
270 304 300.00 0.406007
271 250 300.00 0.226627
272 396 300.00 0.183217
273 314 300.00 0.160763
274 222 300.00 0.266663
274 445 300.00 0.034643
275 209 300.00 0.211213
275 207 300.00 0.397397
276 226 300.00 0.193650
276 434 300.00 0.230670
277 286 300.00 0.262583
277 213 300.00 0.391970
278 89 300.00 0.447483
278 90 300.00 0.406170
279 287 300.00 0.227587
279 288 300.00 0.471433
280 268 300.00 0.223800
280 269 300.00 0.399710
281 282 300.00 0.228230
282 421 300.00 0.400157
282 196 300.00 0.350107
283 80 300.00 0.455987
283 79 300.00 0.421120
284 214 300.00 0.408790
284 215 300.00 0.308063
285 277 300.00 0.411687
285 276 300.00 0.331233
286 217 300.00 0.148547
287 289 300.00 0.169043
287 280 300.00 0.390710
288 301 300.00 0.463287
288 432 300.00 0.034183
289 233 300.00 0.172630
290 440 300.00 0.187927
290 423 300.00 0.155210
291 292 300.00 0.451107
291 82 300.00 0.409220
292 437 300.00 0.185720
292 78 300.00 0.115973
293 189 300.00 0.320123
293 192 300.00 0.201473
294 157 300.00 0.327027
295 331 300.00 0.369820
295 356 300.00 0.369203
296 413 300.00 0.235753
296 332 300.00 0.584613
297 160 300.00 0.426700
297 183 300.00 0.320597
297 182 300.00 0.469990
298 411 300.00 0.163263
298 412 300.00 0.248603
298 334 300.00 0.336130
299 175 300.00 0.370430
300 327 300.00 0.218007
300 415 300.00 0.168840
301 62 300.00 0.803520
302 303 300.00 0.143113
302 59 300.00 0.607483
303 204 300.00 0.194537
304 280 300.00 0.174507
304 289 300.00 0.393110
305 231 300.00 0.234607
305 201 300.00 0.591347
306 307 300.00 0.023720
306 308 300.00 0.166500
307 309 300.00 0.371187
307 318 300.00 0.548180
308 393 300.00 0.181200
309 310 300.00 0.534890
310 359 300.00 0.160357
310 318 300.00 0.377790
311 5 300.00 0.545860
311 8 300.00 0.372463
312 319 300.00 0.419670
312 306 300.00 0.548570
313 234 300.00 0.285857
313 314 300.00 0.446007
314 233 300.00 0.293447
315 316 300.00 0.556067
315 317 300.00 0.523007
316 386 300.00 0.118670
317 365 300.00 0.259237
318 312 300.00 0.024077
318 311 300.00 0.557740
319 321 300.00 0.407210
319 322 300.00 0.555920
320 319 300.00 0.554257
320 306 300.00 0.431387
321 340 300.00 0.415977
321 339 300.00 0.560250
322 323 300.00 0.194483
322 4 300.00 0.418060
323 3 300.00 0.355083
323 407 300.00 0.226510
324 325 300.00 0.207410
324 326 300.00 0.335080
325 412 300.00 0.333640
325 334 300.00 0.243727
326 297 300.00 0.525917
326 412 300.00 0.203913
327 328 300.00 0.256530
327 329 300.00 0.144893
328 416 300.00 0.222357
328 345 300.00 0.153967
329 344 300.00 0.411017
330 295 300.00 0.375157
331 332 300.00 0.022580
331 294 300.00 0.846030
332 333 300.00 0.367330
332 324 300.00 0.416147
333 2 300.00 0.484537
334 335 300.00 0.235837
334 336 300.00 0.161560
335 436 300.00 0.222310
335 19 300.00 0.162513
336 355 300.00 0.246217
336 411 300.00 0.335897
337 260 300.00 0.612290
337 338 300.00 0.325163
338 339 300.00 0.414413
338 340 300.00 0.566160
339 348 300.00 0.131837
340 341 300.00 0.207787
340 342 300.00 0.556280
341 406 300.00 0.554817
341 383 300.00 0.200633
342 343 300.00 0.409500
343 321 300.00 0.552563
343 322 300.00 0.427293
344 329 300.00 0.411017
344 345 300.00 0.148933
345 346 300.00 0.222447
346 299 300.00 0.153820
347 354 300.00 0.070633
348 320 300.00 0.255960
349 350 300.00 0.071553
350 411 300.00 0.235753
350 355 300.00 0.337043
351 352 300.00 0.316360
351 353 300.00 0.084400
352 371 300.00 0.406253
352 372 300.00 0.415580
353 351 300.00 0.084400
353 21 300.00 0.406337
354 410 300.00 0.158683
354 353 300.00 0.338680
355 347 300.00 0.395703
355 352 300.00 0.412547
356 7 300.00 0.482220
357 330 300.00 0.529197
358 324 300.00 0.203180
358 435 300.00 0.030980
359 365 300.00 0.512603
359 315 300.00 0.132267
360 309 300.00 0.115873
360 308 300.00 0.384503
361 362 300.00 0.029330
361 368 300.00 0.470960
362 361 300.00 0.029330
362 363 300.00 0.178667
362 364 300.00 0.378257
363 362 300.00 0.178667
363 249 300.00 0.387190
363 370 300.00 0.614463
364 249 300.00 0.170980
364 395 300.00 0.032043
364 394 300.00 0.391240
365 256 300.00 0.301973
366 367 300.00 0.286820
367 242 300.00 0.238717
367 243 300.00 0.448043
368 261 300.00 0.330363
369 249 300.00 0.485023
370 363 300.00 0.614463
370 420 300.00 0.251527
371 378 300.00 0.423543
372 373 300.00 0.263893
372 349 300.00 0.415337
373 177 300.00 0.524210
374 442 300.00 0.070617
375 376 300.00 0.206353
375 22 300.00 0.557427
376 404 300.00 0.015623
376 384 300.00 0.549150
377 371 300.00 0.317777
377 351 300.00 0.412080
378 379 300.00 0.464147
378 372 300.00 0.416407
379 176 300.00 0.314807
380 338 300.00 0.413593
381 402 300.00 0.107497
382 375 300.00 0.551073
383 384 300.00 0.209317
383 385 300.00 0.228960
384 382 300.00 0.204900
385 400 300.00 0.101590
386 387 300.00 0.308883
386 388 300.00 0.319847
387 202 300.00 0.238183
388 390 300.00 0.737310
388 313 300.00 0.313723
389 356 300.00 0.403650
389 357 300.00 0.166803
390 391 300.00 0.146357
390 313 300.00 0.423953
391 272 300.00 0.213257
391 273 300.00 0.205603
392 388 300.00 0.332723
392 387 300.00 0.208730
393 257 300.00 0.028793
393 424 300.00 0.046250
394 239 300.00 0.060900
394 240 300.00 0.193640
395 364 300.00 0.032043
395 361 300.00 0.372590
396 397 300.00 0.394810
396 247 300.00 0.171950
397 431 300.00 0.308183
397 398 300.00 0.280363
398 317 300.00 0.179040
398 254 300.00 0.527387
399 56 300.00 0.200473
400 401 300.00 0.293983
400 380 300.00 0.240407
401 381 300.00 0.115017
402 382 300.00 0.228973
402 403 300.00 0.116577
403 385 300.00 0.294333
403 401 300.00 0.105827
404 405 300.00 0.189033
404 23 300.00 0.192943
405 404 300.00 0.189033
406 342 300.00 0.205080
406 341 300.00 0.554817
407 408 300.00 0.220620
407 409 300.00 0.075047
407 20 300.00 0.204030
408 407 300.00 0.220620
409 407 300.00 0.075047
410 354 300.00 0.158683
411 336 300.00 0.335897
411 298 300.00 0.163263
411 350 300.00 0.235753
412 298 300.00 0.248603
412 326 300.00 0.203913
412 325 300.00 0.333640
413 296 300.00 0.235753
414 24 300.00 0.213883
415 416 300.00 0.083080
415 444 300.00 0.062290
416 346 300.00 0.158860
416 328 300.00 0.222357
417 39 300.00 0.314450
418 419 300.00 0.223650
418 140 300.00 0.063220
419 418 300.00 0.223650
420 370 300.00 0.251527
421 282 300.00 0.400157
422 137 300.00 0.418557
422 116 300.00 0.396560
423 433 300.00 0.572907
424 258 300.00 0.559787
425 141 300.00 0.045877
425 418 300.00 0.018203
426 427 300.00 0.334013
427 430 300.00 0.457320
428 429 300.00 0.031680
428 427 300.00 0.332583
429 426 300.00 0.031643
429 32 300.00 0.041337
430 53 300.00 0.236290
431 397 300.00 0.308183
432 287 300.00 0.304620
433 83 300.00 0.216537
433 441 300.00 0.389707
434 229 300.00 0.199887
434 446 300.00 0.018850
435 358 300.00 0.030980
436 335 300.00 0.222310
437 292 300.00 0.185720
438 84 300.00 0.272940
439 212 300.00 0.031290
440 290 300.00 0.187927
441 281 300.00 0.151150
442 174 300.00 0.405817
443 261 300.00 0.551603
444 415 300.00 0.062290
445 274 300.00 0.034643
446 434 300.00 0.018850
