0 4 1908.00 2.795033
0 27 1916.00 2.807017
0 46 896.00 1.312950
1 2 901.00 1.320317
1 132 905.00 1.326567
1 7 1889.00 2.766367
1 30 1917.00 2.808533
2 1 901.00 1.320317
2 78 916.00 1.342333
2 8 1884.00 2.759883
2 76 1920.00 2.812683
3 77 644.00 0.943200
3 19 4066.00 2.977267
4 0 1908.00 2.795033
4 115 126.00 0.185417
4 5 1795.00 1.314883
5 114 127.00 0.186567
5 6 1804.00 1.321133
5 46 1913.00 2.801767
6 113 132.00 0.193600
6 132 1879.00 2.752783
6 7 1791.00 1.312133
7 1 1889.00 2.766367
7 112 105.00 0.154817
7 8 1812.00 1.326833
8 2 1884.00 2.759883
8 111 100.00 0.147417
8 9 1801.00 1.319267
9 110 96.00 0.141500
9 78 1891.00 2.770350
9 10 1712.00 1.253883
10 134 244.00 0.179050
11 115 1868.00 2.736333
11 85 1907.00 2.793133
11 45 916.00 1.341600
12 83 1898.00 2.779667
12 113 1876.00 2.748550
12 13 905.00 1.325667
12 45 891.00 1.304883
13 12 905.00 1.325667
13 82 1889.00 2.767683
13 112 1919.00 2.810583
13 14 883.00 1.294067
14 13 883.00 1.294067
14 81 1903.00 2.787867
14 111 1909.00 2.796433
14 79 884.00 1.294867
15 21 1928.00 2.824517
15 72 1809.00 1.324850
16 70 1841.00 1.348433
16 23 1915.00 2.804433
17 124 167.00 0.122317
17 130 916.00 0.671000
18 73 1175.00 1.721950
18 17 4085.00 2.991233
19 74 1004.00 0.735700
19 18 4017.00 2.941750
20 21 881.00 1.291383
20 27 1898.00 2.780150
20 72 1915.00 2.805733
21 15 1928.00 2.824517
21 20 881.00 1.291383
21 22 898.00 1.315933
21 28 1891.00 2.770083
22 21 898.00 1.315933
22 23 885.00 1.296467
22 29 1911.00 2.798600
22 70 1920.00 2.813150
23 16 1915.00 2.804433
23 22 885.00 1.296467
23 24 892.00 1.307500
23 30 1901.00 2.785350
24 23 892.00 1.307500
24 25 908.00 1.330600
24 76 1911.00 2.799017
24 69 1899.00 2.782417
25 24 908.00 1.330600
25 26 913.00 1.338483
25 31 1920.00 2.812267
25 68 1897.00 2.779433
26 25 913.00 1.338483
26 73 877.00 1.285317
26 75 1893.00 2.773467
26 67 1900.00 2.783117
27 0 1916.00 2.807017
27 20 1898.00 2.780150
27 28 1769.00 1.295417
28 21 1891.00 2.770083
28 27 1769.00 1.295417
28 29 1791.00 1.311950
28 46 1905.00 2.789933
29 22 1911.00 2.798600
29 28 1791.00 1.311950
29 30 1797.00 1.315933
29 132 1926.00 2.821700
30 1 1917.00 2.808533
30 23 1901.00 2.785350
30 29 1797.00 1.315933
30 76 1791.00 1.312133
31 25 1920.00 2.812267
31 75 1740.00 1.274367
31 76 1859.00 1.361317
31 78 1915.00 2.805100
32 44 1241.00 0.909067
33 34 3753.00 2.748650
33 41 848.00 1.243233
34 33 3753.00 2.748650
34 36 896.00 1.312383
35 34 4577.00 3.351600
36 34 896.00 1.312383
36 53 890.00 1.304000
36 141 1852.00 2.712983
36 38 1980.00 2.900667
37 66 1880.00 1.376667
37 123 93.00 0.136450
37 97 1434.00 2.100850
38 36 1980.00 2.900667
38 117 1366.00 1.000933
39 50 1903.00 2.787883
39 41 1889.00 2.767800
39 99 380.00 0.557167
40 42 442.00 0.647467
40 133 627.00 0.459683
41 33 848.00 1.243233
41 39 1889.00 2.767800
41 141 48.00 0.070700
42 91 967.00 1.417300
42 86 391.00 0.573817
42 138 880.00 1.288950
43 120 183.00 0.134183
44 32 1241.00 0.909067
44 59 1800.00 1.318450
44 52 1263.00 1.850650
45 11 916.00 1.341600
45 12 891.00 1.304883
45 84 1908.00 2.795217
45 114 1870.00 2.739200
46 0 896.00 1.312950
46 5 1913.00 2.801767
46 28 1905.00 2.789933
46 132 891.00 1.305217
47 93 569.00 0.833517
47 88 777.00 1.138967
47 91 889.00 1.302433
48 93 1631.00 2.389317
48 95 871.00 1.276583
48 107 822.00 1.204400
49 95 624.00 0.914483
49 116 3955.00 2.896450
50 39 1903.00 2.787883
50 52 1578.00 2.311700
50 56 1878.00 1.375683
51 53 3293.00 2.411533
51 38 1994.00 1.460083
52 44 1263.00 1.850650
52 50 1578.00 2.311700
52 57 913.00 1.337967
53 36 890.00 1.304000
53 51 3293.00 2.411533
53 60 864.00 1.266600
53 54 3691.00 2.702667
54 53 3691.00 2.702667
54 140 52.00 0.038283
54 98 585.00 0.857550
55 62 891.00 1.305417
55 99 532.00 0.779733
55 105 999.00 0.731667
55 56 3822.00 2.798667
56 50 1878.00 1.375683
56 55 3822.00 2.798667
56 63 1776.00 1.300717
56 57 3174.00 2.324600
57 52 913.00 1.337967
57 56 3174.00 2.324600
57 64 892.00 1.306767
57 59 2082.00 1.524800
58 60 1331.00 1.949550
58 51 1870.00 1.369583
59 44 1800.00 1.318450
59 57 2082.00 1.524800
59 65 1813.00 1.328233
60 53 864.00 1.266600
60 58 1331.00 1.949550
60 61 1885.00 2.761550
60 123 932.00 1.366200
61 60 1885.00 2.761550
61 122 890.00 1.303850
61 140 867.00 1.269917
61 62 1884.00 2.759500
62 55 891.00 1.305417
62 61 1884.00 2.759500
62 63 1934.00 2.833467
62 118 910.00 1.333133
63 56 1776.00 1.300717
63 62 1934.00 2.833467
63 64 1588.00 2.325700
63 121 1752.00 1.283483
64 57 892.00 1.306767
64 63 1588.00 2.325700
64 65 761.00 1.114583
64 119 895.00 1.311050
65 59 1813.00 1.328233
65 64 761.00 1.114583
65 120 1822.00 1.334283
66 128 96.00 0.141600
66 67 1883.00 1.379200
66 73 1905.00 2.791000
67 26 1900.00 2.783117
67 122 127.00 0.186850
67 68 1688.00 1.236633
68 25 1897.00 2.779433
68 127 87.00 0.128650
68 69 1798.00 1.317033
69 24 1899.00 2.782417
69 126 90.00 0.133100
69 16 1754.00 1.284967
70 22 1920.00 2.813150
70 125 85.00 0.124683
70 71 581.00 0.425567
71 121 191.00 0.140533
71 15 1180.00 0.864517
72 20 1915.00 2.805733
72 135 90.00 0.132383
72 136 217.00 0.159483
73 18 1175.00 1.721950
73 26 877.00 1.285317
73 66 1905.00 2.791000
73 74 1899.00 2.782333
74 19 1004.00 0.735700
74 73 1899.00 2.782333
74 75 1771.00 1.296967
75 26 1893.00 2.773467
75 31 1740.00 1.274367
75 74 1771.00 1.296967
75 77 1898.00 2.780167
76 2 1920.00 2.812683
76 24 1911.00 2.799017
76 30 1791.00 1.312133
76 31 1859.00 1.361317
77 3 644.00 0.943200
77 75 1898.00 2.780167
77 78 908.00 1.331017
78 2 916.00 1.342333
78 9 1891.00 2.770350
78 31 1915.00 2.805100
78 77 908.00 1.331017
79 14 884.00 1.294867
79 110 1917.00 2.807817
79 137 157.00 0.231250
80 81 679.00 0.497683
80 96 3117.00 2.282967
81 14 1903.00 2.787867
81 80 679.00 0.497683
81 142 92.00 0.067967
82 13 1889.00 2.767683
82 83 1843.00 1.349900
82 142 1703.00 1.247633
82 86 1907.00 2.792783
83 12 1898.00 2.779667
83 82 1843.00 1.349900
83 87 1920.00 2.812783
83 84 1773.00 1.298933
84 45 1908.00 2.795217
84 83 1773.00 1.298933
84 88 1905.00 2.790967
84 85 1799.00 1.317467
85 11 1907.00 2.793133
85 84 1799.00 1.317467
85 89 1918.00 2.809800
86 42 391.00 0.573817
86 82 1907.00 2.792783
86 87 906.00 1.326950
86 133 531.00 0.777633
87 83 1920.00 2.812783
87 86 906.00 1.326950
87 88 911.00 1.334283
87 91 616.00 0.902533
88 47 777.00 1.138967
88 84 1905.00 2.790967
88 87 911.00 1.334283
88 89 872.00 1.277350
89 85 1918.00 2.809800
89 88 872.00 1.277350
89 90 902.00 1.321650
89 92 1125.00 1.648383
90 89 902.00 1.321650
91 42 967.00 1.417300
91 47 889.00 1.302433
91 87 616.00 0.902533
91 95 2776.00 4.066483
92 89 1125.00 1.648383
92 106 672.00 0.984117
92 94 1138.00 1.667933
93 47 569.00 0.833517
93 48 1631.00 2.389317
93 106 303.00 0.444533
94 92 1138.00 1.667933
94 107 712.00 1.043133
95 48 871.00 1.276583
95 49 624.00 0.914483
95 91 2776.00 4.066483
96 137 957.00 0.701200
96 79 448.00 0.656733
97 37 1434.00 2.100850
98 54 585.00 0.857550
98 141 356.00 0.522117
98 100 547.00 0.801067
99 39 380.00 0.557167
99 55 532.00 0.779733
99 104 493.00 0.722317
100 98 547.00 0.801067
100 102 312.00 0.458050
100 104 906.00 1.327283
101 140 1054.00 0.771917
101 105 1780.00 1.303800
101 102 248.00 0.363300
102 100 312.00 0.458050
102 101 248.00 0.363300
102 108 895.00 1.311583
103 108 198.00 0.291200
104 99 493.00 0.722317
104 100 906.00 1.327283
104 108 328.00 0.481567
105 55 999.00 0.731667
105 101 1780.00 1.303800
105 108 223.00 0.328000
106 92 672.00 0.984117
106 93 303.00 0.444533
106 107 1308.00 1.915900
107 48 822.00 1.204400
107 94 712.00 1.043133
107 106 1308.00 1.915900
108 102 895.00 1.311583
108 103 198.00 0.291200
108 104 328.00 0.481567
108 105 223.00 0.328000
109 10 257.00 0.188267
109 110 1629.00 1.193217
110 9 96.00 0.141500
110 111 1802.00 1.320167
111 8 100.00 0.147417
111 14 1909.00 2.796433
111 112 1782.00 1.304850
112 7 105.00 0.154817
112 13 1919.00 2.810583
112 113 1810.00 1.325933
113 6 132.00 0.193600
113 12 1876.00 2.748550
113 114 1792.00 1.312800
114 5 127.00 0.186567
114 45 1870.00 2.739200
114 115 1804.00 1.321283
115 4 126.00 0.185417
115 11 1868.00 2.736333
116 138 529.00 0.775633
116 139 574.00 0.420750
117 35 406.00 0.297467
118 62 910.00 1.333133
118 126 362.00 0.265250
119 64 895.00 1.311050
119 136 87.00 0.127550
119 135 218.00 0.159683
120 43 183.00 0.134183
120 65 1822.00 1.334283
120 119 1101.00 0.806483
121 63 1752.00 1.283483
121 71 191.00 0.140533
121 125 581.00 0.425833
122 61 890.00 1.303850
122 67 127.00 0.186850
122 128 1944.00 1.424150
123 37 93.00 0.136450
123 60 932.00 1.366200
123 129 985.00 0.721567
124 58 1970.00 1.442933
125 70 85.00 0.124683
125 118 3239.00 2.371700
126 69 90.00 0.133100
126 127 1798.00 1.316800
127 68 87.00 0.128650
127 122 1626.00 1.191133
128 66 96.00 0.141600
128 123 1848.00 1.353767
129 130 84.00 0.124033
129 124 972.00 0.712150
130 129 84.00 0.124033
130 37 952.00 0.697500
131 80 1633.00 1.195800
132 1 905.00 1.326567
132 6 1879.00 2.752783
132 29 1926.00 2.821700
132 46 891.00 1.305217
133 86 531.00 0.777633
133 131 2388.00 1.749000
134 77 3542.00 2.593867
134 3 3767.00 2.758450
135 72 90.00 0.132383
135 121 2992.00 2.191283
136 119 87.00 0.127550
136 43 1064.00 0.779483
137 109 4059.00 2.972833
138 42 880.00 1.288950
138 139 282.00 0.413867
139 40 2474.00 1.812050
140 54 52.00 0.038283
140 61 867.00 1.269917
140 101 1054.00 0.771917
141 36 1852.00 2.712983
141 41 48.00 0.070700
141 98 356.00 0.522117
142 81 92.00 0.067967
142 82 1703.00 1.247633
142 131 802.00 1.174733
