0 1 300.00 0.021937
0 2 300.00 0.500007
1 190 300.00 0.035643
2 0 300.00 0.500007
2 146 300.00 0.253283
2 134 300.00 0.267213
3 4 300.00 0.407367
3 5 300.00 0.427317
4 132 300.00 0.424230
4 127 300.00 0.410493
5 141 300.00 0.015577
5 142 300.00 1.620567
6 7 300.00 0.319130
6 8 300.00 0.263073
7 138 300.00 0.249097
7 136 300.00 0.261917
8 6 300.00 0.263073
8 130 300.00 0.012037
8 136 300.00 0.325753
9 10 300.00 0.622027
9 6 300.00 0.774437
10 27 300.00 0.330870
10 123 300.00 1.001233
11 12 300.00 0.023517
11 9 300.00 0.546193
12 180 300.00 0.050300
12 181 300.00 0.044917
13 14 300.00 0.247080
13 144 300.00 0.185963
13 36 300.00 0.146387
14 13 300.00 0.247080
14 15 300.00 0.306157
15 34 300.00 0.342987
15 11 300.00 0.292613
16 14 300.00 0.313080
16 17 300.00 0.473627
17 29 300.00 0.282287
17 117 300.00 0.207430
17 145 300.00 0.145970
18 19 300.00 0.108017
18 102 300.00 0.221237
18 103 300.00 0.106717
19 18 300.00 0.108017
19 20 300.00 0.221247
19 21 300.00 0.237583
19 22 300.00 0.477343
20 19 300.00 0.221247
20 60 300.00 0.134780
20 22 300.00 0.314250
21 102 300.00 0.114277
21 30 300.00 0.019873
22 19 300.00 0.477343
22 86 300.00 0.299383
22 20 300.00 0.314250
23 24 300.00 0.204040
23 49 300.00 0.402060
23 115 300.00 0.222107
23 56 300.00 0.184897
24 23 300.00 0.204040
24 25 300.00 0.183523
24 26 300.00 0.218843
25 24 300.00 0.183523
25 62 300.00 0.289453
25 33 300.00 0.331283
26 24 300.00 0.218843
26 27 300.00 0.181903
26 115 300.00 0.201940
27 26 300.00 0.181903
27 28 300.00 0.217197
27 10 300.00 0.330870
28 27 300.00 0.217197
28 150 300.00 0.228613
28 115 300.00 0.227043
28 152 300.00 0.408630
29 17 300.00 0.282287
30 31 300.00 0.058580
30 32 300.00 0.370647
31 155 300.00 0.115287
31 48 300.00 0.158470
32 30 300.00 0.370647
32 65 300.00 0.928743
32 60 300.00 0.225780
33 10 300.00 0.537187
33 11 300.00 0.443690
34 35 300.00 0.182183
34 33 300.00 0.289210
34 36 300.00 0.146837
35 62 300.00 0.152307
35 161 300.00 0.148013
36 34 300.00 0.146837
36 13 300.00 0.146387
36 161 300.00 0.182673
37 38 300.00 0.187447
37 154 300.00 0.110983
37 151 300.00 0.072657
38 37 300.00 0.187447
38 39 300.00 0.013683
38 40 300.00 0.078750
39 38 300.00 0.013683
39 108 300.00 0.314553
39 109 300.00 0.303990
40 38 300.00 0.078750
40 103 300.00 0.093903
40 154 300.00 0.197330
41 42 300.00 0.120520
41 43 300.00 0.294823
42 64 300.00 0.295580
43 64 300.00 0.122077
43 58 300.00 0.406530
44 45 300.00 0.255987
44 46 300.00 0.404270
45 32 300.00 0.217530
45 47 300.00 0.237523
45 48 300.00 0.394103
46 44 300.00 0.404270
46 152 300.00 0.019633
47 45 300.00 0.237523
47 147 300.00 0.263607
47 53 300.00 0.541483
48 45 300.00 0.394103
48 46 300.00 0.211330
48 148 300.00 0.103470
49 23 300.00 0.402060
49 50 300.00 0.409923
49 51 300.00 0.186960
50 49 300.00 0.409923
50 59 300.00 0.149350
51 41 300.00 0.284883
51 56 300.00 0.404710
52 53 300.00 0.147423
52 54 300.00 0.147200
53 47 300.00 0.541483
53 44 300.00 0.032380
54 52 300.00 0.147200
54 55 300.00 0.261910
54 59 300.00 0.380410
55 49 300.00 0.388863
55 54 300.00 0.261910
56 57 300.00 0.288530
56 23 300.00 0.184897
56 25 300.00 0.205187
57 56 300.00 0.288530
57 58 300.00 0.292083
57 41 300.00 0.410080
58 57 300.00 0.292083
58 43 300.00 0.406530
58 63 300.00 0.201740
58 117 300.00 0.296603
59 54 300.00 0.380410
59 52 300.00 0.246857
60 20 300.00 0.134780
60 61 300.00 0.200653
61 60 300.00 0.200653
61 75 300.00 0.181953
61 86 300.00 0.379610
62 57 300.00 0.200060
62 63 300.00 0.291260
62 25 300.00 0.289453
63 62 300.00 0.291260
63 58 300.00 0.201740
63 144 300.00 0.146040
63 145 300.00 0.150297
64 43 300.00 0.122077
64 42 300.00 0.295580
65 32 300.00 0.928743
66 67 300.00 0.300537
66 166 300.00 0.130927
66 164 300.00 0.252547
67 66 300.00 0.300537
67 68 300.00 0.414177
68 67 300.00 0.414177
68 162 300.00 0.399600
68 163 300.00 0.158003
69 70 300.00 0.163937
69 75 300.00 0.167480
69 73 300.00 0.391783
70 69 300.00 0.163937
70 71 300.00 0.397653
70 72 300.00 0.171543
71 70 300.00 0.397653
71 73 300.00 0.168613
71 74 300.00 0.182817
72 65 300.00 0.249660
73 71 300.00 0.168613
73 69 300.00 0.391783
73 76 300.00 0.171567
74 71 300.00 0.182817
74 72 300.00 0.401423
75 69 300.00 0.167480
75 76 300.00 0.385203
75 61 300.00 0.181953
76 73 300.00 0.171567
76 75 300.00 0.385203
76 86 300.00 0.182533
77 78 300.00 0.321777
77 81 300.00 0.410250
78 77 300.00 0.321777
78 79 300.00 0.413107
78 80 300.00 0.163550
79 78 300.00 0.413107
79 89 300.00 0.409977
79 90 300.00 0.141380
79 91 300.00 0.100970
80 201 300.00 0.530370
81 92 300.00 0.151447
81 82 300.00 0.261350
81 94 300.00 0.398917
82 83 300.00 0.418040
82 81 300.00 0.261350
82 95 300.00 0.397520
82 87 300.00 0.372407
83 82 300.00 0.418040
83 84 300.00 0.167083
83 85 300.00 0.394647
84 83 300.00 0.167083
84 200 300.00 0.266067
85 83 300.00 0.394647
85 87 300.00 0.390747
85 88 300.00 0.205210
86 76 300.00 0.182533
86 61 300.00 0.379610
86 22 300.00 0.299383
87 85 300.00 0.390747
87 82 300.00 0.372407
87 96 300.00 0.394810
87 97 300.00 0.092493
88 85 300.00 0.205210
88 84 300.00 0.395217
89 79 300.00 0.409977
89 98 300.00 0.408930
89 99 300.00 0.110750
90 79 300.00 0.141380
90 92 300.00 0.060057
90 167 300.00 0.154190
91 79 300.00 0.100970
92 90 300.00 0.060057
92 81 300.00 0.151447
92 93 300.00 0.406210
93 92 300.00 0.406210
93 99 300.00 0.085833
93 94 300.00 0.177800
94 93 300.00 0.177800
94 95 300.00 0.262840
94 101 300.00 0.397040
95 82 300.00 0.397520
95 94 300.00 0.262840
95 104 300.00 0.133257
96 87 300.00 0.394810
96 104 300.00 0.204997
96 106 300.00 0.391593
96 107 300.00 0.098797
97 87 300.00 0.092493
98 89 300.00 0.408930
98 100 300.00 0.110453
99 89 300.00 0.110750
99 93 300.00 0.085833
99 100 300.00 0.403677
100 99 300.00 0.403677
100 98 300.00 0.110453
100 101 300.00 0.289583
101 100 300.00 0.289583
101 111 300.00 0.148033
101 112 300.00 0.275503
102 18 300.00 0.221237
102 159 300.00 0.104403
102 21 300.00 0.114277
103 18 300.00 0.106717
103 159 300.00 0.208997
103 40 300.00 0.093903
104 95 300.00 0.133257
104 96 300.00 0.204997
104 105 300.00 0.398823
105 104 300.00 0.398823
105 111 300.00 0.194280
105 106 300.00 0.227657
106 96 300.00 0.391593
106 105 300.00 0.227657
106 116 300.00 0.065840
107 96 300.00 0.098797
108 39 300.00 0.314553
109 39 300.00 0.303990
109 110 300.00 0.318447
110 109 300.00 0.318447
110 124 300.00 0.061607
111 101 300.00 0.148033
111 105 300.00 0.194280
111 113 300.00 0.531283
111 114 300.00 0.234883
112 113 300.00 0.134233
112 168 300.00 0.096130
113 111 300.00 0.531283
113 122 300.00 0.128713
114 111 300.00 0.234883
115 23 300.00 0.222107
115 28 300.00 0.227043
115 26 300.00 0.201940
115 153 300.00 0.272490
116 106 300.00 0.065840
117 58 300.00 0.296603
118 119 300.00 0.918830
118 123 300.00 0.198340
118 124 300.00 0.046223
119 118 300.00 0.918830
119 120 300.00 0.159627
119 121 300.00 1.035830
120 119 300.00 0.159627
120 98 300.00 0.308197
120 122 300.00 0.460463
121 119 300.00 1.035830
122 120 300.00 0.460463
122 125 300.00 0.595750
122 126 300.00 0.305623
123 118 300.00 0.198340
123 131 300.00 0.033460
123 10 300.00 1.001233
124 118 300.00 0.046223
124 110 300.00 0.061607
124 160 300.00 0.201047
125 122 300.00 0.595750
125 126 300.00 0.371290
125 133 300.00 0.404433
125 134 300.00 1.677657
126 127 300.00 0.436767
126 125 300.00 0.371290
126 132 300.00 0.407800
127 126 300.00 0.436767
127 120 300.00 0.522827
128 129 300.00 0.477910
128 130 300.00 0.266773
128 131 300.00 0.186580
129 128 300.00 0.477910
130 128 300.00 0.266773
130 135 300.00 0.560897
130 8 300.00 0.012037
131 128 300.00 0.186580
131 179 300.00 0.243157
131 123 300.00 0.033460
132 4 300.00 0.424230
132 133 300.00 0.331433
132 5 300.00 0.410267
133 125 300.00 0.404433
133 140 300.00 0.164563
133 132 300.00 0.331433
134 125 300.00 1.677657
134 2 300.00 0.267213
134 143 300.00 0.526010
134 172 300.00 0.305923
135 130 300.00 0.560897
136 8 300.00 0.325753
136 137 300.00 0.266733
136 7 300.00 0.261917
136 169 300.00 0.139533
137 136 300.00 0.266733
137 138 300.00 0.248877
137 139 300.00 0.478347
138 137 300.00 0.248877
138 3 300.00 0.129980
139 137 300.00 0.478347
140 133 300.00 0.164563
141 186 300.00 0.912337
142 143 300.00 0.139037
143 134 300.00 0.526010
143 0 300.00 0.299477
144 63 300.00 0.146040
144 13 300.00 0.185963
144 161 300.00 0.143767
145 63 300.00 0.150297
145 17 300.00 0.145970
145 199 300.00 0.127493
146 2 300.00 0.253283
146 175 300.00 0.085413
147 47 300.00 0.263607
148 48 300.00 0.103470
148 155 300.00 0.168667
148 158 300.00 0.100423
149 150 300.00 0.106533
149 158 300.00 0.103240
149 156 300.00 0.186193
150 149 300.00 0.106533
150 151 300.00 0.194837
150 28 300.00 0.228613
151 150 300.00 0.194837
151 37 300.00 0.072657
151 156 300.00 0.103113
152 28 300.00 0.408630
152 55 300.00 0.112840
153 115 300.00 0.272490
154 37 300.00 0.110983
154 159 300.00 0.094670
154 40 300.00 0.197330
155 31 300.00 0.115287
155 157 300.00 0.097707
155 148 300.00 0.168667
156 151 300.00 0.103113
156 157 300.00 0.100023
156 149 300.00 0.186193
157 155 300.00 0.097707
157 156 300.00 0.100023
157 158 300.00 0.174313
158 148 300.00 0.100423
158 157 300.00 0.174313
158 149 300.00 0.103240
159 102 300.00 0.104403
159 103 300.00 0.208997
159 154 300.00 0.094670
160 124 300.00 0.201047
161 35 300.00 0.148013
161 144 300.00 0.143767
161 36 300.00 0.182673
162 68 300.00 0.399600
163 68 300.00 0.158003
164 165 300.00 0.273113
164 66 300.00 0.252547
164 177 300.00 0.153730
165 164 300.00 0.273113
166 66 300.00 0.130927
166 175 300.00 0.383433
166 177 300.00 0.260607
167 90 300.00 0.154190
168 112 300.00 0.096130
169 136 300.00 0.139533
169 170 300.00 0.196580
169 171 300.00 0.229900
170 169 300.00 0.196580
171 169 300.00 0.229900
172 134 300.00 0.305923
172 173 300.00 0.099313
172 174 300.00 0.013330
173 172 300.00 0.099313
173 176 300.00 0.382513
173 177 300.00 0.347703
174 172 300.00 0.013330
174 175 300.00 0.188123
174 178 300.00 0.059520
175 146 300.00 0.085413
175 166 300.00 0.383433
175 174 300.00 0.188123
176 173 300.00 0.382513
177 173 300.00 0.347703
177 164 300.00 0.153730
177 166 300.00 0.260607
178 174 300.00 0.059520
179 131 300.00 0.243157
180 182 300.00 0.627283
181 194 300.00 0.844070
182 191 300.00 0.641233
183 184 300.00 0.042233
183 185 300.00 0.027070
184 141 300.00 0.393800
185 3 300.00 0.017917
185 184 300.00 0.033913
186 188 300.00 0.710740
186 187 300.00 0.712380
187 188 300.00 0.021437
187 189 300.00 0.133107
188 142 300.00 0.016717
188 189 300.00 0.132353
189 1 300.00 0.298553
190 195 300.00 0.019677
190 192 300.00 0.195873
191 185 300.00 0.704403
191 183 300.00 0.702830
192 193 300.00 0.222400
193 187 300.00 0.030150
194 198 300.00 0.059390
195 192 300.00 0.188870
196 197 300.00 0.487413
196 74 300.00 0.252803
197 196 300.00 0.487413
198 16 300.00 0.029713
198 12 300.00 0.889343
199 145 300.00 0.127493
200 77 300.00 0.172687
200 80 300.00 0.316420
201 196 300.00 0.569113
