0 1 300.00 0.141420
0 626 300.00 0.054220
0 623 300.00 0.308447
1 0 300.00 0.141420
1 2 300.00 0.316943
2 623 300.00 0.133930
2 140 300.00 0.314910
3 4 300.00 0.156350
3 41 300.00 0.060450
3 42 300.00 0.336563
4 3 300.00 0.156350
4 5 300.00 0.212920
4 6 300.00 0.255600
4 7 300.00 0.418163
5 4 300.00 0.212920
5 35 300.00 0.620247
5 663 300.00 0.149123
6 4 300.00 0.255600
6 18 300.00 0.067467
6 42 300.00 0.168827
7 4 300.00 0.418163
7 36 300.00 0.173707
7 662 300.00 0.211770
8 9 300.00 0.222547
8 39 300.00 0.060190
8 699 300.00 0.069440
9 8 300.00 0.222547
9 10 300.00 0.278413
9 11 300.00 0.429317
10 9 300.00 0.278413
10 26 300.00 0.537050
10 18 300.00 0.254473
10 38 300.00 0.202447
11 9 300.00 0.429317
11 26 300.00 0.311643
11 33 300.00 0.299973
12 13 300.00 0.310583
13 15 300.00 0.044587
14 15 300.00 0.275700
14 26 300.00 0.208753
14 25 300.00 0.559247
15 14 300.00 0.275700
15 16 300.00 0.557020
15 13 300.00 0.044587
16 17 300.00 0.277377
16 25 300.00 0.246927
17 16 300.00 0.277377
17 12 300.00 0.274530
18 19 300.00 0.931403
18 10 300.00 0.254473
18 6 300.00 0.067467
19 18 300.00 0.931403
19 15 300.00 0.452420
20 21 300.00 0.286690
21 28 300.00 0.165143
21 19 300.00 0.326010
22 23 300.00 0.128470
22 28 300.00 0.765193
22 29 300.00 0.113450
22 30 300.00 0.330057
23 22 300.00 0.128470
23 24 300.00 0.470820
24 20 300.00 0.033100
25 16 300.00 0.246927
25 14 300.00 0.559247
25 33 300.00 0.076277
26 14 300.00 0.208753
26 31 300.00 0.122703
26 10 300.00 0.537050
26 11 300.00 0.311643
27 28 300.00 0.071647
27 29 300.00 0.756367
27 664 300.00 0.105847
28 27 300.00 0.071647
28 21 300.00 0.165143
28 22 300.00 0.765193
29 22 300.00 0.113450
29 32 300.00 0.065393
29 27 300.00 0.756367
30 22 300.00 0.330057
30 34 300.00 0.150113
30 32 300.00 0.186097
31 26 300.00 0.122703
32 29 300.00 0.065393
32 37 300.00 0.048023
32 30 300.00 0.186097
33 25 300.00 0.076277
33 11 300.00 0.299973
34 35 300.00 0.199320
34 30 300.00 0.150113
34 661 300.00 0.416897
35 34 300.00 0.199320
35 36 300.00 0.087277
35 37 300.00 0.111277
35 5 300.00 0.620247
36 35 300.00 0.087277
36 659 300.00 0.365010
36 7 300.00 0.173707
37 35 300.00 0.111277
37 32 300.00 0.048023
37 663 300.00 0.689857
38 10 300.00 0.202447
38 46 300.00 0.167407
38 47 300.00 0.457097
39 8 300.00 0.060190
39 40 300.00 0.216160
40 39 300.00 0.216160
40 47 300.00 0.056810
41 3 300.00 0.060450
41 44 300.00 0.020060
41 662 300.00 0.388457
42 3 300.00 0.336563
42 46 300.00 0.080050
42 6 300.00 0.168827
43 44 300.00 0.423627
43 48 300.00 0.571850
43 49 300.00 0.248817
43 46 300.00 0.101553
44 43 300.00 0.423627
44 41 300.00 0.020060
44 45 300.00 0.148753
45 44 300.00 0.148753
45 49 300.00 0.416853
45 50 300.00 0.150830
46 38 300.00 0.167407
46 43 300.00 0.101553
46 42 300.00 0.080050
47 38 300.00 0.457097
47 40 300.00 0.056810
47 48 300.00 0.204977
48 47 300.00 0.204977
48 51 300.00 0.111320
48 43 300.00 0.571850
48 52 300.00 0.594783
49 45 300.00 0.416853
49 43 300.00 0.248817
49 54 300.00 0.309880
49 55 300.00 0.558507
50 45 300.00 0.150830
50 56 300.00 0.183710
50 635 300.00 0.341010
51 48 300.00 0.111320
51 53 300.00 0.346843
51 55 300.00 0.262000
52 48 300.00 0.594783
53 51 300.00 0.346843
54 49 300.00 0.309880
54 56 300.00 0.354267
54 63 300.00 0.566557
54 65 300.00 0.215380
55 49 300.00 0.558507
55 51 300.00 0.262000
55 63 300.00 0.303677
55 64 300.00 0.553247
56 54 300.00 0.354267
56 57 300.00 0.207863
56 58 300.00 0.293443
56 50 300.00 0.183710
57 56 300.00 0.207863
57 59 300.00 0.293277
57 65 300.00 0.332597
57 645 300.00 0.170820
58 56 300.00 0.293443
58 60 300.00 0.069987
58 635 300.00 0.183907
59 57 300.00 0.293277
59 60 300.00 0.088967
59 61 300.00 0.403193
59 62 300.00 0.142157
60 59 300.00 0.088967
60 58 300.00 0.069987
61 59 300.00 0.403193
61 658 300.00 0.094107
62 59 300.00 0.142157
62 637 300.00 0.584813
62 644 300.00 0.148480
63 55 300.00 0.303677
63 54 300.00 0.566557
63 67 300.00 0.189130
64 55 300.00 0.553247
65 54 300.00 0.215380
65 66 300.00 0.132817
65 57 300.00 0.332597
66 65 300.00 0.132817
66 67 300.00 0.433050
66 68 300.00 0.158783
67 66 300.00 0.433050
67 63 300.00 0.189130
67 69 300.00 1.104813
67 70 300.00 0.137520
68 66 300.00 0.158783
68 70 300.00 0.450367
68 73 300.00 0.335163
69 67 300.00 1.104813
69 71 300.00 0.131903
70 67 300.00 0.137520
70 68 300.00 0.450367
70 71 300.00 1.080717
71 70 300.00 1.080717
71 69 300.00 0.131903
71 99 300.00 0.331960
72 73 300.00 0.104127
72 87 300.00 0.110240
72 75 300.00 0.283640
72 90 300.00 0.101153
73 72 300.00 0.104127
73 74 300.00 0.104763
73 68 300.00 0.335163
73 75 300.00 0.402833
74 73 300.00 0.104763
74 77 300.00 0.281803
74 87 300.00 0.117847
75 73 300.00 0.402833
75 72 300.00 0.283640
75 82 300.00 0.107760
76 77 300.00 0.141220
76 85 300.00 0.102427
76 86 300.00 0.198550
76 87 300.00 0.274307
77 76 300.00 0.141220
77 74 300.00 0.281803
77 78 300.00 0.279097
78 77 300.00 0.279097
78 83 300.00 0.062567
78 84 300.00 0.279643
79 80 300.00 0.217300
79 88 300.00 0.348593
79 89 300.00 0.224063
79 90 300.00 0.153083
80 79 300.00 0.217300
80 81 300.00 0.075260
80 82 300.00 0.105977
81 80 300.00 0.075260
81 91 300.00 0.127917
81 640 300.00 0.097693
82 80 300.00 0.105977
82 75 300.00 0.107760
82 90 300.00 0.234853
83 78 300.00 0.062567
83 93 300.00 0.097423
83 94 300.00 0.278353
84 78 300.00 0.279643
84 94 300.00 0.088633
84 100 300.00 0.200447
85 76 300.00 0.102427
85 90 300.00 0.413053
85 95 300.00 0.297257
85 96 300.00 0.180787
86 76 300.00 0.198550
86 93 300.00 0.093340
86 628 300.00 0.081750
87 76 300.00 0.274307
87 72 300.00 0.110240
87 74 300.00 0.117847
88 79 300.00 0.348593
88 102 300.00 0.238757
88 96 300.00 0.086463
89 79 300.00 0.224063
89 91 300.00 0.250777
89 102 300.00 0.318820
90 79 300.00 0.153083
90 85 300.00 0.413053
90 72 300.00 0.101153
90 82 300.00 0.234853
91 89 300.00 0.250777
91 92 300.00 0.109027
91 81 300.00 0.127917
92 91 300.00 0.109027
92 97 300.00 0.316203
92 98 300.00 0.578080
93 83 300.00 0.097423
93 95 300.00 0.090843
93 101 300.00 0.251640
93 86 300.00 0.093340
94 83 300.00 0.278353
94 84 300.00 0.088633
94 103 300.00 0.096127
94 104 300.00 0.197397
95 85 300.00 0.297257
95 93 300.00 0.090843
95 105 300.00 0.217607
96 85 300.00 0.180787
96 88 300.00 0.086463
96 106 300.00 0.476027
96 107 300.00 0.243547
97 92 300.00 0.316203
97 110 300.00 0.346027
97 111 300.00 0.335807
97 112 300.00 0.576953
98 92 300.00 0.578080
98 102 300.00 0.171567
98 117 300.00 0.133963
98 112 300.00 0.313820
99 71 300.00 0.331960
99 100 300.00 0.355540
99 114 300.00 0.125110
100 84 300.00 0.200447
100 99 300.00 0.355540
100 104 300.00 0.095277
101 93 300.00 0.251640
101 108 300.00 0.088523
101 103 300.00 0.027653
102 89 300.00 0.318820
102 88 300.00 0.238757
102 98 300.00 0.171567
102 107 300.00 0.108830
103 94 300.00 0.096127
103 101 300.00 0.027653
103 109 300.00 0.192803
104 94 300.00 0.197397
104 100 300.00 0.095277
104 114 300.00 0.331797
104 109 300.00 0.098487
105 95 300.00 0.217607
105 108 300.00 0.034590
105 106 300.00 0.280470
106 96 300.00 0.476027
106 105 300.00 0.280470
106 119 300.00 0.173973
106 115 300.00 0.240590
107 96 300.00 0.243547
107 102 300.00 0.108830
107 115 300.00 0.449203
108 101 300.00 0.088523
108 105 300.00 0.034590
108 113 300.00 0.258280
109 103 300.00 0.192803
109 116 300.00 0.310690
109 104 300.00 0.098487
109 113 300.00 0.057120
110 97 300.00 0.346027
110 188 300.00 0.190167
110 120 300.00 0.320040
111 97 300.00 0.335807
111 120 300.00 0.362803
111 121 300.00 0.545963
111 122 300.00 0.314740
112 97 300.00 0.576953
112 98 300.00 0.313820
112 121 300.00 0.340070
112 125 300.00 0.123817
113 108 300.00 0.258280
113 109 300.00 0.057120
113 118 300.00 0.293060
114 99 300.00 0.125110
114 116 300.00 0.103337
114 104 300.00 0.331797
115 107 300.00 0.449203
115 106 300.00 0.240590
115 123 300.00 0.237480
115 124 300.00 0.185723
116 114 300.00 0.103337
116 118 300.00 0.068907
116 109 300.00 0.310690
117 98 300.00 0.133963
117 123 300.00 0.417927
117 125 300.00 0.316367
118 116 300.00 0.068907
118 129 300.00 0.115040
118 113 300.00 0.293060
119 106 300.00 0.173973
119 632 300.00 0.085983
119 634 300.00 0.106030
120 111 300.00 0.362803
120 110 300.00 0.320040
120 198 300.00 0.184623
121 111 300.00 0.545963
121 112 300.00 0.340070
121 133 300.00 0.553800
121 134 300.00 0.272550
122 111 300.00 0.314740
122 621 300.00 0.042443
122 622 300.00 1.392403
123 115 300.00 0.237480
123 131 300.00 0.314930
123 132 300.00 0.553127
123 117 300.00 0.417927
124 115 300.00 0.185723
124 135 300.00 0.106213
124 634 300.00 0.139467
125 112 300.00 0.123817
125 131 300.00 0.433737
125 117 300.00 0.316367
126 127 300.00 0.243280
126 135 300.00 0.250163
126 136 300.00 0.302230
126 132 300.00 0.298343
127 126 300.00 0.243280
127 128 300.00 0.622410
127 129 300.00 0.249283
127 130 300.00 0.243623
128 127 300.00 0.622410
128 1 300.00 0.224403
129 127 300.00 0.249283
129 118 300.00 0.115040
129 629 300.00 0.642337
129 630 300.00 0.205977
130 127 300.00 0.243623
130 631 300.00 0.225147
130 632 300.00 0.026073
131 123 300.00 0.314930
131 133 300.00 0.341783
131 125 300.00 0.433737
131 137 300.00 0.205400
132 123 300.00 0.553127
132 126 300.00 0.298343
132 138 300.00 0.319170
132 139 300.00 0.355410
133 121 300.00 0.553800
133 131 300.00 0.341783
133 142 300.00 0.224207
133 712 300.00 0.537837
134 121 300.00 0.272550
134 702 300.00 0.492677
134 705 300.00 0.207130
135 126 300.00 0.250163
135 124 300.00 0.106213
135 633 300.00 0.132417
136 126 300.00 0.302230
136 626 300.00 0.108850
136 627 300.00 0.086607
137 131 300.00 0.205400
137 138 300.00 0.350373
137 142 300.00 0.343657
138 132 300.00 0.319170
138 137 300.00 0.350373
138 140 300.00 0.591607
139 132 300.00 0.355410
139 624 300.00 0.048223
139 625 300.00 0.157813
140 138 300.00 0.591607
140 141 300.00 0.312893
141 142 300.00 0.934277
141 143 300.00 0.370660
142 141 300.00 0.934277
142 137 300.00 0.343657
142 133 300.00 0.224207
143 684 300.00 0.169257
144 145 300.00 0.254077
144 427 300.00 0.263307
144 565 300.00 0.780007
144 534 300.00 0.669737
145 144 300.00 0.254077
145 146 300.00 0.268580
145 147 300.00 0.112453
145 148 300.00 0.785390
146 145 300.00 0.268580
146 544 300.00 0.025050
146 567 300.00 0.108707
147 145 300.00 0.112453
147 523 300.00 0.667427
147 567 300.00 0.258627
148 145 300.00 0.785390
148 510 300.00 0.803083
148 565 300.00 0.258070
148 536 300.00 0.270157
149 150 300.00 0.244970
149 565 300.00 0.019407
149 706 300.00 0.171913
150 149 300.00 0.244970
150 151 300.00 0.787597
150 152 300.00 0.180363
150 153 300.00 0.270137
151 150 300.00 0.787597
151 155 300.00 0.263240
151 427 300.00 0.119317
151 164 300.00 0.772227
152 150 300.00 0.180363
152 426 300.00 0.156430
152 706 300.00 0.217967
153 150 300.00 0.270137
153 154 300.00 0.799667
153 155 300.00 0.797460
153 156 300.00 0.266233
154 153 300.00 0.799667
154 425 300.00 0.270863
154 430 300.00 0.499553
154 160 300.00 0.261267
155 153 300.00 0.797460
155 157 300.00 0.072810
155 151 300.00 0.263240
155 158 300.00 0.279160
156 153 300.00 0.266233
156 159 300.00 0.261307
156 160 300.00 0.791770
156 158 300.00 0.792820
157 155 300.00 0.072810
157 166 300.00 0.275047
157 612 300.00 0.115607
158 155 300.00 0.279160
158 156 300.00 0.792820
158 166 300.00 0.077823
158 167 300.00 0.263653
159 156 300.00 0.261307
159 167 300.00 0.794267
159 168 300.00 0.265897
159 169 300.00 0.787350
160 156 300.00 0.791770
160 154 300.00 0.261267
160 714 300.00 0.387440
160 169 300.00 0.270253
161 162 300.00 0.134987
161 618 300.00 0.104590
161 173 300.00 0.261493
162 161 300.00 0.134987
162 163 300.00 0.266543
162 164 300.00 0.261403
162 165 300.00 0.773940
163 162 300.00 0.266543
163 173 300.00 0.126527
163 172 300.00 0.785030
163 174 300.00 0.260650
164 162 300.00 0.261403
164 151 300.00 0.772227
164 432 300.00 0.780210
164 433 300.00 0.204257
165 162 300.00 0.773940
165 170 300.00 0.779060
165 171 300.00 0.236057
165 172 300.00 0.273420
166 158 300.00 0.077823
166 611 300.00 0.111790
166 157 300.00 0.275047
167 158 300.00 0.263653
167 159 300.00 0.794267
167 175 300.00 0.255840
167 174 300.00 0.773687
168 159 300.00 0.265897
168 175 300.00 0.796490
168 176 300.00 0.269867
168 177 300.00 0.784107
169 159 300.00 0.787350
169 422 300.00 1.011273
169 160 300.00 0.270253
169 177 300.00 0.269267
170 165 300.00 0.779060
170 178 300.00 0.286107
170 179 300.00 0.261910
170 180 300.00 0.228120
171 165 300.00 0.236057
171 428 300.00 0.791817
171 432 300.00 0.024490
172 165 300.00 0.273420
172 163 300.00 0.785030
172 179 300.00 0.782273
172 181 300.00 0.259823
173 163 300.00 0.126527
173 617 300.00 0.116963
173 161 300.00 0.261493
174 163 300.00 0.260650
174 167 300.00 0.773687
174 182 300.00 0.254440
174 181 300.00 0.777777
175 167 300.00 0.255840
175 168 300.00 0.796490
175 182 300.00 0.767047
175 183 300.00 0.264177
176 168 300.00 0.269867
176 183 300.00 0.800170
176 177 300.00 1.030767
177 168 300.00 0.784107
177 176 300.00 1.030767
177 422 300.00 0.769057
177 169 300.00 0.269267
178 170 300.00 0.286107
178 213 300.00 0.993167
178 438 300.00 0.168230
179 170 300.00 0.261910
179 172 300.00 0.782273
179 185 300.00 0.274603
180 170 300.00 0.228120
180 428 300.00 0.032883
180 464 300.00 0.299843
181 172 300.00 0.259823
181 174 300.00 0.777777
181 184 300.00 0.268127
181 185 300.00 0.797107
182 174 300.00 0.254440
182 175 300.00 0.767047
182 184 300.00 0.777443
182 190 300.00 0.272133
183 175 300.00 0.264177
183 176 300.00 0.800170
183 191 300.00 0.161020
183 192 300.00 0.396503
184 181 300.00 0.268127
184 182 300.00 0.777443
184 197 300.00 0.249860
184 193 300.00 0.680673
185 181 300.00 0.797107
185 193 300.00 0.290167
185 179 300.00 0.274603
186 187 300.00 0.362070
187 186 300.00 0.362070
187 188 300.00 0.332707
187 189 300.00 0.105980
188 187 300.00 0.332707
188 110 300.00 0.190167
188 198 300.00 0.321930
189 187 300.00 0.105980
189 636 300.00 0.673643
189 709 300.00 0.418883
190 182 300.00 0.272133
190 199 300.00 0.527860
190 200 300.00 0.134120
190 201 300.00 0.350860
191 183 300.00 0.161020
191 194 300.00 0.148123
191 597 300.00 0.399073
192 183 300.00 0.396503
192 201 300.00 0.028773
192 597 300.00 0.146500
193 185 300.00 0.290167
193 184 300.00 0.680673
193 211 300.00 0.150110
194 191 300.00 0.148123
195 196 300.00 0.083887
195 218 300.00 0.507263
195 532 300.00 0.166437
196 195 300.00 0.083887
197 184 300.00 0.249860
197 199 300.00 0.256253
197 211 300.00 0.644507
198 188 300.00 0.321930
198 208 300.00 0.114657
198 120 300.00 0.184623
199 190 300.00 0.527860
199 197 300.00 0.256253
199 217 300.00 0.119450
200 190 300.00 0.134120
200 217 300.00 0.524697
200 582 300.00 0.349097
201 190 300.00 0.350860
201 192 300.00 0.028773
202 203 300.00 0.247220
202 206 300.00 0.869890
202 215 300.00 0.880527
203 202 300.00 0.247220
203 204 300.00 0.877723
203 205 300.00 1.984680
204 203 300.00 0.877723
204 391 300.00 0.027290
204 215 300.00 0.239203
205 203 300.00 1.984680
205 206 300.00 0.867137
206 205 300.00 0.867137
206 207 300.00 0.112203
206 202 300.00 0.869890
207 206 300.00 0.112203
208 198 300.00 0.114657
208 209 300.00 0.083960
208 210 300.00 0.394983
209 208 300.00 0.083960
209 218 300.00 0.165470
209 555 300.00 0.397833
210 208 300.00 0.394983
210 555 300.00 0.119113
210 564 300.00 0.430557
211 197 300.00 0.644507
211 213 300.00 0.143830
211 193 300.00 0.150110
212 213 300.00 0.274767
212 216 300.00 0.268717
212 217 300.00 0.930577
213 212 300.00 0.274767
213 211 300.00 0.143830
213 214 300.00 0.213093
213 178 300.00 0.993167
214 213 300.00 0.213093
214 418 300.00 0.212663
214 408 300.00 0.615650
215 202 300.00 0.880527
215 224 300.00 0.023767
216 212 300.00 0.268717
216 220 300.00 0.041783
216 221 300.00 0.816450
217 212 300.00 0.930577
217 221 300.00 0.245817
217 199 300.00 0.119450
217 200 300.00 0.524697
218 219 300.00 0.263693
218 195 300.00 0.507263
218 209 300.00 0.165470
219 218 300.00 0.263693
220 216 300.00 0.041783
220 222 300.00 0.243163
220 408 300.00 0.213283
221 216 300.00 0.816450
221 223 300.00 0.246830
221 217 300.00 0.245817
221 391 300.00 0.873770
222 223 300.00 0.709660
222 394 300.00 0.242923
222 220 300.00 0.243163
223 222 300.00 0.709660
223 224 300.00 0.864363
223 225 300.00 0.240393
223 221 300.00 0.246830
224 223 300.00 0.864363
224 215 300.00 0.023767
224 391 300.00 0.239503
225 223 300.00 0.240393
225 227 300.00 0.253383
225 394 300.00 0.602650
225 415 300.00 0.859490
226 227 300.00 0.863897
226 415 300.00 0.246283
227 226 300.00 0.863897
227 228 300.00 0.493253
227 229 300.00 0.241863
227 225 300.00 0.253383
228 227 300.00 0.493253
228 236 300.00 0.267093
228 392 300.00 0.229353
229 227 300.00 0.241863
229 234 300.00 0.241107
229 235 300.00 0.861107
229 236 300.00 0.372600
230 231 300.00 0.204100
230 583 300.00 0.125120
230 586 300.00 0.575193
230 240 300.00 0.507370
231 230 300.00 0.204100
231 232 300.00 0.508837
231 233 300.00 0.609670
232 231 300.00 0.508837
232 240 300.00 0.280697
232 241 300.00 0.240853
233 231 300.00 0.609670
233 586 300.00 0.205580
233 572 300.00 0.736540
234 229 300.00 0.241107
234 237 300.00 0.249007
234 238 300.00 0.867980
234 239 300.00 0.238823
235 229 300.00 0.861107
235 226 300.00 0.242397
236 229 300.00 0.372600
236 228 300.00 0.267093
236 390 300.00 0.178987
237 234 300.00 0.249007
237 248 300.00 0.864600
237 249 300.00 0.138350
238 234 300.00 0.867980
238 235 300.00 0.250480
239 234 300.00 0.238823
239 389 300.00 0.171090
239 390 300.00 0.089310
240 232 300.00 0.280697
240 230 300.00 0.507370
240 259 300.00 0.125073
241 232 300.00 0.240853
241 242 300.00 0.118140
241 243 300.00 0.194003
242 241 300.00 0.118140
242 250 300.00 0.504933
242 251 300.00 0.205187
243 241 300.00 0.194003
243 711 300.00 0.311690
243 277 300.00 0.371847
244 245 300.00 0.205463
244 588 300.00 0.215140
244 247 300.00 0.568247
244 590 300.00 0.511100
245 244 300.00 0.205463
245 246 300.00 0.407553
245 247 300.00 0.779940
246 245 300.00 0.407553
246 270 300.00 0.133503
246 594 300.00 0.220433
247 245 300.00 0.779940
247 585 300.00 0.197873
247 244 300.00 0.568247
248 237 300.00 0.864600
248 238 300.00 0.242550
249 237 300.00 0.138350
249 263 300.00 0.531770
249 389 300.00 0.131573
249 393 300.00 0.210900
250 242 300.00 0.504933
250 265 300.00 0.457523
250 266 300.00 0.210060
250 253 300.00 0.214053
251 242 300.00 0.205187
251 252 300.00 0.206230
251 253 300.00 0.508447
252 251 300.00 0.206230
252 258 300.00 0.509730
252 259 300.00 0.206223
252 260 300.00 0.207843
253 251 300.00 0.508447
253 250 300.00 0.214053
253 258 300.00 0.202643
253 285 300.00 0.470443
254 255 300.00 0.162323
254 395 300.00 0.066603
254 396 300.00 0.139340
255 254 300.00 0.162323
255 256 300.00 0.093643
255 257 300.00 0.614303
256 255 300.00 0.093643
256 263 300.00 0.147110
256 389 300.00 0.525307
257 255 300.00 0.614303
257 287 300.00 0.619330
257 264 300.00 0.241773
258 252 300.00 0.509730
258 273 300.00 0.479230
258 261 300.00 0.206790
258 253 300.00 0.202643
259 252 300.00 0.206223
259 240 300.00 0.125073
259 589 300.00 0.209580
259 583 300.00 0.509930
260 252 300.00 0.207843
260 261 300.00 0.514953
260 262 300.00 0.203453
261 260 300.00 0.514953
261 258 300.00 0.206790
261 274 300.00 0.484660
261 267 300.00 0.206300
262 260 300.00 0.203453
262 267 300.00 0.509613
262 268 300.00 0.248837
263 256 300.00 0.147110
263 264 300.00 0.613757
263 249 300.00 0.531770
264 263 300.00 0.613757
264 291 300.00 0.244340
264 288 300.00 0.634000
264 257 300.00 0.241773
265 250 300.00 0.457523
265 275 300.00 0.177713
265 285 300.00 0.201273
266 250 300.00 0.210060
266 276 300.00 0.439290
266 711 300.00 0.028210
267 262 300.00 0.509613
267 261 300.00 0.206300
267 289 300.00 0.502507
267 290 300.00 0.250633
268 262 300.00 0.248837
268 269 300.00 0.022980
268 270 300.00 0.209367
269 268 300.00 0.022980
269 271 300.00 0.684243
269 272 300.00 0.221550
270 268 300.00 0.209367
270 590 300.00 0.244673
270 246 300.00 0.133503
271 269 300.00 0.684243
271 278 300.00 0.207993
271 280 300.00 0.505297
272 269 300.00 0.221550
272 278 300.00 0.736273
272 279 300.00 0.227253
273 258 300.00 0.479230
273 285 300.00 0.212833
273 299 300.00 0.043083
274 261 300.00 0.484660
274 299 300.00 0.164033
274 289 300.00 0.199223
275 276 300.00 0.032553
275 265 300.00 0.177713
275 287 300.00 0.166453
276 275 300.00 0.032553
276 266 300.00 0.439290
276 277 300.00 0.719560
277 276 300.00 0.719560
277 243 300.00 0.371847
277 711 300.00 0.178990
278 272 300.00 0.736273
278 271 300.00 0.207993
278 294 300.00 0.220637
278 295 300.00 0.550303
279 272 300.00 0.227253
279 290 300.00 0.031817
279 294 300.00 0.785277
280 271 300.00 0.505297
281 282 300.00 0.834780
281 284 300.00 0.226057
281 308 300.00 0.192133
282 281 300.00 0.834780
282 283 300.00 0.219990
282 284 300.00 1.057547
283 282 300.00 0.219990
283 296 300.00 0.835967
283 297 300.00 0.217167
284 282 300.00 1.057547
284 300 300.00 0.316807
284 281 300.00 0.226057
284 301 300.00 0.267003
285 265 300.00 0.201273
285 253 300.00 0.470443
285 273 300.00 0.212833
286 287 300.00 0.635167
286 299 300.00 0.197950
286 298 300.00 0.226543
286 306 300.00 0.587350
287 286 300.00 0.635167
287 257 300.00 0.619330
287 275 300.00 0.166453
287 288 300.00 0.252170
288 287 300.00 0.252170
288 298 300.00 0.630340
288 292 300.00 0.238780
288 264 300.00 0.634000
289 267 300.00 0.502507
289 274 300.00 0.199223
289 309 300.00 0.221777
290 267 300.00 0.250633
290 293 300.00 0.180280
290 279 300.00 0.031817
291 264 300.00 0.244340
291 292 300.00 0.641257
292 291 300.00 0.641257
292 288 300.00 0.238780
293 290 300.00 0.180280
293 302 300.00 0.841047
293 303 300.00 0.226377
294 278 300.00 0.220637
294 302 300.00 0.213380
294 279 300.00 0.785277
294 307 300.00 0.925207
295 278 300.00 0.550303
296 283 300.00 0.835967
296 312 300.00 0.221040
296 308 300.00 0.025847
297 283 300.00 0.217167
297 304 300.00 0.556930
297 305 300.00 0.625183
298 288 300.00 0.630340
298 286 300.00 0.226543
298 313 300.00 0.597583
299 286 300.00 0.197950
299 273 300.00 0.043083
299 274 300.00 0.164033
300 284 300.00 0.316807
300 310 300.00 0.289427
300 671 300.00 0.252327
301 284 300.00 0.267003
301 678 300.00 0.390680
301 671 300.00 0.319907
302 293 300.00 0.841047
302 294 300.00 0.213380
302 322 300.00 0.211683
302 307 300.00 0.758873
303 293 300.00 0.226377
303 315 300.00 0.036823
304 297 300.00 0.556930
304 305 300.00 0.215600
304 312 300.00 0.223090
305 297 300.00 0.625183
305 304 300.00 0.215600
305 321 300.00 0.435990
306 286 300.00 0.587350
306 309 300.00 0.199133
306 317 300.00 0.214163
307 294 300.00 0.925207
307 302 300.00 0.758873
307 324 300.00 0.239050
308 281 300.00 0.192133
308 296 300.00 0.025847
309 289 300.00 0.221777
309 306 300.00 0.199133
309 314 300.00 0.028937
310 300 300.00 0.289427
310 311 300.00 0.678340
311 312 300.00 0.607557
311 331 300.00 0.476623
312 296 300.00 0.221040
312 304 300.00 0.223090
312 311 300.00 0.607557
312 316 300.00 0.613193
313 298 300.00 0.597583
313 317 300.00 0.039647
313 334 300.00 0.137737
314 309 300.00 0.028937
314 315 300.00 0.092253
314 407 300.00 0.171310
315 303 300.00 0.036823
315 406 300.00 0.315693
315 314 300.00 0.092253
316 312 300.00 0.613193
316 321 300.00 0.209770
317 306 300.00 0.214163
317 327 300.00 0.042450
317 313 300.00 0.039647
318 319 300.00 0.172317
318 337 300.00 0.214980
318 403 300.00 0.491157
319 318 300.00 0.172317
319 320 300.00 0.274257
320 325 300.00 0.367573
320 326 300.00 0.196737
321 305 300.00 0.435990
321 592 300.00 0.035430
321 324 300.00 0.329513
322 302 300.00 0.211683
322 323 300.00 0.396680
323 303 300.00 0.501227
323 420 300.00 0.037133
324 307 300.00 0.239050
324 332 300.00 0.540993
324 329 300.00 0.035447
325 320 300.00 0.367573
325 337 300.00 0.294117
325 341 300.00 0.252323
326 332 300.00 0.033443
326 343 300.00 0.051377
327 317 300.00 0.042450
327 338 300.00 0.320083
327 407 300.00 0.220423
328 329 300.00 0.227350
328 330 300.00 0.329670
329 324 300.00 0.035447
329 592 300.00 0.314853
330 328 300.00 0.329670
330 341 300.00 0.269457
330 344 300.00 0.336313
331 346 300.00 0.039773
331 316 300.00 0.551043
332 322 300.00 0.330833
332 326 300.00 0.033443
333 334 300.00 0.115350
333 339 300.00 0.230713
334 333 300.00 0.115350
334 313 300.00 0.137737
334 335 300.00 0.374360
335 334 300.00 0.374360
335 340 300.00 0.253740
335 338 300.00 0.212117
335 336 300.00 0.556733
336 337 300.00 0.270420
336 335 300.00 0.556733
336 342 300.00 0.554897
336 345 300.00 0.273347
337 336 300.00 0.270420
337 318 300.00 0.214980
337 325 300.00 0.294117
337 338 300.00 0.544073
338 337 300.00 0.544073
338 335 300.00 0.212117
338 403 300.00 0.235810
338 327 300.00 0.320083
339 333 300.00 0.230713
339 348 300.00 0.162140
339 349 300.00 0.239273
340 335 300.00 0.253740
340 350 300.00 0.132620
340 351 300.00 0.187660
341 325 300.00 0.252323
341 342 300.00 0.320907
341 343 300.00 0.350213
341 330 300.00 0.269457
342 341 300.00 0.320907
342 336 300.00 0.554897
342 353 300.00 0.545753
343 341 300.00 0.350213
343 328 300.00 0.278650
344 330 300.00 0.336313
344 352 300.00 0.189333
344 353 300.00 0.252170
345 336 300.00 0.273347
345 351 300.00 0.384613
345 356 300.00 0.782093
345 357 300.00 0.264763
346 347 300.00 0.237407
347 360 300.00 0.285070
347 591 300.00 0.634090
348 339 300.00 0.162140
348 354 300.00 0.092197
348 362 300.00 0.229617
349 339 300.00 0.239273
349 350 300.00 0.195503
349 362 300.00 0.179060
350 340 300.00 0.132620
350 361 300.00 0.223437
350 414 300.00 0.181820
350 349 300.00 0.195503
351 340 300.00 0.187660
351 345 300.00 0.384613
351 414 300.00 0.134990
352 344 300.00 0.189333
352 360 300.00 0.567603
352 591 300.00 0.232530
353 344 300.00 0.252170
353 342 300.00 0.545753
353 358 300.00 0.408623
353 359 300.00 0.643323
354 348 300.00 0.092197
354 355 300.00 0.022117
355 354 300.00 0.022117
355 367 300.00 0.609127
356 345 300.00 0.782093
356 358 300.00 0.314490
356 364 300.00 0.219033
357 345 300.00 0.264763
357 364 300.00 0.691937
357 365 300.00 0.130110
358 353 300.00 0.408623
358 356 300.00 0.314490
358 366 300.00 0.441590
358 374 300.00 0.208950
359 353 300.00 0.643323
359 366 300.00 0.486983
360 359 300.00 0.281233
360 352 300.00 0.567603
361 350 300.00 0.223437
361 362 300.00 0.202150
361 363 300.00 0.172820
362 361 300.00 0.202150
362 348 300.00 0.229617
362 349 300.00 0.179060
363 361 300.00 0.172820
363 367 300.00 0.241067
363 370 300.00 0.263100
363 409 300.00 0.203917
364 357 300.00 0.691937
364 356 300.00 0.219033
364 375 300.00 0.199007
364 374 300.00 0.315830
365 357 300.00 0.130110
365 371 300.00 0.115903
365 377 300.00 0.655203
366 358 300.00 0.441590
366 376 300.00 0.212797
367 363 300.00 0.241067
367 368 300.00 0.198327
367 369 300.00 0.214780
367 355 300.00 0.609127
368 367 300.00 0.198327
369 367 300.00 0.214780
369 373 300.00 0.199493
369 370 300.00 0.268513
370 371 300.00 0.137070
370 363 300.00 0.263100
370 369 300.00 0.268513
371 370 300.00 0.137070
371 365 300.00 0.115903
371 372 300.00 0.485527
371 373 300.00 0.315083
372 371 300.00 0.485527
372 379 300.00 0.165500
372 380 300.00 0.091073
373 371 300.00 0.315083
373 369 300.00 0.199493
374 358 300.00 0.208950
374 364 300.00 0.315830
374 376 300.00 0.413403
375 364 300.00 0.199007
375 377 300.00 0.034203
375 378 300.00 0.730977
376 374 300.00 0.413403
376 378 300.00 0.201630
377 375 300.00 0.034203
377 379 300.00 0.125020
377 365 300.00 0.655203
378 375 300.00 0.730977
378 382 300.00 0.261930
379 372 300.00 0.165500
379 381 300.00 0.109013
379 377 300.00 0.125020
379 382 300.00 0.693967
380 372 300.00 0.091073
380 381 300.00 0.156000
380 384 300.00 0.253557
381 379 300.00 0.109013
381 380 300.00 0.156000
381 383 300.00 0.253973
382 379 300.00 0.693967
382 387 300.00 0.260240
383 381 300.00 0.253973
383 385 300.00 0.264370
383 387 300.00 0.423310
384 380 300.00 0.253557
384 385 300.00 0.410807
384 386 300.00 0.374607
385 384 300.00 0.410807
385 383 300.00 0.264370
385 388 300.00 0.418393
386 384 300.00 0.374607
387 383 300.00 0.423310
387 388 300.00 0.257740
388 385 300.00 0.418393
389 239 300.00 0.171090
389 249 300.00 0.131573
389 256 300.00 0.525307
390 239 300.00 0.089310
390 236 300.00 0.178987
390 398 300.00 0.254173
391 221 300.00 0.873770
391 204 300.00 0.027290
391 582 300.00 0.226893
392 228 300.00 0.229353
392 394 300.00 0.035273
392 397 300.00 0.222853
393 249 300.00 0.210900
394 222 300.00 0.242923
394 392 300.00 0.035273
394 225 300.00 0.602650
395 254 300.00 0.066603
395 398 300.00 0.209290
395 399 300.00 0.639123
396 254 300.00 0.139340
396 400 300.00 0.613803
396 401 300.00 0.786943
397 398 300.00 0.659650
397 408 300.00 0.512070
397 392 300.00 0.222853
397 399 300.00 0.206720
398 397 300.00 0.659650
398 390 300.00 0.254173
398 395 300.00 0.209290
399 400 300.00 0.200147
399 397 300.00 0.206720
399 395 300.00 0.639123
399 416 300.00 0.513023
400 399 300.00 0.200147
400 401 300.00 0.202787
400 402 300.00 0.520960
400 396 300.00 0.613803
401 400 300.00 0.202787
401 404 300.00 0.515713
401 405 300.00 0.708650
401 396 300.00 0.786943
402 400 300.00 0.520960
402 404 300.00 0.208333
402 416 300.00 0.202973
402 417 300.00 0.614983
403 338 300.00 0.235810
403 406 300.00 0.214903
403 318 300.00 0.491157
403 407 300.00 0.332490
404 401 300.00 0.515713
404 412 300.00 0.614453
404 402 300.00 0.208333
404 405 300.00 0.274107
405 401 300.00 0.708650
405 404 300.00 0.274107
405 413 300.00 0.618897
406 403 300.00 0.214903
406 420 300.00 0.193677
407 403 300.00 0.332490
407 314 300.00 0.171310
407 327 300.00 0.220423
408 397 300.00 0.512070
408 220 300.00 0.213283
408 214 300.00 0.615650
408 416 300.00 0.211213
409 363 300.00 0.203917
409 414 300.00 0.057037
409 419 300.00 0.251443
410 411 300.00 0.250630
410 417 300.00 0.212160
410 450 300.00 0.323913
411 410 300.00 0.250630
411 412 300.00 0.340023
411 413 300.00 0.687183
412 411 300.00 0.340023
412 417 300.00 0.211677
412 413 300.00 0.223140
412 404 300.00 0.614453
413 411 300.00 0.687183
413 412 300.00 0.223140
413 405 300.00 0.618897
414 350 300.00 0.181820
414 409 300.00 0.057037
414 351 300.00 0.134990
415 225 300.00 0.859490
415 224 300.00 0.255977
416 399 300.00 0.513023
416 402 300.00 0.202973
416 408 300.00 0.211213
416 418 300.00 0.612547
417 412 300.00 0.211677
417 402 300.00 0.614983
417 418 300.00 0.203137
417 410 300.00 0.212160
418 214 300.00 0.212663
418 417 300.00 0.203137
418 416 300.00 0.612547
419 409 300.00 0.251443
420 323 300.00 0.037133
420 319 300.00 0.255240
421 422 300.00 0.562717
421 423 300.00 0.190390
422 421 300.00 0.562717
422 169 300.00 1.011273
422 423 300.00 0.739387
422 177 300.00 0.769057
423 422 300.00 0.739387
423 421 300.00 0.190390
424 425 300.00 0.128167
424 508 300.00 0.467310
424 509 300.00 0.283267
424 510 300.00 0.261287
425 424 300.00 0.128167
425 154 300.00 0.270863
425 426 300.00 0.464797
426 425 300.00 0.464797
426 152 300.00 0.156430
426 508 300.00 0.193950
427 151 300.00 0.119317
427 144 300.00 0.263307
427 433 300.00 0.789123
428 171 300.00 0.791817
428 180 300.00 0.032883
428 429 300.00 0.236197
429 428 300.00 0.236197
429 462 300.00 0.279237
429 501 300.00 0.135337
429 448 300.00 0.723553
430 154 300.00 0.499553
431 432 300.00 0.109097
431 483 300.00 0.274180
431 491 300.00 0.152183
432 431 300.00 0.109097
432 171 300.00 0.024490
432 164 300.00 0.780210
433 164 300.00 0.204257
433 522 300.00 0.312697
433 427 300.00 0.789123
434 435 300.00 0.853993
434 452 300.00 0.032277
434 692 300.00 0.165370
435 434 300.00 0.853993
435 436 300.00 0.234293
435 437 300.00 0.586477
436 435 300.00 0.234293
436 446 300.00 0.317597
436 453 300.00 0.599607
436 692 300.00 0.583303
437 435 300.00 0.586477
437 442 300.00 0.196640
437 453 300.00 0.180193
438 439 300.00 0.029137
438 464 300.00 0.110180
438 178 300.00 0.168230
439 438 300.00 0.029137
439 440 300.00 0.086710
439 441 300.00 0.340447
440 439 300.00 0.086710
440 447 300.00 0.550757
440 464 300.00 0.135167
441 439 300.00 0.340447
441 446 300.00 0.611163
441 455 300.00 0.287603
442 443 300.00 0.239103
442 437 300.00 0.196640
442 554 300.00 0.124233
443 442 300.00 0.239103
443 444 300.00 0.050983
444 443 300.00 0.050983
444 566 300.00 0.333273
445 446 300.00 0.623897
445 453 300.00 0.331067
445 449 300.00 0.336147
446 445 300.00 0.623897
446 441 300.00 0.611163
446 447 300.00 0.337583
446 436 300.00 0.317597
447 446 300.00 0.337583
447 448 300.00 0.043460
447 440 300.00 0.550757
447 449 300.00 0.650967
448 447 300.00 0.043460
448 429 300.00 0.723553
448 465 300.00 0.126930
449 447 300.00 0.650967
449 445 300.00 0.336147
449 454 300.00 0.041413
450 451 300.00 0.229470
450 456 300.00 0.581690
450 410 300.00 0.323913
451 450 300.00 0.229470
451 452 300.00 0.489013
452 451 300.00 0.489013
452 434 300.00 0.032277
452 456 300.00 0.205607
453 437 300.00 0.180193
453 445 300.00 0.331067
453 436 300.00 0.599607
454 449 300.00 0.041413
454 457 300.00 0.100683
454 502 300.00 0.425067
455 441 300.00 0.287603
455 456 300.00 0.029643
455 692 300.00 0.041847
456 452 300.00 0.205607
456 450 300.00 0.581690
456 455 300.00 0.029643
457 458 300.00 0.265170
457 499 300.00 0.244320
457 454 300.00 0.100683
458 457 300.00 0.265170
458 459 300.00 0.259697
459 696 300.00 0.032387
459 697 300.00 0.059183
460 461 300.00 0.138573
460 494 300.00 0.184923
460 466 300.00 0.128743
460 477 300.00 0.164647
461 460 300.00 0.138573
461 462 300.00 0.135947
461 463 300.00 0.250223
462 461 300.00 0.135947
462 465 300.00 0.696313
462 466 300.00 0.152727
462 429 300.00 0.279237
463 461 300.00 0.250223
463 467 300.00 0.143550
463 474 300.00 0.340173
464 180 300.00 0.299843
464 440 300.00 0.135167
464 438 300.00 0.110180
465 462 300.00 0.696313
465 448 300.00 0.126930
465 502 300.00 0.105740
466 462 300.00 0.152727
466 498 300.00 0.134917
466 460 300.00 0.128743
466 501 300.00 0.280167
467 468 300.00 0.249927
467 463 300.00 0.143550
467 488 300.00 0.338307
468 467 300.00 0.249927
468 469 300.00 0.029783
468 470 300.00 0.796977
469 468 300.00 0.029783
469 541 300.00 0.780980
469 543 300.00 0.261030
470 499 300.00 0.263950
470 458 300.00 0.365530
471 472 300.00 0.033873
472 471 300.00 0.033873
472 473 300.00 0.169603
473 516 300.00 0.255707
473 514 300.00 0.296470
474 475 300.00 0.136937
474 488 300.00 0.133557
474 463 300.00 0.340173
475 474 300.00 0.136937
475 476 300.00 0.103203
475 477 300.00 0.107490
476 475 300.00 0.103203
476 478 300.00 0.279717
476 479 300.00 0.077903
477 475 300.00 0.107490
477 480 300.00 0.203880
477 460 300.00 0.164647
478 476 300.00 0.279717
478 493 300.00 0.107437
478 488 300.00 0.116273
479 476 300.00 0.077903
479 480 300.00 0.087537
479 487 300.00 0.040240
480 477 300.00 0.203880
480 481 300.00 0.145867
480 479 300.00 0.087537
481 480 300.00 0.145867
481 497 300.00 0.126750
481 484 300.00 0.131007
481 492 300.00 0.278737
482 483 300.00 0.213983
482 485 300.00 0.110983
482 486 300.00 0.313233
483 482 300.00 0.213983
483 484 300.00 0.132423
483 431 300.00 0.274180
484 483 300.00 0.132423
484 491 300.00 0.275163
484 481 300.00 0.131007
485 482 300.00 0.110983
485 487 300.00 0.118327
485 490 300.00 0.304543
486 482 300.00 0.313233
486 489 300.00 0.248977
486 490 300.00 0.105710
487 479 300.00 0.040240
487 493 300.00 0.294417
487 485 300.00 0.118327
488 467 300.00 0.338307
488 478 300.00 0.116273
488 474 300.00 0.133557
489 486 300.00 0.248977
489 541 300.00 0.032990
489 468 300.00 0.787230
490 486 300.00 0.105710
490 493 300.00 0.113213
490 485 300.00 0.304543
491 431 300.00 0.152183
491 492 300.00 0.138390
491 484 300.00 0.275163
492 491 300.00 0.138390
492 495 300.00 0.122913
492 481 300.00 0.278737
493 487 300.00 0.294417
493 490 300.00 0.113213
493 478 300.00 0.107437
494 460 300.00 0.184923
495 492 300.00 0.122913
495 496 300.00 0.113373
495 497 300.00 0.276170
496 495 300.00 0.113373
496 498 300.00 0.278027
496 501 300.00 0.133220
497 495 300.00 0.276170
497 498 300.00 0.111680
497 481 300.00 0.126750
498 466 300.00 0.134917
498 497 300.00 0.111680
498 496 300.00 0.278027
499 457 300.00 0.244320
499 470 300.00 0.263950
499 500 300.00 0.256493
500 499 300.00 0.256493
500 502 300.00 0.188853
500 503 300.00 0.376963
501 429 300.00 0.135337
501 466 300.00 0.280167
501 496 300.00 0.133220
502 500 300.00 0.188853
502 465 300.00 0.105740
502 454 300.00 0.425067
503 500 300.00 0.376963
504 505 300.00 0.210827
504 552 300.00 0.023910
504 553 300.00 0.581107
505 504 300.00 0.210827
505 506 300.00 0.744703
505 507 300.00 0.125987
506 505 300.00 0.744703
506 511 300.00 0.073053
506 525 300.00 0.142883
507 505 300.00 0.125987
507 568 300.00 0.519110
507 566 300.00 0.651320
508 424 300.00 0.467310
508 426 300.00 0.193950
508 706 300.00 0.159613
509 424 300.00 0.283267
510 424 300.00 0.261287
510 537 300.00 0.282090
510 148 300.00 0.803083
511 506 300.00 0.073053
511 512 300.00 0.294530
511 513 300.00 0.213633
512 511 300.00 0.294530
512 554 300.00 0.227603
512 526 300.00 0.194083
513 511 300.00 0.213633
513 566 300.00 0.027180
513 554 300.00 0.290840
514 515 300.00 0.245963
514 557 300.00 0.605077
515 514 300.00 0.245963
515 516 300.00 0.301723
515 517 300.00 0.223290
516 515 300.00 0.301723
516 527 300.00 0.213100
516 473 300.00 0.255707
517 515 300.00 0.223290
517 527 300.00 0.297257
517 525 300.00 0.214003
518 519 300.00 0.269347
518 563 300.00 0.773247
518 581 300.00 0.258237
519 518 300.00 0.269347
519 520 300.00 0.781987
519 521 300.00 0.267130
520 519 300.00 0.781987
520 563 300.00 0.262900
520 539 300.00 0.268433
521 519 300.00 0.267130
521 539 300.00 0.776373
521 542 300.00 0.267700
522 523 300.00 0.255273
522 534 300.00 0.112880
522 433 300.00 0.312697
523 522 300.00 0.255273
523 524 300.00 0.269250
523 147 300.00 0.667427
524 523 300.00 0.269250
524 535 300.00 0.036333
524 489 300.00 0.759863
525 506 300.00 0.142883
525 526 300.00 0.302760
525 517 300.00 0.214003
526 527 300.00 0.219067
526 525 300.00 0.302760
526 512 300.00 0.194083
527 526 300.00 0.219067
527 516 300.00 0.213100
527 517 300.00 0.297257
528 529 300.00 0.027773
528 562 300.00 0.778463
528 574 300.00 0.275197
529 528 300.00 0.027773
529 530 300.00 0.257697
529 531 300.00 0.773887
530 549 300.00 0.775170
531 529 300.00 0.773887
531 548 300.00 0.266423
531 549 300.00 0.264413
532 533 300.00 0.072860
532 195 300.00 0.166437
532 555 300.00 0.149673
533 532 300.00 0.072860
534 522 300.00 0.112880
534 144 300.00 0.669737
534 598 300.00 0.216320
535 524 300.00 0.036333
535 542 300.00 0.250463
535 544 300.00 0.779270
536 537 300.00 0.773390
536 550 300.00 0.245103
536 576 300.00 0.284900
536 148 300.00 0.270157
537 536 300.00 0.773390
537 510 300.00 0.282090
537 538 300.00 0.286500
538 537 300.00 0.286500
538 570 300.00 0.264057
538 575 300.00 0.163897
538 576 300.00 0.783477
539 540 300.00 0.266073
539 520 300.00 0.268433
539 521 300.00 0.776373
540 539 300.00 0.266073
540 541 300.00 0.253660
540 542 300.00 0.771607
540 543 300.00 0.784143
541 540 300.00 0.253660
541 489 300.00 0.032990
541 535 300.00 0.769363
542 540 300.00 0.771607
542 535 300.00 0.250463
542 521 300.00 0.267700
543 540 300.00 0.784143
543 469 300.00 0.261030
544 545 300.00 0.259507
544 146 300.00 0.025050
544 670 300.00 0.127443
545 544 300.00 0.259507
545 546 300.00 0.126830
545 547 300.00 0.269950
546 545 300.00 0.126830
546 600 300.00 0.265003
546 667 300.00 0.116350
546 670 300.00 0.257030
547 545 300.00 0.269950
547 600 300.00 0.128647
547 577 300.00 0.128427
548 531 300.00 0.266423
548 577 300.00 0.140887
548 578 300.00 0.235840
549 531 300.00 0.264413
549 581 300.00 0.768950
550 536 300.00 0.245103
550 551 300.00 0.071540
551 607 300.00 0.028750
551 146 300.00 0.482613
552 504 300.00 0.023910
552 564 300.00 0.658810
552 553 300.00 1.389587
553 504 300.00 0.581107
553 557 300.00 0.523057
553 552 300.00 1.389587
554 512 300.00 0.227603
554 513 300.00 0.290840
554 442 300.00 0.124233
555 209 300.00 0.397833
555 532 300.00 0.149673
555 210 300.00 0.119113
556 557 300.00 0.034800
557 556 300.00 0.034800
557 553 300.00 0.523057
557 558 300.00 0.300987
558 695 300.00 0.029523
558 693 300.00 0.055800
559 560 300.00 0.715570
559 715 300.00 0.052320
560 559 300.00 0.715570
560 561 300.00 0.253467
560 562 300.00 0.273260
561 560 300.00 0.253467
562 560 300.00 0.273260
562 571 300.00 0.271240
562 579 300.00 0.594137
562 528 300.00 0.778463
563 520 300.00 0.262900
563 580 300.00 0.272817
563 518 300.00 0.773247
564 210 300.00 0.430557
564 552 300.00 0.658810
564 568 300.00 0.243417
565 144 300.00 0.780007
565 149 300.00 0.019407
565 148 300.00 0.258070
566 513 300.00 0.027180
566 507 300.00 0.651320
566 444 300.00 0.333273
567 147 300.00 0.258627
567 524 300.00 0.670267
568 564 300.00 0.243417
568 507 300.00 0.519110
568 572 300.00 1.838010
569 570 300.00 0.778030
569 665 300.00 0.027830
569 576 300.00 0.270190
570 569 300.00 0.778030
570 538 300.00 0.264057
570 571 300.00 0.255343
571 570 300.00 0.255343
571 573 300.00 0.578483
571 574 300.00 0.784183
571 562 300.00 0.271240
572 568 300.00 1.838010
572 233 300.00 0.736540
572 587 300.00 0.526180
573 571 300.00 0.578483
574 571 300.00 0.784183
574 606 300.00 0.028777
574 569 300.00 0.253333
575 538 300.00 0.163897
576 538 300.00 0.783477
576 609 300.00 0.210050
576 569 300.00 0.270190
576 536 300.00 0.284900
577 548 300.00 0.140887
577 602 300.00 0.239070
577 547 300.00 0.128427
578 548 300.00 0.235840
578 601 300.00 0.126073
578 602 300.00 0.134123
579 562 300.00 0.594137
580 563 300.00 0.272817
581 518 300.00 0.258237
581 580 300.00 0.782577
582 200 300.00 0.349097
582 597 300.00 0.030613
582 201 300.00 0.145503
583 584 300.00 0.571200
583 230 300.00 0.125120
583 588 300.00 0.198743
583 259 300.00 0.509930
584 583 300.00 0.571200
584 585 300.00 0.212120
584 586 300.00 0.124427
584 587 300.00 0.373240
585 584 300.00 0.212120
585 588 300.00 0.572600
585 247 300.00 0.197873
586 584 300.00 0.124427
586 230 300.00 0.575193
586 233 300.00 0.205580
587 584 300.00 0.373240
587 572 300.00 0.526180
587 620 300.00 0.378273
588 585 300.00 0.572600
588 583 300.00 0.198743
588 244 300.00 0.215140
588 589 300.00 0.509540
589 588 300.00 0.509540
589 259 300.00 0.209580
589 590 300.00 0.208297
590 589 300.00 0.208297
590 270 300.00 0.244673
590 244 300.00 0.511100
591 352 300.00 0.232530
591 347 300.00 0.634090
591 593 300.00 0.214323
592 321 300.00 0.035430
592 593 300.00 0.055020
593 591 300.00 0.214323
593 346 300.00 0.686850
594 246 300.00 0.220433
594 595 300.00 0.688710
594 596 300.00 0.264203
595 594 300.00 0.688710
596 594 300.00 0.264203
597 191 300.00 0.399073
597 582 300.00 0.030613
597 204 300.00 0.226397
598 534 300.00 0.216320
599 600 300.00 0.116730
599 602 300.00 0.132073
599 604 300.00 0.115193
599 667 300.00 0.267950
600 599 300.00 0.116730
600 547 300.00 0.128647
600 546 300.00 0.265003
601 578 300.00 0.126073
601 603 300.00 0.122523
601 604 300.00 0.265323
602 578 300.00 0.134123
602 599 300.00 0.132073
602 577 300.00 0.239070
603 601 300.00 0.122523
603 605 300.00 0.266340
603 606 300.00 0.289327
604 601 300.00 0.265323
604 605 300.00 0.120387
604 599 300.00 0.115193
604 666 300.00 0.270427
605 603 300.00 0.266340
605 604 300.00 0.120387
605 608 300.00 0.269850
605 665 300.00 0.292703
606 603 300.00 0.289327
606 574 300.00 0.028777
606 529 300.00 0.271420
607 551 300.00 0.028750
607 608 300.00 0.255757
607 550 300.00 0.075897
608 607 300.00 0.255757
608 609 300.00 0.112727
608 605 300.00 0.269850
608 666 300.00 0.117480
609 608 300.00 0.112727
609 610 300.00 0.210993
609 576 300.00 0.210050
610 609 300.00 0.210993
611 166 300.00 0.111790
611 613 300.00 0.113533
611 612 300.00 0.276213
612 157 300.00 0.115607
612 611 300.00 0.276213
612 614 300.00 0.105007
613 611 300.00 0.113533
613 615 300.00 0.115607
613 614 300.00 0.274147
614 612 300.00 0.105007
614 613 300.00 0.274147
614 616 300.00 0.126833
615 613 300.00 0.115607
615 617 300.00 0.113207
615 616 300.00 0.274603
616 614 300.00 0.126833
616 615 300.00 0.274603
616 618 300.00 0.117193
617 615 300.00 0.113207
617 173 300.00 0.116963
617 618 300.00 0.261650
618 616 300.00 0.117193
618 617 300.00 0.261650
618 161 300.00 0.104590
619 620 300.00 0.590093
620 619 300.00 0.590093
620 587 300.00 0.378273
620 621 300.00 1.661810
621 620 300.00 1.661810
621 122 300.00 0.042443
621 713 300.00 0.532863
622 122 300.00 1.392403
622 675 300.00 0.532657
622 683 300.00 0.257133
623 2 300.00 0.133930
623 624 300.00 0.058137
623 0 300.00 0.308447
624 139 300.00 0.048223
624 623 300.00 0.058137
624 626 300.00 0.309587
625 139 300.00 0.157813
626 624 300.00 0.309587
626 136 300.00 0.108850
626 0 300.00 0.054220
627 136 300.00 0.086607
628 86 300.00 0.081750
629 129 300.00 0.642337
629 128 300.00 0.260620
630 129 300.00 0.205977
631 130 300.00 0.225147
632 130 300.00 0.026073
632 119 300.00 0.085983
632 633 300.00 0.112840
633 632 300.00 0.112840
633 135 300.00 0.132417
633 634 300.00 0.091823
634 124 300.00 0.139467
634 119 300.00 0.106030
634 633 300.00 0.091823
635 58 300.00 0.183907
635 660 300.00 0.062427
635 50 300.00 0.341010
636 637 300.00 0.040940
636 189 300.00 0.673643
636 709 300.00 0.483903
637 636 300.00 0.040940
637 638 300.00 0.255640
637 62 300.00 0.584813
638 637 300.00 0.255640
638 639 300.00 0.138707
638 642 300.00 0.491337
639 638 300.00 0.138707
639 640 300.00 0.127767
639 641 300.00 0.508600
640 639 300.00 0.127767
640 643 300.00 0.524077
640 81 300.00 0.097693
641 639 300.00 0.508600
641 642 300.00 0.110513
641 643 300.00 0.104500
642 641 300.00 0.110513
642 644 300.00 0.135070
642 638 300.00 0.491337
643 641 300.00 0.104500
643 640 300.00 0.524077
643 645 300.00 0.159540
644 62 300.00 0.148480
644 642 300.00 0.135070
644 645 300.00 0.192863
645 644 300.00 0.192863
645 57 300.00 0.170820
645 643 300.00 0.159540
646 647 300.00 0.105367
646 650 300.00 0.129953
647 646 300.00 0.105367
647 648 300.00 0.110783
647 649 300.00 0.603270
648 647 300.00 0.110783
648 653 300.00 0.114483
648 649 300.00 0.466063
649 647 300.00 0.603270
649 648 300.00 0.466063
649 655 300.00 0.066160
650 651 300.00 0.159670
650 646 300.00 0.129953
650 656 300.00 0.218943
651 650 300.00 0.159670
651 23 300.00 0.336937
652 653 300.00 0.470987
652 655 300.00 0.013950
653 652 300.00 0.470987
653 654 300.00 0.119483
653 648 300.00 0.114483
654 653 300.00 0.119483
654 656 300.00 0.118910
654 646 300.00 0.224103
655 649 300.00 0.066160
655 61 300.00 0.390753
656 654 300.00 0.118910
656 657 300.00 0.139577
656 650 300.00 0.218943
657 656 300.00 0.139577
657 689 300.00 0.028147
657 651 300.00 0.217617
658 659 300.00 0.328133
658 60 300.00 0.243737
659 658 300.00 0.328133
659 660 300.00 0.160153
659 36 300.00 0.365010
660 659 300.00 0.160153
660 635 300.00 0.062427
660 662 300.00 0.241553
661 34 300.00 0.416897
662 7 300.00 0.211770
662 660 300.00 0.241553
662 41 300.00 0.388457
663 37 300.00 0.689857
663 5 300.00 0.149123
663 664 300.00 0.099623
664 663 300.00 0.099623
664 27 300.00 0.105847
664 707 300.00 0.079920
665 605 300.00 0.292703
665 569 300.00 0.027830
665 606 300.00 0.256170
666 604 300.00 0.270427
666 608 300.00 0.117480
666 667 300.00 0.119380
666 668 300.00 0.253437
667 599 300.00 0.267950
667 666 300.00 0.119380
667 546 300.00 0.116350
667 669 300.00 0.254437
668 666 300.00 0.253437
668 607 300.00 0.115770
669 667 300.00 0.254437
669 668 300.00 0.119467
670 546 300.00 0.257030
670 669 300.00 0.115193
671 300 300.00 0.252327
671 301 300.00 0.319907
671 680 300.00 0.376683
671 682 300.00 0.309807
672 673 300.00 0.156257
672 680 300.00 0.255413
672 679 300.00 0.315213
673 672 300.00 0.156257
673 674 300.00 0.363367
673 675 300.00 0.318110
674 673 300.00 0.363367
674 681 300.00 0.386903
675 673 300.00 0.318110
675 679 300.00 0.140553
675 622 300.00 0.532657
676 677 300.00 0.637973
677 676 300.00 0.637973
677 657 300.00 0.218290
678 301 300.00 0.390680
678 679 300.00 0.266687
678 680 300.00 0.323653
679 678 300.00 0.266687
679 675 300.00 0.140553
679 672 300.00 0.315213
680 678 300.00 0.323653
680 672 300.00 0.255413
680 671 300.00 0.376683
680 681 300.00 0.338247
681 680 300.00 0.338247
681 682 300.00 0.375933
682 671 300.00 0.309807
682 310 300.00 0.248843
683 622 300.00 0.257133
683 700 300.00 0.533350
683 701 300.00 0.144890
684 674 300.00 0.162963
685 686 300.00 0.131300
686 693 300.00 0.028773
686 695 300.00 0.055343
687 685 300.00 0.181970
688 687 300.00 0.170760
689 657 300.00 0.028147
689 688 300.00 0.164943
690 691 300.00 0.357940
691 716 300.00 0.028660
692 436 300.00 0.583303
692 455 300.00 0.041847
692 434 300.00 0.165370
693 686 300.00 0.028773
693 694 300.00 0.303423
694 708 300.00 0.586330
694 677 300.00 0.121573
695 556 300.00 0.292127
695 558 300.00 0.029523
696 459 300.00 0.032387
696 690 300.00 0.250480
697 698 300.00 0.031300
697 472 300.00 0.576207
698 697 300.00 0.031300
698 696 300.00 0.060543
699 8 300.00 0.069440
699 718 300.00 0.084233
700 683 300.00 0.533350
701 683 300.00 0.144890
701 702 300.00 0.107263
701 703 300.00 0.882537
702 701 300.00 0.107263
702 134 300.00 0.492677
702 704 300.00 0.265607
703 701 300.00 0.882537
704 702 300.00 0.265607
705 134 300.00 0.207130
706 149 300.00 0.171913
706 508 300.00 0.159613
706 152 300.00 0.217967
707 664 300.00 0.079920
708 694 300.00 0.586330
709 710 300.00 0.119927
709 636 300.00 0.483903
709 189 300.00 0.418883
710 709 300.00 0.119927
711 243 300.00 0.311690
711 277 300.00 0.178990
711 266 300.00 0.028210
712 133 300.00 0.537837
713 621 300.00 0.532863
714 160 300.00 0.387440
715 528 300.00 0.260990
715 530 300.00 0.034230
716 469 300.00 0.778223
717 718 300.00 0.030587
717 699 300.00 0.080147
718 717 300.00 0.030587
718 719 300.00 0.061793
719 720 300.00 0.031550
720 719 300.00 0.031550
720 717 300.00 0.061107
