0 1 300.00 0.484287
0 119 300.00 0.308497
0 261 300.00 0.301953
0 120 300.00 0.261213
1 0 300.00 0.484287
2 3 300.00 0.214977
2 237 300.00 0.437857
2 468 300.00 0.206857
3 2 300.00 0.214977
3 4 300.00 0.247590
4 260 300.00 0.029450
4 259 300.00 0.464780
5 129 300.00 0.097140
5 32 300.00 0.423933
6 7 300.00 0.161097
6 8 300.00 0.060800
7 450 300.00 0.294630
7 8 300.00 0.157057
8 104 300.00 0.095910
9 47 300.00 0.337987
9 6 300.00 0.206597
9 448 300.00 0.645160
10 11 300.00 0.120833
10 123 300.00 0.340310
10 139 300.00 0.196463
10 170 300.00 0.129000
11 10 300.00 0.120833
11 12 300.00 0.010923
11 13 300.00 0.121897
12 11 300.00 0.010923
12 138 300.00 0.196617
12 349 300.00 0.125707
13 11 300.00 0.121897
13 195 300.00 0.119940
13 187 300.00 0.375917
14 15 300.00 0.198333
14 54 300.00 0.148173
14 45 300.00 0.017910
15 14 300.00 0.198333
15 16 300.00 0.125493
15 17 300.00 0.311683
16 15 300.00 0.125493
16 47 300.00 0.198787
16 48 300.00 0.318890
17 15 300.00 0.311683
17 28 300.00 0.110260
17 46 300.00 0.132890
18 19 300.00 0.010447
18 200 300.00 0.342260
18 348 300.00 0.120117
19 18 300.00 0.010447
19 20 300.00 0.392410
19 21 300.00 0.057150
20 19 300.00 0.392410
20 347 300.00 0.123167
20 344 300.00 0.436297
21 19 300.00 0.057150
21 156 300.00 0.338400
21 178 300.00 0.341227
21 381 300.00 0.163530
22 23 300.00 0.131043
22 24 300.00 0.137423
23 408 300.00 0.248300
24 22 300.00 0.137423
24 282 300.00 0.075927
24 283 300.00 0.243450
25 26 300.00 0.433430
25 115 300.00 0.038077
26 25 300.00 0.433430
26 27 300.00 0.272850
26 28 300.00 0.255617
27 26 300.00 0.272850
27 449 300.00 0.078180
27 447 300.00 0.671737
28 26 300.00 0.255617
28 17 300.00 0.110260
28 48 300.00 0.099883
29 30 300.00 0.227370
29 368 300.00 0.072410
29 370 300.00 0.065400
30 29 300.00 0.227370
30 31 300.00 0.132207
30 32 300.00 0.195177
31 30 300.00 0.132207
31 164 300.00 0.103107
31 372 300.00 0.214997
32 30 300.00 0.195177
32 5 300.00 0.423933
32 129 300.00 0.109123
32 369 300.00 0.207240
33 34 300.00 0.070243
33 310 300.00 0.121980
33 189 300.00 0.172657
34 33 300.00 0.070243
34 35 300.00 0.182410
34 36 300.00 0.182877
34 37 300.00 0.120690
35 34 300.00 0.182410
35 188 300.00 0.173513
35 312 300.00 0.124773
36 34 300.00 0.182877
36 188 300.00 0.125380
36 189 300.00 0.123420
37 34 300.00 0.120690
37 296 300.00 0.435977
37 304 300.00 0.112453
37 141 300.00 0.366480
38 39 300.00 0.061690
38 181 300.00 0.297023
38 128 300.00 0.138233
39 38 300.00 0.061690
40 41 300.00 0.189137
41 40 300.00 0.189137
41 45 300.00 0.285770
41 46 300.00 0.313443
42 43 300.00 0.326663
42 44 300.00 0.176723
43 404 300.00 0.114460
43 405 300.00 0.021240
44 42 300.00 0.176723
44 159 300.00 0.121807
44 481 300.00 0.073230
45 41 300.00 0.285770
45 14 300.00 0.017910
45 46 300.00 0.184143
46 41 300.00 0.313443
46 17 300.00 0.132890
46 45 300.00 0.184143
47 16 300.00 0.198787
47 9 300.00 0.337987
48 16 300.00 0.318890
48 115 300.00 0.374753
48 28 300.00 0.099883
49 50 300.00 0.011200
49 362 300.00 0.370920
49 480 300.00 0.417450
50 49 300.00 0.011200
50 51 300.00 0.107340
50 52 300.00 0.192693
51 50 300.00 0.107340
51 376 300.00 0.374627
51 374 300.00 0.110870
51 375 300.00 0.253373
52 50 300.00 0.192693
52 163 300.00 0.234297
52 379 300.00 0.365967
53 40 300.00 0.174970
53 54 300.00 0.376333
54 53 300.00 0.376333
54 14 300.00 0.148173
54 86 300.00 0.342157
55 56 300.00 0.174107
55 113 300.00 0.047153
55 439 300.00 0.212947
56 55 300.00 0.174107
56 57 300.00 0.137633
56 58 300.00 0.511613
57 56 300.00 0.137633
57 274 300.00 0.256417
57 439 300.00 0.137417
58 56 300.00 0.511613
58 65 300.00 0.198783
58 113 300.00 0.276007
59 60 300.00 0.166853
59 84 300.00 0.334373
59 79 300.00 0.252097
60 59 300.00 0.166853
60 61 300.00 0.379200
60 62 300.00 0.237683
61 60 300.00 0.379200
61 63 300.00 0.136043
62 60 300.00 0.237683
62 76 300.00 0.418330
62 79 300.00 0.200727
63 61 300.00 0.136043
63 64 300.00 0.350317
64 63 300.00 0.350317
64 76 300.00 0.481303
65 66 300.00 0.252150
65 58 300.00 0.198783
65 98 300.00 0.570390
65 112 300.00 0.276723
66 65 300.00 0.252150
66 67 300.00 0.190183
66 68 300.00 0.350303
66 69 300.00 0.291453
67 66 300.00 0.190183
67 89 300.00 0.376313
67 435 300.00 0.141970
68 66 300.00 0.350303
68 80 300.00 0.043020
68 434 300.00 0.226810
69 66 300.00 0.291453
69 93 300.00 0.103413
69 94 300.00 0.161760
69 95 300.00 0.455300
70 71 300.00 0.012280
70 465 300.00 0.075973
70 483 300.00 0.381030
71 70 300.00 0.012280
71 72 300.00 0.195137
72 71 300.00 0.195137
72 462 300.00 0.235303
72 463 300.00 0.939603
73 74 300.00 0.323697
73 84 300.00 0.268403
74 73 300.00 0.323697
74 75 300.00 0.574873
75 74 300.00 0.574873
75 120 300.00 0.298843
75 261 300.00 0.266057
76 77 300.00 0.258313
76 64 300.00 0.481303
76 62 300.00 0.418330
77 76 300.00 0.258313
77 78 300.00 0.141443
77 79 300.00 0.438757
78 77 300.00 0.141443
78 274 300.00 0.105307
79 77 300.00 0.438757
79 59 300.00 0.252097
79 62 300.00 0.200727
80 81 300.00 0.164757
80 68 300.00 0.043020
80 429 300.00 0.102850
81 80 300.00 0.164757
81 82 300.00 0.378570
81 83 300.00 0.014887
82 81 300.00 0.378570
82 116 300.00 0.738273
82 430 300.00 0.100940
83 81 300.00 0.014887
83 433 300.00 0.196017
83 482 300.00 0.223377
84 59 300.00 0.334373
84 73 300.00 0.268403
84 85 300.00 0.634933
85 84 300.00 0.634933
86 54 300.00 0.342157
86 16 300.00 0.125623
87 88 300.00 0.292700
87 90 300.00 0.823240
87 111 300.00 0.398483
88 87 300.00 0.292700
88 89 300.00 0.276063
88 90 300.00 0.551153
88 91 300.00 0.391423
89 88 300.00 0.276063
89 98 300.00 0.261540
89 92 300.00 0.571860
89 67 300.00 0.376313
90 88 300.00 0.551153
90 92 300.00 0.257883
90 87 300.00 0.823240
91 88 300.00 0.391423
91 93 300.00 0.091240
91 427 300.00 0.175573
92 90 300.00 0.257883
92 97 300.00 0.277650
92 89 300.00 0.571860
93 69 300.00 0.103413
93 91 300.00 0.091240
93 428 300.00 0.167770
94 69 300.00 0.161760
94 116 300.00 0.119517
94 428 300.00 0.104920
95 69 300.00 0.455300
95 429 300.00 0.176777
95 430 300.00 0.118433
96 97 300.00 0.265317
96 103 300.00 0.258163
96 105 300.00 0.562407
97 96 300.00 0.265317
97 92 300.00 0.277650
97 98 300.00 0.566897
98 97 300.00 0.566897
98 89 300.00 0.261540
98 105 300.00 0.276983
98 65 300.00 0.570390
99 100 300.00 0.553470
99 103 300.00 0.281753
99 114 300.00 0.250227
100 99 300.00 0.553470
100 101 300.00 0.141627
100 102 300.00 0.266333
101 100 300.00 0.141627
101 273 300.00 0.234833
101 464 300.00 0.382747
102 100 300.00 0.266333
102 103 300.00 0.557507
102 105 300.00 0.268517
102 121 300.00 0.543970
103 99 300.00 0.281753
103 96 300.00 0.258163
103 102 300.00 0.557507
104 449 300.00 0.536997
104 25 300.00 0.207960
105 102 300.00 0.268517
105 96 300.00 0.562407
105 98 300.00 0.276983
105 106 300.00 0.538423
106 105 300.00 0.538423
106 112 300.00 0.035767
106 121 300.00 0.240257
107 108 300.00 0.126173
107 467 300.00 0.240987
107 463 300.00 0.094573
108 107 300.00 0.126173
108 109 300.00 0.114590
108 110 300.00 0.566410
109 108 300.00 0.114590
109 464 300.00 0.163303
109 466 300.00 0.151870
110 108 300.00 0.566410
110 271 300.00 0.080657
110 453 300.00 0.313763
111 87 300.00 0.398483
111 116 300.00 0.195070
111 427 300.00 0.114747
112 65 300.00 0.276723
112 106 300.00 0.035767
112 113 300.00 0.249970
113 112 300.00 0.249970
113 58 300.00 0.276007
113 55 300.00 0.047153
114 99 300.00 0.250227
114 478 300.00 0.113507
114 465 300.00 0.299067
115 48 300.00 0.374753
115 47 300.00 0.095090
116 94 300.00 0.119517
116 111 300.00 0.195070
116 82 300.00 0.738273
117 118 300.00 0.021373
117 232 300.00 0.414623
118 117 300.00 0.021373
118 119 300.00 0.212117
118 120 300.00 0.342203
119 259 300.00 0.020090
119 260 300.00 0.467670
119 0 300.00 0.308497
120 118 300.00 0.342203
120 75 300.00 0.298843
120 262 300.00 0.102570
120 0 300.00 0.261213
121 102 300.00 0.543970
121 106 300.00 0.240257
121 438 300.00 0.291083
122 123 300.00 0.062367
122 136 300.00 0.098353
122 137 300.00 0.098613
123 122 300.00 0.062367
123 10 300.00 0.340310
123 124 300.00 0.123073
124 123 300.00 0.123073
124 195 300.00 0.098290
124 192 300.00 0.072063
124 198 300.00 0.139153
125 126 300.00 0.115743
125 174 300.00 0.127163
125 292 300.00 0.174940
126 125 300.00 0.115743
126 127 300.00 0.074323
126 128 300.00 0.193667
127 126 300.00 0.074323
127 296 300.00 0.136047
127 175 300.00 0.377250
128 126 300.00 0.193667
128 180 300.00 0.304483
128 38 300.00 0.138233
128 292 300.00 0.177567
129 130 300.00 0.141230
129 32 300.00 0.109123
130 129 300.00 0.141230
130 131 300.00 0.254337
130 132 300.00 0.573183
131 133 300.00 0.254983
131 132 300.00 0.485947
132 130 300.00 0.573183
132 131 300.00 0.485947
132 149 300.00 0.265997
132 162 300.00 0.045530
133 149 300.00 0.498223
134 135 300.00 0.612057
134 155 300.00 0.105787
135 134 300.00 0.612057
136 122 300.00 0.098353
136 193 300.00 0.124010
136 348 300.00 0.021353
137 122 300.00 0.098613
137 339 300.00 0.319463
137 338 300.00 0.117387
138 139 300.00 0.137377
138 182 300.00 0.119707
138 12 300.00 0.196617
139 138 300.00 0.137377
139 140 300.00 0.136380
139 10 300.00 0.196463
140 139 300.00 0.136380
140 335 300.00 0.112493
140 170 300.00 0.193170
141 142 300.00 0.126293
141 37 300.00 0.366480
141 304 300.00 0.286120
142 141 300.00 0.126293
142 143 300.00 0.307450
142 144 300.00 0.340000
143 142 300.00 0.307450
143 328 300.00 0.113417
143 343 300.00 0.085107
143 339 300.00 0.448880
144 142 300.00 0.340000
144 174 300.00 0.112957
144 175 300.00 0.086247
144 176 300.00 0.060650
145 146 300.00 0.117180
145 362 300.00 0.053457
145 203 300.00 0.107073
146 145 300.00 0.117180
146 147 300.00 0.359397
146 148 300.00 0.112500
147 146 300.00 0.359397
147 389 300.00 0.169633
148 146 300.00 0.112500
148 388 300.00 0.015593
148 203 300.00 0.095673
149 133 300.00 0.498223
149 150 300.00 0.228487
149 132 300.00 0.265997
150 149 300.00 0.228487
151 152 300.00 0.523080
151 181 300.00 0.158067
151 297 300.00 0.413663
152 151 300.00 0.523080
152 153 300.00 0.286760
152 154 300.00 0.096723
153 152 300.00 0.286760
153 276 300.00 0.303133
154 152 300.00 0.096723
154 286 300.00 0.136713
154 279 300.00 0.246103
154 287 300.00 0.122103
155 156 300.00 0.033683
155 134 300.00 0.105787
156 155 300.00 0.033683
156 157 300.00 0.337130
156 21 300.00 0.338400
157 156 300.00 0.337130
157 383 300.00 0.162240
157 392 300.00 0.162033
158 159 300.00 0.207003
158 206 300.00 0.128270
158 406 300.00 0.093380
159 158 300.00 0.207003
159 44 300.00 0.121807
159 160 300.00 0.259750
159 161 300.00 0.242503
160 159 300.00 0.259750
160 180 300.00 0.090523
160 290 300.00 0.060350
160 291 300.00 0.228020
161 159 300.00 0.242503
161 400 300.00 0.115873
161 404 300.00 0.125960
161 403 300.00 0.214077
162 132 300.00 0.045530
162 163 300.00 0.099720
162 164 300.00 0.131727
162 165 300.00 0.261510
163 162 300.00 0.099720
163 375 300.00 0.127583
163 52 300.00 0.234297
164 162 300.00 0.131727
164 31 300.00 0.103107
164 373 300.00 0.231173
165 162 300.00 0.261510
165 171 300.00 0.059463
165 374 300.00 0.115803
166 167 300.00 0.068847
166 172 300.00 0.196820
166 190 300.00 0.105707
166 191 300.00 0.105793
167 166 300.00 0.068847
167 168 300.00 0.124647
167 169 300.00 0.228640
168 167 300.00 0.124647
168 186 300.00 0.128053
168 187 300.00 0.222380
169 167 300.00 0.228640
169 195 300.00 0.366857
169 187 300.00 0.115527
169 356 300.00 0.100167
170 10 300.00 0.129000
170 334 300.00 0.113783
170 140 300.00 0.193170
170 340 300.00 0.126057
171 172 300.00 0.126620
171 165 300.00 0.059463
171 377 300.00 0.213027
172 171 300.00 0.126620
172 166 300.00 0.196820
172 173 300.00 0.203983
173 172 300.00 0.203983
173 377 300.00 0.125820
173 378 300.00 0.121747
174 144 300.00 0.112957
174 204 300.00 0.177403
174 125 300.00 0.127163
175 144 300.00 0.086247
175 127 300.00 0.377250
175 304 300.00 0.053053
176 144 300.00 0.060650
176 205 300.00 0.137720
176 346 300.00 0.642957
177 178 300.00 0.391840
178 177 300.00 0.391840
178 179 300.00 0.311563
178 21 300.00 0.341227
179 178 300.00 0.311563
179 386 300.00 0.160527
179 391 300.00 0.038050
180 160 300.00 0.090523
180 181 300.00 0.112953
180 128 300.00 0.304483
181 180 300.00 0.112953
181 38 300.00 0.297023
181 151 300.00 0.158067
181 281 300.00 0.135197
182 138 300.00 0.119707
182 349 300.00 0.197133
182 351 300.00 0.128707
183 184 300.00 0.343693
183 399 300.00 0.189067
183 397 300.00 0.077273
183 400 300.00 0.167300
184 183 300.00 0.343693
184 185 300.00 0.208603
185 184 300.00 0.208603
185 393 300.00 0.014313
185 395 300.00 0.036600
186 168 300.00 0.128053
186 196 300.00 0.087267
186 197 300.00 0.038287
187 168 300.00 0.222380
187 13 300.00 0.375917
187 352 300.00 0.126720
187 169 300.00 0.115527
188 36 300.00 0.125380
188 35 300.00 0.173513
188 313 300.00 0.126633
189 36 300.00 0.123420
189 311 300.00 0.122783
189 33 300.00 0.172657
190 166 300.00 0.105707
190 357 300.00 0.106050
190 355 300.00 0.327207
191 166 300.00 0.105793
191 376 300.00 0.122097
191 374 300.00 0.374973
192 193 300.00 0.111387
192 124 300.00 0.072063
192 361 300.00 0.141993
193 192 300.00 0.111387
193 194 300.00 0.148453
193 136 300.00 0.124010
194 193 300.00 0.148453
194 360 300.00 0.128627
194 361 300.00 0.109327
195 13 300.00 0.119940
195 124 300.00 0.098290
195 169 300.00 0.366857
196 186 300.00 0.087267
196 352 300.00 0.130717
196 358 300.00 0.189840
197 186 300.00 0.038287
197 364 300.00 0.124297
197 363 300.00 0.190130
198 124 300.00 0.139153
198 359 300.00 0.125823
198 361 300.00 0.080777
199 200 300.00 0.035397
199 202 300.00 0.022057
199 203 300.00 0.286953
200 199 300.00 0.035397
200 201 300.00 0.185363
200 18 300.00 0.342260
201 200 300.00 0.185363
201 354 300.00 0.119520
201 355 300.00 0.108107
202 199 300.00 0.022057
202 380 300.00 0.030193
202 381 300.00 0.173213
203 199 300.00 0.286953
203 145 300.00 0.107073
203 148 300.00 0.095673
204 205 300.00 0.068670
204 292 300.00 0.126757
204 174 300.00 0.177403
205 204 300.00 0.068670
205 176 300.00 0.137720
205 206 300.00 0.068530
205 207 300.00 0.520990
206 205 300.00 0.068530
206 158 300.00 0.128270
206 382 300.00 0.226817
207 205 300.00 0.520990
207 345 300.00 0.145580
207 384 300.00 0.054383
208 209 300.00 0.373620
208 266 300.00 0.035060
208 267 300.00 0.296517
209 208 300.00 0.373620
209 210 300.00 0.046337
210 446 300.00 0.234407
210 238 300.00 0.107233
211 212 300.00 0.043793
211 219 300.00 0.223453
211 409 300.00 0.064850
212 211 300.00 0.043793
212 213 300.00 0.136070
212 214 300.00 0.273057
213 212 300.00 0.136070
213 411 300.00 1.327067
213 413 300.00 0.118890
214 212 300.00 0.273057
214 416 300.00 0.235063
214 417 300.00 0.172333
215 216 300.00 0.032883
216 223 300.00 0.242763
216 217 300.00 0.339780
217 218 300.00 0.029407
218 215 300.00 0.206370
218 479 300.00 0.812477
219 211 300.00 0.223453
219 220 300.00 1.121563
219 221 300.00 0.583603
220 219 300.00 1.121563
220 423 300.00 0.542673
220 473 300.00 0.153970
221 219 300.00 0.583603
221 225 300.00 0.110140
222 223 300.00 0.640397
222 226 300.00 0.906320
222 227 300.00 0.409360
223 222 300.00 0.640397
223 224 300.00 0.992953
224 221 300.00 0.082700
224 225 300.00 0.090820
225 226 300.00 0.476313
226 222 300.00 0.906320
226 228 300.00 0.020270
227 222 300.00 0.409360
228 229 300.00 0.724003
228 230 300.00 0.790433
229 231 300.00 3.110930
229 217 300.00 2.584693
230 228 300.00 0.790433
231 229 300.00 3.110930
231 474 300.00 0.050137
232 233 300.00 0.572450
232 263 300.00 0.213120
232 117 300.00 0.414623
233 232 300.00 0.572450
233 234 300.00 0.427663
233 235 300.00 0.229970
233 236 300.00 1.015220
234 233 300.00 0.427663
234 264 300.00 0.230350
234 265 300.00 0.422227
235 233 300.00 0.229970
235 263 300.00 0.400873
235 264 300.00 0.423197
236 233 300.00 1.015220
236 241 300.00 0.420877
237 235 300.00 0.223380
237 2 300.00 0.437857
238 239 300.00 0.044697
239 240 300.00 1.013963
239 242 300.00 0.103103
240 236 300.00 0.405783
240 241 300.00 0.177883
241 251 300.00 0.108410
241 252 300.00 0.078620
242 243 300.00 0.083000
243 209 300.00 0.083073
243 267 300.00 0.480423
244 245 300.00 0.074847
244 246 300.00 0.170020
245 252 300.00 0.102007
245 251 300.00 0.081430
246 244 300.00 0.170020
246 441 300.00 0.328540
246 253 300.00 0.217070
247 244 300.00 0.101277
247 248 300.00 0.702130
248 254 300.00 0.158310
248 265 300.00 0.216107
249 250 300.00 0.074900
249 445 300.00 0.108407
249 443 300.00 0.244797
250 249 300.00 0.074900
251 247 300.00 0.079010
252 253 300.00 0.093687
253 246 300.00 0.217070
253 425 300.00 1.015470
254 248 300.00 0.158310
254 255 300.00 0.588860
255 244 300.00 0.282333
255 443 300.00 0.207150
256 257 300.00 0.029000
256 450 300.00 0.679077
256 451 300.00 0.077653
257 256 300.00 0.029000
257 258 300.00 0.124017
258 231 300.00 0.071287
258 474 300.00 0.056773
259 119 300.00 0.020090
259 468 300.00 0.253190
259 117 300.00 0.208157
260 1 300.00 0.265287
261 75 300.00 0.266057
261 0 300.00 0.301953
262 120 300.00 0.102570
263 235 300.00 0.400873
263 468 300.00 0.169443
263 232 300.00 0.213120
264 234 300.00 0.230350
265 234 300.00 0.422227
266 208 300.00 0.035060
266 470 300.00 0.137843
266 472 300.00 0.236347
267 243 300.00 0.480423
267 269 300.00 0.036070
268 269 300.00 0.191210
268 425 300.00 0.498187
268 426 300.00 0.192083
269 268 300.00 0.191210
269 270 300.00 0.042020
270 269 300.00 0.042020
270 422 300.00 0.136043
270 266 300.00 0.329510
271 110 300.00 0.080657
271 272 300.00 0.155373
271 273 300.00 0.330977
272 271 300.00 0.155373
272 274 300.00 0.255597
272 438 300.00 0.187750
272 275 300.00 0.475303
273 271 300.00 0.330977
273 452 300.00 0.111020
273 101 300.00 0.234833
273 453 300.00 0.080797
274 272 300.00 0.255597
274 275 300.00 0.246417
274 78 300.00 0.105307
274 57 300.00 0.256417
275 274 300.00 0.246417
275 272 300.00 0.475303
275 440 300.00 0.128610
276 153 300.00 0.303133
276 469 300.00 0.227853
277 278 300.00 0.025963
277 281 300.00 0.172560
277 289 300.00 0.122290
278 277 300.00 0.025963
278 279 300.00 0.126803
278 280 300.00 0.111320
279 278 300.00 0.126803
279 285 300.00 0.125993
279 154 300.00 0.246103
280 278 300.00 0.111320
280 287 300.00 0.117967
280 288 300.00 0.203987
281 181 300.00 0.135197
281 277 300.00 0.172560
281 288 300.00 0.114107
282 24 300.00 0.075927
282 285 300.00 0.139560
282 284 300.00 0.247153
283 24 300.00 0.243450
283 284 300.00 0.067163
284 283 300.00 0.067163
284 282 300.00 0.247153
284 286 300.00 0.142460
285 282 300.00 0.139560
285 279 300.00 0.125993
285 286 300.00 0.248190
286 284 300.00 0.142460
286 285 300.00 0.248190
286 154 300.00 0.136713
287 154 300.00 0.122103
287 288 300.00 0.301640
287 280 300.00 0.117967
288 287 300.00 0.301640
288 281 300.00 0.114107
288 280 300.00 0.203987
289 277 300.00 0.122290
290 160 300.00 0.060350
291 160 300.00 0.228020
292 128 300.00 0.177567
292 204 300.00 0.126757
292 125 300.00 0.174940
293 294 300.00 0.083283
293 305 300.00 0.127513
293 306 300.00 0.167043
294 293 300.00 0.083283
294 295 300.00 0.040053
294 296 300.00 0.134723
295 294 300.00 0.040053
295 308 300.00 0.125343
295 307 300.00 0.166860
296 294 300.00 0.134723
296 302 300.00 0.408987
296 127 300.00 0.136047
296 37 300.00 0.435977
297 151 300.00 0.413663
297 302 300.00 0.122643
297 300 300.00 0.350583
298 299 300.00 0.136437
298 305 300.00 0.164550
298 306 300.00 0.122417
299 298 300.00 0.136437
299 300 300.00 0.165870
299 301 300.00 0.365700
300 299 300.00 0.165870
300 297 300.00 0.350583
300 305 300.00 0.124523
300 447 300.00 0.698417
301 299 300.00 0.365700
301 476 300.00 0.138437
302 297 300.00 0.122643
302 303 300.00 0.143377
302 296 300.00 0.408987
303 302 300.00 0.143377
304 37 300.00 0.112453
304 175 300.00 0.053053
304 141 300.00 0.286120
305 300 300.00 0.124523
305 293 300.00 0.127513
305 298 300.00 0.164550
306 298 300.00 0.122417
306 293 300.00 0.167043
306 307 300.00 0.126017
307 306 300.00 0.126017
307 295 300.00 0.166860
307 309 300.00 0.123907
308 295 300.00 0.125343
308 310 300.00 0.124723
308 309 300.00 0.168203
309 307 300.00 0.123907
309 308 300.00 0.168203
309 311 300.00 0.125790
310 308 300.00 0.124723
310 33 300.00 0.121980
310 311 300.00 0.166657
311 309 300.00 0.125790
311 310 300.00 0.166657
311 189 300.00 0.122783
312 35 300.00 0.124773
312 314 300.00 0.127140
312 313 300.00 0.173970
313 188 300.00 0.126633
313 312 300.00 0.173970
313 315 300.00 0.124953
314 312 300.00 0.127140
314 316 300.00 0.131103
314 315 300.00 0.177030
315 313 300.00 0.124953
315 314 300.00 0.177030
315 317 300.00 0.134347
316 314 300.00 0.131103
316 318 300.00 0.019847
316 317 300.00 0.176770
317 315 300.00 0.134347
317 316 300.00 0.176770
317 319 300.00 0.130283
318 316 300.00 0.019847
318 320 300.00 0.111607
318 341 300.00 0.146667
319 317 300.00 0.130283
319 320 300.00 0.180127
319 322 300.00 0.127593
320 318 300.00 0.111607
320 321 300.00 0.121690
320 319 300.00 0.180127
321 320 300.00 0.121690
321 322 300.00 0.187453
321 324 300.00 0.147820
321 325 300.00 0.128737
322 319 300.00 0.127593
322 321 300.00 0.187453
322 323 300.00 0.144780
323 322 300.00 0.144780
323 331 300.00 0.104600
323 332 300.00 0.187330
324 321 300.00 0.147820
324 326 300.00 0.112940
324 341 300.00 0.231927
325 321 300.00 0.128737
325 330 300.00 0.119417
325 332 300.00 0.011053
326 324 300.00 0.112940
326 327 300.00 0.125050
326 328 300.00 0.262753
327 326 300.00 0.125050
327 329 300.00 0.034930
327 330 300.00 0.143210
328 326 300.00 0.262753
328 143 300.00 0.113417
328 341 300.00 0.103603
329 327 300.00 0.034930
329 337 300.00 0.192483
329 339 300.00 0.110040
330 327 300.00 0.143210
330 325 300.00 0.119417
330 336 300.00 0.228683
331 323 300.00 0.104600
331 333 300.00 0.188397
331 335 300.00 0.103560
332 323 300.00 0.187330
332 333 300.00 0.105473
332 325 300.00 0.011053
333 332 300.00 0.105473
333 334 300.00 0.108183
333 331 300.00 0.188397
334 333 300.00 0.108183
334 170 300.00 0.113783
334 335 300.00 0.190833
334 336 300.00 0.123390
335 331 300.00 0.103560
335 334 300.00 0.190833
335 140 300.00 0.112493
336 337 300.00 0.144493
336 334 300.00 0.123390
336 330 300.00 0.228683
336 340 300.00 0.120800
337 336 300.00 0.144493
337 338 300.00 0.126023
337 329 300.00 0.192483
338 337 300.00 0.126023
338 137 300.00 0.117387
338 340 300.00 0.150967
339 137 300.00 0.319463
339 143 300.00 0.448880
339 347 300.00 0.106320
339 329 300.00 0.110040
340 336 300.00 0.120800
340 170 300.00 0.126057
340 338 300.00 0.150967
341 328 300.00 0.103603
341 324 300.00 0.231927
341 342 300.00 0.268563
341 318 300.00 0.146667
342 341 300.00 0.268563
343 143 300.00 0.085107
343 346 300.00 0.023877
343 347 300.00 0.458923
344 345 300.00 0.048330
344 20 300.00 0.436297
344 383 300.00 0.055253
345 344 300.00 0.048330
345 207 300.00 0.145580
345 346 300.00 0.122600
346 345 300.00 0.122600
346 343 300.00 0.023877
346 176 300.00 0.642957
347 343 300.00 0.458923
347 339 300.00 0.106320
347 20 300.00 0.123167
347 348 300.00 0.417390
348 347 300.00 0.417390
348 18 300.00 0.120117
348 136 300.00 0.021353
349 12 300.00 0.125707
349 182 300.00 0.197133
349 350 300.00 0.124190
350 349 300.00 0.124190
350 352 300.00 0.122187
350 351 300.00 0.195697
351 182 300.00 0.128707
351 350 300.00 0.195697
351 353 300.00 0.128063
352 350 300.00 0.122187
352 353 300.00 0.195103
352 196 300.00 0.130717
352 187 300.00 0.126720
353 351 300.00 0.128063
353 352 300.00 0.195103
353 358 300.00 0.124373
354 201 300.00 0.119520
354 357 300.00 0.190130
354 360 300.00 0.118900
355 201 300.00 0.108107
355 362 300.00 0.095273
355 190 300.00 0.327207
356 357 300.00 0.015160
356 169 300.00 0.100167
356 359 300.00 0.106277
357 356 300.00 0.015160
357 354 300.00 0.190130
357 190 300.00 0.106050
358 353 300.00 0.124373
358 196 300.00 0.189840
358 363 300.00 0.120650
359 356 300.00 0.106277
359 360 300.00 0.182273
359 198 300.00 0.125823
360 354 300.00 0.118900
360 194 300.00 0.128627
360 359 300.00 0.182273
361 194 300.00 0.109327
361 198 300.00 0.080777
361 192 300.00 0.141993
362 355 300.00 0.095273
362 376 300.00 0.110870
362 145 300.00 0.053457
362 49 300.00 0.370920
363 358 300.00 0.120650
363 197 300.00 0.190130
363 365 300.00 0.122357
364 197 300.00 0.124297
364 366 300.00 0.117913
364 365 300.00 0.192133
365 363 300.00 0.122357
365 364 300.00 0.192133
365 367 300.00 0.124080
366 364 300.00 0.117913
366 368 300.00 0.054007
366 367 300.00 0.185633
367 365 300.00 0.124080
367 366 300.00 0.185633
367 369 300.00 0.118930
368 366 300.00 0.054007
368 29 300.00 0.072410
368 377 300.00 0.131260
369 367 300.00 0.118930
369 370 300.00 0.119920
369 32 300.00 0.207240
370 29 300.00 0.065400
370 369 300.00 0.119920
370 371 300.00 0.154127
371 370 300.00 0.154127
372 31 300.00 0.214997
373 164 300.00 0.231173
374 165 300.00 0.115803
374 191 300.00 0.374973
374 51 300.00 0.110870
374 375 300.00 0.143190
375 163 300.00 0.127583
375 51 300.00 0.253373
375 374 300.00 0.143190
376 191 300.00 0.122097
376 362 300.00 0.110870
376 51 300.00 0.374627
377 171 300.00 0.213027
377 368 300.00 0.131260
377 173 300.00 0.125820
378 173 300.00 0.121747
379 150 300.00 0.356637
379 52 300.00 0.365967
380 202 300.00 0.030193
380 386 300.00 0.267610
380 387 300.00 0.176083
381 202 300.00 0.173213
381 21 300.00 0.163530
381 484 300.00 0.237313
382 206 300.00 0.226817
382 385 300.00 0.156013
382 403 300.00 0.181290
383 344 300.00 0.055253
383 384 300.00 0.195557
383 157 300.00 0.162240
384 383 300.00 0.195557
384 385 300.00 0.155347
384 207 300.00 0.054383
385 384 300.00 0.155347
385 382 300.00 0.156013
385 402 300.00 0.208233
386 380 300.00 0.267610
386 390 300.00 0.164703
386 179 300.00 0.160527
387 380 300.00 0.176083
387 390 300.00 0.289360
387 388 300.00 0.108093
388 148 300.00 0.015593
388 389 300.00 0.318517
388 387 300.00 0.108093
389 147 300.00 0.169633
389 390 300.00 0.142213
389 388 300.00 0.318517
390 386 300.00 0.164703
390 389 300.00 0.142213
390 387 300.00 0.289360
391 179 300.00 0.038050
392 157 300.00 0.162033
392 393 300.00 0.179090
392 394 300.00 0.207370
393 392 300.00 0.179090
393 185 300.00 0.014313
393 396 300.00 0.018750
394 392 300.00 0.207370
395 185 300.00 0.036600
396 393 300.00 0.018750
397 398 300.00 0.260760
397 183 300.00 0.077273
397 401 300.00 0.104357
398 397 300.00 0.260760
399 183 300.00 0.189067
400 183 300.00 0.167300
400 402 300.00 0.249880
400 161 300.00 0.115873
400 404 300.00 0.228227
401 397 300.00 0.104357
402 385 300.00 0.208233
402 400 300.00 0.249880
402 403 300.00 0.096377
403 402 300.00 0.096377
403 161 300.00 0.214077
403 382 300.00 0.181290
404 400 300.00 0.228227
404 43 300.00 0.114460
404 161 300.00 0.125960
405 399 300.00 0.257893
406 158 300.00 0.093380
407 42 300.00 0.143077
408 407 300.00 0.237287
409 211 300.00 0.064850
410 411 300.00 0.621063
411 410 300.00 0.621063
411 412 300.00 0.293600
411 213 300.00 1.327067
412 411 300.00 0.293600
413 213 300.00 0.118890
413 414 300.00 0.065060
413 415 300.00 0.170467
414 413 300.00 0.065060
415 413 300.00 0.170467
416 214 300.00 0.235063
416 420 300.00 0.173397
416 423 300.00 0.283603
417 214 300.00 0.172333
417 418 300.00 0.164530
417 419 300.00 0.295307
418 417 300.00 0.164530
418 420 300.00 0.076273
418 419 300.00 0.143660
419 417 300.00 0.295307
419 421 300.00 0.077527
419 418 300.00 0.143660
420 418 300.00 0.076273
420 416 300.00 0.173397
420 421 300.00 0.141000
421 420 300.00 0.141000
421 419 300.00 0.077527
421 422 300.00 0.793447
422 421 300.00 0.793447
422 270 300.00 0.136043
422 470 300.00 0.329403
423 416 300.00 0.283603
423 424 300.00 0.071270
423 220 300.00 0.542673
424 423 300.00 0.071270
424 470 300.00 0.332760
424 471 300.00 0.451300
425 242 300.00 0.065803
425 268 300.00 0.498187
426 268 300.00 0.192083
427 111 300.00 0.114747
427 91 300.00 0.175573
427 428 300.00 0.087950
428 427 300.00 0.087950
428 94 300.00 0.104920
428 93 300.00 0.167770
429 95 300.00 0.176777
429 80 300.00 0.102850
429 432 300.00 0.109450
430 95 300.00 0.118433
430 82 300.00 0.100940
430 431 300.00 0.067430
431 430 300.00 0.067430
432 429 300.00 0.109450
433 83 300.00 0.196017
434 68 300.00 0.226810
435 436 300.00 0.087123
435 437 300.00 0.096527
435 67 300.00 0.141970
436 435 300.00 0.087123
437 435 300.00 0.096527
438 121 300.00 0.291083
438 439 300.00 0.110697
438 272 300.00 0.187750
439 57 300.00 0.137417
439 55 300.00 0.212947
439 438 300.00 0.110697
440 275 300.00 0.128610
441 246 300.00 0.328540
441 442 300.00 0.101397
441 443 300.00 0.164297
442 441 300.00 0.101397
442 445 300.00 0.144623
442 444 300.00 0.119517
443 441 300.00 0.164297
443 255 300.00 0.207150
443 249 300.00 0.244797
444 445 300.00 0.072653
444 442 300.00 0.119517
444 477 300.00 0.101957
445 444 300.00 0.072653
445 442 300.00 0.144623
445 249 300.00 0.108407
446 479 300.00 0.045640
446 215 300.00 0.826253
447 300 300.00 0.698417
447 27 300.00 0.671737
447 451 300.00 0.078390
448 9 300.00 0.645160
448 455 300.00 0.084193
448 456 300.00 0.298807
448 457 300.00 0.132310
449 27 300.00 0.078180
449 450 300.00 0.087043
449 451 300.00 0.674517
449 104 300.00 0.536997
450 449 300.00 0.087043
450 256 300.00 0.679077
450 7 300.00 0.294630
451 447 300.00 0.078390
451 256 300.00 0.077653
451 449 300.00 0.674517
452 273 300.00 0.111020
453 273 300.00 0.080797
453 454 300.00 0.016410
453 110 300.00 0.313763
454 453 300.00 0.016410
454 466 300.00 0.147110
455 448 300.00 0.084193
455 459 300.00 0.454600
455 460 300.00 0.252170
456 448 300.00 0.298807
456 461 300.00 0.127803
456 460 300.00 0.078747
457 448 300.00 0.132310
457 461 300.00 0.317647
458 459 300.00 0.214790
458 71 300.00 0.059457
459 458 300.00 0.214790
459 455 300.00 0.454600
459 460 300.00 0.428783
460 459 300.00 0.428783
460 456 300.00 0.078747
460 455 300.00 0.252170
461 457 300.00 0.317647
461 456 300.00 0.127803
462 72 300.00 0.235303
463 72 300.00 0.939603
463 467 300.00 0.266260
463 107 300.00 0.094573
464 101 300.00 0.382747
464 465 300.00 0.788387
464 109 300.00 0.163303
465 464 300.00 0.788387
465 114 300.00 0.299067
465 70 300.00 0.075973
465 458 300.00 0.091720
466 454 300.00 0.147110
466 109 300.00 0.151870
467 107 300.00 0.240987
467 463 300.00 0.266260
468 2 300.00 0.206857
468 263 300.00 0.169443
468 259 300.00 0.253190
469 276 300.00 0.227853
470 424 300.00 0.332760
470 266 300.00 0.137843
470 422 300.00 0.329403
471 424 300.00 0.451300
471 472 300.00 0.067013
471 473 300.00 0.137403
472 471 300.00 0.067013
472 208 300.00 0.246037
472 473 300.00 0.047983
473 472 300.00 0.047983
473 471 300.00 0.137403
473 220 300.00 0.153970
474 301 300.00 0.124343
474 476 300.00 0.044610
475 258 300.00 0.047360
475 257 300.00 0.117177
476 475 300.00 0.039610
477 444 300.00 0.101957
478 114 300.00 0.113507
479 238 300.00 0.241920
480 49 300.00 0.417450
480 379 300.00 0.234497
481 44 300.00 0.073230
482 83 300.00 0.223377
483 70 300.00 0.381030
484 381 300.00 0.237313
