0 4 2796.00 2.047350
0 152 1371.00 2.007933
0 36 1405.00 2.059017
1 107 671.00 0.983967
1 103 677.00 0.992633
1 104 932.00 1.366083
2 37 114.00 0.083833
2 6 3738.00 2.737567
2 99 274.00 0.402033
3 152 1417.00 2.076183
3 8 1151.00 1.687050
3 99 1381.00 2.023500
3 4 1379.00 2.020267
4 3 1379.00 2.020267
4 9 2357.00 1.726550
4 38 1400.00 2.051117
5 10 1179.00 1.726867
5 107 740.00 1.084300
5 38 1407.00 2.061000
5 108 2055.00 3.010883
6 2 3738.00 2.737567
6 7 1213.00 1.777167
6 11 627.00 0.459333
7 6 1213.00 1.777167
7 8 1405.00 2.058717
7 14 1171.00 1.715500
7 99 1151.00 1.685850
8 3 1151.00 1.687050
8 7 1405.00 2.058717
8 15 1167.00 1.709867
8 9 1386.00 2.030250
9 8 1386.00 2.030250
9 39 1396.00 2.044483
9 16 2326.00 1.703750
10 5 1179.00 1.726867
10 110 921.00 1.349683
10 39 1409.00 2.063917
10 95 2520.00 3.691200
11 6 627.00 0.459333
11 91 367.00 0.268867
11 13 934.00 1.367967
12 13 814.00 1.192600
12 91 2094.00 1.533900
12 41 2791.00 2.043700
13 11 934.00 1.367967
13 12 814.00 1.192600
13 14 1420.00 2.079933
13 20 1173.00 1.718400
14 7 1171.00 1.715500
14 13 1420.00 2.079933
14 21 1170.00 1.713767
14 15 1392.00 2.038850
15 8 1167.00 1.709867
15 14 1392.00 2.038850
15 22 1173.00 1.718767
15 16 1393.00 2.040317
16 15 1393.00 2.040317
16 40 1391.00 2.037750
16 23 2353.00 1.723033
17 112 208.00 0.305617
17 110 233.00 0.342517
17 95 1379.00 2.020150
17 40 1411.00 2.066617
18 19 462.00 0.676667
18 41 214.00 0.157417
18 43 2941.00 2.153733
19 18 462.00 0.676667
19 44 1128.00 1.652133
19 20 1344.00 1.969117
20 13 1173.00 1.718400
20 19 1344.00 1.969117
20 46 1144.00 1.675717
20 21 1395.00 2.043833
21 14 1170.00 1.713767
21 20 1395.00 2.043833
21 45 1145.00 1.677767
21 22 1406.00 2.059067
22 15 1173.00 1.718767
22 21 1406.00 2.059067
22 23 1400.00 2.050683
22 47 1117.00 1.635867
23 22 1400.00 2.050683
23 48 2329.00 1.705417
23 42 1391.00 2.038200
24 51 1174.00 1.719567
24 112 941.00 1.378867
24 96 1396.00 2.045383
24 42 1388.00 2.033233
25 142 905.00 1.326683
25 51 1146.00 1.678283
25 60 1358.00 1.989500
25 59 1407.00 2.061333
26 87 1447.00 2.119383
26 155 1849.00 2.708283
26 79 1157.00 1.695383
27 81 1131.00 1.657333
27 118 381.00 0.559317
27 121 489.00 0.717367
27 28 1394.00 2.041500
28 27 1394.00 2.041500
28 147 873.00 1.278817
28 90 1194.00 1.748700
28 82 1145.00 1.677983
29 83 1151.00 1.686667
29 147 530.00 0.777117
29 139 584.00 0.856683
29 33 1196.00 1.751667
30 84 1156.00 1.694283
30 139 794.00 1.163983
30 31 1439.00 2.108550
31 30 1439.00 2.108550
31 124 2374.00 1.738417
31 88 1361.00 1.993300
32 118 826.00 1.209967
32 123 670.00 0.981317
32 119 924.00 1.353650
32 146 792.00 1.160033
33 29 1196.00 1.751667
33 90 1409.00 2.064600
33 124 2893.00 4.238067
34 98 2934.00 2.148933
35 37 3560.00 2.607167
35 97 281.00 0.412583
35 98 687.00 0.503300
36 0 1405.00 2.059017
36 100 1303.00 1.909100
36 104 472.00 0.691267
37 2 114.00 0.083833
37 35 3560.00 2.607167
38 4 1400.00 2.051117
38 5 1407.00 2.061000
38 36 1409.00 2.064700
39 9 1396.00 2.044483
39 10 1409.00 2.063917
39 38 1174.00 1.719567
40 16 1391.00 2.037750
40 17 1411.00 2.066617
40 109 233.00 0.342167
41 12 2791.00 2.043700
41 18 214.00 0.157417
42 23 1391.00 2.038200
42 24 1388.00 2.033233
42 111 909.00 1.331517
43 18 2941.00 2.153733
43 153 264.00 0.193350
43 44 1410.00 2.066133
44 19 1128.00 1.652133
44 43 1410.00 2.066133
44 116 621.00 0.910750
44 46 1353.00 1.981483
45 21 1145.00 1.677767
45 141 429.00 0.629200
45 47 1409.00 2.063467
45 46 1392.00 2.038917
46 20 1144.00 1.675717
46 44 1353.00 1.981483
46 45 1392.00 2.038917
46 113 427.00 0.626700
47 22 1117.00 1.635867
47 45 1409.00 2.063467
47 57 1175.00 1.721183
47 48 1408.00 2.062267
48 47 1408.00 2.062267
48 58 2253.00 1.650433
48 50 1382.00 2.024417
49 51 1378.00 2.019150
49 96 1160.00 1.699683
49 60 1165.00 1.706783
50 48 1382.00 2.024417
50 42 1172.00 1.717433
50 51 1415.00 2.072550
51 24 1174.00 1.719567
51 25 1146.00 1.678283
51 49 1378.00 2.019150
51 50 1415.00 2.072550
52 153 2782.00 2.037583
52 53 1001.00 1.466783
53 52 1001.00 1.466783
53 54 1379.00 2.020283
53 62 1793.00 1.313083
53 115 1101.00 0.806533
54 53 1379.00 2.020283
54 116 544.00 0.797233
54 63 879.00 1.288383
54 55 1372.00 2.009583
55 54 1372.00 2.009583
55 113 727.00 1.065133
55 64 905.00 1.325467
55 56 1409.00 2.064450
56 55 1409.00 2.064450
56 141 736.00 1.079217
56 65 894.00 1.310650
56 57 1388.00 2.032767
57 47 1175.00 1.721183
57 56 1388.00 2.032767
57 66 914.00 1.338550
57 58 1394.00 2.042117
58 57 1394.00 2.042117
58 59 1406.00 2.060433
58 67 1796.00 1.315133
59 25 1407.00 2.061333
59 58 1406.00 2.060433
59 50 1145.00 1.676983
60 25 1358.00 1.989500
60 49 1165.00 1.706783
60 69 908.00 1.329900
61 62 1403.00 2.054683
62 53 1793.00 1.313083
62 61 1403.00 2.054683
62 63 1396.00 2.045433
62 71 2236.00 1.637567
63 54 879.00 1.288383
63 62 1396.00 2.045433
63 72 1148.00 1.681383
63 64 1391.00 2.037267
64 55 905.00 1.325467
64 63 1391.00 2.037267
64 73 1138.00 1.667533
64 65 1409.00 2.063583
65 56 894.00 1.310650
65 64 1409.00 2.063583
65 74 1152.00 1.687450
65 66 1386.00 2.030733
66 57 914.00 1.338550
66 65 1386.00 2.030733
66 75 1154.00 1.691317
66 67 1390.00 2.036550
67 66 1390.00 2.036550
67 76 2318.00 1.697583
67 68 1409.00 2.064367
68 67 1409.00 2.064367
68 142 1412.00 2.067867
68 59 913.00 1.337133
69 60 908.00 1.329900
69 142 1391.00 2.037350
69 78 1154.00 1.690733
70 71 1441.00 2.111550
70 61 3325.00 1.623167
70 93 1235.00 1.809800
71 62 2236.00 1.637567
71 70 1441.00 2.111550
71 80 2339.00 1.712767
71 150 788.00 1.155300
72 63 1148.00 1.681383
72 81 1170.00 1.713600
72 150 611.00 0.895500
72 73 1402.00 2.053833
73 64 1138.00 1.667533
73 72 1402.00 2.053833
73 74 1389.00 2.035500
73 82 1159.00 1.697317
74 65 1152.00 1.687450
74 73 1389.00 2.035500
74 83 1152.00 1.688300
74 75 1376.00 2.015550
75 66 1154.00 1.691317
75 74 1376.00 2.015550
75 76 1407.00 2.060633
75 84 1149.00 1.683333
76 75 1407.00 2.060633
76 85 2347.00 1.718600
76 77 1388.00 2.034083
77 76 1388.00 2.034083
77 68 1146.00 1.678783
77 117 1411.00 2.067550
78 69 1154.00 1.690733
78 117 1390.00 2.036067
78 126 1155.00 1.692750
79 70 3574.00 1.744800
79 94 1440.00 2.108883
79 80 1451.00 2.125267
80 71 2339.00 1.712767
80 79 1451.00 2.125267
80 120 994.00 0.728133
80 149 799.00 1.170467
81 27 1131.00 1.657333
81 72 1170.00 1.713600
81 82 1402.00 2.053183
81 149 589.00 0.863050
82 28 1145.00 1.677983
82 73 1159.00 1.697317
82 81 1402.00 2.053183
82 83 1414.00 2.071700
83 29 1151.00 1.686667
83 74 1152.00 1.688300
83 82 1414.00 2.071700
83 84 1368.00 2.004033
84 30 1156.00 1.694283
84 75 1149.00 1.683333
84 83 1368.00 2.004033
84 136 814.00 1.193133
85 31 2284.00 1.672967
85 86 1365.00 1.999517
85 136 618.00 0.905767
86 85 1365.00 1.999517
86 77 1155.00 1.691750
86 143 1422.00 2.083467
87 26 1447.00 2.119383
87 89 2346.00 1.717900
87 120 1308.00 0.958367
87 122 721.00 1.056350
88 31 1361.00 1.993300
88 128 274.00 0.402433
89 87 2346.00 1.717900
89 123 698.00 1.022667
89 92 1553.00 2.275700
90 28 1194.00 1.748700
90 33 1409.00 2.064600
90 119 485.00 0.711050
91 11 367.00 0.268867
91 12 2094.00 1.533900
92 89 1553.00 2.275700
92 26 2212.00 1.080217
93 70 1235.00 1.809800
93 151 685.00 0.502100
94 79 1440.00 2.108883
94 155 714.00 1.045833
94 151 968.00 1.417783
95 10 2520.00 3.691200
95 17 1379.00 2.020150
95 96 1145.00 1.677133
96 24 1396.00 2.045383
96 49 1160.00 1.699683
96 95 1145.00 1.677133
97 35 281.00 0.412583
97 98 432.00 0.633383
97 152 105.00 0.154133
98 34 2934.00 2.148933
98 35 687.00 0.503300
98 97 432.00 0.633383
99 2 274.00 0.402033
99 3 1381.00 2.023500
99 7 1151.00 1.685850
100 101 1402.00 2.054150
101 103 629.00 0.922333
102 103 650.00 0.952567
103 1 677.00 0.992633
103 101 629.00 0.922333
103 102 650.00 0.952567
104 1 932.00 1.366083
104 36 472.00 0.691267
104 105 1090.00 1.597267
105 104 1090.00 1.597267
106 107 666.00 0.975683
107 1 671.00 0.983967
107 5 740.00 1.084300
107 106 666.00 0.975683
108 5 2055.00 3.010883
109 39 925.00 1.355883
109 110 1410.00 2.066050
110 10 921.00 1.349683
110 17 233.00 0.342517
110 109 1410.00 2.066050
111 40 233.00 0.342167
111 112 1411.00 2.067367
112 17 208.00 0.305617
112 24 941.00 1.378867
112 111 1411.00 2.067367
113 46 427.00 0.626700
113 55 727.00 1.065133
113 141 1403.00 2.055283
114 141 598.00 0.876600
115 53 1101.00 0.806533
115 116 1396.00 2.044783
115 153 1145.00 0.838500
116 44 621.00 0.910750
116 54 544.00 0.797233
116 115 1396.00 2.044783
117 77 1411.00 2.067550
117 78 1390.00 2.036067
117 143 1152.00 1.688250
117 142 1159.00 1.698467
118 27 381.00 0.559317
118 32 826.00 1.209967
118 119 1267.00 1.855667
119 32 924.00 1.353650
119 90 485.00 0.711050
119 118 1267.00 1.855667
120 80 994.00 0.728133
120 87 1308.00 0.958367
120 121 1108.00 1.623750
121 27 489.00 0.717367
121 120 1108.00 1.623750
121 122 205.00 0.301067
122 87 721.00 1.056350
122 121 205.00 0.301067
122 123 1214.00 1.778800
123 32 670.00 0.981317
123 89 698.00 1.022667
123 122 1214.00 1.778800
124 33 2893.00 4.238067
124 125 1356.00 1.986367
124 144 5618.00 8.227900
125 124 1356.00 1.986367
125 130 903.00 1.323233
125 127 1426.00 2.089100
126 78 1155.00 1.692750
126 143 1381.00 2.022950
126 133 1169.00 1.713117
127 125 1426.00 2.089100
127 131 891.00 1.305917
127 145 1368.00 2.004333
128 135 337.00 0.493867
128 129 1424.00 2.085433
129 128 1424.00 2.085433
129 132 282.00 0.414100
129 143 881.00 1.290883
130 88 275.00 0.403933
130 131 1424.00 2.086817
131 127 891.00 1.305917
131 130 1424.00 2.086817
131 132 269.00 0.395183
132 129 282.00 0.414100
132 131 269.00 0.395183
132 133 1357.00 1.987783
133 126 1169.00 1.713117
133 132 1357.00 1.987783
133 145 1160.00 1.699517
134 135 1037.00 1.519650
135 134 1037.00 1.519650
135 86 574.00 0.841983
136 84 814.00 1.193133
136 85 618.00 0.905767
136 154 132.00 0.193850
137 138 760.00 1.113817
138 137 760.00 1.113817
138 140 1209.00 1.771050
138 139 1032.00 1.512500
139 29 584.00 0.856683
139 30 794.00 1.163983
139 138 1032.00 1.512500
140 138 1209.00 1.771050
141 45 429.00 0.629200
141 56 736.00 1.079217
141 113 1403.00 2.055283
141 114 598.00 0.876600
142 25 905.00 1.326683
142 68 1412.00 2.067867
142 69 1391.00 2.037350
142 117 1159.00 1.698467
143 86 1422.00 2.083467
143 117 1152.00 1.688250
143 126 1381.00 2.022950
143 129 881.00 1.290883
144 124 5618.00 8.227900
144 145 4402.00 6.446983
145 127 1368.00 2.004333
145 133 1160.00 1.699517
145 144 4402.00 6.446983
146 32 792.00 1.160033
147 28 873.00 1.278817
147 29 530.00 0.777117
147 148 573.00 0.840583
148 147 573.00 0.840583
149 80 799.00 1.170467
149 81 589.00 0.863050
149 150 1179.00 1.727000
150 71 788.00 1.155300
150 72 611.00 0.895500
150 149 1179.00 1.727000
151 94 968.00 1.417783
152 0 1371.00 2.007933
152 3 1417.00 2.076183
152 97 105.00 0.154133
153 43 264.00 0.193350
153 52 2782.00 2.037583
153 115 1145.00 0.838500
154 136 132.00 0.193850
155 26 1849.00 2.708283
155 94 714.00 1.045833
155 156 817.00 1.197167
156 155 817.00 1.197167
