0 52 300.00 0.418803
0 35 300.00 0.229990
0 54 300.00 0.419847
1 45 300.00 0.411840
1 56 300.00 0.166447
2 49 300.00 0.236003
2 52 300.00 0.404100
2 37 300.00 0.400933
3 4 300.00 0.188447
3 14 300.00 0.066520
3 17 300.00 0.407627
4 3 300.00 0.188447
4 5 300.00 0.399313
4 6 300.00 0.413767
5 4 300.00 0.399313
5 8 300.00 0.410960
5 26 300.00 0.209977
5 17 300.00 0.185780
6 4 300.00 0.413767
6 24 300.00 0.397643
7 8 300.00 0.410313
7 11 300.00 0.267380
7 12 300.00 0.261830
7 13 300.00 0.416927
8 7 300.00 0.410313
8 5 300.00 0.410960
8 9 300.00 0.383000
8 10 300.00 0.269930
9 8 300.00 0.383000
9 22 300.00 0.266777
9 24 300.00 0.414037
9 27 300.00 0.218673
10 8 300.00 0.269930
10 15 300.00 0.403343
10 12 300.00 0.415967
10 19 300.00 0.291910
11 7 300.00 0.267380
11 44 300.00 0.099743
11 27 300.00 0.286903
12 7 300.00 0.261830
12 10 300.00 0.415967
12 20 300.00 0.294483
12 21 300.00 0.410287
13 7 300.00 0.416927
13 55 300.00 0.411210
13 53 300.00 0.182800
13 21 300.00 0.262623
14 3 300.00 0.066520
14 15 300.00 0.404623
14 16 300.00 0.328153
15 14 300.00 0.404623
15 17 300.00 0.082173
15 18 300.00 0.297363
15 10 300.00 0.403343
16 14 300.00 0.328153
16 28 300.00 0.199070
16 29 300.00 0.154367
17 15 300.00 0.082173
17 5 300.00 0.185780
17 3 300.00 0.407627
18 15 300.00 0.297363
18 46 300.00 0.273090
18 28 300.00 0.189220
18 47 300.00 0.170210
19 10 300.00 0.291910
19 20 300.00 0.408687
19 46 300.00 0.154213
19 34 300.00 0.175470
20 12 300.00 0.294483
20 30 300.00 0.409430
20 19 300.00 0.408687
20 31 300.00 0.175790
21 12 300.00 0.410287
21 30 300.00 0.291773
21 13 300.00 0.262623
21 43 300.00 0.414893
22 23 300.00 0.412843
22 25 300.00 0.407433
22 9 300.00 0.266777
23 22 300.00 0.412843
23 24 300.00 0.269540
24 23 300.00 0.269540
24 6 300.00 0.397643
24 26 300.00 0.192237
24 9 300.00 0.414037
25 22 300.00 0.407433
25 44 300.00 0.267830
26 24 300.00 0.192237
26 5 300.00 0.209977
27 9 300.00 0.218673
27 44 300.00 0.190347
27 11 300.00 0.286903
28 16 300.00 0.199070
28 18 300.00 0.189220
29 16 300.00 0.154367
29 32 300.00 0.097713
29 33 300.00 0.226260
30 20 300.00 0.409430
30 42 300.00 0.412127
30 21 300.00 0.291773
31 20 300.00 0.175790
31 34 300.00 0.415050
31 35 300.00 0.239940
32 29 300.00 0.097713
32 36 300.00 0.229017
32 58 300.00 0.094170
33 29 300.00 0.226260
33 36 300.00 0.110210
33 37 300.00 0.241167
34 31 300.00 0.415050
34 47 300.00 0.416853
34 19 300.00 0.175470
34 50 300.00 0.237573
35 31 300.00 0.239940
35 50 300.00 0.413547
35 41 300.00 0.408350
35 0 300.00 0.229990
36 33 300.00 0.110210
36 57 300.00 0.094797
36 32 300.00 0.229017
37 33 300.00 0.241167
37 2 300.00 0.400933
38 39 300.00 0.216500
38 41 300.00 0.413147
39 40 300.00 0.067387
39 38 300.00 0.216500
40 39 300.00 0.067387
40 54 300.00 0.341167
41 38 300.00 0.413147
41 35 300.00 0.408350
41 54 300.00 0.227180
42 30 300.00 0.412127
42 43 300.00 0.292557
43 21 300.00 0.414893
43 55 300.00 0.267500
43 42 300.00 0.292557
44 25 300.00 0.267830
44 27 300.00 0.190347
44 11 300.00 0.099743
44 45 300.00 0.414223
45 44 300.00 0.414223
45 53 300.00 0.169070
45 1 300.00 0.411840
46 18 300.00 0.273090
46 19 300.00 0.154213
47 18 300.00 0.170210
47 34 300.00 0.416853
47 48 300.00 0.110623
47 49 300.00 0.234880
48 47 300.00 0.110623
48 58 300.00 0.094333
48 51 300.00 0.229670
49 47 300.00 0.234880
49 50 300.00 0.408600
49 51 300.00 0.101397
49 2 300.00 0.236003
50 49 300.00 0.408600
50 34 300.00 0.237573
50 35 300.00 0.413547
50 52 300.00 0.234460
51 49 300.00 0.101397
51 57 300.00 0.094987
51 48 300.00 0.229670
52 50 300.00 0.234460
52 0 300.00 0.418803
52 2 300.00 0.404100
53 45 300.00 0.169070
53 13 300.00 0.182800
53 56 300.00 0.411470
54 0 300.00 0.419847
54 40 300.00 0.341167
54 41 300.00 0.227180
55 13 300.00 0.411210
55 56 300.00 0.166227
55 43 300.00 0.267500
56 1 300.00 0.166447
56 55 300.00 0.166227
56 53 300.00 0.411470
57 36 300.00 0.094797
57 51 300.00 0.094987
57 58 300.00 0.229763
58 32 300.00 0.094170
58 57 300.00 0.229763
58 48 300.00 0.094333
