0 1 300.00 0.059957
0 2 300.00 0.391193
1 131 300.00 0.056597
2 129 300.00 0.366970
2 104 300.00 0.401787
3 0 300.00 0.021697
3 4 300.00 0.194280
4 119 300.00 0.170930
4 107 300.00 0.257827
5 6 300.00 0.219583
6 242 300.00 0.505253
6 275 300.00 0.210887
7 102 300.00 0.374023
8 135 300.00 0.376063
8 235 300.00 0.382517
8 136 300.00 0.385360
9 10 300.00 0.024990
9 11 300.00 0.256437
10 12 300.00 0.204547
11 88 300.00 0.024827
11 87 300.00 0.256580
12 25 300.00 0.207463
13 14 300.00 0.412547
13 15 300.00 0.552063
14 16 300.00 0.412860
14 31 300.00 0.550187
15 46 300.00 0.207500
16 17 300.00 0.412983
16 18 300.00 0.540807
17 80 300.00 0.213270
17 50 300.00 0.420453
18 70 300.00 0.188277
18 71 300.00 0.341680
19 20 300.00 0.427917
19 21 300.00 0.223410
20 115 300.00 0.227303
20 22 300.00 0.420630
21 242 300.00 0.192727
21 111 300.00 0.275280
21 5 300.00 0.431353
22 23 300.00 0.226153
22 24 300.00 0.416930
23 118 300.00 0.332177
23 115 300.00 0.421683
24 158 300.00 0.187830
24 279 300.00 0.026660
25 26 300.00 0.205583
25 27 300.00 0.259570
26 13 300.00 0.204947
27 89 300.00 0.254480
27 90 300.00 0.415870
28 29 300.00 0.419787
29 68 300.00 0.239040
29 69 300.00 0.421670
30 31 300.00 0.409537
30 16 300.00 0.553520
31 15 300.00 0.411573
32 25 300.00 0.550267
33 34 300.00 0.274223
33 9 300.00 0.390300
34 120 300.00 0.411890
35 122 300.00 0.111270
35 37 300.00 0.207250
36 51 300.00 0.550637
36 52 300.00 0.208533
37 38 300.00 0.114433
37 39 300.00 0.155190
38 122 300.00 0.213820
39 74 300.00 0.263617
39 75 300.00 0.213487
40 41 300.00 0.413180
41 47 300.00 0.511663
41 48 300.00 0.231367
42 43 300.00 0.821573
42 44 300.00 0.399860
42 45 300.00 0.222320
43 40 300.00 0.325560
44 42 300.00 0.399860
44 49 300.00 0.399590
45 42 300.00 0.222320
45 83 300.00 0.206540
46 32 300.00 0.202717
46 26 300.00 0.549760
47 126 300.00 0.425413
47 73 300.00 0.404687
48 76 300.00 0.210527
49 156 300.00 0.334520
50 51 300.00 0.207247
50 52 300.00 0.548667
51 37 300.00 0.201957
51 36 300.00 0.550637
52 53 300.00 0.216637
53 247 300.00 0.177360
53 54 300.00 0.199500
54 30 300.00 0.416013
55 56 300.00 0.379580
55 57 300.00 0.391037
56 142 300.00 0.374353
56 144 300.00 0.380527
57 58 300.00 0.270640
57 59 300.00 0.378907
58 136 300.00 0.376963
58 135 300.00 0.377433
59 60 300.00 0.411280
59 61 300.00 0.530263
60 62 300.00 0.327060
60 63 300.00 0.389327
61 130 300.00 0.380847
61 104 300.00 0.368830
62 91 300.00 0.414720
62 92 300.00 0.261717
63 64 300.00 0.022143
63 65 300.00 0.330967
64 66 300.00 0.298043
64 67 300.00 0.261517
65 112 300.00 0.259843
65 113 300.00 0.383073
66 87 300.00 0.023050
66 88 300.00 0.255907
67 110 300.00 0.302930
67 28 300.00 0.147527
68 90 300.00 0.252397
68 89 300.00 0.414380
69 14 300.00 0.647383
69 18 300.00 0.425310
70 72 300.00 0.242050
70 277 300.00 0.209090
71 117 300.00 0.328540
71 116 300.00 0.432087
72 73 300.00 0.441410
72 17 300.00 0.430293
73 39 300.00 0.430973
73 50 300.00 0.295073
74 125 300.00 0.306473
74 126 300.00 0.190580
74 127 300.00 0.282007
75 125 300.00 0.291770
76 77 300.00 0.180717
76 78 300.00 0.425370
76 79 300.00 0.238560
77 276 300.00 0.327090
77 156 300.00 0.419717
78 79 300.00 0.720607
78 72 300.00 0.472267
79 78 300.00 0.720607
79 19 300.00 0.198913
80 54 300.00 0.340133
80 283 300.00 0.201900
81 82 300.00 0.377560
82 155 300.00 0.386830
83 45 300.00 0.206540
84 85 300.00 0.277603
84 86 300.00 0.152320
85 20 300.00 0.220530
85 111 300.00 0.150907
86 111 300.00 0.332347
86 5 300.00 0.271843
87 63 300.00 0.299027
88 10 300.00 0.256760
88 27 300.00 0.411407
89 66 300.00 0.411953
89 28 300.00 0.269520
90 13 300.00 0.258923
91 93 300.00 0.121450
92 103 300.00 0.414807
92 33 300.00 0.250733
93 58 300.00 0.376450
93 59 300.00 0.229787
94 95 300.00 0.026077
94 96 300.00 0.385733
95 100 300.00 0.366977
95 101 300.00 0.378733
96 97 300.00 0.359123
96 98 300.00 0.383040
97 217 300.00 0.377387
97 218 300.00 0.382990
98 166 300.00 0.024547
98 168 300.00 0.378930
99 96 300.00 0.023353
99 95 300.00 0.386293
100 171 300.00 0.375327
100 172 300.00 0.384123
101 245 300.00 0.025457
102 33 300.00 0.413853
102 103 300.00 0.262163
103 92 300.00 0.414807
103 91 300.00 0.261613
104 105 300.00 0.377770
105 130 300.00 0.374307
105 142 300.00 0.382470
106 3 300.00 0.260557
107 23 300.00 0.578737
107 106 300.00 0.198183
108 107 300.00 0.419913
108 109 300.00 0.265823
109 65 300.00 0.020140
109 64 300.00 0.335473
110 108 300.00 0.050410
111 86 300.00 0.332347
111 85 300.00 0.150907
111 21 300.00 0.275280
112 128 300.00 0.170600
112 129 300.00 0.387863
113 60 300.00 0.307643
113 114 300.00 0.173607
114 113 300.00 0.173607
115 116 300.00 0.331710
115 117 300.00 0.425807
116 69 300.00 0.340757
116 118 300.00 0.416660
117 19 300.00 0.232193
118 110 300.00 0.560530
118 29 300.00 0.342380
119 112 300.00 0.023153
119 109 300.00 0.256670
120 102 300.00 0.273697
121 122 300.00 0.104440
122 121 300.00 0.104440
122 35 300.00 0.111270
122 38 300.00 0.213820
123 124 300.00 0.047773
124 123 300.00 0.047773
124 125 300.00 0.184763
124 126 300.00 0.368830
125 124 300.00 0.184763
125 75 300.00 0.291770
125 74 300.00 0.306473
126 124 300.00 0.368830
126 40 300.00 0.501070
126 47 300.00 0.425413
127 74 300.00 0.282007
128 4 300.00 0.026287
128 0 300.00 0.194993
129 113 300.00 0.255003
129 61 300.00 0.406953
130 57 300.00 0.488907
130 56 300.00 0.375940
131 132 300.00 0.284053
131 133 300.00 0.246127
132 158 300.00 0.154810
132 134 300.00 0.117987
133 145 300.00 0.780400
134 106 300.00 0.039030
134 1 300.00 0.283157
135 7 300.00 0.266190
135 8 300.00 0.376063
136 55 300.00 0.371123
136 230 300.00 0.377193
137 138 300.00 0.378927
137 139 300.00 0.379160
138 154 300.00 0.384053
138 182 300.00 0.394427
139 152 300.00 0.380927
139 240 300.00 0.378517
140 81 300.00 0.351860
140 141 300.00 0.381563
141 105 300.00 0.035897
141 249 300.00 0.380117
142 140 300.00 0.037713
142 143 300.00 0.376300
143 147 300.00 0.034803
143 149 300.00 0.384843
144 250 300.00 0.378780
144 143 300.00 0.376613
145 146 300.00 0.383113
146 141 300.00 0.343120
146 81 300.00 0.383363
147 140 300.00 0.373227
147 82 300.00 0.374700
148 149 300.00 0.032660
148 147 300.00 0.387103
149 250 300.00 0.381993
149 153 300.00 0.374660
150 148 300.00 0.372733
150 151 300.00 0.435047
151 150 300.00 0.435047
151 184 300.00 0.389063
152 153 300.00 0.377667
152 139 300.00 0.380927
152 138 300.00 0.375157
153 152 300.00 0.377667
153 154 300.00 0.370453
154 183 300.00 0.041650
154 251 300.00 0.394720
154 252 300.00 0.443753
155 148 300.00 0.399243
155 151 300.00 0.376617
156 157 300.00 0.124780
156 43 300.00 0.405633
157 41 300.00 0.140657
157 48 300.00 0.302297
158 159 300.00 0.240140
158 24 300.00 0.187830
158 278 300.00 0.410187
159 158 300.00 0.240140
159 133 300.00 0.445477
160 161 300.00 0.374120
160 162 300.00 0.380427
161 169 300.00 0.375223
161 170 300.00 0.378600
162 190 300.00 0.370973
162 187 300.00 0.381227
163 164 300.00 0.379533
163 165 300.00 0.379473
164 237 300.00 0.383573
164 222 300.00 0.397450
165 169 300.00 0.375020
165 170 300.00 0.374613
166 160 300.00 0.372357
166 167 300.00 0.192257
167 99 300.00 0.190863
167 282 300.00 0.257667
168 175 300.00 0.355557
168 191 300.00 0.385590
169 177 300.00 0.381933
169 181 300.00 0.192580
170 171 300.00 0.382580
170 172 300.00 0.375253
171 225 300.00 0.376287
171 244 300.00 0.381600
172 160 300.00 0.380417
172 99 300.00 0.371233
173 98 300.00 0.354993
173 97 300.00 0.387127
174 175 300.00 0.258777
174 176 300.00 0.390023
175 174 300.00 0.258777
175 168 300.00 0.355557
175 173 300.00 0.379227
176 206 300.00 0.175827
176 207 300.00 0.134447
177 163 300.00 0.372677
177 137 300.00 0.389197
178 179 300.00 0.375750
178 180 300.00 0.386273
179 162 300.00 0.379730
179 161 300.00 0.377170
180 185 300.00 0.212627
180 186 300.00 0.038700
181 267 300.00 0.294900
181 178 300.00 0.188440
182 177 300.00 0.381290
182 178 300.00 0.373060
183 150 300.00 0.387830
183 184 300.00 0.473623
184 280 300.00 0.065270
185 273 300.00 0.038653
185 192 300.00 0.161973
186 271 300.00 0.199027
186 272 300.00 0.220343
187 188 300.00 0.039513
187 189 300.00 0.116407
188 194 300.00 0.180737
189 259 300.00 0.039483
189 258 300.00 0.217413
190 166 300.00 0.379623
191 253 300.00 0.039783
191 254 300.00 0.139260
192 193 300.00 0.222250
192 179 300.00 0.388383
193 194 300.00 0.043567
193 187 300.00 0.161910
194 260 300.00 0.263373
194 193 300.00 0.043567
194 265 300.00 0.203440
195 196 300.00 0.039420
195 197 300.00 0.367663
196 198 300.00 0.142150
196 199 300.00 0.355807
197 183 300.00 0.812243
198 260 300.00 0.154423
198 264 300.00 0.142237
199 202 300.00 0.026593
199 203 300.00 0.305720
200 199 300.00 0.043827
200 201 300.00 0.409437
200 195 300.00 0.379760
201 205 300.00 0.402773
202 200 300.00 0.035410
202 204 300.00 0.359840
203 260 300.00 0.363797
203 261 300.00 0.338573
204 210 300.00 0.305663
204 213 300.00 0.378753
205 216 300.00 0.189393
205 262 300.00 0.232280
206 176 300.00 0.175827
207 176 300.00 0.134447
207 175 300.00 0.376370
207 211 300.00 0.080700
208 209 300.00 0.320027
208 256 300.00 0.339160
209 208 300.00 0.320027
209 210 300.00 0.331130
209 211 300.00 0.316993
210 209 300.00 0.331130
210 204 300.00 0.305663
210 256 300.00 0.364107
211 209 300.00 0.316993
211 248 300.00 0.174067
212 213 300.00 0.037253
212 266 300.00 0.177453
213 212 300.00 0.037253
213 214 300.00 0.313343
214 210 300.00 0.374573
215 200 300.00 0.367917
215 216 300.00 0.375907
216 215 300.00 0.375907
216 274 300.00 0.188890
216 205 300.00 0.189393
217 219 300.00 0.190880
217 220 300.00 0.379787
217 221 300.00 0.154093
218 94 300.00 0.361520
218 228 300.00 0.375823
219 217 300.00 0.190880
220 226 300.00 0.376493
220 218 300.00 0.370350
221 246 300.00 0.403390
222 223 300.00 0.377893
222 224 300.00 0.364447
223 137 300.00 0.373317
223 163 300.00 0.392953
224 233 300.00 0.383920
224 239 300.00 0.376470
225 164 300.00 0.378520
225 165 300.00 0.379953
226 229 300.00 0.428960
227 221 300.00 0.411327
227 220 300.00 0.295627
228 226 300.00 0.380643
229 227 300.00 0.403097
230 231 300.00 0.378983
230 232 300.00 0.377050
231 233 300.00 0.378173
231 239 300.00 0.390737
232 144 300.00 0.376983
232 55 300.00 0.379280
233 234 300.00 0.381000
233 235 300.00 0.374797
233 224 300.00 0.383920
234 236 300.00 0.375470
235 233 300.00 0.374797
235 230 300.00 0.379890
235 8 300.00 0.382517
236 224 300.00 0.383820
236 243 300.00 0.373223
237 238 300.00 0.378750
238 244 300.00 0.376770
238 225 300.00 0.379600
239 223 300.00 0.362733
240 231 300.00 0.374410
240 232 300.00 0.377177
241 101 300.00 0.365267
241 100 300.00 0.378507
242 6 300.00 0.505253
242 77 300.00 0.265880
243 222 300.00 0.383193
243 237 300.00 0.396757
244 241 300.00 0.375250
245 228 300.00 0.356823
245 94 300.00 0.378737
246 174 300.00 0.408873
246 173 300.00 0.386237
247 53 300.00 0.177360
248 254 300.00 0.036377
248 253 300.00 0.152330
249 145 300.00 0.327760
249 131 300.00 0.799457
250 240 300.00 0.378260
250 152 300.00 0.376207
251 268 300.00 0.177940
251 182 300.00 0.383590
252 269 300.00 0.399823
252 270 300.00 0.151820
253 257 300.00 0.035310
253 208 300.00 0.166567
254 248 300.00 0.036377
254 207 300.00 0.244480
255 195 300.00 0.405117
255 201 300.00 0.364163
256 202 300.00 0.304540
257 258 300.00 0.041760
257 259 300.00 0.196947
258 191 300.00 0.028693
258 190 300.00 0.384737
259 189 300.00 0.039483
259 188 300.00 0.116687
260 203 300.00 0.363797
260 264 300.00 0.074070
260 194 300.00 0.263373
261 257 300.00 0.150430
261 284 300.00 0.140760
262 263 300.00 0.112643
263 266 300.00 0.589973
264 260 300.00 0.074070
264 265 300.00 0.219497
264 272 300.00 0.391937
265 192 300.00 0.038023
265 273 300.00 0.162330
266 215 300.00 0.192213
267 181 300.00 0.294900
268 271 300.00 0.037990
268 180 300.00 0.196943
269 197 300.00 0.034097
269 196 300.00 0.366727
270 251 300.00 0.038023
271 268 300.00 0.037990
271 270 300.00 0.173870
272 264 300.00 0.391937
272 269 300.00 0.109013
273 185 300.00 0.038653
273 186 300.00 0.210697
274 216 300.00 0.188890
275 44 300.00 0.426543
276 275 300.00 0.316660
276 49 300.00 0.419837
277 70 300.00 0.209090
278 281 300.00 0.236433
278 84 300.00 0.408087
278 22 300.00 0.345493
279 134 300.00 0.137483
279 106 300.00 0.131020
280 255 300.00 0.897820
280 281 300.00 4.897237
281 159 300.00 0.373017
282 167 300.00 0.257667
283 80 300.00 0.201900
284 261 300.00 0.140760
