0 1 300.00 0.488520
0 2 300.00 0.524380
1 72 300.00 0.266973
1 74 300.00 0.553367
1 2 300.00 0.182553
2 1 300.00 0.182553
2 4 300.00 0.222460
3 4 300.00 0.352107
3 74 300.00 0.260670
3 5 300.00 0.129103
4 3 300.00 0.352107
4 5 300.00 0.374830
5 3 300.00 0.129103
6 7 300.00 0.554007
6 8 300.00 0.030267
6 9 300.00 0.255523
7 66 300.00 0.033463
7 56 300.00 0.256920
8 6 300.00 0.030267
8 10 300.00 0.589943
9 6 300.00 0.255523
9 14 300.00 0.263333
9 56 300.00 0.551000
10 78 300.00 0.035943
10 7 300.00 0.230937
11 12 300.00 0.288763
11 15 300.00 0.207920
11 48 300.00 0.396600
12 11 300.00 0.288763
12 13 300.00 0.061727
13 12 300.00 0.061727
13 29 300.00 0.269530
14 15 300.00 0.273590
14 9 300.00 0.263333
14 28 300.00 0.350840
14 29 300.00 0.559257
15 14 300.00 0.273590
15 16 300.00 0.071563
15 11 300.00 0.207920
16 15 300.00 0.071563
16 51 300.00 0.450340
16 57 300.00 0.255393
17 18 300.00 0.696830
17 24 300.00 0.779883
17 23 300.00 0.265273
17 25 300.00 0.254807
18 17 300.00 0.696830
18 19 300.00 0.273857
18 20 300.00 0.276093
19 18 300.00 0.273857
19 23 300.00 0.756940
19 43 300.00 0.272123
20 18 300.00 0.276093
20 36 300.00 0.260983
20 25 300.00 0.650447
20 37 300.00 0.278113
21 22 300.00 0.347957
21 23 300.00 0.267663
22 31 300.00 0.422623
23 21 300.00 0.267663
23 17 300.00 0.265273
23 30 300.00 0.770293
23 19 300.00 0.756940
24 17 300.00 0.779883
24 30 300.00 0.262467
24 33 300.00 0.264467
24 34 300.00 0.766537
25 17 300.00 0.254807
25 20 300.00 0.650447
25 33 300.00 0.778573
25 44 300.00 0.271887
26 27 300.00 0.261670
26 47 300.00 0.772500
26 48 300.00 0.779080
26 49 300.00 0.262117
27 26 300.00 0.261670
28 14 300.00 0.350840
28 60 300.00 0.203793
28 59 300.00 0.269190
29 14 300.00 0.559257
29 13 300.00 0.269530
29 35 300.00 0.256903
30 23 300.00 0.770293
30 31 300.00 0.264227
30 24 300.00 0.262467
30 32 300.00 0.767537
31 30 300.00 0.264227
31 39 300.00 0.286347
32 30 300.00 0.767537
32 38 300.00 0.268853
32 34 300.00 0.264910
33 24 300.00 0.264467
33 40 300.00 0.774367
33 25 300.00 0.778573
33 41 300.00 0.262500
34 24 300.00 0.766537
34 32 300.00 0.264910
34 40 300.00 0.265353
35 29 300.00 0.256903
35 42 300.00 0.088843
35 9 300.00 0.558957
36 20 300.00 0.260983
36 44 300.00 0.605197
36 68 300.00 0.101737
37 20 300.00 0.278113
37 43 300.00 0.564007
37 69 300.00 0.349263
37 70 300.00 0.267197
38 32 300.00 0.268853
39 38 300.00 0.481740
40 34 300.00 0.265353
40 33 300.00 0.774367
40 45 300.00 0.261367
41 33 300.00 0.262500
41 45 300.00 0.770630
41 44 300.00 0.778150
41 61 300.00 0.259253
42 35 300.00 0.088843
42 8 300.00 0.591903
43 19 300.00 0.272123
43 37 300.00 0.564007
43 71 300.00 0.276800
44 25 300.00 0.271887
44 41 300.00 0.778150
44 67 300.00 0.256777
44 36 300.00 0.605197
45 40 300.00 0.261367
45 41 300.00 0.770630
46 47 300.00 0.260950
46 50 300.00 0.140843
46 49 300.00 0.772873
47 46 300.00 0.260950
47 26 300.00 0.772500
48 26 300.00 0.779080
48 51 300.00 0.263533
48 11 300.00 0.396600
49 26 300.00 0.262117
49 46 300.00 0.772873
49 51 300.00 0.772553
49 53 300.00 0.265107
50 46 300.00 0.140843
50 52 300.00 0.123247
51 48 300.00 0.263533
51 54 300.00 0.269803
51 16 300.00 0.450340
51 49 300.00 0.772553
52 50 300.00 0.123247
52 53 300.00 0.774053
53 52 300.00 0.774053
53 54 300.00 0.770707
53 55 300.00 0.251500
53 49 300.00 0.265107
54 51 300.00 0.269803
54 53 300.00 0.770707
54 58 300.00 0.251113
54 57 300.00 0.502333
55 53 300.00 0.251500
55 61 300.00 0.044247
55 76 300.00 0.374730
56 9 300.00 0.551000
56 65 300.00 0.032570
56 60 300.00 0.267313
57 16 300.00 0.255393
57 54 300.00 0.502333
57 59 300.00 0.028327
58 54 300.00 0.251113
58 67 300.00 0.040507
58 77 300.00 0.389743
59 57 300.00 0.028327
59 28 300.00 0.269190
59 63 300.00 0.234677
60 28 300.00 0.203793
60 64 300.00 0.031863
60 63 300.00 0.277450
61 41 300.00 0.259253
61 75 300.00 0.384600
61 55 300.00 0.044247
62 63 300.00 0.032553
62 64 300.00 0.277363
62 68 300.00 0.168007
63 62 300.00 0.032553
63 59 300.00 0.234677
63 58 300.00 0.541607
64 60 300.00 0.031863
64 69 300.00 0.202173
64 65 300.00 0.265697
65 56 300.00 0.032570
65 70 300.00 0.554060
65 66 300.00 0.258527
66 7 300.00 0.033463
66 72 300.00 0.555383
66 78 300.00 0.241340
67 44 300.00 0.256777
67 58 300.00 0.040507
67 62 300.00 0.548583
68 36 300.00 0.101737
68 62 300.00 0.168007
68 69 300.00 0.270797
69 37 300.00 0.349263
69 64 300.00 0.202173
69 68 300.00 0.270797
70 37 300.00 0.267197
70 71 300.00 0.557123
70 65 300.00 0.554060
70 72 300.00 0.257870
71 70 300.00 0.557123
71 43 300.00 0.276800
71 73 300.00 0.255063
72 70 300.00 0.257870
72 73 300.00 0.555283
72 1 300.00 0.266973
72 66 300.00 0.555383
73 72 300.00 0.555283
73 71 300.00 0.255063
73 74 300.00 0.262413
74 1 300.00 0.553367
74 73 300.00 0.262413
74 3 300.00 0.260670
75 67 300.00 0.390807
75 77 300.00 0.041613
76 79 300.00 0.044367
77 75 300.00 0.041613
77 55 300.00 0.385953
78 0 300.00 0.072063
79 61 300.00 0.376360
79 76 300.00 0.044367
