0 1 300.00 0.054500
0 2 300.00 0.153487
1 0 300.00 0.054500
2 723 300.00 1.196443
2 3 300.00 0.834137
3 4 300.00 0.052670
3 5 300.00 0.873590
4 841 300.00 0.055673
4 717 300.00 0.259707
5 3 300.00 0.873590
5 387 300.00 0.240737
5 421 300.00 0.552667
6 7 300.00 0.063653
6 252 300.00 0.256887
6 226 300.00 0.708663
7 6 300.00 0.063653
7 8 300.00 0.393277
7 9 300.00 0.709340
8 7 300.00 0.393277
8 472 300.00 0.197247
8 471 300.00 0.181450
8 479 300.00 0.087953
9 653 300.00 0.240590
9 655 300.00 0.446580
10 1 300.00 0.091923
10 11 300.00 0.499297
11 10 300.00 0.499297
11 853 300.00 0.255990
12 13 300.00 0.347660
12 160 300.00 0.331080
12 15 300.00 0.334240
12 161 300.00 0.415290
13 12 300.00 0.347660
13 14 300.00 0.361313
14 15 300.00 0.350540
14 16 300.00 0.316863
15 14 300.00 0.350540
15 12 300.00 0.334240
15 157 300.00 0.329067
15 164 300.00 0.684260
16 158 300.00 0.106943
17 18 300.00 0.211117
17 33 300.00 0.219633
17 20 300.00 0.374607
18 17 300.00 0.211117
18 19 300.00 0.202287
18 20 300.00 0.560630
19 18 300.00 0.202287
19 21 300.00 0.359340
19 22 300.00 0.221597
19 23 300.00 0.427530
20 18 300.00 0.560630
20 29 300.00 0.214380
20 17 300.00 0.374607
21 19 300.00 0.359340
22 19 300.00 0.221597
22 24 300.00 0.425880
22 25 300.00 0.118700
23 19 300.00 0.427530
23 33 300.00 0.215490
23 24 300.00 0.205270
23 36 300.00 0.334597
24 22 300.00 0.425880
24 23 300.00 0.205270
24 37 300.00 0.328887
25 22 300.00 0.118700
25 44 300.00 0.743293
25 869 300.00 0.324690
25 870 300.00 0.125097
26 27 300.00 0.081327
27 26 300.00 0.081327
27 28 300.00 0.451657
28 27 300.00 0.451657
28 29 300.00 0.213753
28 30 300.00 0.339050
29 28 300.00 0.213753
29 31 300.00 0.195243
29 20 300.00 0.214380
29 32 300.00 0.204283
30 28 300.00 0.339050
30 38 300.00 0.179617
30 39 300.00 0.064277
31 29 300.00 0.195243
31 33 300.00 0.205383
31 34 300.00 0.334107
32 29 300.00 0.204283
33 31 300.00 0.205383
33 23 300.00 0.215490
33 17 300.00 0.219633
33 35 300.00 0.333330
34 31 300.00 0.334107
34 38 300.00 0.208587
34 35 300.00 0.217977
34 41 300.00 0.805057
35 33 300.00 0.333330
35 34 300.00 0.217977
35 36 300.00 0.213720
35 42 300.00 0.756250
36 23 300.00 0.334597
36 35 300.00 0.213720
36 37 300.00 0.212473
36 43 300.00 0.712613
37 24 300.00 0.328887
37 36 300.00 0.212473
37 44 300.00 0.124397
37 45 300.00 0.659713
38 30 300.00 0.179617
38 40 300.00 0.852707
38 34 300.00 0.208587
39 30 300.00 0.064277
39 78 300.00 0.845557
39 77 300.00 1.098823
40 38 300.00 0.852707
40 78 300.00 0.213053
40 41 300.00 0.216060
41 34 300.00 0.805057
41 40 300.00 0.216060
41 42 300.00 0.212497
42 35 300.00 0.756250
42 41 300.00 0.212497
42 43 300.00 0.201357
43 36 300.00 0.712613
43 42 300.00 0.201357
43 45 300.00 0.236297
44 37 300.00 0.124397
44 46 300.00 0.218217
44 47 300.00 0.382993
44 25 300.00 0.743293
45 37 300.00 0.659713
45 43 300.00 0.236297
45 79 300.00 0.169187
46 44 300.00 0.218217
46 48 300.00 0.230077
46 49 300.00 0.380853
46 50 300.00 0.464027
47 44 300.00 0.382993
47 87 300.00 0.422493
47 49 300.00 0.216207
48 46 300.00 0.230077
48 51 300.00 0.378410
48 52 300.00 0.218627
49 46 300.00 0.380853
49 86 300.00 0.416507
49 51 300.00 0.261343
49 47 300.00 0.216207
50 46 300.00 0.464027
51 48 300.00 0.378410
51 84 300.00 0.384807
51 49 300.00 0.261343
52 48 300.00 0.218627
52 53 300.00 0.219563
52 54 300.00 0.732953
53 52 300.00 0.219563
53 55 300.00 0.214710
53 56 300.00 0.676077
53 57 300.00 0.838903
54 52 300.00 0.732953
54 63 300.00 0.202770
54 84 300.00 0.296507
55 53 300.00 0.214710
55 63 300.00 0.504260
55 64 300.00 0.217390
56 53 300.00 0.676077
56 58 300.00 0.150710
56 57 300.00 0.201720
57 53 300.00 0.838903
57 56 300.00 0.201720
57 656 300.00 0.304740
58 56 300.00 0.150710
58 60 300.00 0.667697
58 69 300.00 0.214490
59 60 300.00 0.218893
59 73 300.00 0.297113
59 74 300.00 0.204890
60 59 300.00 0.218893
60 58 300.00 0.667697
60 61 300.00 0.110163
60 62 300.00 0.219193
61 60 300.00 0.110163
61 446 300.00 0.026887
61 74 300.00 0.243413
62 60 300.00 0.219193
62 673 300.00 0.094220
62 854 300.00 0.010283
63 55 300.00 0.504260
63 83 300.00 0.154700
63 54 300.00 0.202770
64 55 300.00 0.217390
64 65 300.00 0.236143
64 66 300.00 0.330990
65 64 300.00 0.236143
65 67 300.00 0.332987
65 68 300.00 0.239703
66 64 300.00 0.330990
66 67 300.00 0.238250
66 75 300.00 0.219760
67 65 300.00 0.332987
67 66 300.00 0.238250
67 70 300.00 0.240340
68 65 300.00 0.239703
68 69 300.00 0.141060
68 70 300.00 0.335863
69 68 300.00 0.141060
69 72 300.00 0.101367
69 58 300.00 0.214490
70 68 300.00 0.335863
70 67 300.00 0.240340
70 71 300.00 0.237073
71 72 300.00 0.331917
71 70 300.00 0.237073
71 76 300.00 0.214713
72 71 300.00 0.331917
72 69 300.00 0.101367
72 73 300.00 0.272917
73 72 300.00 0.272917
73 59 300.00 0.297113
73 90 300.00 0.694840
74 59 300.00 0.204890
74 625 300.00 0.046260
75 66 300.00 0.219760
75 76 300.00 0.719850
75 89 300.00 0.103493
76 71 300.00 0.214713
76 75 300.00 0.719850
76 90 300.00 0.119863
77 78 300.00 0.211100
77 657 300.00 0.212953
77 39 300.00 1.098823
78 77 300.00 0.211100
78 40 300.00 0.213053
78 39 300.00 0.845557
79 45 300.00 0.169187
79 87 300.00 0.131867
79 88 300.00 0.321237
80 81 300.00 0.039557
80 657 300.00 0.757687
81 80 300.00 0.039557
81 82 300.00 0.493397
82 81 300.00 0.493397
83 63 300.00 0.154700
83 89 300.00 0.205997
83 91 300.00 0.215813
84 54 300.00 0.296507
84 51 300.00 0.384807
84 85 300.00 0.123060
84 86 300.00 0.304440
85 84 300.00 0.123060
86 84 300.00 0.304440
86 87 300.00 0.218350
86 49 300.00 0.416507
87 86 300.00 0.218350
87 79 300.00 0.131867
87 47 300.00 0.422493
88 79 300.00 0.321237
88 101 300.00 0.091473
88 96 300.00 0.420540
89 75 300.00 0.103493
89 83 300.00 0.205997
89 92 300.00 0.211770
90 76 300.00 0.119863
90 544 300.00 0.245227
90 73 300.00 0.694840
91 83 300.00 0.215813
91 93 300.00 0.071340
91 92 300.00 0.209517
92 89 300.00 0.211770
92 91 300.00 0.209517
92 607 300.00 0.232893
93 91 300.00 0.071340
93 611 300.00 0.509117
93 612 300.00 0.542567
94 95 300.00 0.253243
94 614 300.00 0.317847
94 100 300.00 0.490277
95 94 300.00 0.253243
95 96 300.00 0.655883
95 97 300.00 0.497357
95 98 300.00 0.488940
96 95 300.00 0.655883
96 609 300.00 0.529860
96 88 300.00 0.420540
97 95 300.00 0.497357
97 609 300.00 0.499847
97 543 300.00 0.858293
98 95 300.00 0.488940
98 99 300.00 0.485533
98 100 300.00 0.250353
98 101 300.00 0.814847
99 98 300.00 0.485533
99 564 300.00 0.894720
99 611 300.00 0.978117
99 576 300.00 0.485410
100 98 300.00 0.250353
100 94 300.00 0.490277
100 567 300.00 0.443973
101 98 300.00 0.814847
101 88 300.00 0.091473
101 611 300.00 0.503950
102 103 300.00 0.188377
102 614 300.00 0.126847
102 830 300.00 0.015920
103 102 300.00 0.188377
103 104 300.00 0.491243
103 105 300.00 0.254957
104 103 300.00 0.491243
104 543 300.00 0.034137
104 137 300.00 0.478260
105 103 300.00 0.254957
105 106 300.00 0.135447
105 107 300.00 0.614360
106 105 300.00 0.135447
106 595 300.00 0.747583
106 596 300.00 0.597080
107 105 300.00 0.614360
107 592 300.00 0.105260
107 596 300.00 0.090810
108 109 300.00 0.111730
108 118 300.00 0.677087
109 108 300.00 0.111730
109 110 300.00 0.115213
109 111 300.00 0.116017
109 112 300.00 0.301553
110 109 300.00 0.115213
110 128 300.00 0.309577
111 109 300.00 0.116017
111 114 300.00 0.102507
111 129 300.00 0.304063
112 109 300.00 0.301553
112 127 300.00 0.260277
112 128 300.00 0.110960
112 129 300.00 0.109240
113 114 300.00 0.297283
113 129 300.00 0.104667
113 116 300.00 0.111240
113 130 300.00 0.257587
114 113 300.00 0.297283
114 111 300.00 0.102507
114 115 300.00 0.111353
115 114 300.00 0.111353
115 116 300.00 0.299637
115 117 300.00 0.105317
116 115 300.00 0.299637
116 113 300.00 0.111240
116 121 300.00 0.112927
116 131 300.00 0.254687
117 115 300.00 0.105317
117 120 300.00 0.109937
117 121 300.00 0.293820
118 119 300.00 0.170943
118 122 300.00 0.101547
118 108 300.00 0.677087
119 118 300.00 0.170943
120 117 300.00 0.109937
120 122 300.00 0.116550
120 133 300.00 0.291510
121 117 300.00 0.293820
121 116 300.00 0.112927
121 133 300.00 0.100153
121 142 300.00 0.256437
122 118 300.00 0.101547
122 120 300.00 0.116550
122 123 300.00 0.121690
122 124 300.00 0.286917
123 122 300.00 0.121690
123 125 300.00 0.282050
123 126 300.00 0.049830
124 122 300.00 0.286917
124 133 300.00 0.105237
124 125 300.00 0.095750
125 123 300.00 0.282050
125 124 300.00 0.095750
125 134 300.00 0.124093
126 123 300.00 0.049830
127 112 300.00 0.260277
127 141 300.00 0.105707
128 112 300.00 0.110960
128 110 300.00 0.309577
129 112 300.00 0.109240
129 113 300.00 0.104667
129 141 300.00 0.260797
129 111 300.00 0.304063
130 113 300.00 0.257587
130 141 300.00 0.104103
130 131 300.00 0.114517
131 116 300.00 0.254687
131 130 300.00 0.114517
131 142 300.00 0.110223
132 133 300.00 0.204323
132 143 300.00 0.052733
132 668 300.00 0.251253
133 132 300.00 0.204323
133 121 300.00 0.100153
133 124 300.00 0.105237
133 120 300.00 0.291510
134 125 300.00 0.124093
134 135 300.00 0.072537
134 668 300.00 0.235223
135 134 300.00 0.072537
135 136 300.00 0.127677
135 137 300.00 0.396120
136 135 300.00 0.127677
136 593 300.00 0.108323
136 670 300.00 0.376393
137 135 300.00 0.396120
137 104 300.00 0.478260
137 867 300.00 0.149637
138 139 300.00 0.996167
138 140 300.00 0.981683
139 461 300.00 0.251483
139 225 300.00 0.366627
140 138 300.00 0.981683
140 461 300.00 0.050880
140 462 300.00 0.215823
141 127 300.00 0.105707
141 130 300.00 0.104103
141 129 300.00 0.260797
142 131 300.00 0.110223
142 143 300.00 0.111097
142 121 300.00 0.256437
143 142 300.00 0.111097
143 144 300.00 0.115863
143 132 300.00 0.052733
144 143 300.00 0.115863
144 146 300.00 0.095777
144 659 300.00 0.558583
145 146 300.00 0.042740
145 148 300.00 0.167860
145 152 300.00 0.013043
146 145 300.00 0.042740
146 147 300.00 0.375473
146 144 300.00 0.095777
147 146 300.00 0.375473
148 145 300.00 0.167860
148 149 300.00 0.309060
148 150 300.00 0.267673
149 148 300.00 0.309060
149 661 300.00 0.190957
149 150 300.00 0.095410
150 148 300.00 0.267673
150 149 300.00 0.095410
150 155 300.00 0.046583
151 152 300.00 0.158820
151 153 300.00 0.143267
151 154 300.00 0.354690
152 151 300.00 0.158820
152 145 300.00 0.013043
153 151 300.00 0.143267
153 155 300.00 0.104217
153 156 300.00 0.037320
154 151 300.00 0.354690
155 153 300.00 0.104217
155 150 300.00 0.046583
155 602 300.00 0.244303
156 153 300.00 0.037320
156 498 300.00 0.090617
156 605 300.00 0.086917
157 158 300.00 0.245217
157 15 300.00 0.329067
157 165 300.00 0.276693
158 157 300.00 0.245217
158 16 300.00 0.106943
158 159 300.00 0.153113
159 158 300.00 0.153113
159 162 300.00 0.151300
159 676 300.00 0.159597
160 12 300.00 0.331080
160 214 300.00 0.029433
160 623 300.00 0.332470
161 12 300.00 0.415290
161 166 300.00 0.334027
161 167 300.00 0.259937
162 159 300.00 0.151300
162 163 300.00 0.836353
163 162 300.00 0.836353
163 168 300.00 0.146540
163 172 300.00 0.141613
164 15 300.00 0.684260
164 167 300.00 0.332060
164 173 300.00 0.328750
164 174 300.00 0.443777
165 157 300.00 0.276693
165 168 300.00 0.151763
165 173 300.00 0.413787
166 161 300.00 0.334027
166 160 300.00 0.401757
167 161 300.00 0.259937
167 170 300.00 0.297793
167 171 300.00 0.348370
167 164 300.00 0.332060
168 165 300.00 0.151763
168 163 300.00 0.146540
168 169 300.00 0.418117
169 168 300.00 0.418117
169 173 300.00 0.137923
169 175 300.00 0.116637
170 167 300.00 0.297793
170 177 300.00 0.381847
170 619 300.00 0.341233
171 167 300.00 0.348370
171 230 300.00 0.023413
171 166 300.00 0.273600
172 163 300.00 0.141613
173 164 300.00 0.328750
173 169 300.00 0.137923
173 174 300.00 0.682860
173 165 300.00 0.413787
174 164 300.00 0.443777
174 173 300.00 0.682860
174 176 300.00 0.241170
175 169 300.00 0.116637
176 177 300.00 0.328137
176 174 300.00 0.241170
176 179 300.00 0.456670
177 176 300.00 0.328137
177 178 300.00 0.337307
177 170 300.00 0.381847
178 177 300.00 0.337307
178 258 300.00 0.032620
178 619 300.00 0.376573
179 176 300.00 0.456670
179 180 300.00 0.266287
179 651 300.00 1.861760
180 179 300.00 0.266287
180 178 300.00 0.354153
181 182 300.00 0.162453
181 260 300.00 0.364423
181 272 300.00 0.139493
181 283 300.00 0.337380
182 181 300.00 0.162453
182 183 300.00 0.341833
183 283 300.00 0.161050
183 316 300.00 0.117713
184 185 300.00 0.217270
184 330 300.00 0.137317
184 331 300.00 0.074147
184 332 300.00 0.066077
185 184 300.00 0.217270
185 186 300.00 0.137983
186 335 300.00 0.239010
186 344 300.00 0.159597
187 188 300.00 0.150043
187 359 300.00 0.174277
187 688 300.00 0.561693
188 187 300.00 0.150043
188 189 300.00 0.118627
189 844 300.00 0.074703
189 843 300.00 0.076027
190 191 300.00 0.250893
190 447 300.00 0.399597
191 190 300.00 0.250893
191 192 300.00 0.253633
191 193 300.00 0.364370
192 191 300.00 0.253633
192 194 300.00 0.707463
192 195 300.00 0.349100
192 196 300.00 0.261957
193 191 300.00 0.364370
193 677 300.00 0.261407
193 678 300.00 0.192280
194 192 300.00 0.707463
194 207 300.00 0.257830
194 216 300.00 0.268260
194 221 300.00 0.719103
195 192 300.00 0.349100
195 198 300.00 0.263000
196 192 300.00 0.261957
196 197 300.00 0.567150
196 198 300.00 0.301987
196 199 300.00 0.276230
197 196 300.00 0.567150
197 216 300.00 0.150740
197 903 300.00 0.024030
198 196 300.00 0.301987
198 200 300.00 0.155167
199 196 300.00 0.276230
199 200 300.00 0.323633
199 201 300.00 0.326240
199 202 300.00 0.674287
200 199 300.00 0.323633
200 621 300.00 0.279480
201 199 300.00 0.326240
201 203 300.00 0.163573
201 204 300.00 0.307720
201 205 300.00 0.346467
202 199 300.00 0.674287
202 218 300.00 0.244763
202 219 300.00 0.333153
202 215 300.00 0.396850
203 201 300.00 0.163573
203 219 300.00 0.510190
203 900 300.00 0.025317
204 201 300.00 0.307720
204 210 300.00 0.347857
205 201 300.00 0.346467
205 209 300.00 0.213597
205 210 300.00 0.320827
205 211 300.00 0.328667
206 207 300.00 0.079907
206 678 300.00 0.078090
206 620 300.00 0.267450
207 206 300.00 0.079907
207 194 300.00 0.257830
207 208 300.00 0.706930
208 207 300.00 0.706930
208 220 300.00 0.360073
208 221 300.00 0.261640
208 222 300.00 0.254710
209 205 300.00 0.213597
209 223 300.00 0.457260
209 902 300.00 0.022143
210 205 300.00 0.320827
210 213 300.00 0.341377
211 205 300.00 0.328667
211 212 300.00 0.671467
211 213 300.00 0.333083
211 214 300.00 0.342383
212 211 300.00 0.671467
212 223 300.00 0.334620
212 229 300.00 0.673093
212 230 300.00 0.341903
213 211 300.00 0.333083
213 622 300.00 0.333213
214 211 300.00 0.342383
214 160 300.00 0.029433
214 230 300.00 0.675163
215 216 300.00 0.122040
215 202 300.00 0.396850
215 237 300.00 0.719783
216 215 300.00 0.122040
216 194 300.00 0.268260
216 197 300.00 0.150740
216 217 300.00 0.711583
217 216 300.00 0.711583
217 233 300.00 0.249387
217 234 300.00 0.325770
218 202 300.00 0.244763
218 884 300.00 0.020700
218 885 300.00 0.118170
219 202 300.00 0.333153
219 203 300.00 0.510190
219 223 300.00 0.338880
219 224 300.00 0.679363
220 208 300.00 0.360073
220 226 300.00 0.260990
220 228 300.00 0.266660
220 231 300.00 0.340243
221 217 300.00 0.278087
221 228 300.00 0.353807
221 194 300.00 0.719103
222 208 300.00 0.254710
222 620 300.00 0.773683
223 219 300.00 0.338880
223 212 300.00 0.334620
223 227 300.00 0.677597
223 209 300.00 0.457260
224 219 300.00 0.679363
224 227 300.00 0.346840
224 248 300.00 0.335020
225 226 300.00 0.057497
225 7 300.00 0.715500
225 465 300.00 0.284520
226 225 300.00 0.057497
226 220 300.00 0.260990
226 222 300.00 0.367797
227 223 300.00 0.677597
227 249 300.00 0.173740
227 250 300.00 0.093157
228 221 300.00 0.353807
228 220 300.00 0.266660
228 235 300.00 0.260650
228 236 300.00 0.138860
229 212 300.00 0.673093
229 256 300.00 0.104963
230 212 300.00 0.341903
230 232 300.00 0.306757
230 171 300.00 0.023413
231 220 300.00 0.340243
231 252 300.00 0.382090
231 633 300.00 0.016277
232 864 300.00 0.016163
232 258 300.00 0.369390
233 632 300.00 0.340113
233 237 300.00 0.128510
234 217 300.00 0.325770
234 235 300.00 0.037160
234 275 300.00 0.134770
235 228 300.00 0.260650
235 242 300.00 0.135450
235 234 300.00 0.037160
236 228 300.00 0.138860
236 240 300.00 0.137240
236 241 300.00 0.443647
237 215 300.00 0.719783
237 238 300.00 0.215377
237 239 300.00 0.337307
238 888 300.00 0.018930
238 243 300.00 0.167233
239 237 300.00 0.337307
239 285 300.00 0.679270
239 632 300.00 0.221817
239 244 300.00 0.401323
240 236 300.00 0.137240
240 246 300.00 0.444283
240 242 300.00 0.124790
241 236 300.00 0.443647
241 246 300.00 0.129927
241 257 300.00 0.133357
242 235 300.00 0.135450
242 240 300.00 0.124790
242 247 300.00 0.439437
243 224 300.00 0.337887
243 244 300.00 0.343457
243 245 300.00 0.218357
244 243 300.00 0.343457
244 239 300.00 0.401323
244 248 300.00 0.340267
244 286 300.00 0.671610
245 243 300.00 0.218357
245 887 300.00 0.020897
245 885 300.00 0.092530
246 240 300.00 0.444283
246 241 300.00 0.129927
246 247 300.00 0.121960
247 242 300.00 0.439437
247 246 300.00 0.121960
247 265 300.00 0.134240
248 224 300.00 0.335020
248 291 300.00 0.335803
248 244 300.00 0.340267
248 293 300.00 0.675373
249 254 300.00 0.138287
249 271 300.00 0.330813
250 227 300.00 0.093157
250 894 300.00 0.025473
250 895 300.00 0.106637
251 252 300.00 0.655697
251 279 300.00 0.059713
251 261 300.00 0.146003
252 251 300.00 0.655697
252 253 300.00 0.139577
252 6 300.00 0.256887
252 231 300.00 0.382090
253 252 300.00 0.139577
253 261 300.00 0.656940
253 257 300.00 0.134817
254 229 300.00 0.014427
254 255 300.00 0.341540
255 254 300.00 0.341540
255 269 300.00 0.120660
255 270 300.00 0.349947
255 271 300.00 0.140020
256 229 300.00 0.104963
256 259 300.00 0.078577
256 269 300.00 0.336247
257 241 300.00 0.133357
257 253 300.00 0.134817
257 263 300.00 0.133587
257 264 300.00 0.660197
258 259 300.00 0.151740
258 178 300.00 0.032620
258 262 300.00 0.336057
259 258 300.00 0.151740
259 256 300.00 0.078577
259 260 300.00 0.334317
260 259 300.00 0.334317
260 269 300.00 0.121830
260 262 300.00 0.169523
260 181 300.00 0.364423
261 253 300.00 0.656940
261 251 300.00 0.146003
261 280 300.00 0.471823
261 264 300.00 0.134240
262 260 300.00 0.169523
262 182 300.00 0.367403
263 257 300.00 0.133587
263 265 300.00 0.127910
263 266 300.00 0.657007
264 257 300.00 0.660197
264 261 300.00 0.134240
264 266 300.00 0.135560
264 634 300.00 0.188070
265 247 300.00 0.134240
265 263 300.00 0.127910
265 267 300.00 0.072507
265 268 300.00 0.143017
266 263 300.00 0.657007
266 264 300.00 0.135560
266 288 300.00 0.106870
267 265 300.00 0.072507
267 696 300.00 0.062367
267 273 300.00 0.133177
268 265 300.00 0.143017
268 273 300.00 0.076317
268 274 300.00 0.135397
268 275 300.00 0.735347
269 255 300.00 0.120660
269 272 300.00 0.357743
269 260 300.00 0.121830
269 256 300.00 0.336247
270 255 300.00 0.349947
270 272 300.00 0.195550
270 281 300.00 0.325217
271 255 300.00 0.140020
271 289 300.00 0.682027
271 291 300.00 0.178677
271 249 300.00 0.330813
272 269 300.00 0.357743
272 270 300.00 0.195550
272 282 300.00 0.342003
272 181 300.00 0.139493
273 268 300.00 0.076317
273 267 300.00 0.133177
273 697 300.00 0.063917
273 276 300.00 0.138527
274 268 300.00 0.135397
274 276 300.00 0.083097
274 277 300.00 0.216203
274 278 300.00 0.111953
275 268 300.00 0.735347
275 632 300.00 0.132063
275 234 300.00 0.134770
276 274 300.00 0.083097
276 273 300.00 0.138527
276 698 300.00 0.064990
277 274 300.00 0.216203
277 632 300.00 0.506193
277 680 300.00 0.057817
278 274 300.00 0.111953
278 627 300.00 0.026523
278 680 300.00 0.213687
279 251 300.00 0.059713
279 714 300.00 0.252480
279 715 300.00 0.418637
280 261 300.00 0.471823
280 305 300.00 0.022333
280 715 300.00 0.138517
281 270 300.00 0.325217
281 289 300.00 0.137510
281 282 300.00 0.285743
281 301 300.00 0.345510
282 272 300.00 0.342003
282 281 300.00 0.285743
282 311 300.00 0.055533
282 283 300.00 0.130710
283 181 300.00 0.337380
283 282 300.00 0.130710
283 312 300.00 0.055273
283 183 300.00 0.161050
284 285 300.00 0.671950
284 319 300.00 0.406823
284 320 300.00 0.270780
284 321 300.00 0.496660
285 284 300.00 0.671950
285 286 300.00 0.416530
285 287 300.00 0.257427
285 239 300.00 0.679270
286 285 300.00 0.416530
286 244 300.00 0.671610
286 293 300.00 0.343640
286 319 300.00 0.674583
287 285 300.00 0.257427
287 627 300.00 0.049827
287 629 300.00 0.211817
287 630 300.00 0.295203
288 266 300.00 0.106870
288 294 300.00 0.146270
288 295 300.00 0.182610
288 296 300.00 0.141497
289 290 300.00 0.188683
289 281 300.00 0.137510
289 300 300.00 0.346677
289 271 300.00 0.682027
290 289 300.00 0.188683
290 291 300.00 0.680497
290 292 300.00 0.678767
290 293 300.00 0.328797
291 290 300.00 0.680497
291 626 300.00 0.109683
291 271 300.00 0.178677
291 248 300.00 0.335803
292 290 300.00 0.678767
292 341 300.00 0.221860
292 342 300.00 0.195830
292 343 300.00 0.337657
293 290 300.00 0.328797
293 248 300.00 0.675373
293 286 300.00 0.343640
293 343 300.00 0.678883
294 288 300.00 0.146270
294 710 300.00 0.063607
294 298 300.00 0.137760
295 288 300.00 0.182610
295 634 300.00 0.234490
295 317 300.00 0.137510
296 288 300.00 0.141497
296 297 300.00 0.438860
296 298 300.00 0.154223
296 299 300.00 0.131657
297 296 300.00 0.438860
297 318 300.00 0.132813
297 302 300.00 0.134473
298 296 300.00 0.154223
298 294 300.00 0.137760
298 303 300.00 0.132177
298 713 300.00 0.060033
299 296 300.00 0.131657
299 302 300.00 0.431970
299 303 300.00 0.150797
299 304 300.00 0.133753
300 289 300.00 0.346677
300 301 300.00 0.140923
300 342 300.00 0.333443
301 281 300.00 0.345510
301 300 300.00 0.140923
301 324 300.00 0.139017
301 325 300.00 0.335623
302 299 300.00 0.431970
302 297 300.00 0.134473
302 327 300.00 0.130980
303 299 300.00 0.150797
303 712 300.00 0.066843
303 298 300.00 0.132177
304 299 300.00 0.133753
304 637 300.00 0.049867
304 638 300.00 0.168207
304 639 300.00 0.166057
305 280 300.00 0.022333
305 306 300.00 0.247297
306 313 300.00 0.193917
306 314 300.00 0.019910
306 315 300.00 0.021677
307 308 300.00 0.238573
307 322 300.00 0.640247
307 323 300.00 0.233243
308 307 300.00 0.238573
308 309 300.00 0.223533
308 310 300.00 0.646210
309 308 300.00 0.223533
309 305 300.00 0.344240
310 308 300.00 0.646210
310 313 300.00 0.031817
310 322 300.00 0.233460
311 282 300.00 0.055533
311 681 300.00 0.068457
311 312 300.00 0.134007
312 283 300.00 0.055273
312 311 300.00 0.134007
312 682 300.00 0.070117
313 306 300.00 0.193917
313 310 300.00 0.031817
313 326 300.00 0.543887
314 306 300.00 0.019910
314 636 300.00 0.106667
315 318 300.00 0.102953
315 314 300.00 0.015843
316 682 300.00 0.184113
316 185 300.00 0.144010
317 318 300.00 0.134900
317 635 300.00 0.227880
317 295 300.00 0.137510
318 317 300.00 0.134900
318 297 300.00 0.132813
318 315 300.00 0.102953
319 284 300.00 0.406823
319 286 300.00 0.674583
319 647 300.00 0.317490
319 648 300.00 0.319053
320 284 300.00 0.270780
320 640 300.00 0.130323
320 645 300.00 0.211117
320 862 300.00 0.138267
321 284 300.00 0.496660
321 349 300.00 0.288357
322 307 300.00 0.640247
322 310 300.00 0.233460
322 345 300.00 0.129537
322 346 300.00 0.313253
323 307 300.00 0.233243
323 337 300.00 0.473227
323 338 300.00 0.469097
324 301 300.00 0.139017
324 328 300.00 0.136953
324 329 300.00 0.334343
325 301 300.00 0.335623
325 342 300.00 0.139800
325 355 300.00 0.202120
325 329 300.00 0.142257
326 313 300.00 0.543887
327 302 300.00 0.130980
327 339 300.00 0.207227
327 643 300.00 0.142253
328 324 300.00 0.136953
328 333 300.00 0.052820
328 334 300.00 0.011333
329 324 300.00 0.334343
329 325 300.00 0.142257
329 356 300.00 0.140760
330 184 300.00 0.137317
330 683 300.00 0.072873
330 334 300.00 0.072757
331 184 300.00 0.074147
331 335 300.00 0.063783
331 334 300.00 0.140973
332 184 300.00 0.066077
332 682 300.00 0.068980
332 683 300.00 0.134320
333 328 300.00 0.052820
333 335 300.00 0.146930
333 684 300.00 0.072563
334 328 300.00 0.011333
334 330 300.00 0.072757
334 331 300.00 0.140973
335 333 300.00 0.146930
335 336 300.00 0.068417
335 331 300.00 0.063783
335 186 300.00 0.239010
336 335 300.00 0.068417
336 353 300.00 0.073973
336 684 300.00 0.147177
337 323 300.00 0.473227
337 338 300.00 0.556400
337 364 300.00 0.177260
338 323 300.00 0.469097
338 345 300.00 0.178443
338 337 300.00 0.556400
339 327 300.00 0.207227
339 340 300.00 0.036420
340 876 300.00 0.038940
340 766 300.00 0.392587
341 292 300.00 0.221860
341 347 300.00 0.195687
341 370 300.00 0.262153
342 292 300.00 0.195830
342 347 300.00 0.219283
342 325 300.00 0.139800
342 300 300.00 0.333443
343 292 300.00 0.337657
343 293 300.00 0.678883
343 647 300.00 0.018180
344 353 300.00 0.286147
344 188 300.00 0.150487
345 322 300.00 0.129537
345 360 300.00 0.085223
345 338 300.00 0.178443
345 346 300.00 0.316090
346 322 300.00 0.313253
346 345 300.00 0.316090
346 766 300.00 0.403713
347 342 300.00 0.219283
347 341 300.00 0.195687
347 355 300.00 0.138393
348 349 300.00 0.033430
348 732 300.00 0.319387
349 348 300.00 0.033430
349 350 300.00 0.142473
349 351 300.00 0.225560
350 349 300.00 0.142473
350 643 300.00 0.430320
350 645 300.00 0.139250
351 879 300.00 0.034297
352 353 300.00 0.142510
352 684 300.00 0.068530
352 358 300.00 0.066257
353 352 300.00 0.142510
353 344 300.00 0.286147
353 354 300.00 0.069243
353 336 300.00 0.073973
354 353 300.00 0.069243
354 359 300.00 0.075987
354 358 300.00 0.141580
355 325 300.00 0.202120
355 347 300.00 0.138393
355 357 300.00 0.283140
356 329 300.00 0.140760
356 357 300.00 0.139193
356 358 300.00 0.076223
356 359 300.00 0.142993
357 356 300.00 0.139193
357 355 300.00 0.283140
357 688 300.00 0.074833
358 356 300.00 0.076223
358 352 300.00 0.066257
358 354 300.00 0.141580
359 356 300.00 0.142993
359 354 300.00 0.075987
359 187 300.00 0.174277
360 345 300.00 0.085223
360 362 300.00 0.095260
360 768 300.00 0.530797
361 362 300.00 0.227500
361 371 300.00 0.333923
361 372 300.00 0.734687
362 361 300.00 0.227500
362 360 300.00 0.095260
362 363 300.00 0.521483
363 362 300.00 0.521483
363 382 300.00 0.205357
363 768 300.00 0.231573
364 337 300.00 0.177260
364 373 300.00 0.253687
364 371 300.00 0.612353
365 366 300.00 0.031477
365 380 300.00 0.256603
365 786 300.00 0.165740
366 365 300.00 0.031477
366 367 300.00 0.371593
367 648 300.00 0.171227
367 321 300.00 0.422223
368 369 300.00 0.034320
368 384 300.00 0.260877
368 650 300.00 0.160630
369 368 300.00 0.034320
369 370 300.00 0.076710
370 649 300.00 0.032917
370 341 300.00 0.262153
370 366 300.00 0.301437
371 361 300.00 0.333923
371 364 300.00 0.612353
371 386 300.00 0.234473
371 392 300.00 0.739290
372 361 300.00 0.734687
372 397 300.00 0.156463
372 398 300.00 0.022507
373 364 300.00 0.253687
373 386 300.00 0.620440
373 387 300.00 0.219560
374 375 300.00 0.173093
374 376 300.00 0.031990
375 691 300.00 0.095070
375 693 300.00 0.148703
376 374 300.00 0.031990
376 377 300.00 0.180417
376 378 300.00 0.152557
377 376 300.00 0.180417
377 395 300.00 0.084170
377 792 300.00 0.106053
378 803 300.00 0.173277
378 804 300.00 0.025330
378 796 300.00 0.028147
379 380 300.00 0.176390
379 384 300.00 0.209030
379 400 300.00 0.378210
379 786 300.00 0.257727
380 379 300.00 0.176390
380 381 300.00 0.200740
380 365 300.00 0.256603
381 380 300.00 0.200740
381 393 300.00 0.358107
381 388 300.00 0.184050
382 372 300.00 0.228013
382 363 300.00 0.205357
383 384 300.00 0.165210
383 780 300.00 0.036017
383 650 300.00 0.255513
384 383 300.00 0.165210
384 385 300.00 0.368293
384 368 300.00 0.260877
384 379 300.00 0.209030
385 384 300.00 0.368293
385 400 300.00 0.166393
385 407 300.00 0.200773
386 373 300.00 0.620440
386 371 300.00 0.234473
386 405 300.00 0.246903
386 406 300.00 0.735033
387 373 300.00 0.219560
387 405 300.00 0.616337
387 5 300.00 0.240737
388 389 300.00 0.739673
388 381 300.00 0.184050
388 399 300.00 0.160040
388 400 300.00 0.225880
389 388 300.00 0.739673
389 390 300.00 0.105213
389 391 300.00 0.037437
390 389 300.00 0.105213
390 736 300.00 0.051807
390 737 300.00 0.149367
391 389 300.00 0.037437
391 762 300.00 0.127627
391 787 300.00 0.155380
392 371 300.00 0.739290
392 406 300.00 0.233200
393 381 300.00 0.358107
393 787 300.00 0.376307
393 788 300.00 0.202027
394 395 300.00 0.137217
394 780 300.00 0.094270
394 779 300.00 0.373277
395 394 300.00 0.137217
395 377 300.00 0.084170
395 396 300.00 0.388653
396 395 300.00 0.388653
396 805 300.00 0.090930
396 785 300.00 0.069893
397 866 300.00 0.166080
397 392 300.00 0.164190
398 372 300.00 0.022507
398 819 300.00 0.069043
399 388 300.00 0.160040
399 408 300.00 0.030947
399 409 300.00 0.151100
400 388 300.00 0.225880
400 385 300.00 0.166393
400 379 300.00 0.378210
401 402 300.00 0.103537
401 410 300.00 0.193660
401 736 300.00 0.086623
402 401 300.00 0.103537
402 403 300.00 0.103683
402 404 300.00 0.186173
403 402 300.00 0.103683
403 412 300.00 0.175893
403 770 300.00 0.098090
404 402 300.00 0.186173
404 410 300.00 0.088390
404 412 300.00 0.104810
405 386 300.00 0.246903
405 413 300.00 0.228693
405 414 300.00 0.755273
405 387 300.00 0.616337
406 386 300.00 0.735033
406 419 300.00 0.016927
406 420 300.00 0.035023
407 385 300.00 0.200773
407 779 300.00 0.099383
407 417 300.00 0.126993
407 780 300.00 0.373663
408 399 300.00 0.030947
408 773 300.00 0.310317
408 774 300.00 0.076237
409 399 300.00 0.151100
409 772 300.00 0.095527
409 773 300.00 0.164487
410 404 300.00 0.088390
410 401 300.00 0.193660
410 411 300.00 0.115573
411 410 300.00 0.115573
412 404 300.00 0.104810
412 769 300.00 0.103457
412 403 300.00 0.175893
413 405 300.00 0.228693
413 421 300.00 0.052133
413 422 300.00 0.793607
414 405 300.00 0.755273
414 856 300.00 0.222057
414 420 300.00 0.211743
415 416 300.00 0.064563
415 778 300.00 0.195803
415 777 300.00 0.100007
416 415 300.00 0.064563
416 417 300.00 0.045557
416 418 300.00 0.162647
417 416 300.00 0.045557
417 407 300.00 0.126993
417 782 300.00 0.126297
418 416 300.00 0.162647
418 781 300.00 0.125163
418 783 300.00 0.117930
419 406 300.00 0.016927
419 745 300.00 0.169370
419 822 300.00 0.143300
420 414 300.00 0.211743
420 419 300.00 0.035147
421 413 300.00 0.052133
421 5 300.00 0.552667
421 719 300.00 0.422960
422 413 300.00 0.793607
422 423 300.00 0.026093
422 424 300.00 0.297403
423 422 300.00 0.026093
423 856 300.00 0.038597
424 722 300.00 0.710623
424 731 300.00 0.027360
424 426 300.00 0.498570
425 426 300.00 0.023993
425 429 300.00 0.189360
425 731 300.00 0.499193
426 425 300.00 0.023993
426 427 300.00 0.365623
427 439 300.00 0.028360
427 440 300.00 0.088790
428 429 300.00 0.187673
428 431 300.00 0.164630
428 432 300.00 0.320637
429 428 300.00 0.187673
429 425 300.00 0.189360
429 430 300.00 0.358547
430 429 300.00 0.358547
430 434 300.00 0.192613
430 439 300.00 0.200077
431 428 300.00 0.164630
431 433 300.00 0.276997
431 434 300.00 0.187837
432 428 300.00 0.320637
432 433 300.00 0.116507
432 435 300.00 0.143960
433 431 300.00 0.276997
433 435 300.00 0.098407
433 441 300.00 0.191357
433 432 300.00 0.116507
434 431 300.00 0.187837
434 430 300.00 0.192613
434 441 300.00 0.271330
434 442 300.00 0.175243
435 436 300.00 0.253283
435 433 300.00 0.098407
435 432 300.00 0.143960
436 435 300.00 0.253283
436 437 300.00 0.193823
436 438 300.00 0.309653
437 436 300.00 0.193823
437 443 300.00 0.147117
437 441 300.00 0.360520
437 444 300.00 0.157933
438 436 300.00 0.309653
438 443 300.00 0.243390
438 791 300.00 2.382167
439 427 300.00 0.028360
439 430 300.00 0.200077
439 425 300.00 0.364687
440 445 300.00 0.564160
440 439 300.00 0.091783
441 434 300.00 0.271330
441 437 300.00 0.360520
441 433 300.00 0.191357
441 845 300.00 0.183097
442 434 300.00 0.175243
442 845 300.00 0.273523
442 846 300.00 0.424990
443 437 300.00 0.147117
443 444 300.00 0.209767
443 438 300.00 0.243390
444 437 300.00 0.157933
444 847 300.00 0.034463
444 443 300.00 0.209767
445 440 300.00 0.564160
446 61 300.00 0.026887
447 829 300.00 0.020810
448 309 300.00 0.062173
448 449 300.00 0.022077
449 714 300.00 0.444403
449 655 300.00 0.051487
450 451 300.00 0.423363
450 453 300.00 0.130587
450 454 300.00 0.793693
451 450 300.00 0.423363
451 452 300.00 0.052553
451 138 300.00 0.214397
452 451 300.00 0.052553
452 190 300.00 0.226627
453 450 300.00 0.130587
453 455 300.00 0.016010
453 456 300.00 0.142420
454 450 300.00 0.793693
454 823 300.00 0.403607
455 453 300.00 0.016010
456 453 300.00 0.142420
456 877 300.00 0.095007
456 901 300.00 0.011690
457 458 300.00 0.490290
457 514 300.00 0.104827
457 485 300.00 0.055277
458 457 300.00 0.490290
458 459 300.00 0.203650
458 460 300.00 0.352647
459 458 300.00 0.203650
459 485 300.00 0.187373
459 486 300.00 0.299340
460 458 300.00 0.352647
460 480 300.00 0.014073
460 481 300.00 0.024907
461 140 300.00 0.050880
461 467 300.00 0.176760
461 139 300.00 0.251483
462 140 300.00 0.215823
462 474 300.00 0.255883
462 475 300.00 0.282333
463 464 300.00 0.163077
463 472 300.00 0.326767
463 874 300.00 0.651740
464 463 300.00 0.163077
464 465 300.00 0.035697
464 466 300.00 0.743567
465 464 300.00 0.035697
465 467 300.00 0.190050
465 225 300.00 0.284520
466 464 300.00 0.743567
466 474 300.00 0.233820
466 467 300.00 0.460753
467 461 300.00 0.176760
467 466 300.00 0.460753
467 465 300.00 0.190050
468 469 300.00 0.075403
468 654 300.00 0.055797
469 468 300.00 0.075403
469 470 300.00 1.164627
469 471 300.00 0.061830
470 469 300.00 1.164627
470 555 300.00 0.160937
470 480 300.00 0.061823
471 469 300.00 0.061830
471 8 300.00 0.181450
471 477 300.00 0.771540
472 8 300.00 0.197247
472 463 300.00 0.326767
472 473 300.00 0.170793
473 472 300.00 0.170793
473 479 300.00 0.169257
473 478 300.00 0.627313
474 462 300.00 0.255883
474 466 300.00 0.233820
474 475 300.00 0.470830
475 474 300.00 0.470830
475 462 300.00 0.282333
475 476 300.00 0.091307
476 475 300.00 0.091307
477 471 300.00 0.771540
477 478 300.00 0.165433
477 479 300.00 0.614760
478 477 300.00 0.165433
478 473 300.00 0.627313
478 874 300.00 0.700447
479 477 300.00 0.614760
479 473 300.00 0.169257
479 8 300.00 0.087953
480 460 300.00 0.014073
480 470 300.00 0.061823
480 555 300.00 0.150513
481 483 300.00 0.674123
481 480 300.00 0.023373
482 483 300.00 0.262950
482 653 300.00 0.468453
482 872 300.00 0.224203
483 482 300.00 0.262950
483 484 300.00 0.474647
483 481 300.00 0.674123
484 483 300.00 0.474647
484 653 300.00 0.260993
484 654 300.00 0.375550
485 459 300.00 0.187373
485 487 300.00 0.318813
485 457 300.00 0.055277
486 459 300.00 0.299340
486 487 300.00 0.181043
486 488 300.00 0.367240
487 486 300.00 0.181043
487 506 300.00 0.158913
487 485 300.00 0.318813
488 486 300.00 0.367240
488 500 300.00 0.411963
488 501 300.00 0.455227
489 490 300.00 0.362930
490 489 300.00 0.362930
490 491 300.00 0.158187
490 492 300.00 0.162837
491 490 300.00 0.158187
491 600 300.00 0.191603
491 601 300.00 0.254100
492 490 300.00 0.162837
492 603 300.00 0.164220
492 590 300.00 0.242813
493 494 300.00 0.122187
493 597 300.00 0.052587
493 598 300.00 0.586633
494 493 300.00 0.122187
494 495 300.00 0.319923
494 496 300.00 0.160270
494 497 300.00 0.579690
495 494 300.00 0.319923
495 524 300.00 0.173000
495 531 300.00 0.457803
496 494 300.00 0.160270
496 663 300.00 0.158463
497 494 300.00 0.579690
497 531 300.00 0.250420
497 598 300.00 0.125323
498 156 300.00 0.090617
498 499 300.00 0.019857
499 498 300.00 0.019857
499 605 300.00 0.081403
500 488 300.00 0.411963
500 510 300.00 0.157873
500 512 300.00 0.376050
501 488 300.00 0.455227
501 512 300.00 0.421740
502 503 300.00 0.168143
502 507 300.00 0.197110
502 513 300.00 0.416263
503 502 300.00 0.168143
503 504 300.00 0.069857
503 505 300.00 0.162420
504 503 300.00 0.069857
504 515 300.00 0.036707
505 503 300.00 0.162420
505 508 300.00 0.381987
505 517 300.00 0.159933
506 507 300.00 0.414913
506 487 300.00 0.158913
506 513 300.00 0.163270
507 506 300.00 0.414913
507 508 300.00 0.162670
507 502 300.00 0.197110
507 509 300.00 0.379437
508 507 300.00 0.162670
508 516 300.00 0.160057
508 511 300.00 0.373193
508 505 300.00 0.381987
509 507 300.00 0.379437
509 510 300.00 0.178137
509 511 300.00 0.161243
510 509 300.00 0.178137
510 500 300.00 0.157873
511 509 300.00 0.161243
511 508 300.00 0.373193
511 529 300.00 0.165237
512 501 300.00 0.421740
512 500 300.00 0.376050
513 514 300.00 0.169883
513 506 300.00 0.163270
513 502 300.00 0.416263
514 513 300.00 0.169883
514 457 300.00 0.104827
514 515 300.00 0.317640
515 514 300.00 0.317640
515 504 300.00 0.036707
515 916 300.00 0.078443
516 508 300.00 0.160057
516 523 300.00 0.170797
516 517 300.00 0.403900
516 529 300.00 0.373420
517 505 300.00 0.159933
517 528 300.00 0.149190
517 516 300.00 0.403900
518 519 300.00 0.157927
518 523 300.00 0.408987
518 528 300.00 0.026037
519 518 300.00 0.157927
519 520 300.00 0.159037
519 521 300.00 0.406777
520 519 300.00 0.159037
520 524 300.00 0.410150
520 531 300.00 0.163220
521 519 300.00 0.406777
521 522 300.00 0.393117
521 523 300.00 0.169807
521 524 300.00 0.155410
522 521 300.00 0.393117
522 525 300.00 0.161473
522 527 300.00 0.156743
523 521 300.00 0.169807
523 516 300.00 0.170797
523 518 300.00 0.408987
523 527 300.00 0.375847
524 521 300.00 0.155410
524 520 300.00 0.410150
524 495 300.00 0.173000
525 522 300.00 0.161473
525 526 300.00 0.153223
526 525 300.00 0.153223
526 527 300.00 0.203540
526 530 300.00 0.197887
527 522 300.00 0.156743
527 523 300.00 0.375847
527 529 300.00 0.166740
527 526 300.00 0.203540
528 518 300.00 0.026037
528 517 300.00 0.149190
528 588 300.00 0.543863
529 527 300.00 0.166740
529 511 300.00 0.165237
529 516 300.00 0.373420
530 526 300.00 0.197887
531 520 300.00 0.163220
531 495 300.00 0.457803
531 497 300.00 0.250420
532 533 300.00 0.478060
532 539 300.00 0.100800
532 592 300.00 0.103873
532 593 300.00 0.126193
533 532 300.00 0.478060
534 535 300.00 0.071283
534 598 300.00 0.117143
534 599 300.00 0.652893
535 534 300.00 0.071283
535 536 300.00 0.419323
535 537 300.00 0.096897
536 535 300.00 0.419323
537 535 300.00 0.096897
537 541 300.00 0.350007
537 542 300.00 0.406837
538 539 300.00 0.302687
538 542 300.00 0.251023
538 541 300.00 0.370463
539 538 300.00 0.302687
539 540 300.00 0.067277
539 532 300.00 0.100800
540 539 300.00 0.067277
540 542 300.00 0.331057
540 667 300.00 0.153517
541 537 300.00 0.350007
541 570 300.00 0.418950
541 538 300.00 0.370463
542 537 300.00 0.406837
542 538 300.00 0.251023
542 540 300.00 0.331057
543 104 300.00 0.034137
543 97 300.00 0.858293
543 671 300.00 0.438510
544 90 300.00 0.245227
544 606 300.00 0.055877
544 618 300.00 1.328930
545 546 300.00 0.024640
545 547 300.00 0.144497
546 850 300.00 0.029037
547 553 300.00 0.086493
548 549 300.00 0.026203
548 574 300.00 0.995157
548 608 300.00 0.047387
549 548 300.00 0.026203
549 550 300.00 0.233797
549 551 300.00 0.481320
550 836 300.00 0.022730
550 838 300.00 0.168030
551 549 300.00 0.481320
551 575 300.00 0.093830
551 560 300.00 0.896563
551 576 300.00 0.485677
552 553 300.00 0.271240
552 589 300.00 0.038003
553 552 300.00 0.271240
553 554 300.00 0.031947
554 460 300.00 0.552253
554 556 300.00 0.099790
555 556 300.00 0.455257
556 547 300.00 0.024243
556 546 300.00 0.134420
557 558 300.00 0.027857
557 863 300.00 0.154433
558 557 300.00 0.027857
558 559 300.00 0.523097
558 560 300.00 1.305483
559 573 300.00 0.029477
559 569 300.00 1.165727
560 558 300.00 1.305483
560 562 300.00 0.482803
560 551 300.00 0.896563
560 569 300.00 0.485197
561 562 300.00 0.024137
561 871 300.00 0.160387
562 561 300.00 0.024137
562 563 300.00 1.444177
562 560 300.00 0.482803
563 545 300.00 0.026840
563 865 300.00 0.346050
564 565 300.00 0.481543
564 99 300.00 0.894720
564 568 300.00 0.237073
564 569 300.00 0.487207
565 564 300.00 0.481543
565 566 300.00 0.881267
565 567 300.00 0.199697
566 565 300.00 0.881267
566 595 300.00 0.204747
566 594 300.00 0.148780
567 565 300.00 0.199697
567 100 300.00 0.443973
567 832 300.00 0.018367
568 564 300.00 0.237073
568 583 300.00 0.438107
568 584 300.00 0.119767
569 564 300.00 0.487207
569 559 300.00 1.165727
569 581 300.00 0.082073
569 560 300.00 0.485197
570 541 300.00 0.418950
570 571 300.00 0.447907
570 572 300.00 0.209123
571 570 300.00 0.447907
571 573 300.00 0.195303
571 588 300.00 0.271460
572 570 300.00 0.209123
572 583 300.00 0.374677
572 587 300.00 0.236557
573 557 300.00 0.517210
573 559 300.00 0.029477
573 571 300.00 0.195303
574 548 300.00 0.995157
575 551 300.00 0.093830
575 613 300.00 0.465017
575 880 300.00 0.025513
576 551 300.00 0.485677
576 578 300.00 0.209610
576 99 300.00 0.485410
576 616 300.00 0.567297
577 578 300.00 0.240510
577 580 300.00 0.239850
577 882 300.00 0.017237
578 577 300.00 0.240510
578 576 300.00 0.209610
578 579 300.00 0.223723
579 578 300.00 0.223723
580 577 300.00 0.239850
580 581 300.00 0.122183
580 582 300.00 0.015713
581 580 300.00 0.122183
581 569 300.00 0.082073
581 881 300.00 0.019513
582 580 300.00 0.015713
583 568 300.00 0.438107
583 572 300.00 0.374677
583 585 300.00 0.122067
584 568 300.00 0.119767
584 586 300.00 0.523693
584 585 300.00 0.427590
585 586 300.00 0.114990
585 583 300.00 0.122067
585 584 300.00 0.427590
586 585 300.00 0.114990
586 587 300.00 0.315217
586 584 300.00 0.523693
587 586 300.00 0.315217
587 572 300.00 0.236557
587 594 300.00 0.140663
588 528 300.00 0.543863
588 589 300.00 0.534523
588 571 300.00 0.271460
589 588 300.00 0.534523
589 666 300.00 0.094220
589 552 300.00 0.038003
590 591 300.00 0.194550
590 661 300.00 0.167037
590 492 300.00 0.242813
591 590 300.00 0.194550
592 532 300.00 0.103873
592 107 300.00 0.105260
592 615 300.00 0.519397
593 532 300.00 0.126193
593 667 300.00 0.209813
593 136 300.00 0.108323
593 669 300.00 0.357003
594 587 300.00 0.140663
594 566 300.00 0.148780
594 868 300.00 0.128713
595 566 300.00 0.204747
595 106 300.00 0.747583
595 596 300.00 0.103747
596 595 300.00 0.103747
596 107 300.00 0.090810
596 106 300.00 0.597080
597 493 300.00 0.052587
597 599 300.00 0.162483
598 493 300.00 0.586633
598 497 300.00 0.125323
598 534 300.00 0.117143
599 597 300.00 0.162483
599 600 300.00 0.016207
599 534 300.00 0.652893
600 599 300.00 0.016207
600 491 300.00 0.191603
601 491 300.00 0.254100
602 603 300.00 0.149753
602 661 300.00 0.106793
602 155 300.00 0.244303
603 602 300.00 0.149753
603 492 300.00 0.164220
603 604 300.00 0.162230
604 603 300.00 0.162230
604 605 300.00 0.090290
605 604 300.00 0.090290
605 156 300.00 0.086917
605 499 300.00 0.081403
606 544 300.00 0.055877
606 607 300.00 0.522680
606 608 300.00 1.426350
607 606 300.00 0.522680
607 613 300.00 0.744893
607 92 300.00 0.232893
608 606 300.00 1.426350
608 549 300.00 0.045920
609 97 300.00 0.499847
609 610 300.00 0.739613
609 96 300.00 0.529860
610 609 300.00 0.739613
610 893 300.00 0.173823
610 890 300.00 0.032807
611 101 300.00 0.503950
611 99 300.00 0.978117
611 93 300.00 0.509117
612 93 300.00 0.542567
612 904 300.00 0.064603
612 616 300.00 0.029413
613 607 300.00 0.744893
613 672 300.00 0.019083
613 575 300.00 0.465017
614 94 300.00 0.317847
614 102 300.00 0.126847
614 831 300.00 0.010570
615 592 300.00 0.519397
616 576 300.00 0.567297
616 612 300.00 0.029413
616 906 300.00 0.066140
617 839 300.00 0.023863
618 544 300.00 1.328930
618 624 300.00 0.023567
618 658 300.00 1.178047
619 171 300.00 0.299503
619 170 300.00 0.341233
620 206 300.00 0.267450
620 679 300.00 0.071073
621 204 300.00 0.052547
622 623 300.00 0.025637
622 214 300.00 0.331997
623 617 300.00 0.042080
623 13 300.00 0.315187
624 618 300.00 0.023567
625 618 300.00 0.923847
626 291 300.00 0.109683
626 894 300.00 0.102780
626 898 300.00 0.023053
627 287 300.00 0.049827
627 278 300.00 0.026523
627 628 300.00 0.314780
628 627 300.00 0.314780
628 630 300.00 0.160313
628 639 300.00 0.225380
629 287 300.00 0.211817
629 631 300.00 0.141840
629 680 300.00 0.077173
630 287 300.00 0.295203
630 862 300.00 0.231567
630 628 300.00 0.160313
631 629 300.00 0.141840
632 233 300.00 0.340113
632 277 300.00 0.506193
632 275 300.00 0.132063
632 239 300.00 0.221817
633 231 300.00 0.016277
634 264 300.00 0.188070
634 635 300.00 0.138070
634 295 300.00 0.234490
635 634 300.00 0.138070
635 317 300.00 0.227880
635 636 300.00 0.139050
636 635 300.00 0.139050
636 280 300.00 0.135333
637 304 300.00 0.049867
637 641 300.00 0.065950
637 644 300.00 0.174913
638 304 300.00 0.168207
638 643 300.00 0.120983
638 644 300.00 0.089363
639 304 300.00 0.166057
639 628 300.00 0.225380
639 862 300.00 0.239417
640 320 300.00 0.130323
640 641 300.00 0.070280
640 642 300.00 0.202437
641 640 300.00 0.070280
641 637 300.00 0.065950
641 646 300.00 0.192790
642 640 300.00 0.202437
642 645 300.00 0.140567
642 646 300.00 0.067263
643 638 300.00 0.120983
643 327 300.00 0.142253
643 350 300.00 0.430320
644 638 300.00 0.089363
644 637 300.00 0.174913
644 646 300.00 0.087187
645 642 300.00 0.140567
645 350 300.00 0.139250
645 320 300.00 0.211117
646 642 300.00 0.067263
646 644 300.00 0.087187
646 641 300.00 0.192790
647 319 300.00 0.317490
647 343 300.00 0.018180
647 694 300.00 0.150300
648 319 300.00 0.319053
648 367 300.00 0.171227
648 695 300.00 0.081623
649 370 300.00 0.032917
649 368 300.00 0.076663
650 383 300.00 0.255513
650 376 300.00 0.265660
651 179 300.00 1.861760
651 652 300.00 0.027153
652 843 300.00 0.070650
652 844 300.00 0.080590
653 484 300.00 0.260993
653 9 300.00 0.240590
653 482 300.00 0.468453
654 484 300.00 0.375550
654 468 300.00 0.055797
654 910 300.00 0.068623
655 872 300.00 0.013370
655 889 300.00 0.019690
656 57 300.00 0.304740
656 674 300.00 0.292147
656 878 300.00 0.479117
657 77 300.00 0.212953
657 80 300.00 0.757687
657 675 300.00 0.526840
658 859 300.00 0.389407
658 826 300.00 0.193343
659 660 300.00 0.027187
659 144 300.00 0.558583
660 659 300.00 0.027187
661 149 300.00 0.190957
661 602 300.00 0.106793
661 662 300.00 0.131317
661 590 300.00 0.167037
662 661 300.00 0.131317
663 496 300.00 0.158463
663 664 300.00 0.066307
663 665 300.00 0.026577
664 663 300.00 0.066307
665 663 300.00 0.026577
666 917 300.00 0.131580
666 918 300.00 0.037880
667 540 300.00 0.153517
667 593 300.00 0.209813
667 668 300.00 0.351990
668 667 300.00 0.351990
668 132 300.00 0.251253
668 134 300.00 0.235223
669 593 300.00 0.357003
670 136 300.00 0.376393
671 543 300.00 0.438510
672 613 300.00 0.019083
673 61 300.00 0.211137
673 62 300.00 0.094220
674 656 300.00 0.292147
675 657 300.00 0.526840
676 159 300.00 0.159597
677 193 300.00 0.261407
677 452 300.00 0.191827
678 193 300.00 0.192280
678 206 300.00 0.078090
678 679 300.00 0.270383
679 678 300.00 0.270383
679 677 300.00 0.175017
680 277 300.00 0.057817
680 629 300.00 0.077173
680 278 300.00 0.213687
681 311 300.00 0.068457
681 683 300.00 0.065523
681 682 300.00 0.133797
682 312 300.00 0.070117
682 681 300.00 0.133797
682 332 300.00 0.068980
682 316 300.00 0.184113
683 681 300.00 0.065523
683 330 300.00 0.072873
683 332 300.00 0.134320
684 333 300.00 0.072563
684 352 300.00 0.068530
684 336 300.00 0.147177
685 686 300.00 0.118513
686 685 300.00 0.118513
686 687 300.00 0.080340
686 688 300.00 0.185577
687 686 300.00 0.080340
687 374 300.00 0.109263
688 686 300.00 0.185577
688 357 300.00 0.074833
688 187 300.00 0.561693
689 369 300.00 0.052293
689 690 300.00 0.097550
690 689 300.00 0.097550
691 689 300.00 0.107283
691 692 300.00 0.138037
692 691 300.00 0.138037
693 375 300.00 0.148703
694 694 300.00 0.209370
694 647 300.00 0.150300
695 648 300.00 0.081623
696 267 300.00 0.062367
696 699 300.00 0.063767
696 697 300.00 0.132323
697 273 300.00 0.063917
697 696 300.00 0.132323
697 698 300.00 0.138877
697 701 300.00 0.062133
698 276 300.00 0.064990
698 700 300.00 0.062707
698 697 300.00 0.138877
699 696 300.00 0.063767
699 701 300.00 0.134007
699 702 300.00 0.067923
700 698 300.00 0.062707
700 701 300.00 0.137140
700 703 300.00 0.067037
701 699 300.00 0.134007
701 700 300.00 0.137140
701 697 300.00 0.062133
701 705 300.00 0.063243
702 699 300.00 0.067923
702 704 300.00 0.061827
702 705 300.00 0.133563
703 700 300.00 0.067037
703 706 300.00 0.063037
703 705 300.00 0.135923
704 702 300.00 0.061827
704 707 300.00 0.058580
704 708 300.00 0.130473
705 702 300.00 0.133563
705 703 300.00 0.135923
705 701 300.00 0.063243
705 708 300.00 0.064453
706 703 300.00 0.063037
706 708 300.00 0.132703
706 709 300.00 0.060037
707 704 300.00 0.058580
707 710 300.00 0.067837
707 711 300.00 0.132700
708 704 300.00 0.130473
708 706 300.00 0.132703
708 705 300.00 0.064453
708 711 300.00 0.063687
709 706 300.00 0.060037
709 712 300.00 0.064423
709 711 300.00 0.133070
710 707 300.00 0.067837
710 294 300.00 0.063607
710 713 300.00 0.135767
711 707 300.00 0.132700
711 709 300.00 0.133070
711 708 300.00 0.063687
711 713 300.00 0.065020
712 709 300.00 0.064423
712 303 300.00 0.066843
712 713 300.00 0.132830
713 710 300.00 0.135767
713 712 300.00 0.132830
713 711 300.00 0.065020
713 298 300.00 0.060033
714 279 300.00 0.252480
714 6 300.00 0.711713
715 279 300.00 0.418637
715 449 300.00 0.270097
716 717 300.00 0.237543
717 716 300.00 0.237543
717 718 300.00 0.789820
718 840 300.00 0.057013
718 448 300.00 1.252800
719 421 300.00 0.422960
719 720 300.00 0.229800
719 721 300.00 0.246640
720 719 300.00 0.229800
720 725 300.00 0.212523
721 719 300.00 0.246640
721 722 300.00 0.081953
721 724 300.00 0.541283
722 721 300.00 0.081953
722 424 300.00 0.710623
722 723 300.00 0.537967
723 722 300.00 0.537967
723 2 300.00 1.196443
723 724 300.00 0.122867
724 723 300.00 0.122867
724 727 300.00 0.055173
724 730 300.00 0.277363
724 721 300.00 0.541283
725 720 300.00 0.212523
725 726 300.00 0.027040
726 725 300.00 0.027040
726 727 300.00 0.058003
726 728 300.00 0.138140
727 726 300.00 0.058003
727 724 300.00 0.055173
727 729 300.00 0.218720
728 726 300.00 0.138140
729 727 300.00 0.218720
730 724 300.00 0.277363
731 424 300.00 0.027360
731 423 300.00 0.289693
732 733 300.00 0.033903
732 858 300.00 0.016037
733 732 300.00 0.033903
734 735 300.00 0.137490
734 741 300.00 0.143627
734 818 300.00 0.113773
734 761 300.00 0.139527
735 734 300.00 0.137490
736 390 300.00 0.051807
736 738 300.00 0.061080
736 401 300.00 0.086623
737 390 300.00 0.149367
737 739 300.00 0.113100
737 762 300.00 0.139200
737 761 300.00 0.161587
738 736 300.00 0.061080
738 739 300.00 0.151673
738 740 300.00 0.248607
739 738 300.00 0.151673
739 737 300.00 0.113100
739 754 300.00 0.163673
740 738 300.00 0.248607
740 748 300.00 0.102840
740 759 300.00 0.172870
741 734 300.00 0.143627
741 742 300.00 0.139137
741 743 300.00 0.149387
742 741 300.00 0.139137
742 761 300.00 0.140450
742 762 300.00 0.159990
743 741 300.00 0.149387
743 855 300.00 0.155263
744 745 300.00 0.143633
744 756 300.00 0.105597
744 764 300.00 0.135083
744 822 300.00 0.163837
745 744 300.00 0.143633
745 746 300.00 0.131337
745 419 300.00 0.169370
746 745 300.00 0.131337
746 764 300.00 0.139277
746 751 300.00 0.187137
747 748 300.00 0.110010
747 750 300.00 0.146313
747 751 300.00 0.268213
748 747 300.00 0.110010
748 749 300.00 0.139947
748 740 300.00 0.102840
749 748 300.00 0.139947
749 763 300.00 0.035310
749 750 300.00 0.109187
750 747 300.00 0.146313
750 749 300.00 0.109187
750 751 300.00 0.138503
750 764 300.00 0.185663
751 747 300.00 0.268213
751 746 300.00 0.187137
751 750 300.00 0.138503
752 753 300.00 0.140117
752 757 300.00 0.146113
752 818 300.00 0.108720
752 820 300.00 0.154603
753 752 300.00 0.140117
753 754 300.00 0.113560
753 755 300.00 0.142887
754 753 300.00 0.113560
754 739 300.00 0.163673
754 761 300.00 0.113483
754 818 300.00 0.139713
755 753 300.00 0.142887
755 757 300.00 0.140500
755 759 300.00 0.148737
755 760 300.00 0.104930
756 757 300.00 0.110820
756 760 300.00 0.140897
756 744 300.00 0.105597
756 821 300.00 0.156973
757 756 300.00 0.110820
757 752 300.00 0.146113
757 755 300.00 0.140500
757 758 300.00 0.155797
758 757 300.00 0.155797
758 820 300.00 0.148667
759 755 300.00 0.148737
759 740 300.00 0.172870
759 763 300.00 0.103990
760 755 300.00 0.104930
760 756 300.00 0.140897
760 763 300.00 0.149187
760 764 300.00 0.108117
761 742 300.00 0.140450
761 734 300.00 0.139527
761 754 300.00 0.113483
761 737 300.00 0.161587
762 742 300.00 0.159990
762 737 300.00 0.139200
762 391 300.00 0.127627
763 760 300.00 0.149187
763 749 300.00 0.035310
763 759 300.00 0.103990
764 760 300.00 0.108117
764 746 300.00 0.139277
764 744 300.00 0.135083
764 750 300.00 0.185663
765 766 300.00 0.038313
765 875 300.00 0.026160
766 765 300.00 0.038313
766 346 300.00 0.403713
766 767 300.00 0.084213
767 768 300.00 0.172897
767 382 300.00 0.281363
768 363 300.00 0.231573
768 767 300.00 0.172897
768 360 300.00 0.530797
769 412 300.00 0.103457
769 771 300.00 0.097587
769 770 300.00 0.168720
770 403 300.00 0.098090
770 769 300.00 0.168720
770 772 300.00 0.102310
771 769 300.00 0.097587
771 773 300.00 0.098080
771 772 300.00 0.167670
772 770 300.00 0.102310
772 771 300.00 0.167670
772 409 300.00 0.095527
773 771 300.00 0.098080
773 408 300.00 0.310317
773 409 300.00 0.164487
774 408 300.00 0.076237
774 775 300.00 0.105820
774 776 300.00 0.186403
775 774 300.00 0.105820
775 777 300.00 0.206430
775 778 300.00 0.325113
776 774 300.00 0.186403
777 775 300.00 0.206430
777 778 300.00 0.109317
777 415 300.00 0.100007
778 775 300.00 0.325113
778 415 300.00 0.195803
778 777 300.00 0.109317
779 407 300.00 0.099383
779 785 300.00 0.034417
779 394 300.00 0.373277
780 407 300.00 0.373663
780 383 300.00 0.036017
780 394 300.00 0.094270
781 418 300.00 0.125163
782 417 300.00 0.126297
782 783 300.00 0.005083
782 785 300.00 0.129890
783 784 300.00 0.075843
783 418 300.00 0.117930
783 782 300.00 0.005083
784 783 300.00 0.075843
785 782 300.00 0.129890
785 779 300.00 0.034417
785 396 300.00 0.069893
786 379 300.00 0.257727
786 649 300.00 0.134697
787 393 300.00 0.376307
787 855 300.00 0.594987
787 391 300.00 0.155380
788 393 300.00 0.202027
788 789 300.00 0.261990
789 788 300.00 0.261990
789 857 300.00 0.187700
790 791 300.00 0.093487
791 438 300.00 2.382167
792 377 300.00 0.106053
792 803 300.00 0.041663
792 805 300.00 0.491373
793 794 300.00 0.150920
793 801 300.00 0.118350
793 811 300.00 0.406037
794 793 300.00 0.150920
794 795 300.00 0.669460
795 809 300.00 0.173397
795 790 300.00 0.331810
796 797 300.00 0.060767
796 804 300.00 0.030233
797 796 300.00 0.060767
797 798 300.00 0.159680
797 799 300.00 0.239347
798 797 300.00 0.159680
798 800 300.00 0.038917
798 802 300.00 0.051553
799 797 300.00 0.239347
799 800 300.00 0.082780
799 801 300.00 0.053263
800 799 300.00 0.082780
800 798 300.00 0.038917
800 814 300.00 0.360680
801 799 300.00 0.053263
801 816 300.00 0.385257
801 793 300.00 0.118350
802 798 300.00 0.051553
802 803 300.00 0.040830
802 808 300.00 0.337350
803 378 300.00 0.173277
803 802 300.00 0.040830
803 792 300.00 0.041663
804 378 300.00 0.025330
804 687 300.00 0.041887
805 792 300.00 0.491373
805 806 300.00 0.078103
805 396 300.00 0.090930
806 805 300.00 0.078103
806 807 300.00 0.134297
806 808 300.00 0.229820
807 806 300.00 0.134297
807 812 300.00 0.120423
807 813 300.00 0.197120
808 806 300.00 0.229820
808 813 300.00 0.061483
808 802 300.00 0.337350
809 795 300.00 0.173397
809 810 300.00 0.122027
809 811 300.00 0.270113
810 809 300.00 0.122027
810 812 300.00 0.143713
810 817 300.00 0.234047
811 809 300.00 0.270113
811 817 300.00 0.081617
811 793 300.00 0.406037
812 807 300.00 0.120423
812 810 300.00 0.143713
812 815 300.00 0.215823
813 807 300.00 0.197120
813 814 300.00 0.071693
813 808 300.00 0.061483
814 813 300.00 0.071693
814 815 300.00 0.028937
814 800 300.00 0.360680
815 812 300.00 0.215823
815 816 300.00 0.092797
815 814 300.00 0.028937
816 815 300.00 0.092797
816 817 300.00 0.047863
816 801 300.00 0.385257
817 810 300.00 0.234047
817 811 300.00 0.081617
817 816 300.00 0.047863
818 734 300.00 0.113773
818 754 300.00 0.139713
818 752 300.00 0.108720
818 819 300.00 0.153687
819 818 300.00 0.153687
819 743 300.00 0.260930
820 752 300.00 0.154603
820 398 300.00 0.035230
821 756 300.00 0.156973
821 758 300.00 0.117643
822 744 300.00 0.163837
822 821 300.00 0.106253
823 824 300.00 0.052783
824 451 300.00 0.583943
824 447 300.00 0.269690
825 823 300.00 0.327300
826 621 300.00 1.906630
826 454 300.00 0.198700
827 828 300.00 0.207413
828 825 300.00 0.057557
829 195 300.00 0.347493
829 873 300.00 0.272980
830 102 300.00 0.015920
831 614 300.00 0.010570
832 567 300.00 0.018367
833 834 300.00 0.095453
833 835 300.00 0.021600
834 851 300.00 0.021313
834 852 300.00 0.080200
835 833 300.00 0.021600
835 837 300.00 0.162463
836 548 300.00 0.232577
836 550 300.00 0.022730
837 836 300.00 0.168503
837 838 300.00 0.022147
838 837 300.00 0.022147
838 833 300.00 0.162353
839 622 300.00 0.042700
840 718 300.00 0.057013
840 841 300.00 1.058587
841 842 300.00 0.031357
842 10 300.00 0.902137
842 3 300.00 0.057683
843 180 300.00 1.525100
844 794 300.00 0.398170
845 441 300.00 0.183097
845 442 300.00 0.273523
845 846 300.00 0.165793
845 847 300.00 0.346493
846 845 300.00 0.165793
846 848 300.00 0.196867
846 849 300.00 0.242133
846 442 300.00 0.424990
847 845 300.00 0.346493
847 848 300.00 0.222727
847 444 300.00 0.034463
848 846 300.00 0.196867
848 849 300.00 0.309523
848 847 300.00 0.222727
849 846 300.00 0.242133
849 848 300.00 0.309523
850 563 300.00 0.024903
850 561 300.00 1.445203
851 834 300.00 0.021313
851 835 300.00 0.094967
852 871 300.00 0.023137
852 562 300.00 0.159873
853 11 300.00 0.255990
854 62 300.00 0.010283
855 765 300.00 0.104137
855 787 300.00 0.594987
856 422 300.00 0.030203
856 414 300.00 0.222057
857 365 300.00 0.111737
857 789 300.00 0.187700
858 875 300.00 0.858560
858 857 300.00 0.640100
859 658 300.00 0.389407
859 860 300.00 0.153117
859 861 300.00 0.160400
860 859 300.00 0.153117
861 859 300.00 0.160400
862 630 300.00 0.231567
862 320 300.00 0.138267
862 639 300.00 0.239417
863 865 300.00 0.025933
863 545 300.00 0.354863
864 232 300.00 0.016163
865 558 300.00 0.154847
865 863 300.00 0.025933
866 397 300.00 0.166080
867 137 300.00 0.149637
868 594 300.00 0.128713
869 25 300.00 0.324690
870 25 300.00 0.125097
871 851 300.00 0.080167
871 852 300.00 0.023137
872 482 300.00 0.224203
872 889 300.00 0.014320
873 827 300.00 0.055007
874 463 300.00 0.651740
874 478 300.00 0.700447
874 883 300.00 0.123117
875 876 300.00 0.351613
875 858 300.00 0.858560
876 351 300.00 0.032090
876 348 300.00 0.222327
877 456 300.00 0.095007
878 656 300.00 0.479117
879 340 300.00 0.025573
879 339 300.00 0.022663
880 575 300.00 0.025513
881 581 300.00 0.019513
882 577 300.00 0.017237
883 874 300.00 0.123117
884 218 300.00 0.020700
885 886 300.00 0.021743
885 245 300.00 0.092530
885 218 300.00 0.118170
886 885 300.00 0.021743
887 245 300.00 0.020897
888 238 300.00 0.018930
889 448 300.00 0.055037
889 840 300.00 1.249293
890 891 300.00 0.682567
890 892 300.00 0.120343
890 610 300.00 0.032807
891 890 300.00 0.682567
892 890 300.00 0.120343
893 610 300.00 0.173823
894 250 300.00 0.025473
894 626 300.00 0.102780
894 899 300.00 0.023427
895 250 300.00 0.106637
895 896 300.00 0.059777
895 897 300.00 0.208240
896 895 300.00 0.059777
897 895 300.00 0.208240
898 626 300.00 0.023053
899 894 300.00 0.023427
900 203 300.00 0.025317
901 456 300.00 0.011690
902 209 300.00 0.022143
903 197 300.00 0.024030
904 612 300.00 0.064603
904 905 300.00 0.027600
904 906 300.00 0.027913
905 904 300.00 0.027600
905 907 300.00 0.203840
906 904 300.00 0.027913
906 616 300.00 0.066140
906 907 300.00 0.045750
907 906 300.00 0.045750
907 905 300.00 0.203840
908 909 300.00 0.190290
908 910 300.00 0.217253
908 911 300.00 0.112937
909 908 300.00 0.190290
910 468 300.00 0.098593
910 908 300.00 0.217253
911 912 300.00 0.143970
911 913 300.00 0.102773
911 908 300.00 0.112937
912 911 300.00 0.143970
913 911 300.00 0.102773
913 914 300.00 0.179147
913 915 300.00 0.227163
914 913 300.00 0.179147
915 913 300.00 0.227163
916 921 300.00 0.036973
916 922 300.00 0.123860
917 919 300.00 0.096040
917 920 300.00 0.037547
918 666 300.00 0.037880
918 552 300.00 0.095177
919 921 300.00 0.123227
919 922 300.00 0.037267
920 917 300.00 0.037547
920 918 300.00 0.131863
921 504 300.00 0.081327
921 916 300.00 0.036973
922 919 300.00 0.037267
922 920 300.00 0.096147
