0 71 839.00 1.229583
1 13 192.00 0.140617
1 23 1088.00 1.594100
1 115 2812.00 2.059200
2 3 1857.00 1.359917
2 113 1725.00 2.527283
3 4 1783.00 1.305683
3 56 1368.00 2.003600
4 5 1920.00 1.406567
4 55 1448.00 2.121967
5 10 195.00 0.142867
5 6 1781.00 1.304633
6 124 1024.00 0.749933
6 53 1599.00 2.342183
7 52 3503.00 2.565500
7 8 3908.00 2.861900
8 9 206.00 0.151533
8 96 2238.00 1.639100
8 85 9266.00 6.785117
9 8 206.00 0.151533
9 37 3840.00 2.811950
10 33 1680.00 1.230617
10 11 3721.00 2.724783
11 12 3541.00 2.593033
11 34 844.00 1.236950
12 38 3491.00 2.556317
12 13 4024.00 2.947017
13 1 192.00 0.140617
13 89 582.00 0.426500
13 125 1250.00 0.915417
14 15 4442.00 3.253117
15 16 3386.00 2.479417
15 28 1774.00 1.299683
16 17 3590.00 2.629400
16 29 897.00 1.314150
17 18 4199.00 3.075017
18 31 1798.00 1.317100
19 28 2231.00 3.268233
19 14 1783.00 1.306167
20 24 2224.00 3.257533
20 19 1784.00 1.306683
21 42 2218.00 3.248500
21 41 2052.00 3.006333
21 20 1810.00 1.325800
22 21 1767.00 1.294350
22 38 2138.00 3.131150
23 1 1088.00 1.594100
23 109 721.00 1.057017
23 108 1423.00 2.084267
24 20 2224.00 3.257533
24 25 1690.00 2.475733
24 42 1730.00 1.267000
24 28 1827.00 1.338500
25 24 1690.00 2.475733
25 26 1788.00 2.619183
25 29 912.00 1.336033
25 43 881.00 1.290933
26 25 1788.00 2.619183
26 27 2121.00 3.106367
26 30 1825.00 1.336467
27 26 2121.00 3.106367
27 35 1781.00 1.304583
28 15 1774.00 1.299683
28 19 2231.00 3.268233
28 24 1827.00 1.338500
28 29 1693.00 2.479633
29 16 897.00 1.314150
29 25 912.00 1.336033
29 28 1693.00 2.479633
29 30 1783.00 2.612317
30 29 1783.00 2.612317
30 17 1783.00 1.305633
30 31 2116.00 3.099067
31 30 2116.00 3.099067
31 27 1804.00 1.321117
32 33 4206.00 3.080417
32 37 1670.00 1.223000
33 32 4206.00 3.080417
33 40 1776.00 1.301117
33 34 3688.00 2.701000
34 11 844.00 1.236950
34 33 3688.00 2.701000
34 39 898.00 1.316433
35 44 2117.00 3.100467
35 36 1799.00 1.317350
36 40 2089.00 3.059600
36 32 1815.00 1.329083
37 7 205.00 0.150250
37 123 1476.00 1.080950
38 12 3491.00 2.556317
38 22 2138.00 3.131150
38 39 1762.00 2.580717
38 42 1846.00 1.351733
39 34 898.00 1.316433
39 38 1762.00 2.580717
39 40 1802.00 2.639117
39 43 898.00 1.315717
40 36 2089.00 3.059600
40 39 1802.00 2.639117
40 44 1811.00 1.326383
41 21 2052.00 3.006333
42 21 2218.00 3.248500
42 24 1730.00 1.267000
42 38 1846.00 1.351733
42 43 1701.00 2.491067
43 25 881.00 1.290933
43 39 898.00 1.315717
43 42 1701.00 2.491067
43 44 1785.00 2.614333
44 35 2117.00 3.100467
44 43 1785.00 2.614333
44 26 1787.00 1.308967
45 113 937.00 1.372817
45 46 891.00 1.305467
45 59 2281.00 3.340833
46 45 891.00 1.305467
46 47 897.00 1.313750
46 56 1378.00 2.018683
46 59 1423.00 2.085267
47 46 897.00 1.313750
47 62 1419.00 2.079367
47 48 915.00 1.340517
47 55 1378.00 2.018533
48 47 915.00 1.340517
48 54 2785.00 2.039850
48 49 905.00 1.326167
49 48 905.00 1.326167
49 53 1391.00 2.038267
49 66 1387.00 2.032483
49 50 956.00 1.400467
50 49 956.00 1.400467
50 76 2806.00 2.055100
51 71 1263.00 1.849950
52 50 2733.00 2.001633
52 53 944.00 1.383517
53 6 1599.00 2.342183
53 49 1391.00 2.038267
53 52 944.00 1.383517
53 54 899.00 1.317450
54 53 899.00 1.317450
54 111 1877.00 1.374750
54 55 936.00 1.371333
55 4 1448.00 2.121967
55 47 1378.00 2.018533
55 54 936.00 1.371333
55 56 874.00 1.281100
56 3 1368.00 2.003600
56 46 1378.00 2.018683
56 55 874.00 1.281100
57 92 692.00 1.013983
57 139 82.00 0.120283
57 101 1357.00 1.988150
58 61 2063.00 3.021200
58 67 1247.00 1.826950
58 142 317.00 0.464883
58 105 1413.00 2.070533
59 45 2281.00 3.340833
59 46 1423.00 2.085267
59 62 926.00 1.356400
59 134 713.00 1.044533
60 61 1358.00 1.989050
60 138 1470.00 2.154000
61 58 2063.00 3.021200
61 60 1358.00 1.989050
61 105 892.00 1.307383
61 102 935.00 1.370500
62 47 1419.00 2.079367
62 59 926.00 1.356400
62 64 877.00 1.284783
62 63 2218.00 3.249133
63 62 2218.00 3.249133
63 102 1409.00 2.063483
63 64 2746.00 2.010700
63 65 1813.00 1.328183
64 62 877.00 1.284783
64 66 914.00 1.339933
64 48 2829.00 2.071917
65 63 1813.00 1.328183
65 75 1937.00 1.418833
65 66 1412.00 2.067833
65 116 987.00 1.446833
66 49 1387.00 2.032483
66 64 914.00 1.339933
66 65 1412.00 2.067833
66 76 974.00 1.427583
67 58 1247.00 1.826950
67 69 840.00 1.230367
67 92 113.00 0.166517
68 69 687.00 1.006617
69 67 840.00 1.230367
69 68 687.00 1.006617
70 82 484.00 0.709183
70 77 2786.00 2.040433
70 94 1956.00 1.432383
71 0 839.00 1.229583
71 51 1263.00 1.849950
71 74 1092.00 1.600633
71 84 1097.00 1.607633
72 77 2301.00 1.684883
72 73 1415.00 2.072867
72 129 1361.00 1.994567
72 75 2243.00 1.642467
73 72 1415.00 2.072867
73 76 1136.00 1.663933
73 85 1128.00 1.652050
73 110 544.00 0.796733
74 71 1092.00 1.600633
74 103 1005.00 1.472033
74 107 491.00 0.719250
75 65 1937.00 1.418833
75 72 2243.00 1.642467
75 93 804.00 1.178833
76 66 974.00 1.427583
76 73 1136.00 1.663933
76 75 2869.00 2.100767
77 70 2786.00 2.040433
77 72 2301.00 1.684883
77 85 2805.00 2.054200
77 131 2662.00 1.949233
78 136 795.00 1.164533
79 78 923.00 1.352433
79 80 927.00 1.358750
79 98 253.00 0.370800
80 79 927.00 1.358750
80 81 934.00 1.368683
80 97 393.00 0.576433
81 80 934.00 1.368683
81 86 2295.00 3.361700
81 82 904.00 1.324200
82 70 484.00 0.709183
82 81 904.00 1.324200
82 83 992.00 1.452833
83 82 992.00 1.452833
83 94 1098.00 0.804117
84 71 1097.00 1.607633
84 130 1202.00 1.761033
84 99 1102.00 1.613867
85 8 9266.00 6.785117
85 73 1128.00 1.652050
85 77 2805.00 2.054200
85 97 1105.00 1.618883
86 87 918.00 1.345283
87 86 918.00 1.345283
87 80 2297.00 3.364883
88 95 1069.00 0.783350
88 89 1788.00 2.619400
89 88 1788.00 2.619400
89 91 1127.00 0.825400
90 88 744.00 0.544817
90 91 1880.00 2.753900
91 90 1880.00 2.753900
91 22 1788.00 1.309433
92 57 692.00 1.013983
92 67 113.00 0.166517
92 140 156.00 0.229300
93 75 804.00 1.178833
94 70 1956.00 1.432383
94 83 1098.00 0.804117
95 128 684.00 0.501100
96 100 1932.00 2.830050
97 80 393.00 0.576433
97 85 1105.00 1.618883
98 79 253.00 0.370800
98 97 968.00 1.418283
99 84 1102.00 1.613867
99 137 136.00 0.200233
100 136 173.00 0.254300
100 98 1726.00 2.529083
101 57 1357.00 1.988150
102 61 935.00 1.370500
102 63 1409.00 2.063483
102 106 1385.00 2.029350
102 104 887.00 1.299800
103 74 1005.00 1.472033
103 104 1382.00 2.024267
103 106 914.00 1.338617
104 102 887.00 1.299800
104 103 1382.00 2.024267
104 133 159.00 0.233350
104 132 1926.00 2.821150
105 58 1413.00 2.070533
105 61 892.00 1.307383
105 138 571.00 0.837333
106 102 1385.00 2.029350
106 103 914.00 1.338617
107 74 491.00 0.719250
108 23 1423.00 2.084267
108 115 1178.00 1.726283
108 114 1182.00 1.731200
109 23 721.00 1.057017
110 73 544.00 0.796733
111 112 406.00 0.595300
111 5 1149.00 0.841667
112 111 406.00 0.595300
113 2 1725.00 2.527283
113 45 937.00 1.372817
113 114 1233.00 1.806667
114 108 1182.00 1.731200
114 113 1233.00 1.806667
114 119 147.00 0.216683
115 108 1178.00 1.726283
115 2 2912.00 2.132650
116 65 987.00 1.446833
117 120 944.00 1.383567
117 119 382.00 0.559800
117 118 1478.00 2.164517
118 117 1478.00 2.164517
119 114 147.00 0.216683
119 117 382.00 0.559800
119 121 106.00 0.155250
120 117 944.00 1.383567
121 119 106.00 0.155250
121 122 749.00 1.097433
121 141 1301.00 1.906600
122 121 749.00 1.097433
123 124 185.00 0.135750
123 10 2793.00 2.045250
124 123 185.00 0.135750
124 7 1523.00 1.115567
125 126 182.00 0.133633
125 127 1379.00 1.009950
126 125 182.00 0.133633
126 1 1224.00 0.896867
127 128 186.00 0.136617
127 95 650.00 0.476100
128 127 186.00 0.136617
128 126 1403.00 1.027850
129 72 1361.00 1.994567
130 84 1202.00 1.761033
131 77 2662.00 1.949233
132 104 1926.00 2.821150
133 104 159.00 0.233350
134 59 713.00 1.044533
135 138 76.00 0.111500
136 100 173.00 0.254300
137 99 136.00 0.200233
138 60 1470.00 2.154000
138 105 571.00 0.837333
138 135 76.00 0.111500
139 57 82.00 0.120283
140 92 156.00 0.229300
141 121 1301.00 1.906600
142 58 317.00 0.464883
