0 197 553.00 0.810600
1 160 342.00 0.500900
1 2 614.00 0.899217
1 233 981.00 1.437517
2 1 614.00 0.899217
2 206 356.00 0.521533
2 3 508.00 0.744650
3 2 508.00 0.744650
3 208 365.00 0.534617
3 4 154.00 0.226050
4 3 154.00 0.226050
4 161 385.00 0.564750
4 5 366.00 0.536033
5 4 366.00 0.536033
5 209 352.00 0.516483
5 6 231.00 0.338583
6 5 231.00 0.338583
6 210 391.00 0.572833
6 7 509.00 0.746567
7 6 509.00 0.746567
7 211 390.00 0.571300
8 9 479.00 0.702750
9 8 479.00 0.702750
9 243 802.00 1.175483
9 173 743.00 1.088617
10 167 131.00 0.192767
10 12 558.00 0.817583
10 171 540.00 0.791633
11 13 718.00 1.051883
11 18 503.00 0.737817
11 173 1260.00 1.846500
12 10 558.00 0.817583
12 216 437.00 0.641317
12 16 559.00 0.819183
13 11 718.00 1.051883
13 219 1115.00 1.633550
13 15 738.00 1.081750
14 17 651.00 0.954767
14 269 71.00 0.104050
14 169 238.00 0.348800
15 13 738.00 1.081750
15 177 1122.00 1.643183
15 269 716.00 1.049433
16 12 559.00 0.819183
16 218 464.00 0.679767
16 270 743.00 1.089367
17 14 651.00 0.954767
17 172 254.00 0.372267
17 184 79.00 0.117117
18 11 503.00 0.737817
18 243 1983.00 2.904850
18 176 589.00 0.863900
19 182 355.00 0.521233
19 221 335.00 0.491050
19 186 685.00 1.003183
20 190 1061.00 1.554467
21 240 1159.00 1.697667
21 22 2381.00 3.487700
22 21 2381.00 3.487700
22 180 338.00 0.495683
22 23 713.00 1.044650
23 22 713.00 1.044650
23 24 734.00 1.076100
23 226 353.00 0.518383
24 23 734.00 1.076100
24 175 722.00 1.057867
24 181 365.00 0.535083
25 187 826.00 1.210183
25 228 352.00 0.515883
25 175 692.00 1.013767
26 28 1975.00 2.892917
27 267 1703.00 2.494383
27 29 323.00 0.473917
27 32 764.00 1.119700
28 26 1975.00 2.892917
28 35 1011.00 1.481650
28 279 647.00 0.948650
29 27 323.00 0.473917
29 30 1580.00 2.314733
29 234 1346.00 1.972000
30 29 1580.00 2.314733
31 33 1773.00 2.597383
31 267 781.00 1.143833
31 36 804.00 1.178533
32 27 764.00 1.119700
32 34 2123.00 3.109767
32 33 216.00 0.317567
33 31 1773.00 2.597383
33 32 216.00 0.317567
33 37 785.00 1.149683
34 32 2123.00 3.109767
35 28 1011.00 1.481650
35 38 906.00 1.328200
35 36 924.00 1.353500
36 31 804.00 1.178533
36 35 924.00 1.353500
36 37 1925.00 2.820000
37 33 785.00 1.149683
37 36 1925.00 2.820000
37 272 648.00 0.950117
38 35 906.00 1.328200
38 39 2817.00 4.126450
38 246 2376.00 3.479733
38 235 378.00 0.554183
39 38 2817.00 4.126450
39 286 241.00 0.353900
39 272 300.00 0.439983
40 275 175.00 0.257217
40 274 478.00 0.700333
41 42 163.00 0.239283
41 275 1219.00 1.786233
42 41 163.00 0.239283
42 119 1334.00 1.954283
42 138 1840.00 2.695633
43 252 486.00 0.711867
43 251 190.00 0.279350
43 139 2367.00 3.466967
44 46 1811.00 2.652583
44 45 1064.00 1.558433
44 252 1618.00 2.370017
45 44 1064.00 1.558433
45 47 268.00 0.392667
45 50 1994.00 2.920517
46 44 1811.00 2.652583
46 48 1939.00 2.840350
46 49 734.00 1.075217
46 236 731.00 1.071750
47 45 268.00 0.392667
47 49 2744.00 4.019667
47 52 746.00 1.093600
48 46 1939.00 2.840350
48 51 915.00 1.340817
48 237 850.00 1.245217
49 46 734.00 1.075217
49 47 2744.00 4.019667
49 51 1398.00 2.048600
49 53 732.00 1.072233
50 45 1994.00 2.920517
50 137 107.00 0.156733
50 262 2477.00 3.627967
51 48 915.00 1.340817
51 49 1398.00 2.048600
51 55 774.00 1.134550
52 47 746.00 1.093600
52 137 1776.00 2.601133
52 53 2753.00 4.032333
52 54 716.00 1.049933
53 49 732.00 1.072233
53 52 2753.00 4.032333
53 55 1099.00 1.609550
53 56 739.00 1.082467
54 52 716.00 1.049933
54 56 2764.00 4.047917
54 136 1716.00 2.514117
54 57 718.00 1.052217
55 51 774.00 1.134550
55 53 1099.00 1.609550
55 58 1087.00 1.592450
56 53 739.00 1.082467
56 54 2764.00 4.047917
56 58 713.00 1.045567
56 59 730.00 1.069383
57 54 718.00 1.052217
57 61 755.00 1.106500
57 59 2761.00 4.044533
58 55 1087.00 1.592450
58 56 713.00 1.045567
58 60 692.00 1.014417
59 56 730.00 1.069383
59 57 2761.00 4.044533
59 60 724.00 1.060267
59 62 755.00 1.106867
60 58 692.00 1.014417
60 59 724.00 1.060267
60 63 731.00 1.071900
61 57 755.00 1.106500
61 134 1374.00 2.013483
61 249 705.00 1.032733
61 62 2759.00 4.040617
62 59 755.00 1.106867
62 61 2759.00 4.040617
62 135 728.00 1.066467
62 63 788.00 1.155067
63 60 731.00 1.071900
63 62 788.00 1.155067
63 264 73.00 0.107800
64 135 659.00 0.966283
64 250 3329.00 4.876067
64 263 830.00 1.216233
65 87 887.00 1.299967
65 86 518.00 0.758817
65 84 1214.00 1.778583
66 70 91.00 0.134667
66 97 540.00 0.791133
67 256 588.00 0.861933
67 89 108.00 0.158800
68 261 597.00 0.875550
68 123 370.00 0.543067
68 73 106.00 0.156083
69 73 573.00 0.839683
69 261 98.00 0.144850
69 72 1484.00 2.173567
70 66 91.00 0.134667
71 69 173.00 0.253567
71 262 971.00 1.422717
72 69 1484.00 2.173567
72 277 169.00 0.248000
72 265 458.00 0.672083
73 68 106.00 0.156083
73 83 571.00 0.837617
73 265 1531.00 2.243283
74 76 576.00 0.844550
74 75 1508.00 2.209017
74 112 109.00 0.160017
75 74 1508.00 2.209017
75 96 592.00 0.867617
75 78 582.00 0.852383
76 94 1905.00 2.790033
76 96 1524.00 2.232783
76 241 108.00 0.158350
77 74 566.00 0.830300
77 78 1493.00 2.187500
77 114 107.00 0.157983
78 75 582.00 0.852383
78 77 1493.00 2.187500
79 77 593.00 0.869750
79 242 108.00 0.159467
79 81 2021.00 2.960183
80 79 583.00 0.855167
80 288 1093.00 1.601350
80 258 103.00 0.151967
81 79 2021.00 2.960183
81 288 357.00 0.522950
82 80 568.00 0.832317
82 289 1093.00 1.601983
82 260 99.00 0.145350
83 82 576.00 0.844483
83 259 102.00 0.149383
83 289 2273.00 3.329767
84 65 1214.00 1.778583
84 85 891.00 1.305717
85 84 891.00 1.305717
85 86 1156.00 1.694333
86 65 518.00 0.758817
86 85 1156.00 1.694333
87 65 887.00 1.299967
87 143 1382.00 2.024117
88 257 55.00 0.080683
88 253 105.00 0.154833
89 67 108.00 0.158800
89 88 579.00 0.848117
89 90 3558.00 5.211800
90 89 591.00 0.865783
90 256 108.00 0.159467
91 90 567.00 0.830567
91 255 113.00 0.166267
91 93 2089.00 3.059533
92 91 595.00 0.872000
92 93 1517.00 2.222767
92 254 114.00 0.168050
93 91 2089.00 3.059533
93 92 1517.00 2.222767
93 95 582.00 0.853533
94 92 574.00 0.840917
94 98 124.00 0.182367
94 95 1516.00 2.220767
95 93 582.00 0.853533
95 94 1516.00 2.220767
95 266 871.00 1.276817
96 75 592.00 0.867617
96 76 1524.00 2.232783
96 266 1006.00 1.473600
97 253 53.00 0.077700
97 257 107.00 0.157800
97 101 814.00 1.193300
98 94 124.00 0.182367
98 103 724.00 1.060400
98 102 745.00 1.091717
99 100 1677.00 2.457317
99 239 995.00 1.457833
99 101 837.00 1.225767
100 99 1677.00 2.457317
100 102 829.00 1.214933
100 104 1573.00 2.303767
101 97 814.00 1.193300
101 99 837.00 1.225767
101 102 2473.00 3.622500
102 98 745.00 1.091717
102 100 829.00 1.214933
102 101 2473.00 3.622500
103 106 965.00 1.413967
103 108 779.00 1.142033
104 100 1573.00 2.303767
104 141 1239.00 1.815883
104 110 1016.00 1.488117
105 141 669.00 0.980283
105 142 2130.00 3.119417
105 290 1044.00 1.530233
106 107 124.00 0.182550
106 109 730.00 1.070133
107 241 68.00 0.100417
108 103 779.00 1.142033
108 110 832.00 1.218533
108 109 1208.00 1.769850
109 108 1208.00 1.769850
109 111 729.00 1.068700
110 104 1016.00 1.488117
110 108 832.00 1.218533
110 111 1517.00 2.222800
111 110 1517.00 2.222800
111 105 899.00 1.316733
111 290 183.00 0.269183
112 74 109.00 0.160017
112 114 559.00 0.819333
112 113 2363.00 3.460517
113 112 2363.00 3.460517
114 77 107.00 0.157983
114 242 594.00 0.870817
114 117 711.00 1.042433
115 121 1376.00 2.016100
115 116 1619.00 2.372067
116 115 1619.00 2.372067
116 117 749.00 1.097950
117 114 711.00 1.042433
117 116 749.00 1.097950
117 118 2938.00 4.303517
118 117 2938.00 4.303517
118 127 875.00 1.282483
118 125 359.00 0.525817
118 123 348.00 0.510350
119 42 1334.00 1.954283
119 277 399.00 0.585083
119 120 1042.00 1.526900
120 119 1042.00 1.526900
121 115 1376.00 2.016100
121 122 998.00 1.461550
121 125 364.00 0.533750
122 121 998.00 1.461550
123 68 370.00 0.543067
123 118 348.00 0.510350
123 124 860.00 1.259950
124 123 860.00 1.259950
125 118 359.00 0.525817
125 121 364.00 0.533750
125 126 919.00 1.346483
126 125 919.00 1.346483
127 118 875.00 1.282483
128 132 224.00 0.328617
128 134 231.00 0.339600
128 131 732.00 1.072983
129 131 535.00 0.784000
129 136 202.00 0.296783
129 130 814.00 1.193217
130 129 814.00 1.193217
130 131 681.00 0.997967
130 133 942.00 1.379533
131 128 732.00 1.072983
131 129 535.00 0.784000
131 130 681.00 0.997967
131 238 1268.00 1.857017
132 128 224.00 0.328617
132 133 924.00 1.353883
133 130 942.00 1.379533
133 132 924.00 1.353883
134 61 1374.00 2.013483
134 128 231.00 0.339600
134 249 2054.00 3.008183
135 62 728.00 1.066467
135 64 659.00 0.966283
135 250 2566.00 3.757883
136 54 1716.00 2.514117
136 129 202.00 0.296783
136 137 709.00 1.038417
137 50 107.00 0.156733
137 52 1776.00 2.601133
137 136 709.00 1.038417
138 42 1840.00 2.695633
139 43 2367.00 3.466967
139 245 335.00 0.491033
139 271 6298.00 9.223233
140 142 704.00 1.031550
140 144 657.00 0.962417
140 141 2147.00 3.144433
141 104 1239.00 1.815883
141 105 669.00 0.980283
141 140 2147.00 3.144433
142 105 2130.00 3.119417
142 140 704.00 1.031550
142 230 1974.00 2.891450
143 87 1382.00 2.024117
143 144 944.00 1.382800
144 140 657.00 0.962417
144 143 944.00 1.382800
144 145 730.00 1.069783
145 144 730.00 1.069783
145 147 889.00 1.302950
146 230 892.00 1.307233
146 149 1559.00 2.283650
146 151 1220.00 1.787933
147 145 889.00 1.302950
147 230 911.00 1.334433
147 148 961.00 1.408633
148 147 961.00 1.408633
149 146 1559.00 2.283650
150 151 772.00 1.130633
151 146 1220.00 1.787933
151 150 772.00 1.130633
152 278 821.00 1.203133
152 155 298.00 0.437650
152 196 613.00 0.898667
153 201 287.00 0.421000
153 197 523.00 0.766900
154 201 703.00 1.030250
154 156 660.00 0.483300
155 152 298.00 0.437650
155 157 288.00 0.421900
155 198 617.00 0.904117
156 154 660.00 0.483300
156 204 773.00 1.132667
156 158 652.00 0.477683
157 155 288.00 0.421900
157 159 300.00 0.439883
157 200 622.00 0.910917
158 156 652.00 0.477683
158 207 848.00 1.243133
159 157 300.00 0.439883
159 160 303.00 0.444933
159 203 616.00 0.902233
160 1 342.00 0.500900
160 159 303.00 0.444933
160 206 611.00 0.895617
161 4 385.00 0.564750
161 210 583.00 0.853833
161 232 302.00 0.442333
162 166 228.00 0.334800
162 214 571.00 0.836750
162 268 211.00 0.309150
163 218 582.00 0.853467
163 195 225.00 0.165333
164 167 317.00 0.465167
164 166 46.00 0.068750
164 216 568.00 0.832150
165 233 550.00 0.805500
165 168 302.00 0.443483
165 170 710.00 1.041133
166 162 228.00 0.334800
166 164 46.00 0.068750
166 170 481.00 0.705583
167 10 131.00 0.192767
167 164 317.00 0.465167
167 217 475.00 0.696967
168 165 302.00 0.443483
168 169 312.00 0.457967
168 217 715.00 1.047183
169 14 238.00 0.348800
169 168 312.00 0.457967
169 172 669.00 0.980150
170 165 710.00 1.041133
170 166 481.00 0.705583
170 217 324.00 0.475233
171 10 540.00 0.791633
171 172 51.00 0.075183
171 217 278.00 0.407200
172 17 254.00 0.372267
172 169 669.00 0.980150
172 171 51.00 0.075183
173 9 743.00 1.088617
173 11 1260.00 1.846500
173 174 1972.00 2.888683
174 173 1972.00 2.888683
175 24 722.00 1.057867
175 25 692.00 1.013767
175 227 350.00 0.513633
176 18 589.00 0.863900
176 178 337.00 0.493667
176 219 715.00 1.048467
177 15 1122.00 1.643183
177 179 317.00 0.464650
177 219 738.00 1.081983
177 220 744.00 1.090200
178 176 337.00 0.493667
178 180 344.00 0.504350
178 223 720.00 1.055317
179 177 317.00 0.464650
179 224 730.00 1.069550
179 181 323.00 0.473033
179 223 741.00 1.085233
180 22 338.00 0.495683
180 178 344.00 0.504350
180 226 725.00 1.062600
181 24 365.00 0.535083
181 179 323.00 0.473033
181 227 725.00 1.062567
181 226 745.00 1.091033
182 19 355.00 0.521233
182 184 339.00 0.497300
182 183 1581.00 2.315950
183 182 1581.00 2.315950
184 17 79.00 0.117117
184 182 339.00 0.497300
184 185 1167.00 1.709850
185 184 1167.00 1.709850
186 19 685.00 1.003183
186 222 332.00 0.487067
186 188 784.00 1.149500
187 25 826.00 1.210183
187 234 373.00 0.546383
187 229 371.00 0.544333
188 186 784.00 1.149500
188 190 342.00 0.501283
189 193 375.00 0.550267
189 234 289.00 0.423767
190 20 1061.00 1.554467
190 188 342.00 0.501283
190 222 772.00 1.131450
190 192 351.00 0.515317
191 192 737.00 1.079783
191 229 344.00 0.504300
191 222 341.00 0.499483
191 225 771.00 1.129767
192 190 351.00 0.515317
192 191 737.00 1.079783
192 193 363.00 0.532250
193 189 375.00 0.550267
193 192 363.00 0.532250
193 229 701.00 1.027250
193 194 1007.00 1.475100
194 193 1007.00 1.475100
195 163 225.00 0.165333
195 270 481.00 0.352667
196 152 613.00 0.898667
196 198 298.00 0.437017
196 197 516.00 0.756700
197 0 553.00 0.810600
197 153 523.00 0.766900
197 196 516.00 0.756700
197 199 301.00 0.441950
198 155 617.00 0.904117
198 196 298.00 0.437017
198 200 295.00 0.432400
198 199 512.00 0.750933
199 197 301.00 0.441950
199 198 512.00 0.750933
199 202 299.00 0.438383
199 201 515.00 0.755200
200 157 622.00 0.910917
200 198 295.00 0.432400
200 203 287.00 0.421633
200 202 511.00 0.749433
201 153 287.00 0.421000
201 154 703.00 1.030250
201 199 515.00 0.755200
201 204 299.00 0.438833
202 199 299.00 0.438383
202 200 511.00 0.749433
202 205 285.00 0.417500
202 204 510.00 0.747033
203 159 616.00 0.902233
203 200 287.00 0.421633
203 206 299.00 0.438033
203 205 512.00 0.750450
204 156 773.00 1.132667
204 201 299.00 0.438833
204 202 510.00 0.747033
204 207 295.00 0.432133
205 202 285.00 0.417500
205 203 512.00 0.750450
205 208 294.00 0.430850
205 207 513.00 0.751400
206 2 356.00 0.521533
206 160 611.00 0.895617
206 203 299.00 0.438033
206 208 513.00 0.752700
207 158 848.00 1.243133
207 204 295.00 0.432133
207 205 513.00 0.751400
207 209 300.00 0.439367
208 3 365.00 0.534617
208 205 294.00 0.430850
208 206 513.00 0.752700
208 209 515.00 0.754367
209 5 352.00 0.516483
209 207 300.00 0.439367
209 208 515.00 0.754367
210 6 391.00 0.572833
210 161 583.00 0.853833
210 212 274.00 0.402433
210 211 518.00 0.759100
211 7 390.00 0.571300
211 210 518.00 0.759100
211 213 278.00 0.407750
212 210 274.00 0.402433
212 214 295.00 0.433067
212 213 525.00 0.769850
212 232 578.00 0.846650
213 211 278.00 0.407750
213 212 525.00 0.769850
213 215 295.00 0.433167
214 162 571.00 0.836750
214 212 295.00 0.433067
214 216 286.00 0.419133
214 215 532.00 0.779700
215 213 295.00 0.433167
215 214 532.00 0.779700
215 218 295.00 0.432033
216 12 437.00 0.641317
216 164 568.00 0.832150
216 214 286.00 0.419133
216 218 541.00 0.792917
217 167 475.00 0.696967
217 168 715.00 1.047183
217 170 324.00 0.475233
217 171 278.00 0.407200
218 16 464.00 0.679767
218 163 582.00 0.853467
218 215 295.00 0.432033
218 216 541.00 0.792917
219 13 1115.00 1.633550
219 176 715.00 1.048467
219 177 738.00 1.081983
219 223 330.00 0.484583
220 177 744.00 1.090200
220 221 670.00 0.981283
220 269 1116.00 1.635667
220 224 321.00 0.470333
221 19 335.00 0.491050
221 220 670.00 0.981283
221 225 329.00 0.483133
221 222 738.00 1.081650
222 186 332.00 0.487067
222 190 772.00 1.131450
222 191 341.00 0.499483
222 221 738.00 1.081650
223 178 720.00 1.055317
223 179 741.00 1.085233
223 219 330.00 0.484583
223 226 326.00 0.477817
224 179 730.00 1.069550
224 220 321.00 0.470333
224 225 676.00 0.991033
224 227 341.00 0.499833
225 191 771.00 1.129767
225 221 329.00 0.483133
225 224 676.00 0.991033
225 228 337.00 0.493833
226 23 353.00 0.518383
226 180 725.00 1.062600
226 181 745.00 1.091033
226 223 326.00 0.477817
227 175 350.00 0.513633
227 181 725.00 1.062567
227 224 341.00 0.499833
227 228 681.00 0.998133
228 25 352.00 0.515883
228 225 337.00 0.493833
228 227 681.00 0.998133
228 229 793.00 1.161617
229 187 371.00 0.544333
229 191 344.00 0.504300
229 193 701.00 1.027250
229 228 793.00 1.161617
230 142 1974.00 2.891450
230 146 892.00 1.307233
230 147 911.00 1.334433
231 247 747.00 1.095000
232 161 302.00 0.442333
232 212 578.00 0.846650
232 268 84.00 0.123667
233 1 981.00 1.437517
233 165 550.00 0.805500
233 268 1215.00 1.780067
234 29 1346.00 1.972000
234 187 373.00 0.546383
234 189 289.00 0.423767
235 38 378.00 0.554183
236 46 731.00 1.071750
236 251 202.00 0.297133
236 237 2262.00 3.313783
237 48 850.00 1.245217
237 236 2262.00 3.313783
237 251 3022.00 4.426750
238 131 1268.00 1.857017
239 99 995.00 1.457833
240 21 1159.00 1.697667
240 243 486.00 0.712250
241 76 108.00 0.158350
241 112 589.00 0.863033
242 79 108.00 0.159467
242 258 583.00 0.855200
243 9 802.00 1.175483
243 18 1983.00 2.904850
243 240 486.00 0.712250
244 245 1534.00 2.246617
245 139 335.00 0.491033
245 244 1534.00 2.246617
246 38 2376.00 3.479733
246 247 1591.00 2.330183
247 231 747.00 1.095000
247 246 1591.00 2.330183
247 248 3499.00 5.124717
248 247 3499.00 5.124717
249 61 705.00 1.032733
249 134 2054.00 3.008183
249 250 181.00 0.265617
250 64 3329.00 4.876067
250 135 2566.00 3.757883
250 249 181.00 0.265617
251 43 190.00 0.279350
251 236 202.00 0.297133
251 237 3022.00 4.426750
251 252 386.00 0.565833
252 43 486.00 0.711867
252 44 1618.00 2.370017
252 251 386.00 0.565833
253 88 105.00 0.154833
253 67 573.00 0.840117
254 92 114.00 0.168050
254 98 583.00 0.854683
255 91 113.00 0.166267
255 254 598.00 0.877000
256 90 108.00 0.159467
256 255 571.00 0.836233
257 97 107.00 0.157800
257 70 530.00 0.776300
258 80 103.00 0.151967
258 260 567.00 0.830767
259 83 102.00 0.149383
259 68 549.00 0.804900
260 82 99.00 0.145350
260 259 577.00 0.846267
261 69 98.00 0.144850
261 71 170.00 0.250167
262 50 2477.00 3.627967
262 71 971.00 1.422717
262 271 853.00 1.249350
263 64 830.00 1.216233
263 264 1230.00 1.801417
264 63 73.00 0.107800
264 263 1230.00 1.801417
265 72 458.00 0.672083
265 73 1531.00 2.243283
266 95 871.00 1.276817
266 96 1006.00 1.473600
267 27 1703.00 2.494383
267 31 781.00 1.143833
267 276 965.00 1.414383
268 162 211.00 0.309150
268 232 84.00 0.123667
268 233 1215.00 1.780067
269 14 71.00 0.104050
269 15 716.00 1.049433
269 220 1116.00 1.635667
270 16 743.00 1.089367
270 195 481.00 0.352667
271 139 6298.00 9.223233
271 262 853.00 1.249350
271 280 1169.00 1.713150
272 37 648.00 0.950117
272 39 300.00 0.439983
272 282 339.00 0.497200
273 284 359.00 0.526367
273 274 302.00 0.443383
273 285 841.00 1.232383
274 40 478.00 0.700333
274 273 302.00 0.443383
274 287 837.00 1.226083
275 40 175.00 0.257217
275 41 1219.00 1.786233
276 267 965.00 1.414383
277 72 169.00 0.248000
277 119 399.00 0.585083
278 152 821.00 1.203133
279 28 647.00 0.948650
280 271 1169.00 1.713150
281 282 682.00 1.000100
282 272 339.00 0.497200
282 281 682.00 1.000100
282 283 338.00 0.495533
283 282 338.00 0.495533
283 284 377.00 0.553117
284 273 359.00 0.526367
284 283 377.00 0.553117
285 273 841.00 1.232383
286 39 241.00 0.353900
287 274 837.00 1.226083
288 80 1093.00 1.601350
288 81 357.00 0.522950
288 289 590.00 0.864083
289 82 1093.00 1.601983
289 83 2273.00 3.329767
289 288 590.00 0.864083
290 111 183.00 0.269183
290 107 1471.00 2.155517
