0 1 300.00 0.244563
0 2 300.00 0.344453
1 96 300.00 0.230640
1 48 300.00 0.434240
2 31 300.00 0.039883
2 32 300.00 0.294417
3 4 300.00 0.031960
3 5 300.00 0.344290
4 97 300.00 0.028620
5 104 300.00 0.034963
6 7 300.00 0.063637
7 14 300.00 0.102010
7 13 300.00 0.220900
8 9 300.00 0.370653
8 10 300.00 0.406560
9 6 300.00 0.249023
9 11 300.00 0.239503
9 12 300.00 0.222973
10 19 300.00 0.396723
10 20 300.00 0.271007
11 9 300.00 0.239503
11 27 300.00 0.400320
11 10 300.00 0.334727
12 9 300.00 0.222973
12 18 300.00 0.268163
13 14 300.00 0.198757
13 15 300.00 0.060677
14 77 300.00 0.399597
14 11 300.00 0.275760
14 7 300.00 0.102010
15 13 300.00 0.060677
16 17 300.00 0.402157
17 63 300.00 0.409120
17 64 300.00 0.176617
18 12 300.00 0.268163
19 21 300.00 0.818413
19 22 300.00 0.271037
19 23 300.00 0.170600
20 46 300.00 0.031967
21 24 300.00 0.048030
21 28 300.00 0.347657
22 19 300.00 0.271037
22 20 300.00 0.390170
22 47 300.00 0.266810
23 107 300.00 0.099503
23 27 300.00 0.167160
24 25 300.00 0.267840
25 30 300.00 0.044627
25 0 300.00 0.266807
26 24 300.00 0.351553
27 28 300.00 0.826907
27 11 300.00 0.400320
27 52 300.00 0.138667
28 27 300.00 0.826907
28 29 300.00 0.361653
29 84 300.00 0.027353
29 100 300.00 0.178243
30 22 300.00 0.820023
30 21 300.00 0.269733
31 39 300.00 0.761833
31 40 300.00 0.339500
32 33 300.00 0.201090
33 34 300.00 0.254803
34 35 300.00 0.021350
34 36 300.00 0.443413
35 37 300.00 0.354423
36 103 300.00 0.028130
36 102 300.00 0.021857
37 38 300.00 0.043233
38 53 300.00 0.357200
38 81 300.00 0.375143
39 47 300.00 0.333873
39 61 300.00 0.406523
39 62 300.00 0.298880
40 0 300.00 0.041793
40 30 300.00 0.268623
41 32 300.00 0.041390
41 31 300.00 0.299650
42 43 300.00 0.314260
42 41 300.00 0.197717
43 76 300.00 0.256853
43 67 300.00 0.442153
44 45 300.00 0.269873
44 8 300.00 0.273007
45 44 300.00 0.269873
45 49 300.00 0.369403
45 50 300.00 0.328453
46 44 300.00 0.386197
47 22 300.00 0.266810
47 40 300.00 0.793830
47 39 300.00 0.333873
48 51 300.00 0.343947
49 47 300.00 0.441480
49 46 300.00 0.270667
50 45 300.00 0.328453
50 59 300.00 0.395560
51 2 300.00 0.711180
52 77 300.00 0.132090
52 106 300.00 0.139323
53 54 300.00 0.196900
54 55 300.00 0.370780
54 56 300.00 0.209190
55 75 300.00 0.208600
56 57 300.00 0.404153
57 58 300.00 0.357817
58 71 300.00 0.255863
58 73 300.00 0.403487
59 17 300.00 0.295633
60 50 300.00 0.380500
60 49 300.00 0.329917
61 60 300.00 0.032550
62 39 300.00 0.298880
62 41 300.00 0.755813
62 67 300.00 0.188103
63 70 300.00 0.181300
63 65 300.00 0.404173
64 69 300.00 0.259587
64 68 300.00 0.404573
65 66 300.00 0.108217
65 61 300.00 0.298580
66 72 300.00 0.186543
66 62 300.00 0.296493
67 62 300.00 0.188103
67 72 300.00 0.294930
67 73 300.00 0.255313
68 16 300.00 0.174653
69 74 300.00 0.405050
70 63 300.00 0.181300
70 64 300.00 0.410010
71 65 300.00 0.187753
71 70 300.00 0.403770
72 71 300.00 0.108563
72 66 300.00 0.186543
73 67 300.00 0.255313
73 55 300.00 0.198410
73 56 300.00 0.368590
74 58 300.00 0.412420
75 53 300.00 0.374247
75 76 300.00 0.030323
76 43 300.00 0.256853
76 81 300.00 0.319303
77 78 300.00 0.235493
77 79 300.00 0.445140
77 14 300.00 0.399597
78 80 300.00 0.355167
79 77 300.00 0.445140
79 82 300.00 0.133843
80 15 300.00 0.038690
81 34 300.00 0.042490
81 42 300.00 0.256040
82 83 300.00 0.119653
83 100 300.00 0.026207
83 84 300.00 0.176880
84 85 300.00 0.182940
85 105 300.00 0.165183
85 98 300.00 0.115790
86 87 300.00 0.684620
86 82 300.00 0.358193
87 78 300.00 0.190027
87 80 300.00 0.389963
88 26 300.00 0.384370
88 89 300.00 0.147933
89 88 300.00 0.147933
89 90 300.00 0.307713
89 93 300.00 0.142923
90 89 300.00 0.307713
90 91 300.00 0.360360
91 90 300.00 0.360360
91 92 300.00 0.230377
92 94 300.00 0.073643
92 95 300.00 0.124470
93 89 300.00 0.142923
94 99 300.00 0.260600
94 97 300.00 0.227927
95 92 300.00 0.124470
96 1 300.00 0.230640
97 98 300.00 0.032907
97 99 300.00 0.084297
98 3 300.00 0.032807
98 105 300.00 0.096213
99 88 300.00 0.213660
100 83 300.00 0.026207
100 79 300.00 0.236597
101 102 300.00 0.027763
101 103 300.00 0.021770
102 36 300.00 0.021857
102 35 300.00 0.443993
103 101 300.00 0.021770
104 4 300.00 0.335473
105 86 300.00 0.064387
106 52 300.00 0.139323
107 23 300.00 0.099503
