0 1 300.00 0.118253
0 2 300.00 0.507190
1 216 300.00 0.784207
2 217 300.00 0.871160
2 218 300.00 0.215773
3 4 300.00 0.076010
4 5 300.00 0.122753
4 6 300.00 0.229513
5 108 300.00 0.392097
5 109 300.00 0.360223
6 7 300.00 0.155157
7 8 300.00 0.130607
7 9 300.00 0.099397
8 10 300.00 0.323487
9 210 300.00 0.612070
9 8 300.00 0.124093
10 76 300.00 0.072073
10 77 300.00 0.824040
11 12 300.00 0.040017
11 13 300.00 0.494363
12 14 300.00 0.354357
12 6 300.00 0.423463
12 75 300.00 0.963253
13 73 300.00 0.035873
13 92 300.00 0.201160
14 3 300.00 0.416397
14 15 300.00 0.213060
15 251 300.00 0.040573
16 17 300.00 0.598343
17 114 300.00 0.021217
18 19 300.00 0.308430
18 205 300.00 1.007047
19 18 300.00 0.308430
19 20 300.00 0.381647
20 247 300.00 0.021680
20 237 300.00 1.109670
21 22 300.00 0.316447
21 116 300.00 0.429413
21 118 300.00 0.433750
22 21 300.00 0.316447
23 24 300.00 0.582230
23 27 300.00 0.258793
23 28 300.00 0.206873
24 23 300.00 0.582230
24 25 300.00 0.217763
24 26 300.00 0.217947
25 24 300.00 0.217763
25 37 300.00 0.331717
25 225 300.00 0.517247
26 24 300.00 0.217947
26 50 300.00 0.008453
26 43 300.00 0.180233
27 23 300.00 0.258793
27 222 300.00 0.148557
27 225 300.00 0.104887
28 48 300.00 0.340947
28 49 300.00 0.211990
29 30 300.00 0.735683
29 31 300.00 0.246617
30 29 300.00 0.735683
31 54 300.00 0.829317
31 62 300.00 0.173317
32 33 300.00 0.605923
32 34 300.00 0.215343
33 32 300.00 0.605923
34 227 300.00 0.462477
34 29 300.00 0.033093
35 36 300.00 0.066493
35 37 300.00 0.093900
35 260 300.00 0.044953
36 35 300.00 0.066493
37 35 300.00 0.093900
37 25 300.00 0.331717
37 38 300.00 0.295180
37 39 300.00 0.277027
38 37 300.00 0.295180
38 59 300.00 0.207153
38 57 300.00 0.323947
39 37 300.00 0.277027
39 40 300.00 0.165097
39 41 300.00 0.477130
40 39 300.00 0.165097
40 42 300.00 0.094690
40 43 300.00 0.206793
41 39 300.00 0.477130
41 59 300.00 0.092473
42 40 300.00 0.094690
42 44 300.00 0.177933
42 45 300.00 0.481817
43 40 300.00 0.206793
43 26 300.00 0.180233
43 232 300.00 0.265600
44 42 300.00 0.177933
44 232 300.00 0.184587
45 42 300.00 0.481817
45 41 300.00 0.249100
46 47 300.00 0.463417
46 45 300.00 0.242280
47 46 300.00 0.463417
48 28 300.00 0.340947
48 231 300.00 0.235660
48 50 300.00 0.217357
49 53 300.00 0.720733
49 226 300.00 0.455900
49 231 300.00 0.330250
50 26 300.00 0.008453
50 55 300.00 0.261047
50 48 300.00 0.217357
51 52 300.00 0.315397
52 51 300.00 0.315397
52 53 300.00 0.218907
52 54 300.00 0.100293
53 52 300.00 0.218907
53 55 300.00 0.217743
53 56 300.00 0.760440
53 49 300.00 0.720733
54 52 300.00 0.100293
54 219 300.00 0.278147
54 31 300.00 0.829317
55 53 300.00 0.217743
55 50 300.00 0.261047
55 231 300.00 0.226800
56 53 300.00 0.760440
56 60 300.00 0.253187
56 61 300.00 0.328900
57 58 300.00 0.199980
57 67 300.00 0.359403
57 38 300.00 0.323947
58 57 300.00 0.199980
59 38 300.00 0.207153
59 58 300.00 0.314047
60 249 300.00 0.288203
60 46 300.00 0.121557
61 56 300.00 0.328900
62 56 300.00 0.070720
62 63 300.00 0.607363
63 62 300.00 0.607363
63 227 300.00 0.376050
64 65 300.00 0.284800
64 66 300.00 0.342683
65 228 300.00 0.077963
65 229 300.00 0.069130
66 32 300.00 0.046327
67 57 300.00 0.359403
68 69 300.00 0.274730
69 68 300.00 0.274730
69 185 300.00 0.392460
69 112 300.00 0.058447
70 71 300.00 0.499953
70 194 300.00 0.285150
70 195 300.00 0.142803
71 70 300.00 0.499953
71 72 300.00 0.361483
72 74 300.00 0.818447
72 68 300.00 0.263130
73 12 300.00 0.476340
74 72 300.00 0.818447
74 198 300.00 0.610360
74 197 300.00 0.250057
75 108 300.00 0.247760
75 5 300.00 0.623597
76 11 300.00 0.249213
77 97 300.00 0.571767
77 96 300.00 0.367850
78 79 300.00 0.267620
78 76 300.00 0.664677
79 80 300.00 0.299627
79 13 300.00 0.389567
80 79 300.00 0.299627
80 89 300.00 0.357623
80 91 300.00 0.372213
80 101 300.00 0.322913
81 82 300.00 0.425893
81 88 300.00 0.576860
81 87 300.00 0.359077
82 81 300.00 0.425893
82 83 300.00 0.394040
82 84 300.00 0.356397
83 82 300.00 0.394040
83 255 300.00 0.067387
84 82 300.00 0.356397
84 128 300.00 0.367550
85 86 300.00 0.594267
85 87 300.00 0.308810
86 104 300.00 0.542757
86 96 300.00 0.059130
87 81 300.00 0.359077
87 95 300.00 0.590787
88 81 300.00 0.576860
88 94 300.00 0.164490
88 95 300.00 0.350660
89 80 300.00 0.357623
89 90 300.00 0.325020
90 89 300.00 0.325020
90 101 300.00 0.357640
90 99 300.00 0.335090
90 140 300.00 0.260833
91 80 300.00 0.372213
91 92 300.00 0.105217
91 93 300.00 0.369797
92 91 300.00 0.105217
92 73 300.00 0.223950
93 91 300.00 0.369797
93 102 300.00 0.119033
93 103 300.00 0.033500
94 88 300.00 0.164490
94 99 300.00 0.027570
94 100 300.00 0.342563
95 88 300.00 0.350660
95 86 300.00 0.308387
95 101 300.00 0.532997
96 97 300.00 0.238583
96 239 300.00 0.666257
97 96 300.00 0.238583
97 77 300.00 0.571767
97 98 300.00 0.900857
98 97 300.00 0.900857
99 94 300.00 0.027570
99 90 300.00 0.335090
99 258 300.00 0.212550
100 94 300.00 0.342563
100 128 300.00 0.576463
100 136 300.00 0.223130
101 95 300.00 0.532997
101 80 300.00 0.322913
101 90 300.00 0.357640
101 104 300.00 0.307170
102 148 300.00 0.769140
102 89 300.00 0.236910
103 93 300.00 0.033500
103 153 300.00 0.236387
103 113 300.00 0.627487
104 101 300.00 0.307170
104 78 300.00 0.039757
105 106 300.00 0.169270
105 131 300.00 0.291237
105 132 300.00 0.468960
106 105 300.00 0.169270
106 107 300.00 0.374090
107 106 300.00 0.374090
107 129 300.00 0.270797
107 133 300.00 0.180357
108 213 300.00 0.307757
108 214 300.00 0.359567
109 214 300.00 0.388320
110 111 300.00 0.404307
110 197 300.00 0.635070
110 198 300.00 0.245007
111 110 300.00 0.404307
111 112 300.00 1.320147
111 113 300.00 2.108027
112 111 300.00 1.320147
112 182 300.00 0.276753
112 69 300.00 0.058447
113 111 300.00 2.108027
113 14 300.00 1.085053
114 0 300.00 0.276677
115 116 300.00 0.408197
116 115 300.00 0.408197
116 21 300.00 0.429413
117 118 300.00 0.104780
117 221 300.00 0.290583
117 121 300.00 0.117480
118 117 300.00 0.104780
118 21 300.00 0.433750
119 120 300.00 0.267977
119 225 300.00 0.111120
119 124 300.00 0.251517
120 119 300.00 0.267977
120 121 300.00 0.265497
120 122 300.00 0.246280
120 123 300.00 0.248440
121 120 300.00 0.265497
121 127 300.00 0.192843
121 117 300.00 0.117480
122 120 300.00 0.246280
122 124 300.00 0.263810
122 125 300.00 0.280330
122 126 300.00 0.341190
123 120 300.00 0.248440
124 122 300.00 0.263810
124 222 300.00 0.095180
124 119 300.00 0.251517
125 122 300.00 0.280330
125 127 300.00 0.047867
126 122 300.00 0.341190
126 223 300.00 0.338480
127 125 300.00 0.047867
127 221 300.00 0.083490
127 121 300.00 0.192843
128 84 300.00 0.367550
128 129 300.00 0.229220
128 100 300.00 0.576463
129 128 300.00 0.229220
129 107 300.00 0.270797
129 130 300.00 0.384977
130 129 300.00 0.384977
130 136 300.00 0.070053
130 138 300.00 0.330997
131 105 300.00 0.291237
131 134 300.00 0.368713
131 135 300.00 0.330663
132 105 300.00 0.468960
132 133 300.00 0.157250
132 135 300.00 0.255363
133 107 300.00 0.180357
133 138 300.00 0.042663
133 132 300.00 0.157250
134 131 300.00 0.368713
134 143 300.00 0.274050
134 144 300.00 0.153617
135 131 300.00 0.330663
135 132 300.00 0.255363
135 141 300.00 0.103283
135 142 300.00 0.350473
136 100 300.00 0.223130
136 130 300.00 0.070053
136 137 300.00 0.183607
137 136 300.00 0.183607
137 139 300.00 0.245013
137 140 300.00 0.507470
138 130 300.00 0.330997
138 133 300.00 0.042663
138 139 300.00 0.491977
139 138 300.00 0.491977
139 137 300.00 0.245013
139 146 300.00 0.441023
139 147 300.00 0.356647
140 137 300.00 0.507470
140 90 300.00 0.260833
140 148 300.00 0.034060
141 135 300.00 0.103283
141 144 300.00 0.267177
141 145 300.00 0.210723
142 135 300.00 0.350473
142 149 300.00 0.285660
142 147 300.00 0.441633
143 134 300.00 0.274050
143 151 300.00 0.014447
144 134 300.00 0.153617
144 141 300.00 0.267177
145 141 300.00 0.210723
145 144 300.00 0.175103
145 150 300.00 0.379960
146 139 300.00 0.441023
146 152 300.00 0.099770
146 148 300.00 0.158340
146 153 300.00 0.665737
147 139 300.00 0.356647
147 142 300.00 0.441633
147 154 300.00 0.293890
147 155 300.00 0.680773
148 140 300.00 0.034060
148 146 300.00 0.158340
148 102 300.00 0.769140
149 142 300.00 0.285660
149 145 300.00 0.419553
149 156 300.00 0.657637
150 145 300.00 0.379960
150 163 300.00 0.331137
150 159 300.00 0.421277
151 143 300.00 0.014447
151 159 300.00 0.153543
152 146 300.00 0.099770
153 146 300.00 0.665737
153 103 300.00 0.236387
153 162 300.00 0.632270
154 147 300.00 0.293890
154 161 300.00 0.141963
154 149 300.00 0.433613
155 147 300.00 0.680773
155 154 300.00 0.411810
156 149 300.00 0.657637
156 170 300.00 0.935193
156 171 300.00 0.310940
157 158 300.00 0.229673
157 159 300.00 0.378873
157 160 300.00 0.312647
158 163 300.00 0.281647
158 168 300.00 0.302227
159 157 300.00 0.378873
159 151 300.00 0.153543
159 150 300.00 0.421277
160 157 300.00 0.312647
160 165 300.00 0.039570
160 166 300.00 0.297800
161 154 300.00 0.141963
162 153 300.00 0.632270
162 155 300.00 0.394650
162 172 300.00 0.119033
163 156 300.00 0.421947
163 164 300.00 0.298597
163 150 300.00 0.331137
164 163 300.00 0.298597
164 168 300.00 0.285177
164 171 300.00 0.409567
164 174 300.00 0.181883
165 160 300.00 0.039570
165 167 300.00 0.169707
166 160 300.00 0.297800
166 168 300.00 0.027650
166 169 300.00 0.190350
167 165 300.00 0.169707
167 169 300.00 0.371687
168 166 300.00 0.027650
168 164 300.00 0.285177
168 158 300.00 0.302227
169 166 300.00 0.190350
169 167 300.00 0.371687
169 174 300.00 0.306803
170 172 300.00 0.512720
170 182 300.00 0.627613
171 156 300.00 0.310940
171 164 300.00 0.409567
171 178 300.00 0.245343
172 162 300.00 0.119033
172 173 300.00 0.264507
172 170 300.00 0.512720
173 172 300.00 0.264507
173 175 300.00 0.143757
173 180 300.00 0.176447
173 181 300.00 0.234987
174 164 300.00 0.181883
174 169 300.00 0.306803
174 179 300.00 0.322527
175 173 300.00 0.143757
176 177 300.00 0.080567
176 241 300.00 0.238960
177 176 300.00 0.080567
178 171 300.00 0.245343
178 184 300.00 0.154473
178 185 300.00 0.130933
178 182 300.00 0.590670
179 174 300.00 0.322527
179 189 300.00 0.128517
179 190 300.00 0.208740
180 173 300.00 0.176447
181 173 300.00 0.234987
181 183 300.00 0.133420
181 186 300.00 0.059063
182 170 300.00 0.627613
182 178 300.00 0.590670
182 112 300.00 0.276753
183 181 300.00 0.133420
184 178 300.00 0.154473
185 178 300.00 0.130933
185 191 300.00 0.134130
185 69 300.00 0.392460
186 181 300.00 0.059063
186 187 300.00 0.293180
186 188 300.00 0.218800
187 186 300.00 0.293180
188 186 300.00 0.218800
189 179 300.00 0.128517
189 242 300.00 0.214323
189 190 300.00 0.059523
190 179 300.00 0.208740
190 243 300.00 0.211603
190 189 300.00 0.059523
191 185 300.00 0.134130
192 193 300.00 0.147897
192 195 300.00 0.404613
193 192 300.00 0.147897
193 71 300.00 0.178223
194 70 300.00 0.285150
195 70 300.00 0.142803
195 192 300.00 0.404613
195 196 300.00 0.423740
196 195 300.00 0.423740
196 200 300.00 0.115147
196 201 300.00 0.526837
197 110 300.00 0.635070
197 240 300.00 0.206850
197 74 300.00 0.250057
198 110 300.00 0.245007
198 199 300.00 0.685990
198 74 300.00 0.610360
199 198 300.00 0.685990
199 201 300.00 0.310753
200 196 300.00 0.115147
201 196 300.00 0.526837
201 199 300.00 0.310753
201 248 300.00 0.352887
202 203 300.00 0.268400
202 210 300.00 0.592117
202 233 300.00 0.322823
203 202 300.00 0.268400
203 204 300.00 0.563460
204 203 300.00 0.563460
204 233 300.00 0.310880
205 18 300.00 1.007047
205 211 300.00 0.363667
206 207 300.00 0.302067
207 206 300.00 0.302067
207 208 300.00 0.103760
208 204 300.00 0.155667
208 19 300.00 0.132310
209 210 300.00 0.213213
209 11 300.00 0.953240
210 209 300.00 0.213213
210 9 300.00 0.612070
210 202 300.00 0.592117
211 212 300.00 0.500227
212 233 300.00 0.187380
212 207 300.00 0.037653
213 211 300.00 0.053020
213 215 300.00 0.346583
214 215 300.00 0.301883
215 205 300.00 0.038080
216 109 300.00 0.124200
216 3 300.00 0.282890
216 15 300.00 0.402843
217 218 300.00 0.682397
217 219 300.00 0.244750
217 2 300.00 0.871160
218 217 300.00 0.682397
218 64 300.00 0.464443
219 217 300.00 0.244750
219 54 300.00 0.278147
219 230 300.00 0.339123
220 221 300.00 0.418777
220 236 300.00 0.314737
221 220 300.00 0.418777
221 127 300.00 0.083490
221 117 300.00 0.290583
222 223 300.00 0.342050
222 27 300.00 0.148557
222 124 300.00 0.095180
223 222 300.00 0.342050
223 224 300.00 0.270077
224 23 300.00 0.484313
224 226 300.00 0.378600
225 27 300.00 0.104887
225 119 300.00 0.111120
225 25 300.00 0.517247
226 252 300.00 0.487653
227 63 300.00 0.376050
227 246 300.00 0.257023
227 34 300.00 0.462477
228 229 300.00 0.091033
229 253 300.00 0.126270
230 219 300.00 0.339123
231 55 300.00 0.226800
231 49 300.00 0.330250
231 48 300.00 0.235660
232 55 300.00 0.189387
232 43 300.00 0.265600
233 202 300.00 0.322823
233 234 300.00 0.644110
233 212 300.00 0.187380
234 75 300.00 0.085387
234 209 300.00 0.096463
235 0 300.00 0.944557
236 220 300.00 0.314737
237 238 300.00 0.095560
238 256 300.00 0.020883
239 98 300.00 0.165527
239 245 300.00 0.184493
240 197 300.00 0.206850
241 176 300.00 0.238960
241 242 300.00 0.239673
241 259 300.00 0.150067
242 189 300.00 0.214323
242 243 300.00 0.017957
242 241 300.00 0.239673
243 242 300.00 0.017957
243 190 300.00 0.211603
243 244 300.00 0.087130
244 243 300.00 0.087130
245 85 300.00 0.230190
246 228 300.00 0.056250
246 66 300.00 0.378677
247 20 300.00 0.021680
247 204 300.00 0.393267
248 201 300.00 0.352887
249 60 300.00 0.288203
249 250 300.00 0.108737
250 249 300.00 0.108737
251 113 300.00 1.168653
251 16 300.00 0.280200
252 235 300.00 0.748947
253 254 300.00 0.054550
254 64 300.00 0.186093
254 1 300.00 1.377740
255 83 300.00 0.067387
256 238 300.00 0.020883
256 257 300.00 0.096560
257 237 300.00 0.022077
257 247 300.00 1.109707
258 99 300.00 0.212550
259 241 300.00 0.150067
260 35 300.00 0.044953
