0 -38.614145 -3.763797
1 -38.612386 -3.765315
2 -38.607492 -3.768655
3 -38.604615 -3.770616
4 -38.597504 -3.769941
5 -38.606397 -3.769780
6 -38.607416 -3.768707
7 -38.602149 -3.764228
8 -38.603712 -3.764174
9 -38.602375 -3.763610
10 -38.604485 -3.765069
11 -38.601127 -3.766882
12 -38.601214 -3.766921
13 -38.604452 -3.763958
14 -38.603788 -3.759991
15 -38.599619 -3.766286
16 -38.606550 -3.769859
17 -38.606463 -3.769930
18 -38.603389 -3.768002
19 -38.604224 -3.769189
20 -38.604396 -3.769809
21 -38.603979 -3.770707
22 -38.603476 -3.770797
23 -38.598727 -3.765868
24 -38.609733 -3.758169
25 -38.609897 -3.758577
26 -38.608316 -3.758713
27 -38.608272 -3.758713
28 -38.608036 -3.758823
29 -38.607981 -3.758873
30 -38.609878 -3.759019
31 -38.610726 -3.759028
32 -38.608083 -3.759048
33 -38.606634 -3.759096
34 -38.608465 -3.759109
35 -38.606180 -3.759277
36 -38.610135 -3.759338
37 -38.610978 -3.759393
38 -38.610034 -3.759382
39 -38.605731 -3.759456
40 -38.612583 -3.759476
41 -38.608618 -3.759505
42 -38.608259 -3.759504
43 -38.605269 -3.759634
44 -38.610320 -3.759739
45 -38.611116 -3.759761
46 -38.608770 -3.759886
47 -38.610941 -3.759853
48 -38.612755 -3.759868
49 -38.610826 -3.759985
50 -38.608432 -3.759978
51 -38.610479 -3.760102
52 -38.603675 -3.760212
53 -38.606575 -3.760288
54 -38.611109 -3.760232
55 -38.608914 -3.760277
56 -38.610970 -3.760307
57 -38.610994 -3.760363
58 -38.608612 -3.760447
59 -38.606119 -3.760475
60 -38.605675 -3.760651
61 -38.605840 -3.760584
62 -38.609073 -3.760655
63 -38.603504 -3.760669
64 -38.611128 -3.760693
65 -38.605059 -3.760760
66 -38.607600 -3.760836
67 -38.608787 -3.760875
68 -38.605971 -3.760944
69 -38.611279 -3.761066
70 -38.609231 -3.761044
71 -38.603328 -3.761126
72 -38.611295 -3.761125
73 -38.604875 -3.761203
74 -38.607794 -3.761303
75 -38.605135 -3.761315
76 -38.608972 -3.761347
77 -38.613395 -3.761396
78 -38.606162 -3.761420
79 -38.609381 -3.761431
80 -38.611433 -3.761460
81 -38.611436 -3.761523
82 -38.603135 -3.761586
83 -38.604694 -3.761654
84 -38.604862 -3.761790
85 -38.613591 -3.761763
86 -38.607977 -3.761749
87 -38.609158 -3.761802
88 -38.609536 -3.761821
89 -38.611605 -3.761856
90 -38.606341 -3.761877
91 -38.604961 -3.761910
92 -38.602963 -3.762035
93 -38.612074 -3.762084
94 -38.604491 -3.762119
95 -38.613775 -3.762129
96 -38.603308 -3.762173
97 -38.609680 -3.762214
98 -38.611786 -3.762228
99 -38.609333 -3.762256
100 -38.606530 -3.762331
101 -38.607890 -3.762300
102 -38.603787 -3.762361
103 -38.605148 -3.762372
104 -38.611388 -3.762431
105 -38.612259 -3.762454
106 -38.604057 -3.762472
107 -38.604339 -3.762567
108 -38.609828 -3.762607
109 -38.608271 -3.762661
110 -38.609515 -3.762715
111 -38.608065 -3.762743
112 -38.606688 -3.762761
113 -38.613426 -3.762785
114 -38.605321 -3.762804
115 -38.609538 -3.762769
116 -38.604820 -3.762761
117 -38.611541 -3.762827
118 -38.612441 -3.762817
119 -38.605348 -3.762876
120 -38.613060 -3.762973
121 -38.609972 -3.762984
122 -38.608484 -3.763118
123 -38.608512 -3.763182
124 -38.611694 -3.763208
125 -38.609723 -3.763211
126 -38.606866 -3.763229
127 -38.612685 -3.763168
128 -38.605507 -3.763247
129 -38.612647 -3.763200
130 -38.614392 -3.763473
131 -38.610131 -3.763373
132 -38.603166 -3.763482
133 -38.603624 -3.763515
134 -38.611843 -3.763594
135 -38.608700 -3.763636
136 -38.609903 -3.763674
137 -38.607052 -3.763683
138 -38.604071 -3.763682
139 -38.605680 -3.763701
140 -38.610287 -3.763763
141 -38.613968 -3.763828
142 -38.607079 -3.763760
143 -38.612131 -3.763918
144 -38.608892 -3.764089
145 -38.611753 -3.764083
146 -38.613666 -3.764154
147 -38.605909 -3.764143
148 -38.610437 -3.764157
149 -38.611370 -3.764238
150 -38.604732 -3.764329
151 -38.610978 -3.764405
152 -38.613366 -3.764465
153 -38.606415 -3.764553
154 -38.610606 -3.764556
155 -38.610256 -3.764579
156 -38.607445 -3.764650
157 -38.603479 -3.764653
158 -38.613064 -3.764774
159 -38.604894 -3.764784
160 -38.605047 -3.764775
161 -38.601922 -3.764827
162 -38.604978 -3.764848
163 -38.606597 -3.764990
164 -38.601887 -3.764940
165 -38.612721 -3.765069
166 -38.609243 -3.765007
167 -38.607611 -3.765127
168 -38.605312 -3.765244
169 -38.609058 -3.765289
170 -38.606735 -3.765472
171 -38.601709 -3.765437
172 -38.612023 -3.765558
173 -38.603152 -3.765535
174 -38.604160 -3.765588
175 -38.605567 -3.765637
176 -38.609243 -3.765757
177 -38.607861 -3.765767
178 -38.611707 -3.765791
179 -38.606990 -3.765890
180 -38.602749 -3.765909
181 -38.604018 -3.765916
182 -38.601594 -3.765961
183 -38.598366 -3.765933
184 -38.598827 -3.765975
185 -38.602949 -3.765998
186 -38.597947 -3.765957
187 -38.611350 -3.766048
188 -38.605831 -3.766058
189 -38.599226 -3.766117
190 -38.609436 -3.766195
191 -38.608055 -3.766222
192 -38.607254 -3.766303
193 -38.603800 -3.766386
194 -38.599987 -3.766460
195 -38.606080 -3.766469
196 -38.600254 -3.766479
197 -38.600357 -3.766624
198 -38.609626 -3.766636
199 -38.608230 -3.766689
200 -38.607517 -3.766711
201 -38.600751 -3.766797
202 -38.606342 -3.766872
203 -38.603592 -3.766873
204 -38.602498 -3.766938
205 -38.601132 -3.766980
206 -38.597448 -3.767042
207 -38.609909 -3.767095
208 -38.607784 -3.767126
209 -38.601498 -3.767147
210 -38.608405 -3.767130
211 -38.597818 -3.767225
212 -38.608454 -3.767256
213 -38.606615 -3.767298
214 -38.597334 -3.767309
215 -38.601862 -3.767315
216 -38.603379 -3.767351
217 -38.598204 -3.767412
218 -38.602283 -3.767417
219 -38.603379 -3.767543
220 -38.602252 -3.767481
221 -38.598565 -3.767569
222 -38.608054 -3.767511
223 -38.597650 -3.767646
224 -38.602623 -3.767651
225 -38.606883 -3.767713
226 -38.598963 -3.767727
227 -38.608716 -3.767820
228 -38.598038 -3.767809
229 -38.597082 -3.767843
230 -38.603006 -3.767818
231 -38.603161 -3.767819
232 -38.603235 -3.767852
233 -38.599735 -3.768043
234 -38.607132 -3.768096
235 -38.600587 -3.768138
236 -38.603725 -3.768250
237 -38.600497 -3.768335
238 -38.600881 -3.768514
239 -38.597232 -3.768530
240 -38.604012 -3.768635
241 -38.601248 -3.768686
242 -38.598980 -3.768723
243 -38.604531 -3.768835
244 -38.599350 -3.768899
245 -38.599730 -3.769069
246 -38.600094 -3.769264
247 -38.602381 -3.769197
248 -38.597371 -3.769236
249 -38.600967 -3.769323
250 -38.602250 -3.769483
251 -38.601343 -3.769491
252 -38.597934 -3.770021
253 -38.603361 -3.770059
254 -38.598357 -3.770100
255 -38.598755 -3.770185
256 -38.599191 -3.770282
257 -38.599587 -3.770369
258 -38.600015 -3.770454
259 -38.604982 -3.770518
260 -38.600423 -3.770538
261 -38.600843 -3.770626
262 -38.601253 -3.770720
263 -38.601685 -3.770803
264 -38.602080 -3.770886
265 -38.602994 -3.770877
266 -38.602528 -3.770901
267 -38.612245 -3.758715
268 -38.604703 -3.770592
269 -38.602352 -3.763685
270 -38.602121 -3.767337
271 -38.602319 -3.766858
272 -38.601434 -3.766464
273 -38.603672 -3.763249
274 -38.604520 -3.762612
275 -38.604636 -3.762153
276 -38.604596 -3.763780
277 -38.605321 -3.763277
278 -38.605126 -3.763125
279 -38.605201 -3.760797
280 -38.604808 -3.759778
281 -38.607533 -3.761406
282 -38.607699 -3.761854
283 -38.608151 -3.762197
284 -38.610082 -3.764122
285 -38.610431 -3.765041
286 -38.611011 -3.766257
287 -38.610608 -3.765483
288 -38.610792 -3.765945
289 -38.609051 -3.764534
290 -38.606710 -3.767573
291 -38.606257 -3.769878
292 -38.606627 -3.769551
293 -38.607066 -3.768127
294 -38.606455 -3.768509
295 -38.606992 -3.769163
296 -38.606788 -3.768285
297 -38.606381 -3.767654
298 -38.607259 -3.764215
299 -38.605997 -3.764187
300 -38.606218 -3.764652
301 -38.606485 -3.765032
302 -38.608592 -3.767585
303 -38.609812 -3.767087
304 -38.603788 -3.770093
305 -38.603425 -3.769918
306 -38.598380 -3.768056
307 -38.610943 -3.766310
308 -38.613807 -3.762586
309 -38.611221 -3.762047
310 -38.612105 -3.762161
311 -38.612060 -3.758333
312 -38.612414 -3.759091
313 -38.612897 -3.760253
314 -38.613062 -3.760638
315 -38.613219 -3.761017
316 -38.613959 -3.762501
317 -38.605280 -3.768358
318 -38.611615 -3.757416
319 -38.599694 -3.770392
320 -38.601693 -3.770955
321 -38.614080 -3.763700
322 -38.604251 -3.768995
323 -38.604906 -3.767827
324 -38.597551 -3.769945
325 -38.605067 -3.770500
326 -38.604290 -3.770664
327 -38.604135 -3.763549
328 -38.602956 -3.765447
329 -38.612238 -3.765413
330 -38.604903 -3.764734
331 -38.609585 -3.762673
332 -38.609521 -3.762699
333 -38.609550 -3.762775
334 -38.609621 -3.762739
335 -38.609610 -3.762689
336 -38.603133 -3.767872
337 -38.603212 -3.767906
338 -38.606766 -3.767538
339 -38.607282 -3.768345
340 -38.607220 -3.768385
341 -38.600468 -3.769436
342 -38.601859 -3.767223
343 -38.608687 -3.760403
344 -38.609049 -3.761318
345 -38.600030 -3.766376
346 -38.607634 -3.758727
347 -38.606036 -3.766495
348 -38.609985 -3.763642
349 -38.604309 -3.759876
350 -38.604501 -3.770166
351 -38.604570 -3.770142
352 -38.604153 -3.763736
353 -38.604119 -3.763796
354 -38.604186 -3.769011
355 -38.606418 -3.759178
356 -38.610873 -3.765910
357 -38.599279 -3.766038
358 -38.603164 -3.763554
359 -38.610682 -3.757795
360 -38.603697 -3.766624
361 -38.603774 -3.766661
362 -38.604225 -3.765666
363 -38.606463 -3.769721
364 -38.610509 -3.765007
365 -38.597262 -3.768693
366 -38.609326 -3.758324
367 -38.598033 -3.765865
368 -38.610681 -3.765439
369 -38.605685 -3.765986
370 -38.605752 -3.765941
371 -38.604940 -3.764843
372 -38.605038 -3.764809
373 -38.611145 -3.760745
374 -38.606777 -3.765452
375 -38.611807 -3.762272
376 -38.609849 -3.767133
377 -38.606650 -3.767476
378 -38.604552 -3.768905
379 -38.599599 -3.767964
380 -38.599681 -3.767856
381 -38.599799 -3.767897
382 -38.598585 -3.768549
383 -38.601094 -3.766867
384 -38.602674 -3.762834
385 -38.603439 -3.760840
386 -38.605017 -3.764709
387 -38.604965 -3.764694
388 -38.608389 -3.762914
389 -38.602773 -3.767720
390 -38.602804 -3.767655
