0 -38.565951 -3.724112
1 -38.560500 -3.726328
2 -38.566736 -3.722025
3 -38.563348 -3.719991
4 -38.562701 -3.722079
5 -38.562374 -3.723137
6 -38.564013 -3.720169
7 -38.563732 -3.721224
8 -38.563407 -3.722263
9 -38.563055 -3.723329
10 -38.561285 -3.720552
11 -38.561003 -3.721630
12 -38.562268 -3.719700
13 -38.561990 -3.720737
14 -38.561699 -3.721815
15 -38.564870 -3.720400
16 -38.563825 -3.723533
17 -38.559801 -3.726184
18 -38.565273 -3.720508
19 -38.564280 -3.723671
20 -38.565864 -3.720667
21 -38.563915 -3.726971
22 -38.564818 -3.726111
23 -38.564256 -3.725945
24 -38.563492 -3.724586
25 -38.561347 -3.726468
26 -38.562053 -3.726601
27 -38.560717 -3.722691
28 -38.561415 -3.722882
29 -38.563037 -3.721022
30 -38.564520 -3.721387
31 -38.564957 -3.721531
32 -38.565566 -3.721708
33 -38.564164 -3.722484
34 -38.564623 -3.722605
35 -38.565246 -3.722762
36 -38.565861 -3.722912
37 -38.564909 -3.723827
38 -38.561123 -3.723961
39 -38.565510 -3.723986
40 -38.562041 -3.724211
41 -38.562729 -3.724387
42 -38.560151 -3.724858
43 -38.560837 -3.725035
44 -38.561706 -3.725269
45 -38.562404 -3.725458
46 -38.565260 -3.726101
47 -38.564888 -3.725943
48 -38.565568 -3.725188
49 -38.565165 -3.725065
50 -38.564585 -3.724880
51 -38.565787 -3.720954
52 -38.565199 -3.720761
53 -38.565714 -3.721199
54 -38.565124 -3.721004
55 -38.565640 -3.721444
56 -38.565051 -3.721248
57 -38.564682 -3.720903
58 -38.564205 -3.720741
59 -38.563171 -3.725651
60 -38.562843 -3.726773
61 -38.561273 -3.725148
62 -38.561565 -3.724077
63 -38.561716 -3.723567
64 -38.561536 -3.722382
65 -38.561675 -3.722956
66 -38.561526 -3.723461
67 -38.564283 -3.722085
68 -38.563854 -3.721967
69 -38.562493 -3.720867
70 -38.562243 -3.721669
71 -38.563841 -3.720119
72 -38.563517 -3.721170
73 -38.566998 -3.720964
74 -38.565612 -3.725055
75 -38.565064 -3.727156
76 -38.566183 -3.721872
77 -38.566493 -3.720836
78 -38.565475 -3.725466
79 -38.564535 -3.727080
