0 -38.488360 -3.729919
1 -38.486578 -3.733680
2 -38.488133 -3.734837
3 -38.487996 -3.738160
4 -38.486957 -3.738120
5 -38.488778 -3.731563
6 -38.488725 -3.732672
7 -38.485980 -3.734735
8 -38.484969 -3.732513
9 -38.484919 -3.733618
10 -38.485021 -3.731445
11 -38.488171 -3.733744
12 -38.487044 -3.734783
13 -38.487144 -3.732621
14 -38.486672 -3.731523
15 -38.486630 -3.732594
16 -38.486534 -3.734761
17 -38.483795 -3.733563
18 -38.483676 -3.733612
19 -38.484880 -3.734683
20 -38.482465 -3.731680
21 -38.482945 -3.731498
22 -38.483856 -3.731190
23 -38.485478 -3.733645
24 -38.486120 -3.731498
25 -38.486154 -3.730600
26 -38.485572 -3.731481
27 -38.485523 -3.732546
28 -38.487188 -3.731535
29 -38.487105 -3.733710
30 -38.486927 -3.738752
31 -38.485872 -3.736958
32 -38.485926 -3.735813
33 -38.488304 -3.730751
34 -38.486985 -3.737004
35 -38.488042 -3.737065
36 -38.486073 -3.732569
37 -38.486020 -3.733672
38 -38.486111 -3.731176
39 -38.488107 -3.735366
40 -38.486930 -3.738661
41 -38.487193 -3.739187
42 -38.487003 -3.735900
43 -38.487356 -3.739520
44 -38.485922 -3.735884
45 -38.486510 -3.738102
46 -38.485713 -3.735806
47 -38.488238 -3.732670
48 -38.488082 -3.735946
49 -38.488269 -3.731552
50 -38.487633 -3.735356
51 -38.487929 -3.739281
52 -38.487958 -3.738697
53 -38.485819 -3.736955
54 -38.482914 -3.732393
55 -38.486228 -3.735867
56 -38.487931 -3.739214
57 -38.484706 -3.735201
58 -38.484739 -3.735238
59 -38.483940 -3.732064
60 -38.483963 -3.732455
61 -38.483866 -3.732544
62 -38.483094 -3.732678
63 -38.483882 -3.732171
64 -38.488051 -3.730772
65 -38.487736 -3.730157
66 -38.484026 -3.731241
67 -38.482849 -3.732295
68 -38.485420 -3.734709
69 -38.485446 -3.734087
