0 -38.548026 -3.794704
1 -38.547484 -3.794897
2 -38.545455 -3.795464
3 -38.549679 -3.795490
4 -38.547651 -3.795464
5 -38.545237 -3.795514
6 -38.549017 -3.795691
7 -38.548389 -3.795882
8 -38.543304 -3.795973
9 -38.547818 -3.796014
10 -38.540166 -3.796127
11 -38.539961 -3.796166
12 -38.542242 -3.796203
13 -38.544749 -3.796240
14 -38.548525 -3.796368
15 -38.543414 -3.796545
16 -38.547994 -3.796567
17 -38.550043 -3.796677
18 -38.545943 -3.796724
19 -38.542266 -3.796813
20 -38.549377 -3.796884
21 -38.550102 -3.796889
22 -38.544524 -3.796939
23 -38.548059 -3.796888
24 -38.549446 -3.797096
25 -38.547518 -3.797080
26 -38.543549 -3.797157
27 -38.543208 -3.797233
28 -38.546296 -3.797206
29 -38.550182 -3.797194
30 -38.548810 -3.797303
31 -38.542604 -3.797368
32 -38.542364 -3.797422
33 -38.549534 -3.797403
34 -38.548257 -3.797457
35 -38.542073 -3.797587
36 -38.547708 -3.797669
37 -38.541626 -3.797956
38 -38.542704 -3.798005
39 -38.544497 -3.798044
40 -38.546715 -3.798065
41 -38.550511 -3.798297
42 -38.549862 -3.798492
43 -38.546048 -3.798486
44 -38.542777 -3.798536
45 -38.545650 -3.798887
46 -38.544089 -3.798887
47 -38.547008 -3.799037
48 -38.545496 -3.799300
49 -38.547333 -3.799300
50 -38.543859 -3.799315
51 -38.542736 -3.799498
52 -38.543468 -3.799589
53 -38.547707 -3.799662
54 -38.543747 -3.799634
55 -38.547641 -3.799697
56 -38.550934 -3.799697
57 -38.545361 -3.799754
58 -38.543718 -3.799761
59 -38.547190 -3.799807
60 -38.550287 -3.799906
61 -38.546717 -3.799922
62 -38.546268 -3.800029
63 -38.545796 -3.800142
64 -38.543607 -3.800187
65 -38.545235 -3.800187
66 -38.548384 -3.800269
67 -38.545325 -3.800251
68 -38.549142 -3.800272
69 -38.547840 -3.800409
70 -38.545118 -3.800645
71 -38.548780 -3.800635
72 -38.543648 -3.800698
73 -38.547934 -3.800857
74 -38.549205 -3.801028
75 -38.551371 -3.801091
76 -38.545009 -3.801076
77 -38.550720 -3.801277
78 -38.548043 -3.801338
79 -38.549630 -3.801405
80 -38.545614 -3.801437
81 -38.547594 -3.801441
82 -38.547103 -3.801563
83 -38.544971 -3.801565
84 -38.546650 -3.801668
85 -38.551570 -3.801747
86 -38.548166 -3.801793
87 -38.550047 -3.801781
88 -38.546192 -3.801780
89 -38.547703 -3.801895
90 -38.545727 -3.801893
91 -38.548270 -3.802231
92 -38.550443 -3.802199
93 -38.546298 -3.802234
94 -38.547803 -3.802338
95 -38.549875 -3.802335
96 -38.545841 -3.802357
97 -38.549315 -3.802472
98 -38.548741 -3.802607
99 -38.544542 -3.802664
100 -38.548389 -3.802690
101 -38.546406 -3.802695
102 -38.548202 -3.802742
103 -38.547895 -3.802809
104 -38.545952 -3.802789
105 -38.552637 -3.802821
106 -38.547630 -3.802878
107 -38.547069 -3.803007
108 -38.544885 -3.803066
109 -38.546529 -3.803138
110 -38.546082 -3.803241
111 -38.550796 -3.803380
112 -38.545232 -3.803475
113 -38.550241 -3.803553
114 -38.550327 -3.803819
115 -38.549793 -3.803981
116 -38.549208 -3.804159
117 -38.545885 -3.804283
118 -38.548695 -3.804315
119 -38.550480 -3.804321
120 -38.548134 -3.804485
121 -38.549940 -3.804496
122 -38.551150 -3.804467
123 -38.550599 -3.804644
124 -38.547577 -3.804654
125 -38.549375 -3.804667
126 -38.547030 -3.804820
127 -38.548853 -3.804846
128 -38.548310 -3.805007
129 -38.547729 -3.805190
130 -38.547208 -3.805355
131 -38.551492 -3.805585
132 -38.550970 -3.805868
133 -38.550457 -3.806151
134 -38.549257 -3.806185
135 -38.548705 -3.806347
136 -38.549937 -3.806421
137 -38.548169 -3.806516
138 -38.547762 -3.806630
139 -38.549415 -3.806705
140 -38.553219 -3.806961
141 -38.545452 -3.807335
142 -38.548318 -3.807318
143 -38.548360 -3.807438
144 -38.553395 -3.807552
145 -38.546922 -3.807703
146 -38.545519 -3.807669
147 -38.552975 -3.807798
148 -38.548565 -3.807920
149 -38.552644 -3.807979
150 -38.552316 -3.808169
151 -38.545605 -3.808169
152 -38.545686 -3.808200
153 -38.545795 -3.808368
154 -38.547159 -3.808445
155 -38.551747 -3.808465
156 -38.547071 -3.808478
157 -38.553664 -3.808483
158 -38.545492 -3.808525
159 -38.551958 -3.808673
160 -38.546014 -3.808864
161 -38.549218 -3.808875
162 -38.547381 -3.809000
163 -38.549379 -3.809062
164 -38.552380 -3.809109
165 -38.546828 -3.809205
166 -38.545264 -3.809226
167 -38.554289 -3.809626
168 -38.549968 -3.809445
169 -38.546223 -3.809427
170 -38.552798 -3.809508
171 -38.553074 -3.809810
172 -38.554021 -3.809877
173 -38.550392 -3.809987
174 -38.546420 -3.810069
175 -38.547726 -3.809980
176 -38.553398 -3.810212
177 -38.550511 -3.810133
178 -38.547223 -3.810262
179 -38.550888 -3.810617
180 -38.551261 -3.811097
181 -38.551504 -3.811412
182 -38.551722 -3.811697
183 -38.554680 -3.811903
184 -38.552417 -3.812635
185 -38.554533 -3.813668
186 -38.554283 -3.813744
187 -38.553417 -3.814012
188 -38.553623 -3.814261
189 -38.554698 -3.814659
190 -38.555781 -3.815984
191 -38.554145 -3.816524
192 -38.556444 -3.818140
193 -38.555897 -3.818305
194 -38.555347 -3.818476
195 -38.554799 -3.818626
196 -38.557130 -3.820269
197 -38.556572 -3.820437
198 -38.556015 -3.820606
199 -38.555461 -3.820769
200 -38.555228 -3.816144
201 -38.554681 -3.816329
202 -38.554374 -3.821109
203 -38.554867 -3.820963
204 -38.554049 -3.820094
205 -38.555140 -3.819747
206 -38.554563 -3.819937
207 -38.554515 -3.815730
208 -38.554175 -3.811247
209 -38.543829 -3.797094
210 -38.544298 -3.798461
211 -38.543705 -3.798545
212 -38.547069 -3.799335
213 -38.545585 -3.799352
214 -38.545676 -3.799690
215 -38.546785 -3.803998
216 -38.549233 -3.794093
217 -38.549907 -3.793887
218 -38.547961 -3.794465
219 -38.547824 -3.794061
220 -38.547611 -3.793432
221 -38.547758 -3.793344
222 -38.545187 -3.795523
223 -38.546304 -3.794532
224 -38.548681 -3.798855
225 -38.548158 -3.799025
226 -38.547165 -3.797887
227 -38.546983 -3.797302
228 -38.549263 -3.798678
229 -38.549694 -3.800091
230 -38.550954 -3.802062
231 -38.551136 -3.801154
232 -38.551333 -3.801789
233 -38.546627 -3.803496
234 -38.546952 -3.804562
235 -38.546257 -3.804763
236 -38.551084 -3.802162
237 -38.551322 -3.802788
238 -38.551449 -3.803192
239 -38.552096 -3.805251
240 -38.551988 -3.805308
241 -38.551686 -3.804290
242 -38.551365 -3.803215
243 -38.551250 -3.802807
244 -38.545412 -3.799995
245 -38.544551 -3.802179
246 -38.544327 -3.802356
247 -38.545940 -3.798452
248 -38.544276 -3.802287
249 -38.544874 -3.801528
250 -38.543799 -3.801225
251 -38.544211 -3.803716
252 -38.545448 -3.805368
253 -38.547443 -3.806238
254 -38.548226 -3.807204
255 -38.547033 -3.808033
256 -38.546847 -3.810288
257 -38.546507 -3.809325
258 -38.547275 -3.808718
259 -38.546113 -3.809135
260 -38.546038 -3.809894
261 -38.544875 -3.795596
262 -38.543202 -3.795529
263 -38.543944 -3.795820
264 -38.552058 -3.808295
265 -38.551777 -3.807752
266 -38.553687 -3.810067
267 -38.554953 -3.811757
268 -38.553868 -3.813039
269 -38.552920 -3.813402
270 -38.555505 -3.813480
271 -38.555809 -3.814845
272 -38.553846 -3.819305
273 -38.553046 -3.819382
274 -38.553560 -3.819355
275 -38.553433 -3.820109
276 -38.555533 -3.821003
277 -38.554537 -3.821289
278 -38.555365 -3.821050
279 -38.554587 -3.821486
280 -38.548289 -3.797543
281 -38.547738 -3.797751
282 -38.551783 -3.804251
283 -38.545099 -3.803506
284 -38.555721 -3.814456
285 -38.548820 -3.800671
286 -38.549580 -3.808951
287 -38.548582 -3.794278
288 -38.548387 -3.807420
289 -38.548955 -3.811094
290 -38.553806 -3.819091
291 -38.553670 -3.815396
292 -38.554327 -3.815290
293 -38.549602 -3.810130
294 -38.554620 -3.811820
295 -38.549458 -3.806806
296 -38.549991 -3.806512
297 -38.551008 -3.805962
298 -38.552012 -3.805401
299 -38.552120 -3.805341
300 -38.545230 -3.800665
301 -38.547196 -3.797978
302 -38.541561 -3.798731
303 -38.550099 -3.800519
304 -38.549403 -3.800742
305 -38.545304 -3.799972
306 -38.546755 -3.798146
307 -38.548909 -3.808447
308 -38.548729 -3.808167
309 -38.544494 -3.795029
310 -38.544588 -3.795665
311 -38.548466 -3.807590
312 -38.550252 -3.801034
313 -38.549808 -3.801178
314 -38.545694 -3.809730
315 -38.545559 -3.808584
316 -38.547054 -3.807854
317 -38.547247 -3.808416
318 -38.547633 -3.809473
319 -38.547462 -3.808971
320 -38.547353 -3.808692
321 -38.547798 -3.809940
322 -38.545355 -3.800247
323 -38.555698 -3.820707
324 -38.554169 -3.812089
325 -38.554193 -3.812175
326 -38.553982 -3.810962
327 -38.554037 -3.816521
328 -38.554257 -3.816892
329 -38.546230 -3.803829
330 -38.554103 -3.811305
331 -38.553041 -3.811468
332 -38.548388 -3.807634
333 -38.549691 -3.811522
334 -38.550425 -3.812066
