0 -38.497829 -3.865271
1 -38.497931 -3.864617
2 -38.497968 -3.867617
3 -38.498147 -3.868981
4 -38.497865 -3.867079
5 -38.499258 -3.868523
6 -38.499174 -3.868551
7 -38.498755 -3.867056
8 -38.501766 -3.867533
9 -38.506647 -3.865814
10 -38.499519 -3.867934
11 -38.500305 -3.865875
12 -38.499051 -3.866957
13 -38.498883 -3.866677
14 -38.499446 -3.866187
15 -38.501120 -3.866515
16 -38.500831 -3.865884
17 -38.501528 -3.866177
18 -38.501233 -3.865474
19 -38.501429 -3.866265
20 -38.502029 -3.865728
21 -38.502305 -3.866796
22 -38.502345 -3.865432
23 -38.502621 -3.866284
24 -38.504185 -3.866904
25 -38.503598 -3.866191
26 -38.503019 -3.866646
27 -38.503903 -3.867008
28 -38.503506 -3.866561
29 -38.503621 -3.867100
30 -38.503326 -3.866771
31 -38.503352 -3.866791
32 -38.503165 -3.866926
33 -38.504486 -3.866801
34 -38.504046 -3.866339
35 -38.504741 -3.866691
36 -38.504200 -3.866113
37 -38.505024 -3.866569
38 -38.502555 -3.864821
39 -38.503310 -3.865887
40 -38.505781 -3.866217
41 -38.505543 -3.865950
42 -38.505226 -3.866239
43 -38.505380 -3.866404
44 -38.505323 -3.865704
45 -38.504736 -3.866252
46 -38.505119 -3.865472
47 -38.504512 -3.866009
48 -38.503906 -3.862811
49 -38.507033 -3.862639
50 -38.506532 -3.865859
51 -38.504143 -3.863071
52 -38.503831 -3.863324
53 -38.507330 -3.865483
54 -38.508111 -3.865138
55 -38.505972 -3.862686
56 -38.504681 -3.861176
57 -38.503898 -3.860291
58 -38.504876 -3.861989
59 -38.503928 -3.860895
60 -38.504388 -3.861430
61 -38.507653 -3.862103
62 -38.508891 -3.864786
63 -38.507019 -3.865114
64 -38.507650 -3.864583
65 -38.508277 -3.864059
66 -38.509226 -3.864633
67 -38.507998 -3.859603
68 -38.509145 -3.864372
69 -38.508723 -3.864573
70 -38.509077 -3.864133
71 -38.508561 -3.864394
72 -38.509015 -3.863894
73 -38.508404 -3.864215
74 -38.508922 -3.863524
75 -38.506190 -3.862927
76 -38.506495 -3.862659
77 -38.506599 -3.862146
78 -38.505768 -3.862434
79 -38.506091 -3.862181
80 -38.505657 -3.862295
81 -38.506579 -3.860879
82 -38.508150 -3.862646
83 -38.508643 -3.862393
84 -38.508584 -3.862126
85 -38.508015 -3.862488
86 -38.510071 -3.864422
87 -38.509546 -3.862448
88 -38.509614 -3.862657
89 -38.509714 -3.862967
90 -38.508826 -3.863154
91 -38.508719 -3.862736
92 -38.509861 -3.862537
93 -38.509601 -3.862617
94 -38.510412 -3.864019
95 -38.510487 -3.864307
96 -38.509809 -3.863342
97 -38.510111 -3.863243
98 -38.509917 -3.863778
99 -38.510264 -3.863649
100 -38.511009 -3.864162
101 -38.510907 -3.863844
102 -38.510000 -3.864121
103 -38.509784 -3.863252
104 -38.513112 -3.866618
105 -38.516892 -3.862712
106 -38.518066 -3.863334
107 -38.508096 -3.859704
108 -38.497960 -3.865581
109 -38.498301 -3.865438
110 -38.499961 -3.863787
111 -38.499910 -3.863718
112 -38.501481 -3.862555
113 -38.500427 -3.863348
114 -38.500914 -3.863054
115 -38.500859 -3.862993
116 -38.502659 -3.861442
117 -38.501424 -3.862485
118 -38.502672 -3.861388
119 -38.506680 -3.856128
120 -38.505276 -3.857382
121 -38.504902 -3.857701
122 -38.497877 -3.863867
123 -38.499473 -3.863249
124 -38.499119 -3.862805
125 -38.499076 -3.863634
126 -38.498682 -3.863165
127 -38.504376 -3.859860
128 -38.503966 -3.859407
129 -38.504683 -3.859596
130 -38.506414 -3.859594
131 -38.506858 -3.859183
132 -38.506115 -3.858331
133 -38.506322 -3.858581
134 -38.504407 -3.859272
135 -38.504137 -3.858954
136 -38.505828 -3.858583
137 -38.505602 -3.858307
138 -38.505219 -3.858032
139 -38.501824 -3.862139
140 -38.501459 -3.861627
141 -38.503258 -3.860845
142 -38.505160 -3.861727
143 -38.504533 -3.862287
144 -38.506408 -3.863177
145 -38.505787 -3.863721
146 -38.505164 -3.864264
147 -38.504550 -3.864793
148 -38.503927 -3.865338
149 -38.518918 -3.864602
150 -38.504358 -3.863322
151 -38.504054 -3.863596
152 -38.498114 -3.865534
153 -38.518310 -3.864740
154 -38.499121 -3.864502
155 -38.499186 -3.864562
156 -38.499235 -3.864390
157 -38.499298 -3.864451
158 -38.510153 -3.867859
159 -38.515811 -3.865575
160 -38.512037 -3.867058
161 -38.517156 -3.863556
162 -38.508041 -3.859652
163 -38.508872 -3.863546
164 -38.508885 -3.863126
165 -38.505105 -3.866349
166 -38.509354 -3.863710
167 -38.509870 -3.863588
168 -38.509945 -3.863894
169 -38.509263 -3.863417
170 -38.506566 -3.859595
171 -38.504086 -3.860122
172 -38.502623 -3.861401
173 -38.505368 -3.864085
174 -38.505837 -3.864613
175 -38.505567 -3.863911
176 -38.506018 -3.864438
177 -38.504342 -3.861377
178 -38.504636 -3.861126
179 -38.505811 -3.862045
180 -38.516515 -3.863742
