0 -38.596961 -3.732291
1 -38.605346 -3.722758
2 -38.603745 -3.730398
3 -38.595813 -3.734677
4 -38.595211 -3.736122
5 -38.592619 -3.733424
6 -38.598833 -3.729643
7 -38.597666 -3.724973
8 -38.599492 -3.731575
9 -38.599359 -3.731610
10 -38.597543 -3.725016
11 -38.598832 -3.734574
12 -38.592172 -3.734421
13 -38.596143 -3.725444
14 -38.597331 -3.728878
15 -38.601860 -3.723776
16 -38.602014 -3.724294
17 -38.598379 -3.727914
18 -38.593449 -3.735331
19 -38.594097 -3.733887
20 -38.598098 -3.731953
21 -38.600044 -3.724299
22 -38.598281 -3.724798
23 -38.600193 -3.724831
24 -38.602186 -3.724874
25 -38.596960 -3.725201
26 -38.598456 -3.725369
27 -38.602356 -3.725445
28 -38.600354 -3.725406
29 -38.597126 -3.725739
30 -38.598599 -3.725908
31 -38.602514 -3.725980
32 -38.600513 -3.725972
33 -38.595882 -3.726106
34 -38.597279 -3.726317
35 -38.598749 -3.726476
36 -38.600669 -3.726528
37 -38.595559 -3.726810
38 -38.597443 -3.726891
39 -38.598135 -3.727052
40 -38.598907 -3.727063
41 -38.602811 -3.727084
42 -38.597544 -3.727206
43 -38.598313 -3.727240
44 -38.595246 -3.727518
45 -38.600977 -3.727640
46 -38.602991 -3.727738
47 -38.595088 -3.727875
48 -38.599213 -3.728161
49 -38.601159 -3.728278
50 -38.598627 -3.728341
51 -38.603164 -3.728369
52 -38.597836 -3.728416
53 -38.599392 -3.728789
54 -38.601335 -3.728895
55 -38.603361 -3.729086
56 -38.594493 -3.729208
57 -38.595048 -3.729366
58 -38.599574 -3.729410
59 -38.597486 -3.729422
60 -38.598952 -3.729609
61 -38.601547 -3.729635
62 -38.595614 -3.729657
63 -38.603535 -3.729718
64 -38.595961 -3.729774
65 -38.598211 -3.729818
66 -38.595913 -3.729883
67 -38.594147 -3.729989
68 -38.597641 -3.729973
69 -38.599783 -3.730158
70 -38.595778 -3.730168
71 -38.601721 -3.730246
72 -38.594023 -3.730274
73 -38.595615 -3.730482
74 -38.595620 -3.730566
75 -38.597814 -3.730589
76 -38.599966 -3.730776
77 -38.593765 -3.730852
78 -38.601906 -3.730891
79 -38.595431 -3.730911
80 -38.595808 -3.731172
81 -38.597984 -3.731205
82 -38.600117 -3.731387
83 -38.593496 -3.731427
84 -38.595168 -3.731488
85 -38.595968 -3.731789
86 -38.598775 -3.731768
87 -38.595990 -3.731861
88 -38.594888 -3.732075
89 -38.592965 -3.732640
90 -38.594648 -3.732657
91 -38.596630 -3.732884
92 -38.594370 -3.733274
93 -38.596381 -3.733445
94 -38.592421 -3.733821
95 -38.596101 -3.734063
96 -38.592243 -3.734263
97 -38.593910 -3.734306
98 -38.593549 -3.734444
99 -38.593818 -3.734507
100 -38.593047 -3.734481
101 -38.593694 -3.734779
102 -38.595524 -3.735295
103 -38.595385 -3.735620
104 -38.604993 -3.722848
105 -38.605466 -3.722940
106 -38.604548 -3.722987
107 -38.604679 -3.723206
108 -38.605562 -3.723530
109 -38.603282 -3.723372
110 -38.604757 -3.723425
111 -38.603350 -3.723605
112 -38.604821 -3.723657
113 -38.603417 -3.723836
114 -38.604894 -3.723873
115 -38.601926 -3.723998
116 -38.603482 -3.724059
117 -38.604973 -3.724087
118 -38.605153 -3.724103
119 -38.605516 -3.724135
120 -38.601993 -3.724223
121 -38.603548 -3.724286
122 -38.605024 -3.724329
123 -38.602064 -3.724463
124 -38.604843 -3.724594
125 -38.603609 -3.724499
126 -38.605155 -3.724618
127 -38.602127 -3.724675
128 -38.603674 -3.724722
129 -38.602200 -3.724922
130 -38.603742 -3.724953
131 -38.604784 -3.725004
132 -38.602269 -3.725152
133 -38.602328 -3.725353
134 -38.603890 -3.725462
135 -38.602925 -3.726090
136 -38.605174 -3.726609
137 -38.604419 -3.726918
138 -38.603231 -3.727226
139 -38.602879 -3.727332
140 -38.598318 -3.727706
141 -38.597776 -3.727905
142 -38.596796 -3.728253
143 -38.596838 -3.728567
144 -38.602366 -3.730761
145 -38.603473 -3.730938
146 -38.601351 -3.731047
147 -38.602502 -3.731195
148 -38.600612 -3.731256
149 -38.601485 -3.731502
150 -38.603187 -3.731517
151 -38.602618 -3.731661
152 -38.600752 -3.731716
153 -38.601611 -3.731917
154 -38.599565 -3.732025
155 -38.602759 -3.732099
156 -38.600852 -3.732155
157 -38.601747 -3.732373
158 -38.598204 -3.732393
159 -38.600984 -3.732603
160 -38.598322 -3.732841
161 -38.601885 -3.732902
162 -38.599795 -3.732909
163 -38.601090 -3.733015
164 -38.598449 -3.733216
165 -38.598470 -3.733282
166 -38.601217 -3.733420
167 -38.597816 -3.733387
168 -38.601240 -3.733495
169 -38.598591 -3.733706
170 -38.597040 -3.733737
171 -38.598679 -3.734124
172 -38.598032 -3.734201
173 -38.596797 -3.734282
174 -38.595900 -3.734482
175 -38.596557 -3.734795
176 -38.598175 -3.734755
177 -38.596313 -3.735342
178 -38.599854 -3.735493
179 -38.600350 -3.735552
180 -38.600794 -3.735620
181 -38.597871 -3.735590
182 -38.599651 -3.736773
183 -38.600157 -3.736860
184 -38.600839 -3.736967
185 -38.601840 -3.737066
186 -38.598054 -3.736502
187 -38.600410 -3.740783
188 -38.600675 -3.740949
189 -38.599442 -3.738001
190 -38.598333 -3.736539
191 -38.600804 -3.736236
192 -38.600465 -3.736237
193 -38.600251 -3.736231
194 -38.600440 -3.736905
195 -38.599939 -3.734892
196 -38.598458 -3.735347
197 -38.598212 -3.734746
198 -38.598391 -3.735206
199 -38.597806 -3.735391
200 -38.598261 -3.735680
201 -38.598123 -3.736506
202 -38.598371 -3.735489
203 -38.597901 -3.735677
204 -38.597280 -3.736165
205 -38.597945 -3.735811
206 -38.596603 -3.736150
207 -38.596406 -3.736195
208 -38.597472 -3.735680
209 -38.598091 -3.736131
210 -38.598207 -3.736117
211 -38.597766 -3.736239
212 -38.597680 -3.735937
213 -38.597748 -3.736305
214 -38.597338 -3.736414
215 -38.597338 -3.736509
216 -38.597595 -3.736570
217 -38.597384 -3.737071
218 -38.597213 -3.736956
219 -38.596927 -3.736877
220 -38.597001 -3.736455
221 -38.596647 -3.736540
222 -38.596863 -3.737050
223 -38.596938 -3.736851
224 -38.596777 -3.736606
225 -38.596575 -3.735895
226 -38.598545 -3.733570
227 -38.597894 -3.733711
228 -38.599575 -3.732510
229 -38.599688 -3.732937
230 -38.599800 -3.733369
231 -38.599693 -3.732477
232 -38.600038 -3.733752
233 -38.600159 -3.734187
234 -38.600575 -3.733604
235 -38.601856 -3.732784
236 -38.604124 -3.729619
237 -38.603554 -3.729787
238 -38.604346 -3.729131
239 -38.603437 -3.729362
240 -38.604625 -3.728611
241 -38.603329 -3.728967
242 -38.604745 -3.728120
243 -38.603213 -3.728548
244 -38.604619 -3.727721
245 -38.603101 -3.728140
246 -38.604520 -3.727331
247 -38.604270 -3.726313
248 -38.603057 -3.726652
249 -38.604189 -3.726058
250 -38.603001 -3.726371
251 -38.604471 -3.727156
252 -38.604766 -3.726744
253 -38.602050 -3.727324
254 -38.601849 -3.726710
255 -38.601937 -3.726980
256 -38.600891 -3.727319
257 -38.601678 -3.727063
258 -38.601594 -3.726791
259 -38.600721 -3.726717
260 -38.602574 -3.726196
261 -38.593123 -3.734035
262 -38.594196 -3.729885
263 -38.595147 -3.729449
264 -38.595537 -3.729068
265 -38.596096 -3.729471
266 -38.595840 -3.729052
267 -38.594667 -3.728811
268 -38.595478 -3.728807
269 -38.595656 -3.728751
270 -38.595298 -3.728271
271 -38.596206 -3.728342
272 -38.595888 -3.728380
273 -38.596160 -3.727928
274 -38.596101 -3.727642
275 -38.598252 -3.727468
276 -38.596223 -3.728139
277 -38.597613 -3.727408
278 -38.596583 -3.727781
279 -38.596472 -3.727535
280 -38.596744 -3.728017
281 -38.596914 -3.729002
282 -38.596245 -3.728980
283 -38.597289 -3.728890
284 -38.597049 -3.728466
285 -38.603810 -3.725187
286 -38.604672 -3.724866
287 -38.604585 -3.724692
288 -38.599920 -3.733782
289 -38.599441 -3.732066
290 -38.598373 -3.727451
291 -38.599915 -3.733337
292 -38.598975 -3.724602
293 -38.603251 -3.723268
294 -38.604511 -3.722903
295 -38.598481 -3.727826
296 -38.593600 -3.731198
297 -38.592815 -3.732980
298 -38.592272 -3.734891
299 -38.604347 -3.726586
300 -38.603142 -3.726952
301 -38.602614 -3.726356
302 -38.603765 -3.727532
303 -38.603869 -3.727928
304 -38.602736 -3.725917
305 -38.594346 -3.729545
306 -38.595352 -3.729844
307 -38.595312 -3.730038
308 -38.595705 -3.728911
309 -38.598196 -3.727269
310 -38.593889 -3.730580
311 -38.599697 -3.724398
312 -38.598420 -3.728056
313 -38.598535 -3.728021
314 -38.594926 -3.728241
315 -38.600897 -3.724039
316 -38.595377 -3.727231
317 -38.603960 -3.723166
318 -38.603925 -3.723072
319 -38.605398 -3.722744
320 -38.605377 -3.724388
321 -38.604734 -3.724951
322 -38.604886 -3.725283
323 -38.605576 -3.724142
324 -38.605437 -3.724425
325 -38.605188 -3.724674
326 -38.605474 -3.722721
327 -38.605534 -3.722925
328 -38.605633 -3.723528
329 -38.604969 -3.722764
330 -38.602572 -3.723572
331 -38.601737 -3.723812
332 -38.597425 -3.737133
333 -38.595218 -3.736102
334 -38.597691 -3.733027
335 -38.600976 -3.732573
336 -38.600016 -3.734225
337 -38.600651 -3.734036
338 -38.603717 -3.730381
339 -38.595983 -3.736645
340 -38.597146 -3.737168
341 -38.597322 -3.737249
342 -38.597649 -3.737323
343 -38.600671 -3.734029
344 -38.598766 -3.734596
345 -38.593332 -3.732075
346 -38.593236 -3.732071
347 -38.593266 -3.732006
348 -38.601494 -3.731532
349 -38.598180 -3.731928
350 -38.592196 -3.734319
351 -38.598121 -3.737344
352 -38.600619 -3.739348
353 -38.599276 -3.739160
354 -38.595187 -3.736304
355 -38.597498 -3.736760
356 -38.596433 -3.728765
357 -38.598231 -3.727396
358 -38.597653 -3.727553
359 -38.593608 -3.734197
360 -38.595931 -3.728655
361 -38.604755 -3.728155
