0 -38.500366 -3.776152
1 -38.501260 -3.775878
2 -38.502241 -3.775541
3 -38.506886 -3.779465
4 -38.506557 -3.779558
5 -38.505728 -3.779800
6 -38.505285 -3.779934
7 -38.503226 -3.780552
8 -38.501835 -3.780945
9 -38.502331 -3.776727
10 -38.505789 -3.774773
11 -38.505890 -3.775411
12 -38.506018 -3.776037
13 -38.506152 -3.776511
14 -38.506279 -3.776935
15 -38.506402 -3.777365
16 -38.506517 -3.777766
17 -38.504495 -3.775668
18 -38.504632 -3.776297
19 -38.504916 -3.777016
20 -38.505101 -3.777655
21 -38.505487 -3.778976
22 -38.505924 -3.777412
23 -38.504691 -3.777934
24 -38.504246 -3.776388
25 -38.506301 -3.778707
26 -38.506065 -3.777888
27 -38.505823 -3.777042
28 -38.507281 -3.775160
29 -38.507126 -3.775839
30 -38.500751 -3.776995
31 -38.499628 -3.777165
32 -38.499167 -3.778233
33 -38.507235 -3.776304
34 -38.507351 -3.776730
35 -38.494804 -3.783044
36 -38.496915 -3.782399
37 -38.500413 -3.781363
38 -38.501762 -3.780966
39 -38.502677 -3.784323
40 -38.502384 -3.782949
41 -38.501385 -3.779167
42 -38.500445 -3.776126
43 -38.498726 -3.788590
44 -38.496945 -3.789041
45 -38.502080 -3.784492
46 -38.501170 -3.784748
47 -38.500581 -3.784911
48 -38.499988 -3.785074
49 -38.501523 -3.782479
50 -38.497912 -3.783279
51 -38.498238 -3.784397
52 -38.498879 -3.786544
53 -38.496589 -3.781338
54 -38.497234 -3.783471
55 -38.497547 -3.784575
56 -38.498187 -3.786757
57 -38.495899 -3.781538
58 -38.496214 -3.782593
59 -38.496531 -3.783673
60 -38.496845 -3.784735
61 -38.497507 -3.786945
62 -38.494916 -3.782989
63 -38.495168 -3.784077
64 -38.495795 -3.786288
65 -38.496134 -3.787371
66 -38.496644 -3.789122
67 -38.500022 -3.782875
68 -38.500858 -3.785925
69 -38.500941 -3.777922
70 -38.497277 -3.781130
71 -38.501773 -3.785678
72 -38.501449 -3.785764
73 -38.500269 -3.786098
74 -38.499581 -3.786331
75 -38.502599 -3.778894
76 -38.502048 -3.779020
77 -38.500584 -3.779314
78 -38.499826 -3.779348
79 -38.499112 -3.779463
80 -38.498822 -3.779448
81 -38.498016 -3.780907
82 -38.498326 -3.781984
83 -38.498637 -3.783082
84 -38.498958 -3.784188
85 -38.498423 -3.779578
86 -38.498734 -3.780711
87 -38.499046 -3.781772
88 -38.499417 -3.783013
89 -38.500819 -3.788060
90 -38.499737 -3.781581
91 -38.500614 -3.782727
92 -38.494281 -3.784353
93 -38.495524 -3.782803
94 -38.495844 -3.783883
95 -38.496159 -3.784940
96 -38.496805 -3.787150
97 -38.506106 -3.786477
98 -38.507176 -3.786148
99 -38.508474 -3.785770
100 -38.504467 -3.787099
101 -38.497576 -3.782208
102 -38.500671 -3.777006
103 -38.503591 -3.787348
104 -38.501305 -3.779195
105 -38.495463 -3.785163
106 -38.505795 -3.782155
107 -38.505974 -3.782104
108 -38.505961 -3.782260
109 -38.505066 -3.782332
110 -38.506336 -3.782483
111 -38.503764 -3.782663
112 -38.506720 -3.782711
113 -38.507106 -3.782937
114 -38.507472 -3.783155
115 -38.505306 -3.783348
116 -38.507869 -3.783377
117 -38.508275 -3.783624
118 -38.505456 -3.783878
119 -38.505890 -3.784124
120 -38.508068 -3.784151
121 -38.504152 -3.784202
122 -38.506270 -3.784358
123 -38.507320 -3.784331
124 -38.506775 -3.784474
125 -38.506577 -3.784526
126 -38.505674 -3.784762
127 -38.503652 -3.785261
128 -38.507642 -3.784256
129 -38.507226 -3.784364
130 -38.508056 -3.785886
131 -38.507634 -3.786007
132 -38.507217 -3.786629
133 -38.505144 -3.777808
134 -38.507092 -3.785780
135 -38.504365 -3.785088
136 -38.505221 -3.784878
137 -38.505407 -3.783736
138 -38.505778 -3.785214
139 -38.504213 -3.782553
140 -38.506989 -3.785356
141 -38.504666 -3.786276
142 -38.505007 -3.783986
143 -38.505888 -3.785632
144 -38.504627 -3.782441
145 -38.504267 -3.784647
146 -38.504802 -3.784983
147 -38.503236 -3.786350
148 -38.502082 -3.787041
149 -38.506875 -3.784940
150 -38.502634 -3.786506
151 -38.502033 -3.786681
152 -38.505999 -3.786057
153 -38.505562 -3.784323
154 -38.504839 -3.786981
155 -38.504590 -3.784091
156 -38.495724 -3.786312
157 -38.495096 -3.784117
158 -38.500948 -3.788026
159 -38.504605 -3.787054
160 -38.508679 -3.785715
161 -38.502548 -3.780734
162 -38.498827 -3.788567
163 -38.509689 -3.784450
164 -38.508452 -3.784826
165 -38.508884 -3.784697
166 -38.508431 -3.783716
167 -38.511619 -3.785565
168 -38.511665 -3.785461
169 -38.502232 -3.787704
170 -38.503327 -3.786671
171 -38.503396 -3.786628
172 -38.497688 -3.779900
173 -38.510759 -3.785073
174 -38.501939 -3.775662
175 -38.506908 -3.782652
176 -38.510223 -3.784763
177 -38.507418 -3.781717
178 -38.508591 -3.783065
179 -38.508562 -3.780732
180 -38.507228 -3.780813
181 -38.504591 -3.780147
182 -38.508687 -3.781617
183 -38.504537 -3.782467
184 -38.503909 -3.780345
185 -38.509542 -3.781402
186 -38.511876 -3.785007
187 -38.510338 -3.784094
188 -38.508563 -3.785276
189 -38.507137 -3.782231
190 -38.505219 -3.782294
191 -38.508235 -3.781656
192 -38.505439 -3.782240
193 -38.505169 -3.782714
194 -38.509928 -3.782718
195 -38.509409 -3.781022
196 -38.503888 -3.783219
197 -38.499029 -3.778984
198 -38.500456 -3.781508
199 -38.505660 -3.778010
200 -38.506146 -3.779675
201 -38.502488 -3.783642
202 -38.505547 -3.776124
203 -38.501498 -3.784655
204 -38.501804 -3.781121
205 -38.502116 -3.782306
206 -38.503065 -3.785429
207 -38.504504 -3.785670
208 -38.505324 -3.776886
209 -38.505528 -3.777564
210 -38.505134 -3.776207
211 -38.505732 -3.776764
212 -38.502988 -3.785455
213 -38.500942 -3.782649
214 -38.501092 -3.781168
215 -38.501876 -3.781103
216 -38.502196 -3.782284
217 -38.502552 -3.783568
218 -38.503234 -3.786026
219 -38.500798 -3.782684
220 -38.501168 -3.778588
221 -38.505238 -3.778132
222 -38.504789 -3.778268
223 -38.503140 -3.783410
224 -38.509892 -3.782588
225 -38.509052 -3.782827
226 -38.508621 -3.782987
227 -38.508336 -3.783491
228 -38.504344 -3.779357
229 -38.504010 -3.782123
230 -38.504399 -3.782015
231 -38.506802 -3.774582
232 -38.506921 -3.775214
233 -38.507036 -3.775856
234 -38.506480 -3.774645
235 -38.506598 -3.775272
236 -38.506695 -3.775923
237 -38.506141 -3.774711
238 -38.506260 -3.775332
239 -38.506366 -3.775979
240 -38.505420 -3.774833
241 -38.505531 -3.775480
242 -38.505665 -3.776103
243 -38.505086 -3.774889
244 -38.505193 -3.775544
245 -38.505326 -3.776164
246 -38.504741 -3.774952
247 -38.504862 -3.775599
248 -38.504990 -3.776229
249 -38.504697 -3.776286
250 -38.506699 -3.776407
251 -38.506773 -3.776841
252 -38.506215 -3.778400
253 -38.505393 -3.778638
254 -38.506753 -3.778578
255 -38.506408 -3.779078
256 -38.505586 -3.779323
257 -38.505043 -3.779110
258 -38.500758 -3.776026
259 -38.500940 -3.776958
260 -38.494868 -3.787762
261 -38.496062 -3.787390
262 -38.510917 -3.784435
263 -38.509949 -3.782776
264 -38.509967 -3.781285
265 -38.511240 -3.784629
266 -38.510988 -3.785076
267 -38.509952 -3.783876
268 -38.509708 -3.784301
269 -38.508474 -3.783575
270 -38.508728 -3.783151
271 -38.509206 -3.783433
272 -38.509783 -3.783768
273 -38.509505 -3.782847
274 -38.509448 -3.782715
275 -38.509098 -3.781521
276 -38.509647 -3.780899
277 -38.507131 -3.780356
278 -38.507320 -3.781276
279 -38.508547 -3.780264
280 -38.508579 -3.781190
281 -38.508085 -3.782769
282 -38.507781 -3.781691
283 -38.507547 -3.782449
284 -38.507342 -3.781727
285 -38.507068 -3.781820
286 -38.505657 -3.781113
287 -38.506652 -3.781931
288 -38.506408 -3.780945
289 -38.508673 -3.783863
290 -38.510022 -3.785303
291 -38.509436 -3.785008
292 -38.509566 -3.785445
293 -38.509707 -3.785932
294 -38.508767 -3.786202
295 -38.508112 -3.786714
296 -38.507983 -3.785910
297 -38.502048 -3.782050
298 -38.500720 -3.782435
299 -38.500696 -3.782363
300 -38.499337 -3.782727
301 -38.501709 -3.782148
302 -38.501443 -3.781224
303 -38.501392 -3.782238
304 -38.501117 -3.781318
305 -38.501070 -3.782337
306 -38.500807 -3.781407
307 -38.502216 -3.782658
308 -38.501321 -3.782915
309 -38.502305 -3.782988
310 -38.501425 -3.783232
311 -38.502395 -3.783324
312 -38.501544 -3.783558
313 -38.501625 -3.783891
314 -38.502578 -3.783965
315 -38.501689 -3.784220
316 -38.501241 -3.786898
317 -38.501450 -3.787220
318 -38.497365 -3.786483
319 -38.496677 -3.786683
320 -38.497600 -3.787268
321 -38.496904 -3.787466
322 -38.505802 -3.778516
323 -38.506006 -3.779191
324 -38.501618 -3.782828
325 -38.501702 -3.783155
326 -38.501793 -3.783482
327 -38.501885 -3.783811
328 -38.501974 -3.784132
329 -38.507940 -3.783262
330 -38.510823 -3.784971
331 -38.502753 -3.784304
332 -38.501711 -3.786769
333 -38.501593 -3.786333
334 -38.496354 -3.788395
335 -38.496423 -3.788374
336 -38.496449 -3.788711
337 -38.496517 -3.788690
338 -38.496247 -3.788029
339 -38.496316 -3.788006
340 -38.496144 -3.787682
341 -38.496216 -3.787656
342 -38.495938 -3.786989
343 -38.496011 -3.786961
344 -38.495801 -3.786571
345 -38.495874 -3.786549
346 -38.495485 -3.785224
347 -38.496180 -3.785016
348 -38.496873 -3.784799
349 -38.497315 -3.784645
350 -38.508251 -3.784880
351 -38.502128 -3.782030
352 -38.502730 -3.775202
353 -38.509490 -3.786850
354 -38.509678 -3.786871
355 -38.510160 -3.786913
356 -38.510255 -3.786921
357 -38.510962 -3.786977
358 -38.508557 -3.786751
359 -38.508617 -3.786756
360 -38.495406 -3.785216
361 -38.502542 -3.780822
362 -38.505985 -3.779123
363 -38.506386 -3.779008
364 -38.505569 -3.779253
365 -38.505371 -3.778567
366 -38.505784 -3.778447
367 -38.506197 -3.778334
368 -38.505512 -3.777506
369 -38.505303 -3.776817
370 -38.505711 -3.776696
371 -38.504897 -3.776948
372 -38.505021 -3.779034
373 -38.505466 -3.778905
374 -38.497315 -3.788931
375 -38.498036 -3.788749
376 -38.499418 -3.788419
377 -38.501573 -3.787859
378 -38.506790 -3.782584
379 -38.508830 -3.786776
380 -38.504814 -3.786863
381 -38.505650 -3.786612
382 -38.505248 -3.786735
383 -38.495274 -3.781937
384 -38.494564 -3.783104
385 -38.506274 -3.782445
386 -38.506348 -3.782323
387 -38.495539 -3.785706
388 -38.495617 -3.785682
389 -38.499950 -3.778865
390 -38.499943 -3.778814
391 -38.501101 -3.786845
392 -38.506701 -3.784496
393 -38.494199 -3.784067
394 -38.494246 -3.784053
