0 -38.493261 -3.841865
1 -38.491354 -3.840573
2 -38.488875 -3.838890
3 -38.493381 -3.840226
4 -38.492991 -3.840819
5 -38.492194 -3.841994
6 -38.493238 -3.840970
7 -38.488953 -3.841425
8 -38.490113 -3.839740
9 -38.490013 -3.837106
10 -38.494277 -3.842254
11 -38.492588 -3.841426
12 -38.493292 -3.842210
13 -38.490645 -3.841681
14 -38.490960 -3.841174
15 -38.490896 -3.838540
16 -38.489244 -3.838292
17 -38.492146 -3.839385
18 -38.490508 -3.839133
19 -38.489639 -3.837697
20 -38.488023 -3.837470
21 -38.491735 -3.839978
22 -38.492526 -3.838798
23 -38.489719 -3.840323
24 -38.488402 -3.836853
25 -38.496953 -3.871894
26 -38.487609 -3.838035
27 -38.486182 -3.839717
28 -38.485958 -3.839888
29 -38.487202 -3.842426
30 -38.487120 -3.844637
31 -38.487647 -3.848365
32 -38.486147 -3.849248
33 -38.484617 -3.849299
34 -38.487708 -3.849305
35 -38.483744 -3.849326
36 -38.482785 -3.849377
37 -38.486718 -3.849371
38 -38.486199 -3.849418
39 -38.482802 -3.849596
40 -38.483764 -3.849762
41 -38.486279 -3.850145
42 -38.482883 -3.850862
43 -38.483024 -3.853609
44 -38.493343 -3.870209
45 -38.486042 -3.839812
46 -38.485085 -3.840747
47 -38.497439 -3.863947
48 -38.497163 -3.862407
49 -38.496493 -3.859600
50 -38.496085 -3.857442
51 -38.495810 -3.855906
52 -38.495659 -3.855023
53 -38.498012 -3.870091
54 -38.496372 -3.858382
55 -38.496521 -3.859125
56 -38.497611 -3.864619
57 -38.497735 -3.869048
58 -38.497702 -3.868351
59 -38.494358 -3.843803
60 -38.494371 -3.844076
61 -38.492843 -3.844685
62 -38.491034 -3.844756
63 -38.491935 -3.846910
64 -38.492669 -3.851014
65 -38.492384 -3.852485
66 -38.492452 -3.853368
67 -38.492450 -3.853872
68 -38.491817 -3.857531
69 -38.491300 -3.859459
70 -38.490105 -3.853678
71 -38.490167 -3.854178
72 -38.493897 -3.856237
73 -38.492860 -3.856676
74 -38.495042 -3.872470
75 -38.494148 -3.869080
76 -38.497607 -3.868471
77 -38.495900 -3.868770
78 -38.495869 -3.868015
79 -38.495856 -3.867261
80 -38.495551 -3.865452
81 -38.497531 -3.867698
82 -38.493873 -3.868356
83 -38.497519 -3.866948
84 -38.493723 -3.867631
85 -38.496927 -3.867071
86 -38.496557 -3.865270
87 -38.494807 -3.867441
88 -38.494460 -3.865661
89 -38.496841 -3.866638
90 -38.494743 -3.867046
91 -38.496716 -3.865957
92 -38.493590 -3.866561
93 -38.496855 -3.865226
94 -38.493462 -3.865842
95 -38.494040 -3.869268
96 -38.491286 -3.866258
97 -38.491425 -3.866976
98 -38.492419 -3.866045
99 -38.492738 -3.866709
100 -38.493656 -3.867230
101 -38.491545 -3.867655
102 -38.492547 -3.867449
103 -38.492402 -3.866777
104 -38.494337 -3.867511
105 -38.494232 -3.866928
106 -38.493792 -3.868013
107 -38.492307 -3.868343
108 -38.493928 -3.868654
109 -38.492469 -3.868995
110 -38.491134 -3.869361
111 -38.494211 -3.869246
112 -38.491285 -3.870016
113 -38.490465 -3.869538
114 -38.491842 -3.869165
115 -38.491679 -3.868337
116 -38.492811 -3.870357
117 -38.494375 -3.869921
118 -38.490779 -3.870942
119 -38.491088 -3.869126
120 -38.493683 -3.870113
121 -38.493878 -3.870839
122 -38.493432 -3.870505
123 -38.491231 -3.870993
124 -38.495731 -3.872257
125 -38.497977 -3.869955
126 -38.490849 -3.863679
127 -38.488030 -3.864202
128 -38.493540 -3.863563
129 -38.493450 -3.863202
130 -38.493191 -3.862082
131 -38.492949 -3.863296
132 -38.493073 -3.864059
133 -38.492242 -3.863424
134 -38.492521 -3.864979
135 -38.492134 -3.863054
136 -38.492200 -3.863431
137 -38.491876 -3.865319
138 -38.491026 -3.860418
139 -38.496944 -3.861442
140 -38.495086 -3.861864
141 -38.496724 -3.860548
142 -38.494820 -3.860861
143 -38.492976 -3.861170
144 -38.495319 -3.862786
145 -38.493066 -3.861510
146 -38.493668 -3.861383
147 -38.493126 -3.861775
148 -38.493817 -3.861664
149 -38.492757 -3.862141
150 -38.492574 -3.861221
151 -38.492657 -3.861206
152 -38.492521 -3.860285
153 -38.492844 -3.860684
154 -38.491594 -3.860876
155 -38.491925 -3.862264
156 -38.491848 -3.861826
157 -38.492399 -3.858434
158 -38.494623 -3.859937
159 -38.492747 -3.860259
160 -38.496298 -3.858648
161 -38.494434 -3.859007
162 -38.492572 -3.859322
163 -38.494531 -3.859466
164 -38.493683 -3.859623
165 -38.496146 -3.857761
166 -38.494257 -3.858084
167 -38.495032 -3.857949
168 -38.495112 -3.858385
169 -38.491588 -3.858563
170 -38.493618 -3.859160
171 -38.493428 -3.858233
172 -38.495970 -3.856798
173 -38.494075 -3.857149
174 -38.493654 -3.858193
175 -38.493466 -3.857258
176 -38.492996 -3.858311
177 -38.492795 -3.857362
178 -38.491940 -3.856728
179 -38.489347 -3.855969
180 -38.490414 -3.855772
181 -38.489583 -3.855258
182 -38.492066 -3.856232
183 -38.490003 -3.853047
184 -38.490137 -3.863817
185 -38.490410 -3.865275
186 -38.489442 -3.863939
187 -38.488750 -3.864066
188 -38.487363 -3.864323
189 -38.485959 -3.864568
190 -38.490540 -3.853616
191 -38.490484 -3.853014
192 -38.491033 -3.853551
193 -38.490944 -3.853001
194 -38.488777 -3.853743
195 -38.488629 -3.851658
196 -38.489792 -3.851467
197 -38.490594 -3.851333
198 -38.492103 -3.851085
199 -38.492698 -3.849625
200 -38.483293 -3.849343
201 -38.483224 -3.848732
202 -38.483314 -3.849802
203 -38.483352 -3.850306
204 -38.485640 -3.848169
205 -38.485571 -3.848194
206 -38.485003 -3.846446
207 -38.484800 -3.848300
208 -38.484849 -3.847421
209 -38.485133 -3.847871
210 -38.485684 -3.849244
211 -38.485904 -3.848116
212 -38.485579 -3.849243
213 -38.485682 -3.850181
214 -38.485820 -3.850187
215 -38.485924 -3.851121
216 -38.484679 -3.851149
217 -38.485398 -3.851140
218 -38.485490 -3.851864
219 -38.484773 -3.852181
220 -38.485397 -3.853712
221 -38.485412 -3.853146
222 -38.485062 -3.852153
223 -38.484743 -3.851990
224 -38.482947 -3.852145
225 -38.486821 -3.851263
226 -38.487742 -3.850155
227 -38.486781 -3.850294
228 -38.486292 -3.850364
229 -38.485372 -3.845245
230 -38.485715 -3.845220
231 -38.487392 -3.846168
232 -38.487584 -3.847517
233 -38.491646 -3.846509
234 -38.487624 -3.847991
235 -38.488375 -3.847804
236 -38.487677 -3.848658
237 -38.489101 -3.849537
238 -38.489630 -3.850186
239 -38.486429 -3.842076
240 -38.484389 -3.842201
241 -38.484021 -3.842167
242 -38.484220 -3.843263
243 -38.483958 -3.843024
244 -38.485371 -3.841400
245 -38.484695 -3.841148
246 -38.487134 -3.838713
247 -38.486927 -3.838968
248 -38.486540 -3.840325
249 -38.486997 -3.840031
250 -38.492570 -3.860728
251 -38.491557 -3.863543
252 -38.495675 -3.866155
253 -38.494607 -3.866349
254 -38.495795 -3.866856
255 -38.492637 -3.869667
256 -38.492020 -3.844717
257 -38.491916 -3.842430
258 -38.493897 -3.845462
259 -38.493360 -3.845455
260 -38.492827 -3.845461
261 -38.492846 -3.846201
262 -38.493002 -3.844153
263 -38.494331 -3.843315
264 -38.485146 -3.853725
265 -38.485388 -3.854067
266 -38.483390 -3.851228
267 -38.494014 -3.869143
268 -38.493210 -3.844080
269 -38.491357 -3.842752
270 -38.489734 -3.850183
271 -38.489710 -3.849544
272 -38.489772 -3.852622
273 -38.492612 -3.845478
274 -38.493630 -3.844084
275 -38.493626 -3.844142
276 -38.488809 -3.840520
277 -38.489314 -3.840899
278 -38.484727 -3.853786
279 -38.484837 -3.853020
280 -38.488130 -3.864667
281 -38.487476 -3.864715
282 -38.487411 -3.864316
283 -38.492593 -3.860726
284 -38.491840 -3.861793
285 -38.491763 -3.861345
286 -38.493557 -3.866567
287 -38.493544 -3.870817
288 -38.489794 -3.836953
289 -38.489740 -3.854846
290 -38.483802 -3.842095
291 -38.491930 -3.846837
292 -38.483485 -3.848638
293 -38.486165 -3.848876
294 -38.484825 -3.853173
295 -38.484622 -3.850198
296 -38.483784 -3.850242
297 -38.482988 -3.853778
298 -38.483833 -3.853058
299 -38.485668 -3.853716
300 -38.485654 -3.853151
301 -38.485947 -3.853720
302 -38.487899 -3.853631
303 -38.488282 -3.853637
304 -38.487885 -3.852841
305 -38.484602 -3.855013
306 -38.483708 -3.855186
307 -38.484667 -3.854783
308 -38.484684 -3.854578
309 -38.485387 -3.854515
310 -38.484691 -3.854302
311 -38.485388 -3.854344
312 -38.483635 -3.853859
313 -38.483874 -3.853870
314 -38.483828 -3.854413
315 -38.483782 -3.854791
316 -38.484647 -3.855024
317 -38.485386 -3.854754
318 -38.485980 -3.854113
319 -38.485905 -3.853140
320 -38.487622 -3.853125
321 -38.486250 -3.853125
322 -38.487903 -3.853119
323 -38.485133 -3.853174
324 -38.486294 -3.852610
325 -38.487422 -3.852477
326 -38.487997 -3.854763
327 -38.487859 -3.852434
328 -38.486781 -3.852642
329 -38.487466 -3.851825
330 -38.487820 -3.851859
331 -38.488503 -3.853695
332 -38.488419 -3.854811
333 -38.488622 -3.853721
334 -38.486805 -3.854741
335 -38.486958 -3.855522
336 -38.487044 -3.854748
337 -38.487334 -3.855583
338 -38.487464 -3.854755
339 -38.487817 -3.854760
340 -38.488330 -3.855798
341 -38.488222 -3.854784
342 -38.488747 -3.855969
343 -38.489337 -3.855191
344 -38.488884 -3.854854
345 -38.489532 -3.855314
346 -38.489669 -3.855132
347 -38.486010 -3.855006
348 -38.486086 -3.854734
349 -38.488490 -3.854821
350 -38.488776 -3.854850
351 -38.487374 -3.840033
352 -38.493206 -3.844136
353 -38.484213 -3.848378
354 -38.483459 -3.848555
355 -38.484561 -3.847846
356 -38.484080 -3.854870
357 -38.486556 -3.854168
358 -38.484907 -3.849266
359 -38.484864 -3.848291
360 -38.488559 -3.836621
361 -38.492139 -3.855792
362 -38.489842 -3.854697
363 -38.492028 -3.854412
364 -38.490876 -3.854562
365 -38.490911 -3.854840
366 -38.487491 -3.852909
367 -38.486493 -3.854328
368 -38.487565 -3.853465
369 -38.487513 -3.853774
370 -38.486834 -3.853562
371 -38.487495 -3.853950
372 -38.486524 -3.853836
