0 -38.523287 -3.738684
1 -38.522395 -3.739208
2 -38.522598 -3.739856
3 -38.520502 -3.753505
4 -38.521317 -3.749378
5 -38.509405 -3.743286
6 -38.512383 -3.752554
7 -38.520806 -3.751921
8 -38.521050 -3.750646
9 -38.522151 -3.745357
10 -38.521199 -3.745214
11 -38.519509 -3.750385
12 -38.521675 -3.747632
13 -38.521689 -3.747532
14 -38.519447 -3.747895
15 -38.518063 -3.748168
16 -38.516871 -3.748544
17 -38.515951 -3.748753
18 -38.514851 -3.749129
19 -38.513778 -3.749467
20 -38.512645 -3.749833
21 -38.519444 -3.747804
22 -38.518951 -3.747883
23 -38.518068 -3.748096
24 -38.517022 -3.748419
25 -38.511566 -3.742619
26 -38.513191 -3.740290
27 -38.513727 -3.741939
28 -38.513539 -3.752685
29 -38.510449 -3.742962
30 -38.516397 -3.742690
31 -38.515352 -3.743103
32 -38.514221 -3.743450
33 -38.512062 -3.744144
34 -38.510930 -3.744507
35 -38.509902 -3.744836
36 -38.514708 -3.740942
37 -38.514894 -3.741588
38 -38.515893 -3.744863
39 -38.516175 -3.745728
40 -38.519383 -3.746470
41 -38.519334 -3.745431
42 -38.519284 -3.744358
43 -38.519039 -3.743616
44 -38.518682 -3.742586
45 -38.518347 -3.741558
46 -38.518063 -3.740601
47 -38.517877 -3.739958
48 -38.515054 -3.749786
49 -38.513123 -3.743802
50 -38.512637 -3.742281
51 -38.512114 -3.740624
52 -38.522178 -3.740283
53 -38.521355 -3.739545
54 -38.520694 -3.737927
55 -38.511373 -3.742002
56 -38.512431 -3.741666
57 -38.513528 -3.741322
58 -38.515756 -3.740611
59 -38.521103 -3.738940
60 -38.522179 -3.738647
61 -38.517009 -3.740924
62 -38.518719 -3.746565
63 -38.518423 -3.745522
64 -38.518129 -3.744451
65 -38.517259 -3.741765
66 -38.516810 -3.740287
67 -38.511770 -3.747127
68 -38.520495 -3.747493
69 -38.520482 -3.745287
70 -38.520432 -3.744355
71 -38.520283 -3.743396
72 -38.520113 -3.742326
73 -38.519928 -3.741264
74 -38.519756 -3.740057
75 -38.516166 -3.741963
76 -38.515086 -3.742167
77 -38.513875 -3.742383
78 -38.521316 -3.744395
79 -38.517009 -3.744678
80 -38.514747 -3.745064
81 -38.513584 -3.745268
82 -38.511268 -3.745496
83 -38.510136 -3.745561
84 -38.513993 -3.751734
85 -38.512054 -3.751567
86 -38.520039 -3.739270
87 -38.520324 -3.739871
88 -38.520766 -3.743349
89 -38.521524 -3.740912
90 -38.517301 -3.745597
91 -38.514979 -3.745853
92 -38.513820 -3.745996
93 -38.512694 -3.746122
94 -38.511491 -3.746243
95 -38.510408 -3.746405
96 -38.513814 -3.752725
97 -38.516646 -3.749785
98 -38.516228 -3.751970
99 -38.516031 -3.752982
100 -38.517733 -3.749899
101 -38.517140 -3.753111
102 -38.519183 -3.740239
103 -38.518957 -3.739614
104 -38.518603 -3.738586
105 -38.514955 -3.752857
106 -38.513212 -3.751658
107 -38.510750 -3.747467
108 -38.515949 -3.741255
109 -38.512473 -3.745401
110 -38.516359 -3.746380
111 -38.515207 -3.746540
112 -38.514107 -3.746853
113 -38.513040 -3.747180
114 -38.515629 -3.747800
115 -38.520094 -3.750303
116 -38.520132 -3.750043
117 -38.513957 -3.750002
118 -38.515541 -3.749704
119 -38.519494 -3.750019
120 -38.521155 -3.750126
121 -38.517741 -3.747131
122 -38.516701 -3.747451
123 -38.514523 -3.748155
124 -38.513462 -3.748480
125 -38.520486 -3.747578
126 -38.512191 -3.748483
127 -38.513341 -3.748100
128 -38.515677 -3.748878
129 -38.521866 -3.746684
130 -38.519364 -3.741366
131 -38.521589 -3.742616
132 -38.520846 -3.741077
133 -38.515129 -3.751871
134 -38.517297 -3.752328
135 -38.517346 -3.752084
136 -38.513852 -3.741208
137 -38.517619 -3.746664
138 -38.520504 -3.746358
139 -38.517943 -3.743861
140 -38.520270 -3.743307
141 -38.517599 -3.742798
142 -38.516498 -3.743006
143 -38.521868 -3.739383
144 -38.522165 -3.740949
145 -38.523071 -3.741021
146 -38.522334 -3.744537
147 -38.521051 -3.746015
148 -38.522047 -3.745872
149 -38.521105 -3.745691
150 -38.521472 -3.743414
151 -38.520889 -3.742083
152 -38.520227 -3.743031
153 -38.519504 -3.742435
154 -38.519685 -3.743481
155 -38.519798 -3.744352
156 -38.519877 -3.745363
157 -38.517985 -3.742724
158 -38.516700 -3.743672
159 -38.517972 -3.743964
160 -38.516874 -3.744231
161 -38.516562 -3.743214
162 -38.515821 -3.743512
163 -38.515676 -3.744143
164 -38.515214 -3.744982
165 -38.514953 -3.744017
166 -38.513559 -3.748787
167 -38.511396 -3.749497
168 -38.513123 -3.747429
169 -38.511981 -3.747798
170 -38.510965 -3.748155
171 -38.512848 -3.750515
172 -38.514171 -3.750637
173 -38.515334 -3.750747
174 -38.516424 -3.750853
175 -38.517534 -3.750952
176 -38.523286 -3.738478
177 -38.519890 -3.738922
178 -38.519385 -3.739102
179 -38.518474 -3.739975
180 -38.518599 -3.740427
181 -38.518844 -3.741458
182 -38.514612 -3.740610
183 -38.515106 -3.740464
184 -38.512250 -3.741155
185 -38.512963 -3.740920
186 -38.512442 -3.740525
187 -38.512938 -3.743253
188 -38.511886 -3.743584
189 -38.513339 -3.744494
190 -38.512290 -3.744831
191 -38.513754 -3.743605
192 -38.514530 -3.744408
193 -38.513380 -3.744619
194 -38.514527 -3.742268
195 -38.514827 -3.743259
196 -38.520950 -3.744353
197 -38.520353 -3.743775
198 -38.520879 -3.743734
199 -38.518244 -3.745548
200 -38.517758 -3.745854
201 -38.517914 -3.746636
202 -38.517453 -3.746087
203 -38.516805 -3.746267
204 -38.517561 -3.746443
205 -38.516891 -3.746602
206 -38.517376 -3.745838
207 -38.516748 -3.745999
208 -38.517226 -3.747285
209 -38.517544 -3.748261
210 -38.519466 -3.748202
211 -38.520417 -3.748253
212 -38.521510 -3.748416
213 -38.517798 -3.743436
214 -38.512418 -3.749157
215 -38.518886 -3.747497
216 -38.517944 -3.747741
217 -38.515432 -3.747227
218 -38.515788 -3.747171
219 -38.519431 -3.747394
220 -38.516174 -3.747624
221 -38.516475 -3.748587
222 -38.515071 -3.752258
223 -38.516150 -3.752379
224 -38.515382 -3.748947
225 -38.515082 -3.747982
226 -38.514841 -3.746631
227 -38.516100 -3.749732
228 -38.516223 -3.748746
229 -38.516189 -3.752199
230 -38.510251 -3.742352
231 -38.510198 -3.742184
232 -38.517828 -3.749443
233 -38.518266 -3.749504
234 -38.519488 -3.749588
235 -38.516850 -3.748470
236 -38.517044 -3.748492
237 -38.518563 -3.747941
238 -38.518577 -3.748032
239 -38.521713 -3.738965
240 -38.511178 -3.748807
241 -38.511617 -3.750182
242 -38.513730 -3.740119
243 -38.513638 -3.741648
244 -38.517739 -3.745574
245 -38.519469 -3.742233
246 -38.516510 -3.750448
247 -38.515883 -3.750358
248 -38.515976 -3.748822
249 -38.514692 -3.750686
250 -38.514696 -3.750280
251 -38.516558 -3.750197
252 -38.516041 -3.750135
253 -38.516723 -3.743746
254 -38.520960 -3.744289
255 -38.519638 -3.738257
256 -38.519350 -3.745758
257 -38.518960 -3.745792
258 -38.518271 -3.749697
259 -38.518275 -3.747655
260 -38.518205 -3.747168
261 -38.519417 -3.747129
262 -38.520004 -3.747081
263 -38.518782 -3.746954
264 -38.518347 -3.747006
265 -38.522665 -3.738849
266 -38.522297 -3.738954
