0 -38.587013 -3.819681
1 -38.584708 -3.822604
2 -38.584535 -3.822826
3 -38.586052 -3.823652
4 -38.585589 -3.823650
5 -38.583586 -3.824028
6 -38.585475 -3.824352
7 -38.584914 -3.825070
8 -38.588600 -3.825715
9 -38.586199 -3.826099
10 -38.580649 -3.826616
11 -38.579775 -3.826936
12 -38.588009 -3.827402
13 -38.591741 -3.827899
14 -38.587249 -3.827946
15 -38.584974 -3.828201
16 -38.591173 -3.828307
17 -38.586504 -3.828520
18 -38.592188 -3.828531
19 -38.582816 -3.828199
20 -38.591907 -3.828734
21 -38.587643 -3.828763
22 -38.590586 -3.828749
23 -38.582260 -3.828660
24 -38.591626 -3.828925
25 -38.591315 -3.829148
26 -38.584779 -3.829161
27 -38.581534 -3.829219
28 -38.583604 -3.829223
29 -38.581693 -3.829102
30 -38.589785 -3.829368
31 -38.586905 -3.829321
32 -38.591023 -3.829361
33 -38.592413 -3.829432
34 -38.589487 -3.829587
35 -38.585035 -3.829622
36 -38.583998 -3.829765
37 -38.580695 -3.829843
38 -38.589128 -3.829850
39 -38.591843 -3.829835
40 -38.586171 -3.829880
41 -38.591529 -3.830067
42 -38.588481 -3.830325
43 -38.590087 -3.830151
44 -38.583414 -3.830191
45 -38.588614 -3.830231
46 -38.588301 -3.830453
47 -38.585454 -3.830415
48 -38.589389 -3.830545
49 -38.588003 -3.830671
50 -38.586549 -3.830678
51 -38.589046 -3.830825
52 -38.590377 -3.830895
53 -38.587568 -3.830997
54 -38.584731 -3.830946
55 -38.586725 -3.830947
56 -38.590436 -3.831016
57 -38.588784 -3.831027
58 -38.588744 -3.831054
59 -38.585791 -3.831182
60 -38.587035 -3.831395
61 -38.588325 -3.831347
62 -38.589703 -3.831373
63 -38.589537 -3.831495
64 -38.586847 -3.831532
65 -38.588017 -3.831599
66 -38.589259 -3.831722
67 -38.591911 -3.832000
68 -38.585232 -3.831992
69 -38.588814 -3.832030
70 -38.588488 -3.832259
71 -38.585748 -3.832322
72 -38.591443 -3.832365
73 -38.593029 -3.832535
74 -38.590941 -3.832723
75 -38.590862 -3.832780
76 -38.587770 -3.832793
77 -38.592556 -3.832874
78 -38.590440 -3.833088
79 -38.584667 -3.833109
80 -38.592073 -3.833223
81 -38.585875 -3.833319
82 -38.586674 -3.833589
83 -38.589905 -3.833481
84 -38.591544 -3.833603
85 -38.586770 -3.833683
86 -38.585167 -3.833816
87 -38.589402 -3.833869
88 -38.591036 -3.833969
89 -38.588891 -3.834222
90 -38.584448 -3.834346
91 -38.590526 -3.834359
92 -38.585585 -3.834405
93 -38.593665 -3.834463
94 -38.588356 -3.834599
95 -38.590025 -3.834752
96 -38.593149 -3.834818
97 -38.584882 -3.834930
98 -38.587816 -3.834999
99 -38.589516 -3.835118
100 -38.592624 -3.835188
101 -38.587341 -3.835375
102 -38.588968 -3.835515
103 -38.592087 -3.835536
104 -38.586870 -3.835732
105 -38.591569 -3.835879
106 -38.588466 -3.835898
107 -38.586400 -3.836084
108 -38.591011 -3.836265
109 -38.587959 -3.836277
110 -38.590487 -3.836628
111 -38.587435 -3.836639
112 -38.586991 -3.836931
113 -38.589589 -3.837520
114 -38.593100 -3.832490
115 -38.593666 -3.832084
116 -38.591291 -3.831148
117 -38.591726 -3.832145
118 -38.591464 -3.831801
119 -38.590770 -3.831470
120 -38.586900 -3.837042
121 -38.587448 -3.837542
122 -38.587147 -3.837751
123 -38.583212 -3.837568
124 -38.583143 -3.837365
125 -38.592687 -3.829240
126 -38.587061 -3.833478
127 -38.587469 -3.833611
128 -38.582725 -3.836132
129 -38.584199 -3.835551
130 -38.592283 -3.829524
131 -38.591785 -3.828818
132 -38.591860 -3.828767
133 -38.591414 -3.828140
134 -38.592062 -3.829683
135 -38.591544 -3.828985
136 -38.591290 -3.829167
137 -38.590859 -3.828532
138 -38.589796 -3.830293
139 -38.590038 -3.831151
140 -38.590101 -3.831261
141 -38.588498 -3.831221
142 -38.588549 -3.831187
143 -38.589111 -3.831830
144 -38.588280 -3.831375
145 -38.587851 -3.830789
146 -38.587077 -3.833297
147 -38.586152 -3.832027
148 -38.588342 -3.832050
149 -38.586909 -3.833088
150 -38.588221 -3.831883
151 -38.586790 -3.832922
152 -38.587277 -3.832123
153 -38.587360 -3.832240
154 -38.586649 -3.832733
155 -38.586571 -3.832617
156 -38.587870 -3.831409
157 -38.586442 -3.832444
158 -38.587744 -3.831243
159 -38.586329 -3.832281
160 -38.586288 -3.833886
161 -38.585364 -3.832600
162 -38.585541 -3.832846
163 -38.584110 -3.833881
164 -38.585649 -3.832993
165 -38.584220 -3.834048
166 -38.585785 -3.833189
167 -38.584356 -3.834224
168 -38.586002 -3.833493
169 -38.584577 -3.834527
170 -38.586120 -3.833659
171 -38.584703 -3.834692
172 -38.583595 -3.833176
173 -38.583937 -3.833637
174 -38.585568 -3.832455
175 -38.582038 -3.831809
176 -38.583967 -3.831504
177 -38.584334 -3.832261
178 -38.584499 -3.832523
179 -38.584595 -3.832076
180 -38.587983 -3.829610
181 -38.590190 -3.827984
182 -38.589459 -3.828536
183 -38.589084 -3.827690
184 -38.589588 -3.828873
185 -38.589168 -3.829132
186 -38.591682 -3.826887
187 -38.590517 -3.828800
188 -38.589452 -3.826337
189 -38.590897 -3.827461
190 -38.590196 -3.825796
191 -38.591975 -3.827730
192 -38.590798 -3.825407
193 -38.590221 -3.825839
194 -38.589911 -3.825246
195 -38.588289 -3.826116
196 -38.588695 -3.829077
197 -38.587953 -3.827433
198 -38.585653 -3.826811
199 -38.586668 -3.827695
200 -38.586892 -3.828202
201 -38.586602 -3.827744
202 -38.585233 -3.827364
203 -38.586185 -3.828080
204 -38.585851 -3.827702
205 -38.586051 -3.828225
206 -38.585772 -3.829074
207 -38.585477 -3.828659
208 -38.583223 -3.828735
209 -38.582848 -3.830629
210 -38.581297 -3.831720
211 -38.581110 -3.831128
212 -38.582144 -3.830362
213 -38.580913 -3.830500
214 -38.581768 -3.829856
215 -38.583610 -3.827601
216 -38.580228 -3.828375
217 -38.582835 -3.827477
218 -38.583026 -3.828038
219 -38.582203 -3.825533
220 -38.583423 -3.827207
221 -38.582818 -3.827424
222 -38.581790 -3.829018
223 -38.581313 -3.828621
224 -38.581704 -3.828765
225 -38.581398 -3.828865
226 -38.581682 -3.826892
227 -38.580815 -3.827170
228 -38.589187 -3.824980
229 -38.589562 -3.825277
230 -38.587190 -3.822166
231 -38.588722 -3.822949
232 -38.586597 -3.822924
233 -38.588810 -3.823934
234 -38.588269 -3.823535
235 -38.588319 -3.823470
236 -38.587754 -3.823007
237 -38.588094 -3.822921
238 -38.587918 -3.823141
239 -38.588254 -3.823054
240 -38.588513 -3.822677
241 -38.584813 -3.823825
242 -38.584260 -3.824552
243 -38.588046 -3.821236
244 -38.587719 -3.821527
245 -38.588588 -3.822033
246 -38.587248 -3.820022
247 -38.586707 -3.820674
248 -38.587308 -3.821163
249 -38.585300 -3.821867
250 -38.584910 -3.822361
251 -38.585963 -3.823185
252 -38.582789 -3.824974
253 -38.585878 -3.821133
254 -38.589607 -3.823512
255 -38.588498 -3.823256
256 -38.587898 -3.823978
257 -38.587336 -3.824679
258 -38.586765 -3.825387
259 -38.590535 -3.826601
260 -38.589824 -3.827140
261 -38.581959 -3.827775
262 -38.581116 -3.828063
263 -38.588387 -3.828215
264 -38.588722 -3.826851
265 -38.587018 -3.831766
266 -38.587137 -3.831933
267 -38.587492 -3.832418
268 -38.587614 -3.832578
269 -38.584837 -3.833351
270 -38.584948 -3.833522
271 -38.585078 -3.833692
272 -38.585303 -3.834002
273 -38.585425 -3.834172
274 -38.590743 -3.830793
275 -38.590667 -3.830685
276 -38.591600 -3.830172
277 -38.584144 -3.835463
278 -38.582678 -3.835989
279 -38.584955 -3.835020
280 -38.584346 -3.830156
281 -38.583304 -3.830277
282 -38.583619 -3.830688
283 -38.581328 -3.831824
284 -38.589617 -3.831587
285 -38.588578 -3.832384
286 -38.591636 -3.827398
287 -38.591909 -3.827778
288 -38.591221 -3.827747
289 -38.591465 -3.828105
290 -38.590791 -3.828052
291 -38.591037 -3.828409
292 -38.592957 -3.832330
293 -38.593538 -3.833290
294 -38.593618 -3.833230
295 -38.590105 -3.831087
296 -38.585778 -3.834419
297 -38.587029 -3.834011
298 -38.586008 -3.836406
299 -38.586534 -3.837149
300 -38.591969 -3.829913
301 -38.591893 -3.829801
302 -38.584033 -3.829737
303 -38.583837 -3.830531
304 -38.583368 -3.833333
305 -38.584058 -3.831003
306 -38.584146 -3.837211
