0 -38.570462 -3.770254
1 -38.569823 -3.767546
2 -38.570393 -3.770079
3 -38.571827 -3.768169
4 -38.571069 -3.764316
5 -38.569728 -3.767406
6 -38.576500 -3.759200
7 -38.570776 -3.761965
8 -38.571762 -3.763963
9 -38.570307 -3.765288
10 -38.571882 -3.766965
11 -38.569175 -3.766649
12 -38.569482 -3.766569
13 -38.572166 -3.765845
14 -38.568056 -3.765909
15 -38.571569 -3.763443
16 -38.570544 -3.766279
17 -38.572159 -3.768041
18 -38.571635 -3.765981
19 -38.569225 -3.765598
20 -38.569579 -3.765496
21 -38.568651 -3.765756
22 -38.570181 -3.764770
23 -38.570814 -3.767275
24 -38.571393 -3.764999
25 -38.578189 -3.764280
26 -38.575713 -3.759607
27 -38.571596 -3.761526
28 -38.577663 -3.763310
29 -38.575305 -3.760794
30 -38.576523 -3.765275
31 -38.578104 -3.766029
32 -38.580274 -3.772528
33 -38.579090 -3.770218
34 -38.579121 -3.770269
35 -38.575964 -3.764217
36 -38.577634 -3.767409
37 -38.576495 -3.765215
38 -38.574400 -3.761269
39 -38.577389 -3.764702
40 -38.577423 -3.764763
41 -38.574912 -3.760030
42 -38.576113 -3.760370
43 -38.576871 -3.763734
44 -38.578052 -3.768211
45 -38.577263 -3.768631
46 -38.576346 -3.768890
47 -38.576437 -3.769070
48 -38.578567 -3.769202
49 -38.575308 -3.769532
50 -38.577764 -3.769632
51 -38.574702 -3.769884
52 -38.576948 -3.770065
53 -38.576026 -3.770567
54 -38.578289 -3.770630
55 -38.578315 -3.770691
56 -38.575302 -3.770980
57 -38.577462 -3.771045
58 -38.577489 -3.771106
59 -38.579622 -3.771264
60 -38.574466 -3.771403
61 -38.576647 -3.771478
62 -38.578821 -3.771680
63 -38.573690 -3.771836
64 -38.575816 -3.771929
65 -38.575856 -3.772002
66 -38.578008 -3.772103
67 -38.575019 -3.772378
68 -38.575054 -3.772447
69 -38.577163 -3.772512
70 -38.574223 -3.772808
71 -38.574261 -3.772872
72 -38.576347 -3.772902
73 -38.579458 -3.772956
74 -38.575539 -3.773342
75 -38.578658 -3.773365
76 -38.580749 -3.773445
77 -38.575140 -3.773578
78 -38.577857 -3.773806
79 -38.579928 -3.773855
80 -38.577571 -3.773932
81 -38.576608 -3.774055
82 -38.575201 -3.774210
83 -38.579126 -3.774274
84 -38.578305 -3.774680
85 -38.576675 -3.774848
86 -38.575251 -3.775012
87 -38.578747 -3.758962
88 -38.578514 -3.759090
89 -38.578720 -3.759491
90 -38.577721 -3.759514
91 -38.576895 -3.759953
92 -38.578214 -3.760471
93 -38.577428 -3.760912
94 -38.578673 -3.761363
95 -38.576616 -3.761345
96 -38.578625 -3.761539
97 -38.575823 -3.761772
98 -38.577948 -3.761897
99 -38.575019 -3.762196
100 -38.577132 -3.762324
101 -38.576330 -3.762753
102 -38.575547 -3.763191
103 -38.574500 -3.761215
104 -38.576059 -3.764169
105 -38.576681 -3.768673
106 -38.574921 -3.768751
107 -38.570510 -3.763343
108 -38.569703 -3.763776
109 -38.571311 -3.762918
110 -38.568900 -3.764199
111 -38.567420 -3.764984
112 -38.568076 -3.764661
113 -38.575437 -3.763229
114 -38.572063 -3.767694
115 -38.572995 -3.767476
116 -38.577455 -3.767520
117 -38.573565 -3.768233
118 -38.574687 -3.768162
119 -38.575268 -3.769553
120 -38.574591 -3.767913
121 -38.577092 -3.772527
122 -38.576650 -3.771555
123 -38.580395 -3.774772
124 -38.581208 -3.774354
125 -38.579587 -3.775201
126 -38.578784 -3.775614
127 -38.577311 -3.767514
128 -38.574937 -3.768244
129 -38.575562 -3.768068
130 -38.576830 -3.767669
131 -38.576208 -3.767860
132 -38.577135 -3.766212
133 -38.577033 -3.766265
134 -38.576217 -3.766695
135 -38.575434 -3.767108
136 -38.575112 -3.767274
137 -38.578205 -3.765627
138 -38.577923 -3.765762
139 -38.575735 -3.767699
140 -38.576766 -3.767415
141 -38.575480 -3.767800
142 -38.574928 -3.766115
143 -38.576602 -3.767429
144 -38.576093 -3.767566
145 -38.576583 -3.765136
146 -38.576620 -3.765196
147 -38.578215 -3.764338
148 -38.576096 -3.759412
149 -38.577329 -3.758767
150 -38.578114 -3.758334
151 -38.573300 -3.763923
152 -38.574568 -3.766238
153 -38.575399 -3.763162
154 -38.574475 -3.766286
155 -38.573173 -3.763870
156 -38.573209 -3.763949
157 -38.577916 -3.774721
158 -38.577285 -3.774784
159 -38.570105 -3.768456
160 -38.570502 -3.770119
161 -38.568293 -3.765073
162 -38.567678 -3.765405
163 -38.572172 -3.768108
164 -38.572961 -3.767911
165 -38.573106 -3.767987
166 -38.575163 -3.772302
167 -38.575200 -3.772368
168 -38.577740 -3.767608
169 -38.574996 -3.762397
170 -38.575098 -3.762345
171 -38.574917 -3.762246
172 -38.574909 -3.761991
173 -38.574811 -3.762039
174 -38.574120 -3.765411
175 -38.571585 -3.768144
176 -38.578705 -3.759820
177 -38.573193 -3.763938
178 -38.573253 -3.763824
179 -38.573274 -3.763826
180 -38.573172 -3.763879
181 -38.573305 -3.763912
182 -38.576533 -3.769253
183 -38.575891 -3.769722
184 -38.573693 -3.770539
185 -38.574337 -3.767910
186 -38.574334 -3.767835
187 -38.573613 -3.767088
188 -38.576145 -3.771753
189 -38.576179 -3.771821
190 -38.571785 -3.769853
191 -38.577518 -3.769115
192 -38.570544 -3.770379
193 -38.579607 -3.774021
194 -38.577684 -3.767501
195 -38.570490 -3.769947
196 -38.569011 -3.766705
197 -38.569151 -3.766811
198 -38.577565 -3.767646
199 -38.574135 -3.760764
200 -38.574505 -3.766344
201 -38.570536 -3.770047
202 -38.571792 -3.761423
203 -38.571892 -3.761395
204 -38.571972 -3.761352
205 -38.570802 -3.762021
206 -38.573645 -3.767124
207 -38.572582 -3.768026
208 -38.572097 -3.768056
209 -38.576721 -3.775185
210 -38.579313 -3.774173
211 -38.574037 -3.765457
212 -38.578115 -3.769080
213 -38.577051 -3.768277
214 -38.576863 -3.767918
215 -38.573101 -3.769595
