0 -38.512827 -3.773773
1 -38.513479 -3.777025
2 -38.513717 -3.777554
3 -38.513394 -3.777117
4 -38.514075 -3.780256
5 -38.514312 -3.779606
6 -38.510880 -3.770693
7 -38.511574 -3.771712
8 -38.512573 -3.772795
9 -38.512391 -3.770965
10 -38.513768 -3.771242
11 -38.514855 -3.771459
12 -38.515988 -3.771672
13 -38.516137 -3.770825
14 -38.513291 -3.771146
15 -38.513246 -3.771426
16 -38.513143 -3.771987
17 -38.512555 -3.769792
18 -38.513884 -3.780745
19 -38.512366 -3.780027
20 -38.514871 -3.777393
21 -38.515226 -3.776010
22 -38.513804 -3.775639
23 -38.513089 -3.775444
24 -38.515414 -3.775319
25 -38.513988 -3.774945
26 -38.513102 -3.774706
27 -38.512164 -3.780442
28 -38.512697 -3.773637
29 -38.512853 -3.782927
30 -38.512476 -3.782450
31 -38.512199 -3.781457
32 -38.512191 -3.780937
33 -38.512310 -3.777710
34 -38.512274 -3.777261
35 -38.512197 -3.776821
36 -38.512153 -3.776369
37 -38.512106 -3.775905
38 -38.512072 -3.775445
39 -38.513002 -3.781335
40 -38.513497 -3.781567
41 -38.512964 -3.775387
42 -38.515054 -3.776696
43 -38.513625 -3.776336
44 -38.513204 -3.776237
45 -38.513166 -3.777212
46 -38.513238 -3.776758
47 -38.513102 -3.776299
48 -38.513033 -3.775850
49 -38.512508 -3.770079
50 -38.515018 -3.770596
51 -38.514709 -3.772287
52 -38.514561 -3.773187
53 -38.514231 -3.774026
54 -38.513623 -3.772068
55 -38.516208 -3.772588
56 -38.515957 -3.773465
57 -38.513457 -3.772967
58 -38.515693 -3.774358
59 -38.513283 -3.773837
60 -38.514064 -3.769485
61 -38.513917 -3.770371
62 -38.512968 -3.774672
63 -38.516681 -3.770941
64 -38.514392 -3.774061
65 -38.516446 -3.771767
66 -38.510564 -3.769837
67 -38.513799 -3.780950
68 -38.513070 -3.777689
69 -38.512095 -3.769798
70 -38.512014 -3.769485
71 -38.511022 -3.771042
72 -38.512279 -3.778149
73 -38.512868 -3.778165
74 -38.512802 -3.778848
75 -38.513155 -3.776765
76 -38.512804 -3.779083
77 -38.512591 -3.779534
78 -38.513389 -3.780514
79 -38.513417 -3.781527
80 -38.512918 -3.780787
81 -38.512732 -3.781204
82 -38.513617 -3.781117
83 -38.512810 -3.781742
84 -38.512712 -3.781950
85 -38.512220 -3.781739
86 -38.512892 -3.781568
87 -38.514912 -3.774182
88 -38.514658 -3.775119
89 -38.513693 -3.773922
90 -38.513460 -3.774804
91 -38.514783 -3.777752
92 -38.515628 -3.775081
93 -38.513804 -3.780708
94 -38.515648 -3.774514
95 -38.515226 -3.776481
96 -38.514980 -3.776980
97 -38.512182 -3.780445
98 -38.512018 -3.774991
99 -38.511972 -3.774561
100 -38.512833 -3.774517
101 -38.512897 -3.774938
102 -38.512767 -3.774081
103 -38.511819 -3.774125
104 -38.514550 -3.778693
105 -38.513187 -3.780067
106 -38.513041 -3.780357
107 -38.512785 -3.782860
