0 -38.536945 -3.823637
1 -38.535303 -3.821537
2 -38.529856 -3.813719
3 -38.536890 -3.823348
4 -38.518769 -3.810345
5 -38.517821 -3.810582
6 -38.538087 -3.797858
7 -38.537556 -3.797990
8 -38.536973 -3.798126
9 -38.541081 -3.798135
10 -38.541214 -3.798309
11 -38.539975 -3.798591
12 -38.539415 -3.798730
13 -38.538901 -3.798851
14 -38.538363 -3.798987
15 -38.537795 -3.799118
16 -38.539594 -3.799251
17 -38.537253 -3.799240
18 -38.540164 -3.799484
19 -38.539692 -3.799595
20 -38.539142 -3.799720
21 -38.538570 -3.799863
22 -38.538008 -3.799995
23 -38.537444 -3.800107
24 -38.537111 -3.800155
25 -38.536522 -3.800178
26 -38.535900 -3.800197
27 -38.535309 -3.800217
28 -38.534716 -3.800243
29 -38.532890 -3.800320
30 -38.530678 -3.800397
31 -38.534760 -3.800821
32 -38.534173 -3.800849
33 -38.533535 -3.800869
34 -38.532887 -3.800900
35 -38.532233 -3.800932
36 -38.530692 -3.800987
37 -38.534208 -3.801742
38 -38.533564 -3.801767
39 -38.532916 -3.801806
40 -38.532275 -3.801826
41 -38.540762 -3.801832
42 -38.540186 -3.801842
43 -38.539602 -3.801842
44 -38.539027 -3.801851
45 -38.538483 -3.801858
46 -38.537844 -3.801842
47 -38.543977 -3.801917
48 -38.534826 -3.802180
49 -38.535374 -3.802194
50 -38.536174 -3.802238
51 -38.536997 -3.802276
52 -38.537587 -3.802275
53 -38.537943 -3.802287
54 -38.534235 -3.802334
55 -38.532290 -3.802405
56 -38.536186 -3.802570
57 -38.534814 -3.802597
58 -38.534257 -3.802612
59 -38.534830 -3.803179
60 -38.544132 -3.803239
61 -38.539740 -3.804790
62 -38.538492 -3.805227
63 -38.540522 -3.807049
64 -38.540739 -3.807701
65 -38.544998 -3.807720
66 -38.544412 -3.807792
67 -38.544114 -3.807835
68 -38.542723 -3.807813
69 -38.543833 -3.807879
70 -38.543228 -3.807977
71 -38.542904 -3.808028
72 -38.542770 -3.808048
73 -38.545023 -3.808534
74 -38.544447 -3.808593
75 -38.544151 -3.808643
76 -38.543578 -3.808708
77 -38.543296 -3.808748
78 -38.543039 -3.808777
79 -38.542521 -3.808884
80 -38.526543 -3.809191
81 -38.545047 -3.809235
82 -38.544482 -3.809287
83 -38.544175 -3.809330
84 -38.543581 -3.809401
85 -38.543704 -3.809958
86 -38.543272 -3.810043
87 -38.543760 -3.810074
88 -38.543681 -3.810495
89 -38.544620 -3.810686
90 -38.543591 -3.810871
91 -38.517064 -3.811080
92 -38.518975 -3.811261
93 -38.516267 -3.811288
94 -38.518099 -3.811486
95 -38.517240 -3.811717
96 -38.520125 -3.812059
97 -38.519267 -3.812342
98 -38.517041 -3.812600
99 -38.519427 -3.813025
100 -38.516798 -3.813091
101 -38.518564 -3.813273
102 -38.517711 -3.813520
103 -38.517373 -3.813678
104 -38.517074 -3.813779
105 -38.519931 -3.814789
106 -38.519082 -3.815047
107 -38.520787 -3.815475
108 -38.520993 -3.816399
109 -38.521044 -3.818027
110 -38.521051 -3.819235
111 -38.525154 -3.808785
112 -38.524607 -3.809198
113 -38.524027 -3.809603
114 -38.523414 -3.810030
115 -38.522565 -3.810267
116 -38.526301 -3.810337
117 -38.521665 -3.810529
118 -38.520808 -3.810762
119 -38.525156 -3.811178
120 -38.523908 -3.811781
121 -38.527436 -3.811870
122 -38.523041 -3.812022
123 -38.528579 -3.812267
124 -38.522159 -3.812270
125 -38.526880 -3.812307
126 -38.521287 -3.812510
127 -38.527997 -3.812665
128 -38.520395 -3.812752
129 -38.526269 -3.812744
130 -38.527420 -3.813096
131 -38.525392 -3.813251
132 -38.527642 -3.813397
133 -38.526861 -3.813524
134 -38.524396 -3.813532
135 -38.527349 -3.813624
136 -38.527075 -3.813821
137 -38.523520 -3.813791
138 -38.522616 -3.814041
139 -38.529158 -3.814231
140 -38.521801 -3.814255
141 -38.521762 -3.814263
142 -38.528336 -3.814374
143 -38.521290 -3.814413
144 -38.528852 -3.814452
145 -38.520890 -3.814508
146 -38.528060 -3.814590
147 -38.528554 -3.814661
148 -38.527785 -3.814772
149 -38.528264 -3.814876
150 -38.527982 -3.815076
151 -38.522054 -3.815141
152 -38.521738 -3.815221
153 -38.521419 -3.815305
154 -38.527663 -3.815294
155 -38.520972 -3.815408
156 -38.527353 -3.815489
157 -38.530217 -3.815650
158 -38.529899 -3.815884
159 -38.522293 -3.816054
160 -38.521781 -3.816185
161 -38.521418 -3.816289
162 -38.526213 -3.815868
163 -38.529308 -3.816310
164 -38.523378 -3.816662
165 -38.529080 -3.816487
166 -38.528780 -3.816724
167 -38.522887 -3.816800
168 -38.522529 -3.816900
169 -38.528493 -3.816934
170 -38.530682 -3.816965
171 -38.531789 -3.816971
172 -38.521785 -3.817108
173 -38.521443 -3.817198
174 -38.530119 -3.817325
175 -38.521025 -3.817321
176 -38.529836 -3.817455
177 -38.526680 -3.817620
178 -38.531968 -3.817590
179 -38.529530 -3.817642
180 -38.522749 -3.817805
181 -38.530284 -3.817822
182 -38.529226 -3.817842
183 -38.522389 -3.817912
184 -38.521613 -3.817880
185 -38.530312 -3.817903
186 -38.522032 -3.818010
187 -38.521690 -3.818244
188 -38.532145 -3.818194
189 -38.528461 -3.818341
190 -38.523874 -3.818425
191 -38.521063 -3.818398
192 -38.530499 -3.818505
193 -38.523365 -3.818571
194 -38.527781 -3.818672
195 -38.529044 -3.818611
196 -38.521797 -3.818613
197 -38.523001 -3.818675
198 -38.522632 -3.818781
199 -38.521054 -3.818829
200 -38.522266 -3.818886
201 -38.530603 -3.818838
202 -38.531076 -3.818875
203 -38.523510 -3.819145
204 -38.521894 -3.818993
205 -38.523141 -3.819202
206 -38.530755 -3.819301
207 -38.532475 -3.819427
208 -38.524972 -3.819485
209 -38.523984 -3.819751
210 -38.530940 -3.819886
211 -38.532631 -3.819879
212 -38.522868 -3.820053
213 -38.522898 -3.820134
214 -38.525204 -3.820227
215 -38.529106 -3.820368
216 -38.524203 -3.820517
217 -38.532861 -3.820524
218 -38.527433 -3.820697
219 -38.531220 -3.820743
220 -38.525367 -3.820743
221 -38.523075 -3.820825
222 -38.529271 -3.820961
223 -38.525503 -3.821221
224 -38.527036 -3.821239
225 -38.531401 -3.821349
226 -38.524473 -3.821473
227 -38.525602 -3.821641
228 -38.527417 -3.821680
229 -38.527182 -3.821720
230 -38.529519 -3.821790
231 -38.531602 -3.821984
232 -38.524083 -3.822069
233 -38.529709 -3.822390
234 -38.531793 -3.822571
235 -38.529971 -3.823703
236 -38.530473 -3.825791
237 -38.529910 -3.825917
238 -38.529416 -3.826029
239 -38.529507 -3.826464
240 -38.527835 -3.826770
241 -38.530712 -3.826748
242 -38.530105 -3.826865
243 -38.529594 -3.826963
244 -38.527916 -3.827286
245 -38.530979 -3.828485
246 -38.530308 -3.800381
247 -38.531464 -3.816463
248 -38.525675 -3.808352
249 -38.531602 -3.816367
250 -38.530380 -3.800387
251 -38.526176 -3.808743
252 -38.527115 -3.808089
253 -38.527400 -3.807881
254 -38.535190 -3.815047
255 -38.528554 -3.810887
256 -38.529379 -3.811785
257 -38.528664 -3.810968
258 -38.531274 -3.813376
259 -38.530237 -3.812793
260 -38.529152 -3.809763
261 -38.529571 -3.810223
262 -38.528207 -3.809938
263 -38.528832 -3.810375
264 -38.528985 -3.811320
265 -38.528118 -3.811371
266 -38.528701 -3.812171
267 -38.531123 -3.813303
268 -38.529710 -3.813811
269 -38.532246 -3.811977
270 -38.530615 -3.812528
271 -38.530870 -3.812908
272 -38.534414 -3.814494
273 -38.532829 -3.815521
274 -38.535644 -3.815358
275 -38.536111 -3.816011
276 -38.542497 -3.812203
277 -38.541041 -3.813423
278 -38.543888 -3.811000
279 -38.536611 -3.816867
280 -38.537365 -3.814181
281 -38.537891 -3.815015
282 -38.538391 -3.815909
283 -38.537177 -3.817958
284 -38.537966 -3.816136
285 -38.537590 -3.816338
286 -38.538060 -3.817237
287 -38.536406 -3.814810
288 -38.536909 -3.815556
289 -38.536049 -3.815054
290 -38.536534 -3.815765
291 -38.537600 -3.814569
292 -38.536663 -3.815190
293 -38.538281 -3.814811
294 -38.537730 -3.813939
295 -38.538836 -3.813196
296 -38.539439 -3.814114
297 -38.540126 -3.815444
298 -38.539926 -3.815056
299 -38.539058 -3.814370
300 -38.538479 -3.813430
301 -38.539552 -3.815256
302 -38.539828 -3.815731
303 -38.539797 -3.813895
304 -38.539198 -3.812965
305 -38.541466 -3.807910
306 -38.540466 -3.811523
307 -38.541576 -3.809465
308 -38.540601 -3.811305
309 -38.541786 -3.806643
310 -38.538081 -3.813686
311 -38.539163 -3.815483
312 -38.539542 -3.812691
313 -38.540230 -3.813718
314 -38.539425 -3.816082
315 -38.531966 -3.802420
316 -38.535603 -3.812989
317 -38.533540 -3.806934
318 -38.535709 -3.813593
319 -38.534242 -3.814383
320 -38.535636 -3.813639
321 -38.536687 -3.812142
322 -38.534329 -3.809230
323 -38.539274 -3.807509
324 -38.538044 -3.807937
325 -38.539152 -3.811148
326 -38.537881 -3.811408
327 -38.530927 -3.807828
328 -38.534772 -3.806517
329 -38.536186 -3.806628
330 -38.536607 -3.807854
331 -38.538247 -3.808543
332 -38.539223 -3.809438
333 -38.538623 -3.809664
334 -38.538932 -3.809548
335 -38.538559 -3.808456
336 -38.537849 -3.811336
337 -38.538416 -3.813463
338 -38.537564 -3.812267
339 -38.542051 -3.811022
340 -38.541308 -3.810493
341 -38.540913 -3.809943
342 -38.540089 -3.810511
343 -38.538963 -3.810616
344 -38.541593 -3.809193
345 -38.539485 -3.810247
346 -38.540062 -3.809753
347 -38.540540 -3.809476
348 -38.541043 -3.809324
349 -38.541291 -3.813208
350 -38.540276 -3.811992
351 -38.540032 -3.812227
352 -38.541401 -3.813118
353 -38.541769 -3.812805
354 -38.542166 -3.812473
355 -38.541847 -3.811469
356 -38.543160 -3.811619
357 -38.543487 -3.811327
358 -38.532221 -3.803191
359 -38.540579 -3.803085
360 -38.541014 -3.804362
361 -38.537762 -3.803153
362 -38.538010 -3.803149
363 -38.539146 -3.803123
364 -38.536400 -3.803158
365 -38.535023 -3.803179
366 -38.533634 -3.803188
367 -38.539962 -3.805437
368 -38.538708 -3.805867
369 -38.540394 -3.807823
370 -38.540804 -3.809381
371 -38.541195 -3.807862
372 -38.541320 -3.809258
373 -38.544719 -3.809929
374 -38.524891 -3.811374
375 -38.537252 -3.805656
376 -38.533474 -3.806959
377 -38.536014 -3.806089
378 -38.536801 -3.808370
379 -38.535563 -3.808803
380 -38.538663 -3.814608
381 -38.538769 -3.815692
382 -38.519912 -3.810995
383 -38.536038 -3.801209
384 -38.532172 -3.803049
385 -38.520805 -3.814530
386 -38.527993 -3.811466
387 -38.522484 -3.809425
388 -38.519666 -3.810134
389 -38.526061 -3.808827
390 -38.516993 -3.810800
391 -38.522348 -3.809465
392 -38.528524 -3.803042
393 -38.530138 -3.800998
394 -38.531495 -3.800960
395 -38.522879 -3.814895
396 -38.527012 -3.815641
397 -38.526883 -3.815681
398 -38.526570 -3.814779
399 -38.526239 -3.813888
400 -38.525718 -3.813132
401 -38.521435 -3.809694
402 -38.520537 -3.809905
403 -38.528538 -3.813407
404 -38.529607 -3.816098
405 -38.529901 -3.816513
406 -38.530119 -3.816815
407 -38.529382 -3.816876
408 -38.528191 -3.817133
409 -38.529613 -3.817167
410 -38.527714 -3.817293
411 -38.528473 -3.817489
412 -38.528676 -3.817745
413 -38.527897 -3.817808
414 -38.527545 -3.817950
415 -38.528929 -3.818034
416 -38.527664 -3.818306
417 -38.526804 -3.813442
418 -38.526521 -3.813670
419 -38.525684 -3.814113
420 -38.522163 -3.814164
421 -38.524645 -3.814425
422 -38.523757 -3.814663
423 -38.522413 -3.815021
424 -38.525128 -3.816172
425 -38.524234 -3.816422
426 -38.523117 -3.817706
427 -38.525623 -3.817923
428 -38.524753 -3.818179
429 -38.527039 -3.818911
430 -38.525937 -3.819208
431 -38.524184 -3.819694
432 -38.524012 -3.819839
433 -38.520068 -3.815505
434 -38.520910 -3.819847
435 -38.532074 -3.814486
436 -38.530973 -3.815276
437 -38.539218 -3.798186
438 -38.538230 -3.798410
439 -38.536244 -3.798957
440 -38.532874 -3.799776
441 -38.537329 -3.801165
442 -38.536744 -3.801181
443 -38.541332 -3.801822
444 -38.528579 -3.803076
445 -38.543957 -3.801813
446 -38.545161 -3.809489
447 -38.543650 -3.810940
448 -38.543846 -3.811033
449 -38.544980 -3.807419
450 -38.545322 -3.808525
451 -38.545308 -3.807690
452 -38.544762 -3.809265
453 -38.544685 -3.807743
454 -38.543879 -3.809363
455 -38.543539 -3.807923
456 -38.543173 -3.807708
457 -38.543635 -3.809709
458 -38.545138 -3.809558
459 -38.542967 -3.810644
460 -38.542712 -3.811091
461 -38.542398 -3.811416
462 -38.543201 -3.810752
463 -38.543318 -3.810799
464 -38.542904 -3.811306
465 -38.541735 -3.811939
466 -38.541312 -3.813761
467 -38.540951 -3.813991
468 -38.540864 -3.813835
469 -38.540994 -3.814049
470 -38.541356 -3.812216
471 -38.540414 -3.811708
472 -38.537202 -3.814277
473 -38.536391 -3.813110
474 -38.541570 -3.809646
475 -38.541984 -3.809630
476 -38.541911 -3.809069
477 -38.541832 -3.808110
478 -38.542188 -3.808975
479 -38.543570 -3.809259
480 -38.542910 -3.809416
481 -38.542707 -3.808822
482 -38.541756 -3.806555
483 -38.534301 -3.805084
484 -38.532483 -3.800344
485 -38.532507 -3.800922
486 -38.533129 -3.798303
487 -38.541908 -3.801820
488 -38.541576 -3.800438
489 -38.516663 -3.811183
490 -38.516760 -3.811602
491 -38.518900 -3.814423
492 -38.525754 -3.809565
493 -38.526379 -3.809236
494 -38.526053 -3.809990
495 -38.526674 -3.809605
496 -38.526178 -3.810160
497 -38.526782 -3.809764
498 -38.527024 -3.815007
499 -38.526686 -3.815144
500 -38.527076 -3.815609
501 -38.526880 -3.815067
502 -38.521492 -3.814348
503 -38.521824 -3.817252
504 -38.521474 -3.817344
505 -38.521873 -3.817431
506 -38.521524 -3.817527
507 -38.521039 -3.817638
508 -38.521918 -3.817601
509 -38.521571 -3.817707
510 -38.521973 -3.817790
511 -38.522022 -3.817980
512 -38.521654 -3.818076
513 -38.522075 -3.818145
514 -38.522126 -3.818334
515 -38.521738 -3.818423
516 -38.522170 -3.818514
517 -38.522215 -3.818687
518 -38.521847 -3.818793
519 -38.522537 -3.819925
520 -38.522377 -3.819245
521 -38.524021 -3.819005
522 -38.523848 -3.819788
523 -38.523778 -3.819534
524 -38.523568 -3.819864
525 -38.523477 -3.819503
526 -38.523320 -3.819929
527 -38.523218 -3.819541
528 -38.522452 -3.819432
529 -38.522222 -3.819984
530 -38.524922 -3.818551
531 -38.525823 -3.818760
532 -38.525610 -3.818819
533 -38.528078 -3.815246
534 -38.527788 -3.815458
535 -38.527481 -3.815673
536 -38.528172 -3.815386
537 -38.527581 -3.815818
538 -38.528276 -3.815523
539 -38.527682 -3.815953
540 -38.528386 -3.815670
541 -38.527795 -3.816095
542 -38.528475 -3.815812
543 -38.527899 -3.816229
544 -38.528572 -3.815936
545 -38.527994 -3.816361
546 -38.528686 -3.816080
547 -38.528096 -3.816502
548 -38.528798 -3.816210
549 -38.528210 -3.816641
550 -38.528063 -3.817176
551 -38.528261 -3.817604
552 -38.527894 -3.817232
553 -38.528060 -3.817726
554 -38.530853 -3.815355
555 -38.530317 -3.815777
556 -38.533012 -3.821097
557 -38.533189 -3.821722
558 -38.534815 -3.820850
559 -38.534205 -3.821053
560 -38.532275 -3.823515
561 -38.532054 -3.824165
562 -38.533484 -3.823898
563 -38.532820 -3.823217
564 -38.533308 -3.823211
565 -38.533337 -3.823278
566 -38.533668 -3.823110
567 -38.533372 -3.823431
568 -38.533922 -3.823215
569 -38.534149 -3.823438
570 -38.533412 -3.823574
571 -38.532003 -3.823950
572 -38.530159 -3.824483
573 -38.536668 -3.823329
574 -38.527024 -3.819091
575 -38.529028 -3.820530
576 -38.527501 -3.820973
577 -38.527579 -3.821267
578 -38.528557 -3.820263
579 -38.529223 -3.822520
580 -38.527833 -3.822181
581 -38.527899 -3.822470
582 -38.528487 -3.821324
583 -38.528964 -3.821584
584 -38.528600 -3.821693
585 -38.528198 -3.820376
586 -38.527759 -3.821913
587 -38.528682 -3.821964
588 -38.528877 -3.822602
589 -38.528199 -3.822087
590 -38.528387 -3.822729
591 -38.528292 -3.822064
592 -38.527973 -3.821154
593 -38.527783 -3.820500
594 -38.528798 -3.819431
595 -38.529575 -3.820072
596 -38.529316 -3.819503
597 -38.527307 -3.821169
598 -38.526903 -3.821770
599 -38.526766 -3.821316
600 -38.526628 -3.821824
601 -38.526510 -3.821385
602 -38.526374 -3.821896
603 -38.526244 -3.821462
604 -38.526117 -3.821958
605 -38.525996 -3.821531
606 -38.525323 -3.821720
607 -38.525447 -3.822208
608 -38.528770 -3.826596
609 -38.525049 -3.821802
610 -38.524591 -3.822229
611 -38.524510 -3.821946
612 -38.524251 -3.822022
613 -38.523952 -3.821623
614 -38.523677 -3.820653
615 -38.523535 -3.822529
616 -38.524039 -3.821955
617 -38.523510 -3.822139
618 -38.523826 -3.822361
619 -38.523702 -3.822068
620 -38.523715 -3.822063
621 -38.523693 -3.821695
622 -38.523432 -3.820723
623 -38.523771 -3.820628
624 -38.524909 -3.821359
625 -38.524744 -3.820354
626 -38.526300 -3.820484
627 -38.525937 -3.820149
628 -38.521317 -3.823522
629 -38.523018 -3.820605
630 -38.521184 -3.820824
631 -38.522270 -3.820295
632 -38.522052 -3.820734
633 -38.522380 -3.820712
634 -38.522501 -3.820245
635 -38.522629 -3.820694
636 -38.522740 -3.820678
637 -38.523214 -3.821916
638 -38.523023 -3.822006
639 -38.521726 -3.822545
640 -38.521265 -3.822628
641 -38.522694 -3.822159
642 -38.522552 -3.821646
643 -38.522394 -3.822286
644 -38.522289 -3.821714
645 -38.522040 -3.822446
646 -38.521926 -3.821825
647 -38.522710 -3.821592
648 -38.522519 -3.820702
649 -38.522363 -3.821688
650 -38.522275 -3.820718
651 -38.522048 -3.821781
652 -38.521909 -3.820751
653 -38.521591 -3.820788
654 -38.544728 -3.808562
655 -38.543847 -3.808671
656 -38.527886 -3.815600
657 -38.527983 -3.815737
658 -38.528087 -3.815873
659 -38.528187 -3.816015
660 -38.528288 -3.816154
661 -38.528390 -3.816297
662 -38.528492 -3.816423
663 -38.528671 -3.820633
664 -38.528308 -3.820738
665 -38.527889 -3.820860
666 -38.528761 -3.820927
667 -38.528398 -3.821031
668 -38.528847 -3.821207
669 -38.528211 -3.821795
670 -38.529052 -3.821870
671 -38.529120 -3.822146
672 -38.528768 -3.822243
673 -38.528282 -3.822370
674 -38.525363 -3.807281
675 -38.525888 -3.806332
676 -38.524798 -3.806728
677 -38.525341 -3.807422
678 -38.526141 -3.805863
679 -38.523197 -3.809184
680 -38.523542 -3.808947
681 -38.524286 -3.807154
682 -38.524043 -3.808443
683 -38.524789 -3.807813
684 -38.540337 -3.806575
685 -38.540217 -3.806254
686 -38.539099 -3.806999
687 -38.534026 -3.808377
688 -38.533679 -3.807552
689 -38.533827 -3.807982
690 -38.533971 -3.808396
691 -38.520333 -3.812768
692 -38.519835 -3.811015
693 -38.519598 -3.810150
694 -38.519569 -3.810040
695 -38.530093 -3.801114
696 -38.533704 -3.819016
697 -38.533582 -3.819110
698 -38.535353 -3.821350
699 -38.520902 -3.819775
700 -38.521113 -3.819752
701 -38.521085 -3.819553
702 -38.520888 -3.819584
703 -38.528874 -3.827102
704 -38.528967 -3.827587
705 -38.529046 -3.828027
706 -38.529165 -3.828670
707 -38.529689 -3.827427
708 -38.528048 -3.827764
709 -38.528524 -3.828132
710 -38.527526 -3.827361
711 -38.527017 -3.826945
712 -38.542827 -3.811912
713 -38.534590 -3.814124
714 -38.535544 -3.813020
715 -38.534113 -3.808619
716 -38.534058 -3.808638
717 -38.533884 -3.807963
718 -38.533470 -3.806832
719 -38.519631 -3.810024
720 -38.538207 -3.823055
721 -38.538683 -3.822669
722 -38.530595 -3.799859
723 -38.530850 -3.799848
724 -38.537052 -3.823536
725 -38.528803 -3.819747
726 -38.528942 -3.820142
727 -38.529217 -3.820989
728 -38.529666 -3.822407
729 -38.529909 -3.823736
730 -38.530087 -3.824497
731 -38.530410 -3.825805
732 -38.530636 -3.826763
733 -38.523595 -3.819961
734 -38.524210 -3.819778
735 -38.524562 -3.819687
736 -38.524994 -3.819567
737 -38.525285 -3.819485
738 -38.526992 -3.819005
739 -38.522585 -3.820136
740 -38.526466 -3.805454
741 -38.527299 -3.806658
742 -38.527061 -3.806320
743 -38.526706 -3.806569
744 -38.534264 -3.803183
745 -38.527095 -3.816448
746 -38.527511 -3.816329
747 -38.527380 -3.817404
748 -38.525733 -3.810741
749 -38.527990 -3.809894
750 -38.530694 -3.813066
751 -38.536731 -3.812203
752 -38.531494 -3.814888
753 -38.517419 -3.812442
754 -38.516667 -3.812732
755 -38.527819 -3.818754
756 -38.520631 -3.813546
757 -38.521441 -3.819123
758 -38.536347 -3.812385
759 -38.536389 -3.812441
760 -38.540191 -3.806264
761 -38.540298 -3.806591
762 -38.529769 -3.821123
763 -38.529392 -3.821366
764 -38.542588 -3.807767
765 -38.542196 -3.807866
766 -38.539798 -3.810030
767 -38.539672 -3.809706
768 -38.527433 -3.821990
769 -38.527454 -3.820603
770 -38.531917 -3.822504
771 -38.521711 -3.821874
772 -38.521520 -3.823672
773 -38.523435 -3.821810
774 -38.523606 -3.821729
775 -38.528507 -3.826637
776 -38.528684 -3.826294
777 -38.529549 -3.822038
778 -38.529463 -3.821765
779 -38.529160 -3.820812
780 -38.529245 -3.821080
781 -38.529367 -3.821462
782 -38.529928 -3.823634
783 -38.529855 -3.823039
784 -38.529722 -3.822484
785 -38.527974 -3.827707
786 -38.536575 -3.797329
787 -38.537525 -3.797021
788 -38.536332 -3.798279
789 -38.536661 -3.798201
790 -38.543725 -3.810071
791 -38.542442 -3.810860
792 -38.535613 -3.806822
793 -38.534268 -3.809252
794 -38.535519 -3.812946
795 -38.535569 -3.813378
796 -38.532235 -3.815913
797 -38.534382 -3.814473
798 -38.543676 -3.811173
799 -38.541736 -3.812834
800 -38.542875 -3.806162
801 -38.524274 -3.807302
802 -38.524645 -3.806756
803 -38.524733 -3.807809
804 -38.529662 -3.812123
805 -38.522480 -3.820179
806 -38.522425 -3.820239
807 -38.528708 -3.819483
808 -38.528435 -3.818436
809 -38.528372 -3.818520
810 -38.525405 -3.819977
811 -38.527264 -3.817050
812 -38.527869 -3.816821
813 -38.529756 -3.818909
814 -38.532028 -3.811596
815 -38.528871 -3.819647
816 -38.530679 -3.819056
817 -38.527910 -3.807492
818 -38.531574 -3.816314
819 -38.530067 -3.817299
820 -38.530102 -3.817274
821 -38.530343 -3.817116
822 -38.530648 -3.816915
823 -38.530959 -3.816707
824 -38.533738 -3.807533
825 -38.533116 -3.799077
826 -38.535403 -3.821418
827 -38.528408 -3.818372
828 -38.528343 -3.818438
829 -38.527533 -3.821109
830 -38.534691 -3.806277
831 -38.536723 -3.808163
832 -38.536172 -3.814970
833 -38.536395 -3.807242
834 -38.534368 -3.798745
835 -38.540275 -3.799605
836 -38.534126 -3.808843
837 -38.534185 -3.808823
838 -38.530877 -3.799848
839 -38.520674 -3.813536
840 -38.530729 -3.826983
841 -38.530499 -3.810575
842 -38.524140 -3.812400
843 -38.524233 -3.812707
844 -38.524294 -3.812943
845 -38.524176 -3.812723
846 -38.524241 -3.812964
847 -38.524087 -3.812417
848 -38.527286 -3.820235
849 -38.524844 -3.813461
850 -38.524832 -3.813411
851 -38.528687 -3.819415
852 -38.526951 -3.819018
853 -38.531726 -3.816284
854 -38.531693 -3.816242
855 -38.531729 -3.816246
856 -38.541603 -3.803813
857 -38.542624 -3.803463
858 -38.542425 -3.802622
859 -38.535221 -3.821422
860 -38.525522 -3.821664
861 -38.522690 -3.814281
862 -38.522967 -3.814200
863 -38.523124 -3.814740
864 -38.522922 -3.814046
865 -38.522792 -3.814612
866 -38.522732 -3.814630
867 -38.522650 -3.814365
868 -38.522711 -3.814347
869 -38.522680 -3.810693
870 -38.522747 -3.810676
871 -38.528503 -3.813434
872 -38.520545 -3.813548
873 -38.519656 -3.813795
874 -38.527706 -3.807649
875 -38.527688 -3.807624
876 -38.527374 -3.807846
877 -38.534349 -3.805067
878 -38.534626 -3.806299
879 -38.536352 -3.807258
880 -38.536673 -3.808180
881 -38.536567 -3.807868
882 -38.539051 -3.807009
883 -38.521822 -3.811084
884 -38.521879 -3.811068
885 -38.524919 -3.810847
886 -38.524866 -3.810886
887 -38.524800 -3.818164
888 -38.542093 -3.807965
889 -38.535332 -3.804627
890 -38.535496 -3.804565
891 -38.535352 -3.804700
892 -38.535521 -3.804640
893 -38.535392 -3.804817
894 -38.535313 -3.804555
895 -38.530920 -3.813565
896 -38.531397 -3.813538
897 -38.531371 -3.813803
898 -38.531345 -3.814008
899 -38.530956 -3.813990
900 -38.531607 -3.814273
901 -38.531127 -3.814208
902 -38.531609 -3.814510
903 -38.530799 -3.813743
904 -38.531487 -3.813659
905 -38.535634 -3.813374
906 -38.535581 -3.812920
907 -38.537119 -3.814332
908 -38.536307 -3.813169
909 -38.536534 -3.813320
910 -38.536452 -3.813381
911 -38.536737 -3.813611
912 -38.536656 -3.813672
913 -38.536886 -3.813824
914 -38.536806 -3.813885
915 -38.537076 -3.814097
916 -38.536998 -3.814159
917 -38.534357 -3.814531
918 -38.538168 -3.811851
919 -38.530192 -3.810455
920 -38.529317 -3.811711
921 -38.542590 -3.803140
922 -38.542578 -3.803053
