0 -38.540736 -3.790280
1 -38.539294 -3.790774
2 -38.535418 -3.792753
3 -38.533422 -3.794711
4 -38.532210 -3.795843
5 -38.531654 -3.796981
6 -38.540735 -3.792603
7 -38.538033 -3.794346
8 -38.538862 -3.794062
9 -38.541902 -3.794570
10 -38.535574 -3.796438
11 -38.539739 -3.794928
12 -38.541480 -3.790008
13 -38.542543 -3.790571
14 -38.543405 -3.790829
15 -38.537835 -3.791277
16 -38.542794 -3.791261
17 -38.542748 -3.791300
18 -38.543720 -3.791427
19 -38.544066 -3.791499
20 -38.542193 -3.791672
21 -38.543068 -3.791893
22 -38.541405 -3.792093
23 -38.543099 -3.792153
24 -38.538135 -3.792169
25 -38.544210 -3.792244
26 -38.541179 -3.792286
27 -38.542470 -3.792288
28 -38.542659 -3.792812
29 -38.544374 -3.792867
30 -38.542834 -3.793369
31 -38.544540 -3.793406
32 -38.540149 -3.793621
33 -38.539497 -3.793835
34 -38.543004 -3.793920
35 -38.544740 -3.793978
36 -38.542375 -3.794020
37 -38.544985 -3.794637
38 -38.540277 -3.794184
39 -38.541781 -3.794188
40 -38.539607 -3.794366
41 -38.542832 -3.794554
42 -38.541979 -3.794780
43 -38.550373 -3.788182
44 -38.549729 -3.788372
45 -38.550798 -3.789580
46 -38.550154 -3.789774
47 -38.549497 -3.789979
48 -38.548892 -3.790166
49 -38.551909 -3.790787
50 -38.551427 -3.790933
51 -38.551228 -3.790993
52 -38.550590 -3.791182
53 -38.549916 -3.791382
54 -38.552297 -3.791587
55 -38.549326 -3.791567
56 -38.551697 -3.791789
57 -38.549584 -3.792447
58 -38.537222 -3.791953
59 -38.535863 -3.792337
60 -38.537403 -3.792439
61 -38.536782 -3.792717
62 -38.534655 -3.793497
63 -38.538750 -3.793531
64 -38.538990 -3.794601
65 -38.538339 -3.794811
66 -38.536446 -3.794948
67 -38.539105 -3.795155
68 -38.545985 -3.788446
69 -38.540021 -3.790522
70 -38.537420 -3.796129
71 -38.549882 -3.786582
72 -38.551656 -3.790343
73 -38.550201 -3.786423
74 -38.550911 -3.788009
75 -38.551327 -3.789409
76 -38.549266 -3.786916
77 -38.538575 -3.791017
78 -38.542244 -3.789745
79 -38.535025 -3.793069
80 -38.535069 -3.793111
81 -38.531710 -3.797034
82 -38.535999 -3.792331
83 -38.532015 -3.796257
84 -38.547991 -3.787502
85 -38.547884 -3.787560
86 -38.532444 -3.796812
87 -38.537101 -3.791561
88 -38.538416 -3.793045
89 -38.538587 -3.793575
90 -38.538450 -3.793100
91 -38.539210 -3.792857
92 -38.538909 -3.791974
93 -38.540141 -3.793032
94 -38.540329 -3.791399
95 -38.541099 -3.791211
96 -38.541837 -3.790928
97 -38.542551 -3.790594
98 -38.543214 -3.790345
99 -38.542918 -3.789521
100 -38.543762 -3.790586
101 -38.546366 -3.789671
102 -38.543157 -3.789426
103 -38.544316 -3.790389
104 -38.543862 -3.789184
105 -38.544997 -3.790148
106 -38.544590 -3.788935
107 -38.545290 -3.788681
108 -38.546229 -3.789208
109 -38.545824 -3.789356
110 -38.546357 -3.789648
111 -38.547704 -3.789014
112 -38.546730 -3.788174
113 -38.547051 -3.789240
114 -38.547468 -3.790615
115 -38.548345 -3.788808
116 -38.547369 -3.787932
117 -38.548120 -3.790420
118 -38.548774 -3.790201
119 -38.547100 -3.790735
120 -38.547547 -3.792136
121 -38.544104 -3.791683
122 -38.545828 -3.792682
123 -38.545368 -3.791286
124 -38.546229 -3.791517
125 -38.545881 -3.791628
126 -38.546373 -3.791991
127 -38.546021 -3.792098
128 -38.545546 -3.791818
129 -38.545013 -3.792000
130 -38.545725 -3.792379
131 -38.545196 -3.792535
132 -38.544569 -3.791522
133 -38.545254 -3.794137
134 -38.546120 -3.793664
135 -38.545895 -3.792917
136 -38.545332 -3.793101
137 -38.546896 -3.793475
138 -38.546514 -3.792458
139 -38.547403 -3.792937
140 -38.547696 -3.792603
141 -38.548550 -3.791815
142 -38.549207 -3.791601
143 -38.543511 -3.794372
144 -38.545690 -3.789912
145 -38.546742 -3.790849
146 -38.546084 -3.791051
147 -38.547894 -3.792026
148 -38.547188 -3.792251
149 -38.549068 -3.788574
150 -38.548459 -3.788768
151 -38.548646 -3.787242
152 -38.550387 -3.791246
153 -38.550649 -3.792105
154 -38.549466 -3.792042
155 -38.549420 -3.791875
156 -38.549301 -3.791915
157 -38.543013 -3.795150
158 -38.539640 -3.794957
159 -38.539403 -3.793871
160 -38.539518 -3.794395
161 -38.535909 -3.792391
162 -38.544001 -3.791242
163 -38.536382 -3.795011
164 -38.551760 -3.790823
165 -38.547907 -3.787629
166 -38.548015 -3.787571
167 -38.536852 -3.796550
168 -38.541079 -3.791176
169 -38.539345 -3.793307
170 -38.536571 -3.793161
171 -38.535929 -3.794356
172 -38.535970 -3.794313
173 -38.535496 -3.792858
174 -38.545551 -3.793658
175 -38.546028 -3.793365
176 -38.536786 -3.796470
