0 -38.571232 -3.712692
1 -38.568747 -3.713524
2 -38.568239 -3.713704
3 -38.567168 -3.714074
4 -38.566686 -3.714237
5 -38.564040 -3.715146
6 -38.563038 -3.715487
7 -38.562083 -3.715813
8 -38.561097 -3.716161
9 -38.561218 -3.710545
10 -38.569101 -3.721817
11 -38.570391 -3.721113
12 -38.569760 -3.719993
13 -38.570764 -3.719503
14 -38.568045 -3.720440
15 -38.572349 -3.718748
16 -38.571171 -3.715363
17 -38.571582 -3.716633
18 -38.566126 -3.718305
19 -38.570177 -3.716854
20 -38.570862 -3.715468
21 -38.572161 -3.714988
22 -38.568402 -3.712492
23 -38.567894 -3.712665
24 -38.570223 -3.713023
25 -38.573352 -3.718205
26 -38.572982 -3.717198
27 -38.572536 -3.716007
28 -38.565402 -3.712323
29 -38.564311 -3.712710
30 -38.567693 -3.712118
31 -38.566981 -3.713521
32 -38.568053 -3.713154
33 -38.565566 -3.712823
34 -38.565759 -3.713392
35 -38.565214 -3.711779
36 -38.565373 -3.719554
37 -38.566484 -3.719209
38 -38.562127 -3.716613
39 -38.563124 -3.716816
40 -38.564135 -3.717035
41 -38.565150 -3.717213
42 -38.564772 -3.718352
43 -38.563873 -3.717898
44 -38.561763 -3.717319
45 -38.562545 -3.718011
46 -38.563321 -3.718691
47 -38.564071 -3.719375
48 -38.573501 -3.715471
49 -38.569375 -3.718865
50 -38.571602 -3.713655
51 -38.571922 -3.717676
52 -38.569975 -3.717680
53 -38.573996 -3.716761
54 -38.560371 -3.712640
55 -38.562427 -3.710793
56 -38.561545 -3.711756
57 -38.559099 -3.711940
58 -38.560300 -3.711536
59 -38.559420 -3.712928
60 -38.560448 -3.713678
61 -38.560905 -3.714823
62 -38.562999 -3.713608
63 -38.562678 -3.711569
64 -38.563664 -3.714263
65 -38.563699 -3.712832
66 -38.562701 -3.712070
67 -38.563244 -3.716110
68 -38.562567 -3.719528
69 -38.560590 -3.716327
70 -38.562768 -3.714853
71 -38.563085 -3.712284
72 -38.564289 -3.716052
73 -38.565037 -3.717950
74 -38.561575 -3.719348
75 -38.562938 -3.717472
76 -38.562842 -3.712130
77 -38.562326 -3.714377
78 -38.561616 -3.715146
79 -38.564850 -3.712520
80 -38.566790 -3.713018
81 -38.566332 -3.713182
82 -38.565193 -3.713582
83 -38.564680 -3.713758
84 -38.566121 -3.714435
85 -38.565534 -3.714635
86 -38.569637 -3.718285
87 -38.569484 -3.718611
88 -38.567606 -3.718969
89 -38.568003 -3.719439
90 -38.568793 -3.719532
91 -38.567859 -3.719835
92 -38.567887 -3.719915
93 -38.566806 -3.720179
94 -38.568888 -3.720388
95 -38.571832 -3.719078
96 -38.568888 -3.720628
97 -38.572075 -3.718887
98 -38.566432 -3.719227
99 -38.565028 -3.714810
100 -38.571104 -3.720109
101 -38.572077 -3.719547
102 -38.569847 -3.721411
103 -38.572605 -3.719332
104 -38.564178 -3.712304
105 -38.565804 -3.717337
106 -38.566178 -3.718287
107 -38.570824 -3.719615
108 -38.569837 -3.720134
109 -38.568923 -3.718574
110 -38.568701 -3.717827
111 -38.565127 -3.718836
112 -38.569355 -3.717665
113 -38.566182 -3.718475
114 -38.566903 -3.720649
115 -38.567425 -3.718415
116 -38.568777 -3.717362
117 -38.565894 -3.717608
118 -38.568957 -3.717768
119 -38.565006 -3.718473
120 -38.567265 -3.717930
121 -38.570403 -3.716845
122 -38.567977 -3.718177
123 -38.567010 -3.717121
124 -38.567829 -3.716845
125 -38.567262 -3.717040
126 -38.570232 -3.717241
127 -38.570450 -3.717376
128 -38.571089 -3.716795
129 -38.566769 -3.718088
130 -38.568279 -3.717089
131 -38.570271 -3.716574
132 -38.568382 -3.717503
133 -38.571468 -3.717892
134 -38.567336 -3.717283
135 -38.569996 -3.717987
136 -38.573621 -3.715774
137 -38.567500 -3.717831
138 -38.570246 -3.718469
139 -38.571997 -3.716147
140 -38.568154 -3.716735
141 -38.572869 -3.718457
142 -38.566506 -3.717311
143 -38.565922 -3.717507
144 -38.571339 -3.717536
145 -38.570596 -3.717803
146 -38.570683 -3.716932
147 -38.567915 -3.717182
148 -38.572471 -3.717433
149 -38.566424 -3.715565
150 -38.568844 -3.712338
151 -38.569199 -3.713374
152 -38.568126 -3.720429
153 -38.569197 -3.719137
154 -38.562087 -3.719421
155 -38.562088 -3.718444
156 -38.572728 -3.716521
157 -38.572617 -3.716225
158 -38.573486 -3.716990
159 -38.572848 -3.716839
160 -38.572703 -3.719585
161 -38.572186 -3.718835
162 -38.572169 -3.716102
163 -38.573400 -3.716753
164 -38.573896 -3.716548
165 -38.570238 -3.719753
166 -38.569753 -3.718693
167 -38.571385 -3.719204
168 -38.571037 -3.718379
169 -38.572658 -3.714809
170 -38.572250 -3.713785
171 -38.571033 -3.715035
172 -38.572018 -3.714644
173 -38.571909 -3.714381
174 -38.571115 -3.714842
175 -38.571379 -3.713117
176 -38.571091 -3.713199
177 -38.564028 -3.711865
178 -38.564599 -3.713592
179 -38.566598 -3.712477
180 -38.569410 -3.718594
181 -38.569495 -3.718330
182 -38.570115 -3.720613
183 -38.569505 -3.720940
184 -38.569705 -3.721486
185 -38.569463 -3.721026
186 -38.560793 -3.715371
187 -38.561239 -3.715582
188 -38.570577 -3.719753
189 -38.570512 -3.719628
190 -38.565869 -3.717349
191 -38.569141 -3.720505
192 -38.572171 -3.712352
193 -38.568889 -3.720445
194 -38.570543 -3.715862
195 -38.565370 -3.716010
196 -38.561329 -3.712792
197 -38.562241 -3.713010
198 -38.564548 -3.713624
199 -38.559264 -3.712450
200 -38.564210 -3.715722
201 -38.561137 -3.713800
202 -38.561762 -3.713944
203 -38.568793 -3.720390
204 -38.571860 -3.715717
205 -38.572024 -3.715659
206 -38.573126 -3.716039
207 -38.573258 -3.716337
208 -38.570704 -3.715892
209 -38.564628 -3.713679
210 -38.564980 -3.714826
211 -38.559335 -3.712427
212 -38.564603 -3.715622
213 -38.566032 -3.719896
214 -38.566214 -3.720485
215 -38.571719 -3.718100
216 -38.561400 -3.711133
217 -38.563060 -3.718978
218 -38.562791 -3.719277
219 -38.565344 -3.716011
