0 -38.469047 -3.754399
1 -38.471771 -3.753524
2 -38.469120 -3.754617
3 -38.471803 -3.753742
4 -38.468691 -3.753300
5 -38.468910 -3.753956
6 -38.471695 -3.753058
7 -38.468986 -3.754172
8 -38.471739 -3.753279
9 -38.471848 -3.754030
10 -38.471540 -3.752139
11 -38.471446 -3.751679
12 -38.468571 -3.752946
13 -38.468616 -3.753080
14 -38.468504 -3.751428
15 -38.468563 -3.751641
16 -38.468618 -3.751866
17 -38.468660 -3.752102
18 -38.468336 -3.750999
19 -38.468428 -3.751213
20 -38.471094 -3.748822
21 -38.471729 -3.751342
22 -38.467702 -3.750227
23 -38.467782 -3.750449
24 -38.475093 -3.750011
25 -38.475260 -3.750190
26 -38.472245 -3.751182
27 -38.475539 -3.750313
28 -38.467697 -3.749694
29 -38.468877 -3.749302
30 -38.471425 -3.750472
31 -38.468607 -3.752360
32 -38.471180 -3.749091
33 -38.471351 -3.750254
34 -38.472055 -3.750513
35 -38.472117 -3.750731
36 -38.468839 -3.753738
37 -38.474413 -3.752667
38 -38.471256 -3.749320
39 -38.473928 -3.752088
40 -38.471616 -3.752594
41 -38.471638 -3.749701
42 -38.474245 -3.752470
43 -38.471554 -3.749456
44 -38.475625 -3.750568
45 -38.471930 -3.750067
46 -38.467620 -3.750011
47 -38.471766 -3.751439
48 -38.471581 -3.752379
49 -38.474789 -3.749149
50 -38.471577 -3.750906
51 -38.475012 -3.749801
52 -38.474078 -3.752278
53 -38.471651 -3.752820
54 -38.473824 -3.751971
55 -38.471654 -3.751130
56 -38.471327 -3.749538
57 -38.474710 -3.748925
58 -38.471997 -3.750282
59 -38.473763 -3.751903
60 -38.475554 -3.750358
61 -38.471491 -3.751916
62 -38.473138 -3.751130
63 -38.474937 -3.749578
64 -38.470524 -3.748986
65 -38.475750 -3.751011
66 -38.473294 -3.751321
67 -38.472182 -3.750957
68 -38.473606 -3.751711
69 -38.471276 -3.750034
70 -38.471505 -3.750691
71 -38.473447 -3.751518
72 -38.474568 -3.752850
73 -38.476175 -3.752327
74 -38.476106 -3.752111
75 -38.475143 -3.749093
76 -38.471869 -3.749846
77 -38.474862 -3.749364
78 -38.468765 -3.753519
79 -38.467708 -3.750472
80 -38.471256 -3.754218
81 -38.472460 -3.752429
82 -38.472590 -3.753224
83 -38.472934 -3.752268
84 -38.473487 -3.752944
85 -38.471631 -3.752687
86 -38.474674 -3.748694
87 -38.471336 -3.749799
88 -38.472272 -3.751280
89 -38.468471 -3.752654
90 -38.468506 -3.752635
91 -38.468221 -3.750781
92 -38.467937 -3.750688
93 -38.470335 -3.748920
94 -38.474847 -3.748407
95 -38.467868 -3.750722
96 -38.468548 -3.752873
97 -38.474044 -3.752359
98 -38.474124 -3.752334
99 -38.467622 -3.749732
