0 -38.563300 -3.758876
1 -38.562231 -3.757867
2 -38.559593 -3.757287
3 -38.559591 -3.757445
4 -38.561817 -3.758165
5 -38.561539 -3.758324
6 -38.561641 -3.758391
7 -38.562062 -3.758556
8 -38.560899 -3.758775
9 -38.562801 -3.759214
10 -38.559878 -3.759108
11 -38.561205 -3.759529
12 -38.561794 -3.759999
13 -38.560446 -3.760112
14 -38.562413 -3.760220
15 -38.563611 -3.760329
16 -38.562941 -3.760776
17 -38.561663 -3.760822
18 -38.561010 -3.758746
19 -38.560597 -3.758469
20 -38.561852 -3.759993
21 -38.560982 -3.760784
22 -38.562269 -3.759438
23 -38.562499 -3.759369
24 -38.562252 -3.759124
25 -38.562260 -3.759202
26 -38.561959 -3.759368
27 -38.561291 -3.758618
28 -38.561335 -3.758273
29 -38.560926 -3.758224
30 -38.560707 -3.759016
31 -38.560513 -3.759246
32 -38.561546 -3.758706
33 -38.562264 -3.759862
34 -38.561287 -3.759599
35 -38.561451 -3.759494
36 -38.561196 -3.760430
37 -38.561464 -3.760891
38 -38.561101 -3.761016
39 -38.561585 -3.760072
40 -38.561665 -3.760315
41 -38.561244 -3.761415
42 -38.560128 -3.757307
43 -38.559855 -3.757727
44 -38.561252 -3.758233
45 -38.561206 -3.757983
46 -38.562083 -3.759984
