0 -38.588849 -3.769649
1 -38.589430 -3.770774
2 -38.587498 -3.767006
3 -38.591639 -3.767850
4 -38.586987 -3.766036
5 -38.581042 -3.769212
6 -38.579212 -3.770221
7 -38.580611 -3.769486
8 -38.589648 -3.769229
9 -38.587797 -3.765614
10 -38.590449 -3.768956
11 -38.590627 -3.769921
12 -38.590114 -3.768155
13 -38.586366 -3.766373
14 -38.585569 -3.766792
15 -38.584932 -3.767129
16 -38.583047 -3.768129
17 -38.582415 -3.768477
18 -38.586588 -3.768757
19 -38.590387 -3.768846
20 -38.585963 -3.769093
21 -38.585345 -3.769430
22 -38.584705 -3.769772
23 -38.588205 -3.769971
24 -38.584073 -3.770104
25 -38.588359 -3.770326
26 -38.593711 -3.770376
27 -38.583428 -3.770435
28 -38.592933 -3.770727
29 -38.587626 -3.770740
30 -38.588639 -3.770854
31 -38.593003 -3.770845
32 -38.582642 -3.770874
33 -38.590107 -3.771005
34 -38.586991 -3.771071
35 -38.586377 -3.771391
36 -38.589098 -3.771470
37 -38.585745 -3.771724
38 -38.585110 -3.772063
39 -38.588798 -3.772075
40 -38.590896 -3.772278
41 -38.589425 -3.772386
42 -38.584488 -3.772408
43 -38.584072 -3.772626
44 -38.587564 -3.772922
45 -38.588208 -3.773238
46 -38.585305 -3.773226
47 -38.588832 -3.773544
48 -38.586109 -3.773671
49 -38.586758 -3.773920
50 -38.587073 -3.773945
51 -38.587832 -3.773993
52 -38.589058 -3.766176
53 -38.588301 -3.766580
54 -38.592973 -3.766619
55 -38.589596 -3.767176
56 -38.586873 -3.767340
57 -38.591495 -3.767410
58 -38.588817 -3.767586
59 -38.593346 -3.767633
60 -38.590795 -3.768004
61 -38.588004 -3.768006
62 -38.592290 -3.768165
63 -38.587375 -3.768340
64 -38.592939 -3.768493
65 -38.589334 -3.768579
66 -38.588509 -3.769004
67 -38.592562 -3.769255
68 -38.590960 -3.769200
69 -38.587892 -3.769327
70 -38.591601 -3.769532
71 -38.591000 -3.769994
72 -38.591835 -3.770146
73 -38.590440 -3.770301
74 -38.592449 -3.771090
75 -38.592584 -3.771168
76 -38.591912 -3.771507
77 -38.594513 -3.771746
78 -38.593021 -3.771772
79 -38.591397 -3.771899
80 -38.592176 -3.773528
81 -38.587302 -3.772308
82 -38.589472 -3.770699
83 -38.588921 -3.769613
84 -38.588584 -3.768970
85 -38.588073 -3.767970
86 -38.593500 -3.768768
87 -38.593882 -3.771079
88 -38.581512 -3.771457
89 -38.582969 -3.771463
90 -38.581663 -3.772963
91 -38.580838 -3.773388
92 -38.582312 -3.770228
93 -38.582761 -3.772396
94 -38.582150 -3.771132
95 -38.581308 -3.774298
96 -38.581081 -3.770501
97 -38.581837 -3.772047
98 -38.582465 -3.771721
99 -38.580030 -3.769806
100 -38.582074 -3.771586
101 -38.580370 -3.772477
102 -38.582136 -3.773887
103 -38.582733 -3.772249
104 -38.582789 -3.773096
105 -38.582497 -3.772534
106 -38.580536 -3.770797
107 -38.581778 -3.770331
108 -38.579721 -3.771209
109 -38.581605 -3.768900
110 -38.581183 -3.772059
111 -38.581688 -3.771788
112 -38.587059 -3.765998
113 -38.587562 -3.766972
114 -38.593553 -3.772493
115 -38.592284 -3.773645
116 -38.590563 -3.771773
117 -38.590075 -3.772705
118 -38.591919 -3.768929
119 -38.590646 -3.767591
120 -38.590001 -3.767928
121 -38.593304 -3.772143
122 -38.589480 -3.770683
123 -38.590073 -3.771074
124 -38.589450 -3.770741
125 -38.586773 -3.766150
126 -38.586538 -3.773865
127 -38.586894 -3.772989
128 -38.593640 -3.770026
129 -38.594057 -3.771354
130 -38.588164 -3.771735
131 -38.589969 -3.769742
132 -38.590567 -3.770031
133 -38.591473 -3.772019
134 -38.585890 -3.766620
135 -38.593030 -3.766588
136 -38.593537 -3.767571
137 -38.590980 -3.772399
138 -38.587664 -3.771441
139 -38.590376 -3.768820
140 -38.593394 -3.767544
141 -38.584577 -3.767318
142 -38.590127 -3.771071
143 -38.581573 -3.769907
