0 -38.479672 -3.798216
1 -38.479769 -3.796987
2 -38.479850 -3.795772
3 -38.477129 -3.789198
4 -38.476202 -3.789119
5 -38.475392 -3.789046
6 -38.474406 -3.788958
7 -38.471139 -3.788679
8 -38.468596 -3.788457
9 -38.466057 -3.788258
10 -38.476103 -3.790359
11 -38.476040 -3.791080
12 -38.475999 -3.791600
13 -38.475892 -3.792832
14 -38.475671 -3.795304
15 -38.475558 -3.796624
16 -38.475445 -3.797866
17 -38.475767 -3.794083
18 -38.474946 -3.794008
19 -38.474122 -3.793934
20 -38.473285 -3.793871
21 -38.472452 -3.793806
22 -38.471623 -3.793725
23 -38.479141 -3.794754
24 -38.477617 -3.793004
25 -38.479084 -3.795697
26 -38.477406 -3.795548
27 -38.474838 -3.795326
28 -38.474012 -3.795247
29 -38.471537 -3.795024
30 -38.468936 -3.794809
31 -38.470033 -3.791118
32 -38.471843 -3.791233
33 -38.472638 -3.791354
34 -38.474334 -3.791437
35 -38.475179 -3.791529
36 -38.477753 -3.791749
37 -38.477843 -3.790499
38 -38.477417 -3.795450
39 -38.477311 -3.796768
40 -38.477208 -3.798017
41 -38.477098 -3.799263
42 -38.476878 -3.801749
43 -38.476789 -3.792936
44 -38.475072 -3.792753
45 -38.474240 -3.792708
46 -38.473387 -3.792634
47 -38.472556 -3.792562
48 -38.475327 -3.790241
49 -38.475225 -3.791033
50 -38.477783 -3.791222
51 -38.476950 -3.791154
52 -38.474373 -3.790983
53 -38.474525 -3.789250
54 -38.469966 -3.792365
55 -38.477001 -3.790441
56 -38.474435 -3.790209
57 -38.474035 -3.788906
58 -38.477950 -3.789266
59 -38.472353 -3.795103
60 -38.469789 -3.794885
61 -38.469674 -3.796123
62 -38.469571 -3.797362
63 -38.469369 -3.799938
64 -38.468835 -3.796053
65 -38.468731 -3.797295
66 -38.468409 -3.800994
67 -38.467908 -3.797225
68 -38.467586 -3.800938
69 -38.467582 -3.790876
70 -38.467425 -3.792088
71 -38.467061 -3.797157
72 -38.466748 -3.800860
73 -38.464148 -3.800641
74 -38.465867 -3.800791
75 -38.469246 -3.801074
76 -38.470849 -3.801207
77 -38.472637 -3.801364
78 -38.473455 -3.801448
79 -38.474288 -3.801521
80 -38.475146 -3.801547
81 -38.476048 -3.801677
82 -38.477708 -3.801806
83 -38.478545 -3.801877
84 -38.479336 -3.801949
85 -38.471148 -3.798758
86 -38.470518 -3.796190
87 -38.470404 -3.797424
88 -38.470320 -3.798620
89 -38.473083 -3.796412
90 -38.473923 -3.796483
91 -38.474727 -3.796559
92 -38.478150 -3.796848
93 -38.478979 -3.796927
94 -38.472966 -3.797659
95 -38.473798 -3.797730
96 -38.474629 -3.797795
97 -38.476357 -3.797946
98 -38.478028 -3.798069
99 -38.478864 -3.798153
100 -38.473685 -3.798960
101 -38.474511 -3.799051
102 -38.475337 -3.799113
103 -38.476250 -3.799183
104 -38.477921 -3.799327
105 -38.478754 -3.799401
106 -38.479549 -3.799464
107 -38.472750 -3.800150
108 -38.473561 -3.800228
109 -38.474395 -3.800286
110 -38.475220 -3.800359
111 -38.476153 -3.800443
112 -38.476986 -3.800497
113 -38.477814 -3.800574
114 -38.478642 -3.800653
115 -38.479465 -3.800718
116 -38.479305 -3.793144
117 -38.478274 -3.795620
118 -38.476465 -3.796691
119 -38.476566 -3.795472
120 -38.476864 -3.792054
121 -38.476897 -3.791675
122 -38.471540 -3.794969
123 -38.472357 -3.795035
124 -38.474019 -3.795169
125 -38.474843 -3.795245
126 -38.475758 -3.795309
127 -38.479860 -3.795661
128 -38.476284 -3.789125
129 -38.476179 -3.790366
130 -38.476123 -3.791085
131 -38.476084 -3.791605
132 -38.475977 -3.792856
133 -38.475642 -3.796635
134 -38.475521 -3.797874
135 -38.475428 -3.799121
136 -38.475332 -3.800372
137 -38.464477 -3.796935
138 -38.462472 -3.790441
139 -38.465025 -3.790672
140 -38.460803 -3.790307
141 -38.463570 -3.798094
142 -38.461912 -3.797938
143 -38.464351 -3.798195
144 -38.463662 -3.796858
145 -38.465345 -3.797017
146 -38.459979 -3.790212
147 -38.462370 -3.791705
148 -38.460174 -3.787735
149 -38.462080 -3.794951
150 -38.458770 -3.794728
151 -38.460403 -3.795504
152 -38.469417 -3.788538
153 -38.464099 -3.791826
154 -38.460907 -3.789065
155 -38.458759 -3.794050
156 -38.464943 -3.791900
157 -38.466500 -3.793296
158 -38.465702 -3.793202
159 -38.464836 -3.793147
160 -38.465153 -3.789378
161 -38.464001 -3.793077
162 -38.463510 -3.789267
163 -38.463150 -3.793005
164 -38.461433 -3.792872
165 -38.460591 -3.792807
166 -38.459773 -3.792728
167 -38.470918 -3.791173
168 -38.458176 -3.792598
169 -38.471039 -3.789972
170 -38.460490 -3.794164
171 -38.461880 -3.800536
172 -38.460695 -3.791572
173 -38.469895 -3.793592
174 -38.461556 -3.791652
175 -38.463473 -3.799376
176 -38.462165 -3.794277
177 -38.460070 -3.788966
178 -38.461651 -3.790380
179 -38.462684 -3.787958
180 -38.465770 -3.791977
181 -38.465251 -3.788210
182 -38.459161 -3.788881
183 -38.461731 -3.789135
184 -38.462128 -3.796715
185 -38.459868 -3.791456
186 -38.461843 -3.787877
187 -38.464329 -3.789335
188 -38.466605 -3.792047
189 -38.462589 -3.789195
190 -38.462259 -3.792935
191 -38.459259 -3.787658
192 -38.464424 -3.788136
193 -38.469208 -3.791024
194 -38.461000 -3.787805
195 -38.465882 -3.790745
196 -38.463393 -3.790528
197 -38.463241 -3.791749
198 -38.460437 -3.794842
199 -38.459810 -3.792249
200 -38.458678 -3.795369
201 -38.458851 -3.792647
202 -38.466841 -3.799648
203 -38.470104 -3.801145
204 -38.465183 -3.799463
205 -38.466225 -3.800816
206 -38.465140 -3.799419
207 -38.471908 -3.800101
208 -38.465992 -3.799121
209 -38.476536 -3.791646
210 -38.479627 -3.789411
211 -38.480225 -3.791972
212 -38.471219 -3.797499
213 -38.466948 -3.798397
214 -38.465965 -3.799546
215 -38.471815 -3.801289
216 -38.472253 -3.796339
217 -38.472136 -3.797578
218 -38.472029 -3.798762
219 -38.470957 -3.801214
220 -38.465070 -3.800729
221 -38.465837 -3.801225
222 -38.464429 -3.801330
223 -38.464772 -3.802030
224 -38.464467 -3.801537
225 -38.465554 -3.801706
226 -38.464524 -3.801644
227 -38.464686 -3.801907
228 -38.464152 -3.802697
229 -38.464158 -3.801537
230 -38.464073 -3.801350
231 -38.464082 -3.800924
232 -38.465869 -3.800851
233 -38.477222 -3.800523
234 -38.475235 -3.801556
235 -38.473615 -3.799582
236 -38.473056 -3.801407
237 -38.472229 -3.799240
238 -38.472152 -3.800115
239 -38.471157 -3.800245
240 -38.471595 -3.801175
241 -38.471873 -3.800597
242 -38.471144 -3.800526
243 -38.471308 -3.800054
244 -38.468536 -3.799691
245 -38.467687 -3.799628
246 -38.468184 -3.800975
247 -38.466000 -3.798719
248 -38.466033 -3.798305
249 -38.465246 -3.798665
250 -38.464253 -3.799357
251 -38.464248 -3.799429
252 -38.461878 -3.799321
253 -38.462507 -3.799358
254 -38.462493 -3.799547
255 -38.461868 -3.799160
256 -38.461468 -3.799156
257 -38.461402 -3.799738
258 -38.461877 -3.800352
259 -38.461458 -3.800248
260 -38.460824 -3.796737
261 -38.462818 -3.796791
262 -38.462739 -3.798014
263 -38.462674 -3.798007
264 -38.462756 -3.797764
265 -38.463501 -3.799001
266 -38.462841 -3.798971
267 -38.463535 -3.798639
268 -38.463899 -3.796884
269 -38.464402 -3.796927
270 -38.464470 -3.796196
271 -38.465230 -3.798257
272 -38.464938 -3.796971
273 -38.465187 -3.796213
274 -38.464965 -3.796532
275 -38.465162 -3.796535
276 -38.464966 -3.796488
277 -38.464822 -3.796479
278 -38.464809 -3.795854
279 -38.464691 -3.796611
280 -38.466228 -3.797076
281 -38.466074 -3.798308
282 -38.467177 -3.795923
283 -38.466309 -3.796248
284 -38.466271 -3.796657
285 -38.467869 -3.797619
286 -38.467613 -3.797597
287 -38.467638 -3.797291
288 -38.467587 -3.797908
289 -38.467961 -3.796685
290 -38.467117 -3.796628
291 -38.467970 -3.796525
292 -38.467137 -3.796432
293 -38.468093 -3.794763
294 -38.468867 -3.795682
295 -38.468019 -3.795646
296 -38.467696 -3.795618
297 -38.467189 -3.795636
298 -38.468916 -3.795082
299 -38.468077 -3.795023
300 -38.468900 -3.795282
301 -38.468061 -3.795209
302 -38.468885 -3.795461
303 -38.468047 -3.795401
304 -38.468483 -3.795668
305 -38.468561 -3.794784
306 -38.467228 -3.795249
307 -38.470618 -3.794966
308 -38.473024 -3.797031
309 -38.473867 -3.796969
310 -38.478352 -3.794249
311 -38.479273 -3.793449
312 -38.478442 -3.793377
313 -38.479239 -3.793866
314 -38.478392 -3.793786
315 -38.476572 -3.795383
316 -38.473190 -3.795099
317 -38.471466 -3.795019
318 -38.471539 -3.793715
319 -38.471663 -3.792460
320 -38.472639 -3.791314
321 -38.479374 -3.792150
322 -38.478502 -3.792448
323 -38.477687 -3.792363
324 -38.478724 -3.790575
325 -38.478625 -3.791780
326 -38.479096 -3.790621
327 -38.478392 -3.790542
328 -38.478124 -3.790520
329 -38.477822 -3.790774
330 -38.476157 -3.790634
331 -38.475260 -3.790626
332 -38.474406 -3.790563
333 -38.473501 -3.791396
334 -38.473413 -3.791897
335 -38.473640 -3.790099
336 -38.473435 -3.788859
337 -38.472014 -3.788751
338 -38.471945 -3.789662
339 -38.458905 -3.791919
340 -38.458743 -3.793886
341 -38.458089 -3.793827
342 -38.459750 -3.790190
343 -38.459841 -3.789012
344 -38.459813 -3.789354
345 -38.459295 -3.789314
346 -38.459730 -3.793187
347 -38.458808 -3.793124
348 -38.458796 -3.793324
349 -38.459395 -3.792222
350 -38.461777 -3.788636
351 -38.460945 -3.788579
352 -38.461682 -3.788414
353 -38.460967 -3.788344
354 -38.461674 -3.789874
355 -38.461365 -3.792607
356 -38.461364 -3.793755
357 -38.461993 -3.792916
358 -38.461629 -3.791859
359 -38.462065 -3.792264
360 -38.461588 -3.792223
361 -38.462025 -3.792631
362 -38.461630 -3.792587
363 -38.461662 -3.790116
364 -38.462539 -3.789822
365 -38.471472 -3.794960
366 -38.471777 -3.800590
367 -38.475753 -3.795396
368 -38.473188 -3.795171
369 -38.470621 -3.794909
370 -38.474254 -3.792381
371 -38.478793 -3.789342
372 -38.478679 -3.790570
373 -38.476980 -3.790708
374 -38.478467 -3.793079
375 -38.478377 -3.793876
376 -38.468537 -3.795053
377 -38.468519 -3.795250
378 -38.468505 -3.795434
379 -38.475265 -3.790138
380 -38.476830 -3.792407
381 -38.476017 -3.792321
382 -38.476814 -3.791986
383 -38.476055 -3.791912
384 -38.478735 -3.789966
385 -38.476174 -3.789501
386 -38.475360 -3.789425
387 -38.476141 -3.789915
388 -38.475324 -3.789852
389 -38.474450 -3.789941
390 -38.475974 -3.791908
391 -38.475150 -3.791837
392 -38.474303 -3.791767
393 -38.475940 -3.792327
394 -38.475117 -3.792247
395 -38.474270 -3.792185
396 -38.475848 -3.793311
397 -38.475021 -3.793233
398 -38.475813 -3.793719
399 -38.474985 -3.793654
400 -38.474189 -3.793291
401 -38.473342 -3.793221
402 -38.473132 -3.795839
403 -38.473956 -3.796028
404 -38.469134 -3.792309
405 -38.469162 -3.793016
406 -38.470210 -3.792141
407 -38.470892 -3.791570
408 -38.469665 -3.791075
409 -38.469751 -3.790144
410 -38.469760 -3.788568
411 -38.470026 -3.788589
412 -38.467703 -3.790241
413 -38.467774 -3.788383
414 -38.467996 -3.788400
415 -38.466532 -3.788286
416 -38.468570 -3.790954
417 -38.469077 -3.793105
418 -38.466718 -3.797125
419 -38.466620 -3.798356
420 -38.463655 -3.794365
421 -38.464502 -3.793123
422 -38.464342 -3.793104
423 -38.463778 -3.793059
424 -38.463413 -3.793027
425 -38.464891 -3.792540
426 -38.464921 -3.792168
427 -38.464863 -3.792905
428 -38.463864 -3.791807
429 -38.463509 -3.791775
430 -38.463223 -3.792104
431 -38.462904 -3.792632
432 -38.465099 -3.789978
433 -38.465298 -3.788455
434 -38.465230 -3.789188
435 -38.460767 -3.790677
436 -38.461210 -3.792592
437 -38.461280 -3.791672
438 -38.461268 -3.791823
439 -38.460806 -3.791782
440 -38.461238 -3.792201
441 -38.460648 -3.792158
442 -38.460525 -3.793672
443 -38.462118 -3.796360
444 -38.460952 -3.795541
445 -38.460612 -3.795520
446 -38.460586 -3.796399
447 -38.460253 -3.795495
448 -38.459947 -3.795478
449 -38.459839 -3.796218
450 -38.459605 -3.795450
451 -38.459505 -3.796222
452 -38.459274 -3.795429
453 -38.459130 -3.796407
454 -38.465006 -3.790945
455 -38.475255 -3.801584
456 -38.475122 -3.801569
457 -38.472383 -3.799775
458 -38.472784 -3.799807
459 -38.468421 -3.794776
460 -38.475323 -3.796609
461 -38.472722 -3.797632
462 -38.473209 -3.797678
463 -38.476677 -3.794309
464 -38.476646 -3.794590
465 -38.475864 -3.794086
466 -38.476687 -3.794166
467 -38.470453 -3.794186
468 -38.470483 -3.793645
469 -38.462337 -3.787919
470 -38.460556 -3.787769
471 -38.467701 -3.788377
472 -38.462402 -3.787927
473 -38.479866 -3.795589
474 -38.463322 -3.790521
475 -38.471731 -3.792174
476 -38.472740 -3.790000
477 -38.473692 -3.789200
478 -38.471826 -3.790751
479 -38.467336 -3.793359
480 -38.470312 -3.794923
481 -38.471318 -3.797508
482 -38.471437 -3.796271
483 -38.471342 -3.796261
484 -38.471344 -3.791164
485 -38.471289 -3.791214
486 -38.467082 -3.795920
487 -38.466992 -3.796712
488 -38.470328 -3.789918
489 -38.467019 -3.796307
490 -38.467172 -3.795777
491 -38.468003 -3.795979
492 -38.471757 -3.792476
493 -38.467268 -3.794762
494 -38.462656 -3.798707
495 -38.458767 -3.793573
496 -38.464120 -3.805411
497 -38.464458 -3.805977
498 -38.473239 -3.794465
499 -38.474072 -3.794532
500 -38.473249 -3.794335
501 -38.471655 -3.793424
502 -38.464055 -3.790592
503 -38.463632 -3.790551
504 -38.471867 -3.790883
505 -38.468589 -3.791988
506 -38.468501 -3.792286
507 -38.469150 -3.792831
508 -38.477853 -3.793025
509 -38.477753 -3.793161
510 -38.473057 -3.801369
511 -38.475321 -3.796641
512 -38.475664 -3.795391
513 -38.477216 -3.800594
514 -38.468190 -3.800927
515 -38.458702 -3.793573
516 -38.467373 -3.794536
517 -38.467387 -3.794707
518 -38.463580 -3.794434
519 -38.464270 -3.793202
520 -38.464539 -3.793213
521 -38.468509 -3.793655
522 -38.462397 -3.788016
523 -38.466524 -3.788376
524 -38.460994 -3.788583
525 -38.461715 -3.788632
526 -38.463637 -3.790494
527 -38.463898 -3.790531
528 -38.463895 -3.790577
529 -38.464060 -3.790539
530 -38.461610 -3.789869
531 -38.461728 -3.790121
532 -38.462607 -3.789828
533 -38.473557 -3.799577
534 -38.473816 -3.796964
535 -38.473894 -3.796021
536 -38.472727 -3.797583
537 -38.473204 -3.797729
538 -38.474186 -3.792374
539 -38.473397 -3.793225
540 -38.474106 -3.793284
541 -38.473191 -3.794330
542 -38.473290 -3.794469
543 -38.469755 -3.788641
544 -38.470019 -3.788665
545 -38.464943 -3.790939
546 -38.471941 -3.790885
547 -38.464975 -3.792172
548 -38.463861 -3.791865
549 -38.463503 -3.791834
550 -38.460617 -3.792538
551 -38.460702 -3.790670
552 -38.479314 -3.792144
553 -38.478121 -3.790586
554 -38.478391 -3.790601
555 -38.478669 -3.789961
556 -38.478801 -3.789972
557 -38.467255 -3.794657
558 -38.467206 -3.794707
559 -38.467269 -3.794501
560 -38.467266 -3.794672
561 -38.467301 -3.794571
562 -38.467254 -3.794602
563 -38.467248 -3.794620
564 -38.467320 -3.794686
565 -38.467361 -3.794648
566 -38.467301 -3.794688
567 -38.467361 -3.794610
568 -38.467320 -3.794573
569 -38.469309 -3.789855
570 -38.476137 -3.799965
571 -38.476184 -3.799970
572 -38.460357 -3.796472
573 -38.474455 -3.789889
574 -38.471259 -3.797078
575 -38.470881 -3.797050
576 -38.469653 -3.796369
577 -38.469260 -3.796339
578 -38.479092 -3.790675
579 -38.463586 -3.798643
580 -38.462815 -3.797768
581 -38.463775 -3.793096
582 -38.463408 -3.793076
583 -38.459858 -3.788946
584 -38.459890 -3.788519
585 -38.458759 -3.793682
586 -38.458906 -3.793694
587 -38.464923 -3.792910
588 -38.465168 -3.789986
589 -38.465169 -3.789184
590 -38.465230 -3.788450
591 -38.464949 -3.792546
592 -38.474022 -3.794526
593 -38.471698 -3.793427
594 -38.474407 -3.789885
595 -38.474401 -3.789936
596 -38.463897 -3.796920
597 -38.461875 -3.799272
