0 -38.420599 -3.807769
1 -38.420676 -3.808919
2 -38.423018 -3.806485
3 -38.422142 -3.810185
4 -38.423751 -3.809910
5 -38.425401 -3.809667
6 -38.418276 -3.808096
7 -38.414819 -3.809070
8 -38.413623 -3.809736
9 -38.411396 -3.810928
10 -38.410156 -3.812382
11 -38.411259 -3.811015
12 -38.410595 -3.813940
13 -38.414647 -3.812414
14 -38.412249 -3.813036
15 -38.410482 -3.813516
16 -38.410253 -3.812706
17 -38.411882 -3.812110
18 -38.410483 -3.810208
19 -38.410630 -3.810398
20 -38.411997 -3.808331
21 -38.411696 -3.808285
22 -38.412610 -3.808747
23 -38.411258 -3.809479
24 -38.410717 -3.810497
25 -38.412704 -3.809420
26 -38.413151 -3.808103
27 -38.412511 -3.808131
28 -38.413028 -3.810065
29 -38.414692 -3.808358
30 -38.414643 -3.808079
31 -38.413300 -3.809101
32 -38.414497 -3.807220
33 -38.412981 -3.807259
34 -38.414413 -3.806722
35 -38.412887 -3.806330
36 -38.415359 -3.806103
37 -38.414199 -3.805415
38 -38.413664 -3.806786
39 -38.414403 -3.806658
40 -38.416015 -3.805713
41 -38.415137 -3.805711
42 -38.414330 -3.806211
43 -38.416449 -3.807400
44 -38.414659 -3.808167
45 -38.416152 -3.807658
46 -38.417254 -3.808258
47 -38.414259 -3.811196
48 -38.412898 -3.813006
49 -38.414026 -3.813272
50 -38.413819 -3.812694
51 -38.415108 -3.814006
52 -38.414753 -3.812727
53 -38.417407 -3.812376
54 -38.420516 -3.806521
55 -38.420418 -3.805307
56 -38.420512 -3.806469
57 -38.423205 -3.807519
58 -38.423829 -3.805293
59 -38.423045 -3.805285
60 -38.423067 -3.805560
61 -38.421746 -3.806418
62 -38.423137 -3.806587
63 -38.424199 -3.806927
64 -38.424337 -3.807401
65 -38.424178 -3.807414
66 -38.422718 -3.810836
67 -38.423872 -3.810652
68 -38.426194 -3.809571
69 -38.428495 -3.806991
70 -38.414937 -3.813274
71 -38.428638 -3.807957
72 -38.427656 -3.807075
73 -38.426722 -3.807172
74 -38.427008 -3.806564
75 -38.411532 -3.813576
76 -38.417125 -3.805492
77 -38.418172 -3.804527
78 -38.412138 -3.808147
79 -38.420601 -3.807821
80 -38.420635 -3.808244
81 -38.427194 -3.808149
82 -38.428016 -3.807039
83 -38.427955 -3.806313
84 -38.427848 -3.805827
85 -38.428479 -3.806239
86 -38.411946 -3.808408
87 -38.411776 -3.808185
88 -38.411565 -3.808501
89 -38.411820 -3.808599
90 -38.411416 -3.808753
91 -38.411619 -3.808913
92 -38.411241 -3.809050
93 -38.411447 -3.809183
94 -38.411070 -3.809394
95 -38.411312 -3.809394
96 -38.417008 -3.808298
97 -38.416845 -3.807870
98 -38.415363 -3.810921
99 -38.416589 -3.813051
100 -38.416438 -3.812536
101 -38.410674 -3.814242
