0 -38.550507 -3.722941
1 -38.552892 -3.724892
2 -38.555935 -3.725452
3 -38.552064 -3.724769
4 -38.546291 -3.725596
5 -38.547193 -3.726598
6 -38.547155 -3.726345
7 -38.546402 -3.726437
8 -38.549204 -3.727433
9 -38.550068 -3.728066
10 -38.550765 -3.727239
11 -38.547481 -3.728740
12 -38.546098 -3.727821
13 -38.551854 -3.723541
14 -38.558933 -3.721071
15 -38.557979 -3.721997
16 -38.556610 -3.721433
17 -38.555828 -3.725431
18 -38.555718 -3.722621
19 -38.560312 -3.721443
20 -38.551992 -3.724307
21 -38.552789 -3.724242
22 -38.555821 -3.723584
23 -38.553303 -3.723202
24 -38.554554 -3.722907
25 -38.554691 -3.724388
26 -38.554710 -3.725221
27 -38.548100 -3.725374
28 -38.548246 -3.726457
29 -38.548392 -3.727545
30 -38.548545 -3.728617
31 -38.547347 -3.727672
32 -38.547043 -3.725511
33 -38.553975 -3.724550
34 -38.556681 -3.723926
35 -38.556289 -3.725523
36 -38.556978 -3.722844
37 -38.557441 -3.721251
38 -38.556048 -3.723739
39 -38.556587 -3.721569
40 -38.556347 -3.723833
41 -38.558053 -3.724299
42 -38.558355 -3.723228
43 -38.558642 -3.722148
44 -38.560026 -3.722510
45 -38.559328 -3.722326
46 -38.556362 -3.722481
47 -38.555886 -3.724143
48 -38.547557 -3.725446
49 -38.546682 -3.728618
50 -38.547714 -3.726527
51 -38.547859 -3.727607
52 -38.546570 -3.727800
53 -38.551532 -3.727139
54 -38.551403 -3.726053
55 -38.548932 -3.725265
56 -38.549713 -3.725167
57 -38.549981 -3.727345
58 -38.549065 -3.726352
59 -38.550635 -3.726151
60 -38.552044 -3.727079
61 -38.551904 -3.725995
62 -38.549846 -3.726257
63 -38.558205 -3.721080
64 -38.557159 -3.721312
65 -38.556317 -3.722669
66 -38.557806 -3.723044
67 -38.557217 -3.724074
68 -38.557030 -3.724021
69 -38.557033 -3.725645
70 -38.546981 -3.725090
71 -38.546224 -3.725175
72 -38.546290 -3.724771
73 -38.548854 -3.724649
74 -38.547999 -3.724661
75 -38.546073 -3.725852
76 -38.547456 -3.724696
77 -38.549652 -3.724674
78 -38.550449 -3.724725
79 -38.546932 -3.724728
80 -38.551106 -3.724761
81 -38.552629 -3.723361
82 -38.559621 -3.721257
83 -38.557279 -3.721749
84 -38.559051 -3.723405
85 -38.559727 -3.723588
86 -38.560427 -3.723780
87 -38.558756 -3.724483
88 -38.559443 -3.724672
89 -38.549338 -3.728516
90 -38.552719 -3.726996
91 -38.547101 -3.725930
92 -38.546349 -3.726033
93 -38.546458 -3.726912
94 -38.546941 -3.726861
95 -38.560126 -3.722139
96 -38.559421 -3.721981
97 -38.559916 -3.722906
98 -38.559231 -3.722716
99 -38.558902 -3.723945
100 -38.558202 -3.723759
101 -38.554732 -3.724866
102 -38.555661 -3.725399
103 -38.554610 -3.723407
104 -38.553398 -3.723682
105 -38.549580 -3.724565
106 -38.549401 -3.723647
107 -38.550648 -3.723353
108 -38.550782 -3.723769
109 -38.549638 -3.723597
110 -38.546011 -3.727072
111 -38.545922 -3.726634
112 -38.545957 -3.726433
113 -38.546156 -3.725498
114 -38.546282 -3.725524
115 -38.555842 -3.723747
116 -38.551076 -3.724661
117 -38.555630 -3.721658
118 -38.554471 -3.721920
119 -38.554255 -3.721968
120 -38.553084 -3.722232
121 -38.552417 -3.722386
122 -38.551707 -3.722560
123 -38.553496 -3.724146
124 -38.554643 -3.723882
125 -38.557988 -3.721936
126 -38.546566 -3.727763
127 -38.558436 -3.722929
128 -38.548837 -3.724526
129 -38.557616 -3.724192
130 -38.558075 -3.721597
131 -38.557688 -3.721480
132 -38.551758 -3.724838
133 -38.552534 -3.724936
134 -38.558379 -3.725928
135 -38.556629 -3.725582
136 -38.557685 -3.725752
137 -38.549157 -3.724540
