0 -38.566179 -3.797081
1 -38.569700 -3.795999
2 -38.571936 -3.803258
3 -38.569101 -3.794167
4 -38.568630 -3.793337
5 -38.568058 -3.792578
6 -38.572065 -3.803214
7 -38.569837 -3.795962
8 -38.563215 -3.795967
9 -38.571962 -3.803355
10 -38.565862 -3.793153
11 -38.567026 -3.791182
12 -38.565291 -3.793826
13 -38.566721 -3.787861
14 -38.565460 -3.788252
15 -38.564457 -3.788555
16 -38.563507 -3.788857
17 -38.562551 -3.789185
18 -38.561953 -3.789369
19 -38.564073 -3.790694
20 -38.563110 -3.790982
21 -38.562512 -3.791163
22 -38.564343 -3.791574
23 -38.566600 -3.791993
24 -38.565586 -3.792225
25 -38.564624 -3.792506
26 -38.567790 -3.792657
27 -38.564153 -3.792652
28 -38.563667 -3.792802
29 -38.566922 -3.792931
30 -38.565972 -3.793029
31 -38.566063 -3.793203
32 -38.565099 -3.794009
33 -38.568340 -3.794411
34 -38.564543 -3.794558
35 -38.567473 -3.794662
36 -38.564269 -3.794822
37 -38.566579 -3.794931
38 -38.565710 -3.795183
39 -38.563840 -3.795288
40 -38.564836 -3.795443
41 -38.563556 -3.795588
42 -38.563979 -3.795721
43 -38.564263 -3.796592
44 -38.566301 -3.797031
45 -38.565374 -3.797324
46 -38.564536 -3.797569
47 -38.563693 -3.797821
48 -38.562694 -3.798127
49 -38.568472 -3.792880
50 -38.570021 -3.793080
51 -38.571027 -3.793215
52 -38.572018 -3.793360
53 -38.570065 -3.793770
54 -38.574623 -3.793935
55 -38.571053 -3.793929
56 -38.572062 -3.794087
57 -38.572079 -3.794223
58 -38.571207 -3.794470
59 -38.574690 -3.794511
60 -38.570343 -3.794733
61 -38.573222 -3.794905
62 -38.569534 -3.794979
63 -38.572374 -3.795181
64 -38.571497 -3.795450
65 -38.570628 -3.795707
66 -38.572633 -3.796043
67 -38.571782 -3.796329
68 -38.571923 -3.796820
69 -38.572939 -3.797036
70 -38.570390 -3.797816
71 -38.570243 -3.797340
72 -38.565975 -3.796049
73 -38.572092 -3.803315
74 -38.574957 -3.802208
75 -38.563422 -3.792006
76 -38.563542 -3.792387
77 -38.564958 -3.790115
78 -38.563985 -3.790406
79 -38.565121 -3.790653
80 -38.564156 -3.790939
81 -38.566008 -3.790080
82 -38.565035 -3.790377
83 -38.564039 -3.794040
84 -38.563383 -3.793829
85 -38.564099 -3.794263
86 -38.564516 -3.793939
87 -38.564993 -3.793690
88 -38.564538 -3.793832
89 -38.563963 -3.793794
90 -38.564302 -3.793548
91 -38.564868 -3.793282
92 -38.563892 -3.793574
93 -38.566315 -3.794071
94 -38.567790 -3.794584
95 -38.567543 -3.793693
96 -38.569398 -3.795015
97 -38.568599 -3.795263
98 -38.567306 -3.794713
99 -38.566550 -3.794970
100 -38.565070 -3.795875
101 -38.565135 -3.796078
102 -38.565446 -3.794320
103 -38.564577 -3.794611
104 -38.563544 -3.795873
105 -38.563763 -3.796514
106 -38.563139 -3.796092
107 -38.565067 -3.796317
108 -38.568049 -3.796499
109 -38.567517 -3.796655
110 -38.571698 -3.802482
111 -38.564409 -3.797604
112 -38.574523 -3.792504
113 -38.573873 -3.793723
114 -38.573901 -3.793298
115 -38.573123 -3.793580
116 -38.573171 -3.793045
117 -38.570182 -3.793104
118 -38.573749 -3.793698
119 -38.573665 -3.794349
120 -38.573018 -3.793563
121 -38.573021 -3.794234
122 -38.573849 -3.796748
123 -38.573801 -3.794888
124 -38.573530 -3.795777
125 -38.573197 -3.797880
126 -38.571706 -3.796106
127 -38.570040 -3.796629
128 -38.572431 -3.798490
129 -38.570813 -3.799217
130 -38.572070 -3.797290
131 -38.568069 -3.793523
132 -38.567192 -3.793801
133 -38.566858 -3.787820
134 -38.567585 -3.791993
135 -38.568258 -3.792857
136 -38.572899 -3.793539
137 -38.571631 -3.801921
138 -38.571641 -3.802320
139 -38.571746 -3.802284
140 -38.570544 -3.798315
141 -38.570494 -3.798141
142 -38.567686 -3.791910
143 -38.565844 -3.795635
144 -38.562424 -3.788813
145 -38.562656 -3.789117
146 -38.565909 -3.795834
147 -38.564780 -3.795464
148 -38.567500 -3.796603
149 -38.568032 -3.796441
150 -38.570195 -3.793021
151 -38.572911 -3.793439
152 -38.563733 -3.788731
153 -38.563750 -3.788780
154 -38.574365 -3.802606
155 -38.574336 -3.802506
156 -38.562360 -3.792340
157 -38.566579 -3.791934
158 -38.562247 -3.789278
159 -38.564009 -3.788699
160 -38.562840 -3.789070
161 -38.572968 -3.798249
162 -38.566637 -3.791917
163 -38.565812 -3.795521
164 -38.565888 -3.795770
165 -38.566472 -3.791586
166 -38.562830 -3.789039
167 -38.564032 -3.788779
168 -38.566365 -3.791618
169 -38.562509 -3.792725
170 -38.568190 -3.792536
171 -38.563498 -3.795651
172 -38.563510 -3.795594
173 -38.567555 -3.795496
174 -38.571783 -3.794916
175 -38.571375 -3.795037
176 -38.572521 -3.797429
177 -38.572144 -3.797537
178 -38.573152 -3.795889
179 -38.573167 -3.795939
