0 -38.482251 -3.830314
1 -38.482178 -3.828292
2 -38.476217 -3.825993
3 -38.475336 -3.826152
4 -38.478036 -3.826239
5 -38.474439 -3.826312
6 -38.477372 -3.826841
7 -38.478585 -3.826972
8 -38.476487 -3.827232
9 -38.478090 -3.827364
10 -38.475510 -3.827321
11 -38.478319 -3.827492
12 -38.480468 -3.827988
13 -38.478413 -3.828169
14 -38.477489 -3.828280
15 -38.475735 -3.828570
16 -38.474874 -3.828729
17 -38.481235 -3.829097
18 -38.478543 -3.829366
19 -38.477632 -3.829476
20 -38.476928 -3.829591
21 -38.477806 -3.830786
22 -38.476212 -3.831131
23 -38.475454 -3.831793
24 -38.480659 -3.831553
25 -38.477967 -3.831888
26 -38.477029 -3.832015
27 -38.478089 -3.832947
28 -38.475724 -3.831564
29 -38.475204 -3.831976
30 -38.476129 -3.832143
31 -38.475760 -3.832418
32 -38.481650 -3.832441
33 -38.479388 -3.832761
34 -38.478153 -3.832938
35 -38.475442 -3.833090
36 -38.476866 -3.833168
37 -38.476487 -3.833449
38 -38.476311 -3.833579
39 -38.476105 -3.833949
40 -38.477898 -3.834626
41 -38.477530 -3.834888
42 -38.477165 -3.835170
43 -38.476167 -3.835159
44 -38.477050 -3.835254
45 -38.476783 -3.835444
46 -38.476556 -3.835615
47 -38.476866 -3.835944
48 -38.478470 -3.836211
49 -38.481086 -3.836148
50 -38.478094 -3.836460
51 -38.477728 -3.836731
52 -38.480767 -3.837266
53 -38.476712 -3.828394
54 -38.480882 -3.827434
55 -38.481173 -3.828353
56 -38.480218 -3.827996
57 -38.480350 -3.829208
58 -38.480518 -3.830477
59 -38.481432 -3.830400
60 -38.481571 -3.831449
61 -38.480775 -3.832561
62 -38.474881 -3.826229
63 -38.476864 -3.830882
64 -38.479752 -3.831658
65 -38.479595 -3.830582
66 -38.479442 -3.829278
67 -38.479296 -3.828076
68 -38.478979 -3.826647
69 -38.478432 -3.825898
70 -38.478619 -3.827439
71 -38.478395 -3.827130
72 -38.478150 -3.826814
73 -38.479305 -3.826377
74 -38.475917 -3.826042
75 -38.476222 -3.828489
76 -38.476023 -3.827454
77 -38.476973 -3.828346
78 -38.477196 -3.829553
79 -38.478693 -3.830682
80 -38.478851 -3.831775
81 -38.478981 -3.832820
82 -38.478586 -3.831812
83 -38.478723 -3.832860
84 -38.478282 -3.831855
85 -38.478411 -3.832903
86 -38.480587 -3.831015
87 -38.480257 -3.831062
88 -38.480552 -3.830769
89 -38.480119 -3.830820
90 -38.480618 -3.831277
91 -38.480192 -3.831324
92 -38.480606 -3.831147
93 -38.481022 -3.831089
94 -38.478543 -3.827010
95 -38.476267 -3.825985
96 -38.476419 -3.827179
97 -38.477560 -3.828876
98 -38.477089 -3.830861
99 -38.475490 -3.834420
100 -38.478579 -3.837164
101 -38.476986 -3.833323
102 -38.476568 -3.831737
103 -38.476330 -3.831532
104 -38.476280 -3.830981
105 -38.474958 -3.829159
106 -38.474893 -3.828820
107 -38.475051 -3.829630
108 -38.475001 -3.829365
109 -38.474945 -3.829092
110 -38.474805 -3.833625
111 -38.480992 -3.827530
112 -38.476403 -3.830960
113 -38.478369 -3.828784
114 -38.475993 -3.829819
115 -38.478704 -3.825588
116 -38.478846 -3.825568
117 -38.479264 -3.827656
118 -38.481614 -3.828001
119 -38.475931 -3.826135
120 -38.476850 -3.830805
121 -38.480756 -3.828791
122 -38.480308 -3.828840
123 -38.478514 -3.829080
124 -38.478864 -3.829018
125 -38.475976 -3.826033
126 -38.475993 -3.826122
