0 -38.481320 -3.845697
1 -38.480430 -3.847074
2 -38.480892 -3.847227
3 -38.481273 -3.847355
4 -38.481390 -3.847391
5 -38.481665 -3.847481
6 -38.481839 -3.847540
7 -38.482222 -3.847667
8 -38.476845 -3.848398
9 -38.477211 -3.848501
10 -38.481341 -3.848739
11 -38.478610 -3.848837
12 -38.481763 -3.848870
13 -38.479178 -3.848870
14 -38.480384 -3.848958
15 -38.479761 -3.848916
16 -38.482177 -3.849028
17 -38.480898 -3.849002
18 -38.478564 -3.849233
19 -38.480825 -3.849610
20 -38.482819 -3.849852
21 -38.476588 -3.850332
22 -38.478466 -3.850501
23 -38.479029 -3.850544
24 -38.479610 -3.850590
25 -38.480727 -3.850675
26 -38.477770 -3.851508
27 -38.481459 -3.851793
28 -38.479290 -3.851875
29 -38.481714 -3.851817
30 -38.482938 -3.852077
31 -38.479970 -3.852201
32 -38.481357 -3.852389
33 -38.481329 -3.852558
34 -38.483016 -3.852661
35 -38.479115 -3.852655
36 -38.479828 -3.852821
37 -38.481310 -3.853178
38 -38.478930 -3.853348
39 -38.481097 -3.853877
40 -38.482905 -3.853975
41 -38.482673 -3.855035
42 -38.482682 -3.855164
43 -38.479180 -3.857181
44 -38.480702 -3.857805
45 -38.481508 -3.858051
46 -38.479291 -3.858062
47 -38.481536 -3.858261
48 -38.477779 -3.858335
49 -38.479394 -3.858633
50 -38.483019 -3.858511
51 -38.478305 -3.858833
52 -38.481641 -3.858842
53 -38.479490 -3.859203
54 -38.481747 -3.859399
55 -38.478632 -3.859351
56 -38.479591 -3.859779
57 -38.481845 -3.859958
58 -38.479038 -3.859899
59 -38.479693 -3.860347
60 -38.479127 -3.860439
61 -38.481948 -3.860546
62 -38.479801 -3.860934
63 -38.479181 -3.861011
64 -38.479988 -3.862015
65 -38.490765 -3.861516
66 -38.491731 -3.858011
67 -38.490817 -3.857871
68 -38.484367 -3.856845
69 -38.483914 -3.856692
70 -38.491742 -3.857939
71 -38.483778 -3.856712
72 -38.484098 -3.855534
73 -38.484363 -3.856761
74 -38.487070 -3.857192
75 -38.487266 -3.856016
76 -38.487521 -3.857262
77 -38.486626 -3.857124
78 -38.486809 -3.855958
79 -38.486162 -3.857047
80 -38.485705 -3.856978
81 -38.485902 -3.855849
82 -38.485260 -3.856908
83 -38.484810 -3.856834
84 -38.490623 -3.862461
85 -38.491322 -3.862356
86 -38.491171 -3.861454
87 -38.490073 -3.861395
88 -38.491285 -3.857859
89 -38.490833 -3.857786
90 -38.490370 -3.857715
91 -38.489927 -3.857642
92 -38.489461 -3.857570
93 -38.489654 -3.856387
94 -38.489011 -3.857499
95 -38.489198 -3.856316
96 -38.487732 -3.856076
97 -38.491308 -3.857947
98 -38.488983 -3.857594
99 -38.490570 -3.859007
100 -38.489261 -3.858778
101 -38.490971 -3.858482
102 -38.489038 -3.858161
103 -38.488419 -3.857493
104 -38.489081 -3.859462
105 -38.487586 -3.859235
106 -38.487664 -3.857372
107 -38.487566 -3.857356
108 -38.488605 -3.858081
109 -38.487657 -3.857950
110 -38.488814 -3.858704
111 -38.487626 -3.858525
112 -38.487051 -3.857276
113 -38.486910 -3.859138
114 -38.486613 -3.857208
115 -38.485269 -3.858171
116 -38.486537 -3.858361
117 -38.486586 -3.857770
118 -38.484287 -3.857408
119 -38.483659 -3.855432
120 -38.483563 -3.856251
121 -38.484197 -3.857972
122 -38.483414 -3.857864
123 -38.484323 -3.857135
124 -38.483650 -3.857027
125 -38.484238 -3.857687
126 -38.483523 -3.857552
127 -38.483602 -3.857299
128 -38.483198 -3.860309
129 -38.483101 -3.859312
130 -38.483666 -3.859624
131 -38.483137 -3.859733
132 -38.483374 -3.860282
133 -38.484093 -3.860144
134 -38.483018 -3.860345
135 -38.479912 -3.861499
136 -38.483084 -3.859153
137 -38.483025 -3.858595
138 -38.481459 -3.855812
139 -38.477735 -3.855989
140 -38.487747 -3.860982
141 -38.488109 -3.859324
142 -38.487200 -3.860873
143 -38.488994 -3.861210
144 -38.488256 -3.861087
145 -38.488329 -3.861660
146 -38.486226 -3.862018
147 -38.487634 -3.861778
148 -38.487743 -3.862530
149 -38.485994 -3.860808
150 -38.485233 -3.862784
151 -38.485589 -3.862475
152 -38.480458 -3.845863
153 -38.481703 -3.846269
154 -38.482226 -3.846661
155 -38.480453 -3.846099
156 -38.482268 -3.846918
157 -38.480448 -3.846326
158 -38.482319 -3.847171
159 -38.480443 -3.846564
160 -38.480437 -3.846804
161 -38.481386 -3.847696
162 -38.481363 -3.848167
163 -38.482630 -3.848799
164 -38.481355 -3.848385
165 -38.480413 -3.848284
166 -38.481355 -3.848348
167 -38.481339 -3.848635
168 -38.480403 -3.848523
169 -38.480393 -3.848770
170 -38.480974 -3.848329
171 -38.480962 -3.848804
172 -38.480922 -3.848802
173 -38.477797 -3.848560
174 -38.477790 -3.847029
175 -38.480180 -3.850630
176 -38.478520 -3.849697
177 -38.479668 -3.849798
178 -38.478497 -3.849962
179 -38.479651 -3.850048
180 -38.478476 -3.850233
181 -38.479638 -3.850303
182 -38.480860 -3.849331
183 -38.482111 -3.849305
184 -38.480885 -3.849064
185 -38.481803 -3.849141
186 -38.481367 -3.849634
187 -38.481379 -3.850732
188 -38.481989 -3.849642
189 -38.481902 -3.850771
190 -38.481982 -3.849912
191 -38.481373 -3.850166
192 -38.481956 -3.850189
193 -38.481930 -3.850475
194 -38.482721 -3.850573
195 -38.482655 -3.848884
196 -38.480920 -3.846013
197 -38.481311 -3.846134
198 -38.480919 -3.846249
199 -38.481305 -3.846373
200 -38.480916 -3.846482
201 -38.481694 -3.846496
202 -38.481300 -3.846609
203 -38.480908 -3.846709
204 -38.481685 -3.846732
205 -38.481294 -3.846835
206 -38.480900 -3.846945
207 -38.481679 -3.846966
208 -38.481288 -3.847067
209 -38.481673 -3.847202
210 -38.481821 -3.847848
211 -38.482212 -3.847975
212 -38.481809 -3.848065
213 -38.482205 -3.848195
214 -38.481796 -3.848298
215 -38.482197 -3.848429
216 -38.481783 -3.848524
217 -38.480966 -3.848585
218 -38.482189 -3.848662
219 -38.479085 -3.849747
220 -38.480256 -3.849833
221 -38.480785 -3.849872
222 -38.481370 -3.849897
223 -38.479066 -3.850008
224 -38.480229 -3.850086
225 -38.480763 -3.850131
226 -38.479049 -3.850265
227 -38.480210 -3.850355
228 -38.480749 -3.850398
229 -38.481375 -3.850438
230 -38.486922 -3.861894
231 -38.478607 -3.852517
232 -38.481371 -3.847934
233 -38.480419 -3.847850
234 -38.481673 -3.850754
235 -38.478864 -3.853640
236 -38.479190 -3.857492
237 -38.477426 -3.857810
238 -38.482145 -3.859886
239 -38.490279 -3.859737
240 -38.476870 -3.849461
241 -38.487513 -3.857347
242 -38.486149 -3.857132
243 -38.476999 -3.849098
244 -38.478630 -3.855553
245 -38.477530 -3.855822
246 -38.477103 -3.852898
247 -38.478031 -3.852382
248 -38.475326 -3.851781
249 -38.482050 -3.861094
250 -38.481910 -3.861126
251 -38.479187 -3.857332
252 -38.479478 -3.857425
253 -38.491266 -3.857941
254 -38.489441 -3.857659
255 -38.489910 -3.857730
256 -38.490356 -3.857800
257 -38.491329 -3.857865
258 -38.485692 -3.857059
259 -38.484797 -3.856913
260 -38.485249 -3.856986
261 -38.483900 -3.856769
262 -38.483023 -3.856673
263 -38.479383 -3.861766
264 -38.479160 -3.861066
265 -38.484454 -3.855605
266 -38.488522 -3.856174
267 -38.480123 -3.851603
268 -38.481365 -3.848000
269 -38.480328 -3.848954
270 -38.482704 -3.849067
271 -38.482710 -3.856127
272 -38.481205 -3.853665
273 -38.482310 -3.853807
274 -38.482542 -3.853869
275 -38.482861 -3.854107
276 -38.480440 -3.850942
277 -38.483968 -3.855500
278 -38.480474 -3.845214
279 -38.479403 -3.851376
280 -38.483088 -3.855681
281 -38.481355 -3.854242
282 -38.481469 -3.853714
283 -38.481733 -3.853744
284 -38.482030 -3.853757
285 -38.482153 -3.854453
286 -38.481017 -3.854050
287 -38.482409 -3.854517
288 -38.485853 -3.856127
289 -38.485392 -3.856054
290 -38.487495 -3.858516
