0 -38.564182 -3.735472
1 -38.557601 -3.734106
2 -38.555750 -3.733736
3 -38.553699 -3.733315
4 -38.552253 -3.733014
5 -38.550667 -3.732693
6 -38.549838 -3.732521
7 -38.555553 -3.728874
8 -38.552522 -3.730879
9 -38.553598 -3.730750
10 -38.548922 -3.731342
11 -38.554860 -3.728899
12 -38.552143 -3.731834
13 -38.551368 -3.731932
14 -38.555479 -3.729916
15 -38.551053 -3.729403
16 -38.553728 -3.727990
17 -38.554415 -3.727915
18 -38.552320 -3.729256
19 -38.553248 -3.728025
20 -38.553363 -3.729123
21 -38.551185 -3.730501
22 -38.552185 -3.728158
23 -38.551818 -3.729315
24 -38.555614 -3.727916
25 -38.551253 -3.731037
26 -38.550263 -3.729515
27 -38.555004 -3.727909
28 -38.564667 -3.731046
29 -38.555767 -3.725996
30 -38.556819 -3.726215
31 -38.555723 -3.726436
32 -38.556756 -3.726666
33 -38.560328 -3.726825
34 -38.555684 -3.726886
35 -38.561179 -3.727004
36 -38.561892 -3.727126
37 -38.556697 -3.727125
38 -38.555636 -3.727375
39 -38.562916 -3.727424
40 -38.556634 -3.727614
41 -38.559931 -3.727867
42 -38.560463 -3.727984
43 -38.560864 -3.728066
44 -38.561557 -3.728203
45 -38.555604 -3.728279
46 -38.556446 -3.728397
47 -38.562543 -3.728410
48 -38.559543 -3.728903
49 -38.559837 -3.728962
50 -38.560065 -3.729006
51 -38.560538 -3.729092
52 -38.555526 -3.729164
53 -38.561236 -3.729226
54 -38.561591 -3.729286
55 -38.562135 -3.729394
56 -38.559158 -3.729938
57 -38.555480 -3.729953
58 -38.559453 -3.729981
59 -38.556297 -3.730036
60 -38.560224 -3.730116
61 -38.560620 -3.730178
62 -38.561138 -3.730263
63 -38.552453 -3.730333
64 -38.561743 -3.730376
65 -38.550402 -3.730603
66 -38.558445 -3.730585
67 -38.549605 -3.730698
68 -38.558855 -3.730712
69 -38.559884 -3.731168
70 -38.556146 -3.731176
71 -38.559780 -3.731499
72 -38.558365 -3.732035
73 -38.554717 -3.732126
74 -38.555998 -3.732295
75 -38.559519 -3.732281
76 -38.560477 -3.732559
77 -38.554419 -3.732620
78 -38.555882 -3.733039
79 -38.557977 -3.733073
80 -38.557444 -3.733391
81 -38.559967 -3.733524
82 -38.557257 -3.734036
83 -38.559101 -3.733299
84 -38.558732 -3.734342
85 -38.563022 -3.735229
86 -38.551958 -3.730398
87 -38.552031 -3.730947
88 -38.550473 -3.731142
89 -38.549680 -3.731253
90 -38.564434 -3.734149
91 -38.554543 -3.726569
92 -38.554278 -3.728969
93 -38.554268 -3.730085
94 -38.554474 -3.727277
95 -38.553718 -3.729080
96 -38.553284 -3.728420
97 -38.552586 -3.728110
98 -38.553659 -3.730189
99 -38.553110 -3.730808
100 -38.553050 -3.730266
101 -38.552966 -3.729536
102 -38.551013 -3.729080
103 -38.550221 -3.729188
104 -38.554987 -3.730037
105 -38.554702 -3.728911
106 -38.554791 -3.730030
107 -38.554728 -3.729221
108 -38.554273 -3.729249
109 -38.554738 -3.729485
110 -38.554268 -3.729519
111 -38.554765 -3.729753
112 -38.554264 -3.729798
113 -38.554929 -3.729203
114 -38.555506 -3.729452
115 -38.554941 -3.729484
116 -38.555494 -3.729705
117 -38.554962 -3.729739
118 -38.555550 -3.730788
119 -38.556163 -3.731053
120 -38.558776 -3.728277
121 -38.559667 -3.727800
122 -38.556185 -3.730888
123 -38.550581 -3.732032
124 -38.551305 -3.731444
125 -38.550521 -3.731533
126 -38.550907 -3.731489
127 -38.550973 -3.731977
128 -38.564886 -3.728861
129 -38.564755 -3.729932
130 -38.564342 -3.729829
131 -38.563204 -3.731598
132 -38.564602 -3.731854
133 -38.560305 -3.727948
134 -38.560441 -3.727555
135 -38.559995 -3.730823
136 -38.559750 -3.730737
137 -38.556595 -3.733908
138 -38.556745 -3.733217
139 -38.556820 -3.732848
140 -38.557137 -3.732534
141 -38.560399 -3.733628
142 -38.563390 -3.735305
143 -38.563745 -3.733931
144 -38.563964 -3.733135
145 -38.564498 -3.733238
146 -38.562683 -3.732901
147 -38.563702 -3.733077
148 -38.563928 -3.731743
149 -38.564573 -3.732206
150 -38.563871 -3.732154
151 -38.563999 -3.733143
152 -38.564030 -3.732985
153 -38.564484 -3.733468
154 -38.551479 -3.732850
155 -38.556716 -3.731832
156 -38.556065 -3.731796
157 -38.553583 -3.731641
158 -38.556075 -3.731707
159 -38.562788 -3.728459
160 -38.560895 -3.729607
161 -38.552226 -3.733071
162 -38.552358 -3.733103
163 -38.557563 -3.734221
164 -38.557671 -3.734184
165 -38.558717 -3.734382
166 -38.563003 -3.735330
167 -38.563361 -3.735360
168 -38.564151 -3.735522
169 -38.555716 -3.733790
170 -38.557586 -3.734152
171 -38.563576 -3.735530
172 -38.562987 -3.735410
173 -38.552172 -3.733180
174 -38.557719 -3.732171
175 -38.564073 -3.735649
176 -38.561918 -3.730409
177 -38.557387 -3.727144
178 -38.564101 -3.735604
179 -38.561130 -3.734893
180 -38.563013 -3.735274
181 -38.554020 -3.733432
182 -38.554914 -3.728895
183 -38.553643 -3.727969
184 -38.553666 -3.729088
185 -38.562394 -3.729459
186 -38.549870 -3.732595
187 -38.549933 -3.732742
188 -38.555886 -3.733006
189 -38.556300 -3.732735
190 -38.555625 -3.730971
191 -38.550070 -3.731198
192 -38.550028 -3.730857
193 -38.555817 -3.725536
194 -38.555154 -3.725408
195 -38.563074 -3.726894
196 -38.562025 -3.726695
197 -38.559065 -3.726154
198 -38.557559 -3.725841
199 -38.556885 -3.725727
200 -38.560476 -3.726410
201 -38.561318 -3.726560
