0 -38.520626 -3.802213
1 -38.515931 -3.793427
2 -38.516069 -3.794120
3 -38.514982 -3.794351
4 -38.516223 -3.794829
5 -38.516378 -3.795562
6 -38.516537 -3.796294
7 -38.514862 -3.796641
8 -38.515021 -3.797366
9 -38.516823 -3.797699
10 -38.515154 -3.798050
11 -38.516972 -3.798407
12 -38.515293 -3.798749
13 -38.517117 -3.799107
14 -38.515429 -3.799458
15 -38.517263 -3.799806
16 -38.518389 -3.800594
17 -38.517652 -3.800731
18 -38.519018 -3.801436
19 -38.518268 -3.801559
20 -38.517503 -3.801694
21 -38.516965 -3.802102
22 -38.516466 -3.802528
23 -38.520030 -3.802704
24 -38.515949 -3.802947
25 -38.519506 -3.803108
26 -38.518983 -3.803538
27 -38.515876 -3.803932
28 -38.518466 -3.803958
29 -38.521259 -3.804253
30 -38.517937 -3.804375
31 -38.520734 -3.804678
32 -38.517413 -3.804796
33 -38.516908 -3.805231
34 -38.516386 -3.805644
35 -38.518650 -3.806342
36 -38.518133 -3.806753
37 -38.517618 -3.807177
38 -38.518328 -3.807521
39 -38.516683 -3.807936
40 -38.518489 -3.808196
41 -38.516072 -3.808299
42 -38.516189 -3.808772
43 -38.518655 -3.808849
44 -38.516353 -3.809435
45 -38.518818 -3.809496
46 -38.516495 -3.810052
47 -38.519532 -3.794226
48 -38.523061 -3.795694
49 -38.526551 -3.797894
50 -38.519216 -3.805956
51 -38.516415 -3.800304
52 -38.517725 -3.792731
53 -38.518237 -3.795221
54 -38.516683 -3.797006
55 -38.518979 -3.798733
56 -38.521846 -3.803779
57 -38.519108 -3.807323
58 -38.517103 -3.807603
59 -38.515872 -3.806033
60 -38.517587 -3.793079
61 -38.514235 -3.795668
62 -38.517883 -3.794475
63 -38.518027 -3.795191
64 -38.518194 -3.795941
65 -38.518344 -3.796648
66 -38.518492 -3.797350
67 -38.518642 -3.798050
68 -38.518791 -3.798747
69 -38.518947 -3.799483
70 -38.517736 -3.793781
71 -38.518109 -3.794541
72 -38.523567 -3.797751
73 -38.523741 -3.798961
74 -38.523764 -3.799176
75 -38.523835 -3.799290
76 -38.523404 -3.800319
77 -38.515889 -3.800693
78 -38.515944 -3.800924
79 -38.516799 -3.806790
80 -38.517303 -3.806802
81 -38.517010 -3.807045
82 -38.517207 -3.807299
83 -38.515774 -3.806902
84 -38.515722 -3.809615
85 -38.515926 -3.810177
86 -38.523196 -3.796250
87 -38.514092 -3.797545
88 -38.516364 -3.797071
89 -38.516209 -3.796360
90 -38.516169 -3.797113
91 -38.516020 -3.796400
92 -38.515996 -3.809531
93 -38.515833 -3.808855
94 -38.516094 -3.810645
95 -38.520955 -3.809670
96 -38.527273 -3.795156
97 -38.526357 -3.797139
98 -38.519231 -3.792190
99 -38.519448 -3.793415
100 -38.519002 -3.792486
101 -38.520014 -3.796303
102 -38.518215 -3.795096
103 -38.520256 -3.805137
104 -38.519575 -3.807926
105 -38.519321 -3.806084
106 -38.520483 -3.809077
107 -38.520027 -3.808502
108 -38.516221 -3.810864
109 -38.519839 -3.801229
110 -38.519987 -3.801111
111 -38.516233 -3.794878
112 -38.520512 -3.798432
113 -38.522333 -3.799269
114 -38.522480 -3.799484
115 -38.526687 -3.795467
116 -38.519731 -3.801301
117 -38.519632 -3.805410
118 -38.515404 -3.799318
119 -38.514909 -3.799396
120 -38.515057 -3.810639
121 -38.518246 -3.795264
122 -38.519539 -3.794984
123 -38.519529 -3.794937
124 -38.518392 -3.795233
125 -38.518382 -3.795190
126 -38.514878 -3.793714
127 -38.516300 -3.797807
128 -38.516285 -3.797749
