0 -38.480024 -3.795673
1 -38.482487 -3.795905
2 -38.487514 -3.796236
3 -38.488095 -3.796172
4 -38.488919 -3.796079
5 -38.489641 -3.795990
6 -38.490505 -3.795882
7 -38.491307 -3.795789
8 -38.492015 -3.795722
9 -38.490702 -3.787764
10 -38.490823 -3.788743
11 -38.484058 -3.787228
12 -38.483958 -3.788463
13 -38.483837 -3.789769
14 -38.483738 -3.791015
15 -38.483637 -3.792246
16 -38.483536 -3.793496
17 -38.483456 -3.794482
18 -38.484370 -3.793559
19 -38.484465 -3.792328
20 -38.484629 -3.792337
21 -38.484843 -3.789854
22 -38.484946 -3.788554
23 -38.483130 -3.788389
24 -38.481458 -3.788242
25 -38.480692 -3.788179
26 -38.480584 -3.789493
27 -38.490009 -3.788843
28 -38.489215 -3.788959
29 -38.488404 -3.789060
30 -38.487598 -3.789162
31 -38.486802 -3.789272
32 -38.490569 -3.786769
33 -38.490859 -3.789739
34 -38.490141 -3.789830
35 -38.489326 -3.789949
36 -38.488536 -3.790043
37 -38.487727 -3.790138
38 -38.486925 -3.790231
39 -38.488955 -3.786974
40 -38.487344 -3.787198
41 -38.486548 -3.787282
42 -38.485031 -3.787318
43 -38.483218 -3.787150
44 -38.486670 -3.788276
45 -38.487022 -3.791465
46 -38.489084 -3.787974
47 -38.488279 -3.788070
48 -38.487474 -3.788169
49 -38.487866 -3.791240
50 -38.489449 -3.790813
51 -38.489762 -3.786868
52 -38.490251 -3.790609
53 -38.480154 -3.794197
54 -38.486407 -3.792480
55 -38.485470 -3.792408
56 -38.482810 -3.792178
57 -38.481141 -3.792041
58 -38.480352 -3.791968
59 -38.485584 -3.791177
60 -38.484737 -3.791109
61 -38.482912 -3.790937
62 -38.481353 -3.789555
63 -38.481253 -3.790798
64 -38.481043 -3.793286
65 -38.480988 -3.793886
66 -38.484955 -3.793604
67 -38.482699 -3.793422
68 -38.480247 -3.793219
69 -38.483015 -3.789699
70 -38.482621 -3.794423
71 -38.484272 -3.794556
72 -38.481217 -3.794300
73 -38.482072 -3.790869
74 -38.490363 -3.794417
75 -38.490991 -3.792833
76 -38.491154 -3.794324
77 -38.490531 -3.792884
78 -38.490698 -3.794375
79 -38.486393 -3.791624
80 -38.488375 -3.791098
81 -38.488662 -3.791025
82 -38.489094 -3.790914
83 -38.491681 -3.792750
84 -38.489312 -3.793005
85 -38.488618 -3.793085
86 -38.487914 -3.793161
87 -38.487301 -3.793210
88 -38.486651 -3.794819
89 -38.488056 -3.794668
90 -38.488772 -3.794597
91 -38.489473 -3.794508
92 -38.491844 -3.794251
93 -38.487718 -3.791282
94 -38.486800 -3.796262
95 -38.488163 -3.787075
96 -38.489887 -3.787862
97 -38.481888 -3.793351
98 -38.481979 -3.792106
99 -38.482185 -3.789632
100 -38.482293 -3.788317
101 -38.486901 -3.790063
102 -38.485764 -3.787369
103 -38.485775 -3.788625
104 -38.485673 -3.789924
105 -38.485790 -3.788396
106 -38.481809 -3.794345
107 -38.481098 -3.795773
108 -38.481158 -3.795015
109 -38.482551 -3.795140
110 -38.484204 -3.795277
111 -38.486360 -3.792157
112 -38.480479 -3.790728
113 -38.491028 -3.788705
114 -38.484141 -3.796041
115 -38.489871 -3.790708
116 -38.490095 -3.792922
117 -38.489761 -3.792964
118 -38.489913 -3.794460
119 -38.487234 -3.793570
120 -38.487355 -3.794741
121 -38.487137 -3.792574
122 -38.487364 -3.791375
123 -38.491073 -3.789456
124 -38.489149 -3.791439
125 -38.489453 -3.791407
126 -38.489406 -3.790938
127 -38.489719 -3.791830
128 -38.489689 -3.791558
129 -38.489473 -3.791584
130 -38.489512 -3.791959
131 -38.490966 -3.787741
132 -38.486313 -3.789997
133 -38.486286 -3.788329
134 -38.486376 -3.789096
135 -38.487089 -3.791448
136 -38.486579 -3.790360
137 -38.486784 -3.791524
138 -38.480591 -3.789414
139 -38.481363 -3.789479
140 -38.484888 -3.789163
141 -38.487228 -3.789207
142 -38.487353 -3.790186
143 -38.485625 -3.790553
144 -38.490282 -3.794424
145 -38.490426 -3.795891
146 -38.481666 -3.792081
147 -38.481717 -3.791501
148 -38.486330 -3.791252
149 -38.486283 -3.792474
150 -38.483852 -3.789700
151 -38.483021 -3.789629
152 -38.482192 -3.789555
153 -38.484848 -3.789786
154 -38.485678 -3.789857
155 -38.486314 -3.789933
156 -38.486893 -3.790003
157 -38.488236 -3.796156
158 -38.487371 -3.791444
159 -38.484826 -3.789157
160 -38.485702 -3.790558
161 -38.487506 -3.792823
162 -38.487841 -3.792469
163 -38.489908 -3.788400
164 -38.489953 -3.788394
165 -38.488471 -3.787461
166 -38.488425 -3.787041
167 -38.483589 -3.792848
168 -38.483180 -3.792810
169 -38.483614 -3.792527
170 -38.483208 -3.792489
171 -38.483761 -3.790716
172 -38.483475 -3.790694
173 -38.486654 -3.791135
174 -38.489293 -3.792038
175 -38.489232 -3.791430
176 -38.485461 -3.796160
177 -38.484912 -3.794297
178 -38.486607 -3.794410
