0 -38.578185 -3.791774
1 -38.575961 -3.791866
2 -38.580413 -3.792581
3 -38.579315 -3.792848
4 -38.578223 -3.792878
5 -38.576001 -3.792982
6 -38.581423 -3.793661
7 -38.580463 -3.793706
8 -38.579351 -3.793758
9 -38.578254 -3.793809
10 -38.576035 -3.793913
11 -38.581591 -3.793844
12 -38.582257 -3.794554
13 -38.581613 -3.794582
14 -38.580489 -3.794631
15 -38.579388 -3.794680
16 -38.578286 -3.794728
17 -38.576068 -3.794825
18 -38.583069 -3.795423
19 -38.582706 -3.795466
20 -38.581642 -3.795509
21 -38.580537 -3.795555
22 -38.579425 -3.795606
23 -38.578317 -3.795657
24 -38.576117 -3.795733
25 -38.576167 -3.797566
26 -38.585204 -3.800590
27 -38.582939 -3.800695
28 -38.581837 -3.800758
29 -38.580726 -3.800817
30 -38.579635 -3.800871
31 -38.578496 -3.800920
32 -38.583005 -3.801648
33 -38.580775 -3.801760
34 -38.578465 -3.790453
35 -38.579438 -3.791503
36 -38.577073 -3.791820
37 -38.580385 -3.792546
38 -38.577115 -3.792934
39 -38.577150 -3.793861
40 -38.577185 -3.794777
41 -38.583011 -3.795361
42 -38.577215 -3.795679
43 -38.583860 -3.796276
44 -38.582747 -3.796357
45 -38.580576 -3.796459
46 -38.581677 -3.796413
47 -38.579460 -3.796489
48 -38.578348 -3.796577
49 -38.575043 -3.796694
50 -38.577254 -3.796605
51 -38.576135 -3.796661
52 -38.584678 -3.797160
53 -38.583888 -3.797228
54 -38.582797 -3.797277
55 -38.581711 -3.797325
56 -38.580596 -3.797381
57 -38.579497 -3.797417
58 -38.578394 -3.797466
59 -38.577281 -3.797509
60 -38.575093 -3.797614
61 -38.585052 -3.797862
62 -38.583943 -3.797934
63 -38.582838 -3.797971
64 -38.581738 -3.798039
65 -38.580623 -3.798087
66 -38.579526 -3.798138
67 -38.578425 -3.798175
68 -38.577310 -3.798230
69 -38.575093 -3.798332
70 -38.585106 -3.798736
71 -38.583967 -3.798818
72 -38.582859 -3.798878
73 -38.581750 -3.798939
74 -38.580651 -3.798998
75 -38.579563 -3.799050
76 -38.578449 -3.799091
77 -38.577350 -3.799135
78 -38.575133 -3.799243
79 -38.585155 -3.799677
80 -38.584007 -3.799741
81 -38.582909 -3.799802
82 -38.581800 -3.799854
83 -38.580681 -3.799908
84 -38.579599 -3.799958
85 -38.578465 -3.800018
86 -38.577385 -3.800048
87 -38.584060 -3.800649
88 -38.577420 -3.800985
89 -38.584086 -3.801576
90 -38.581890 -3.801700
91 -38.581694 -3.793947
92 -38.585234 -3.801172
93 -38.586081 -3.798649
94 -38.586294 -3.799614
95 -38.574977 -3.794873
96 -38.575012 -3.795778
97 -38.579267 -3.791646
98 -38.579253 -3.791304
99 -38.580408 -3.792798
100 -38.577034 -3.790791
101 -38.575924 -3.790834
102 -38.576461 -3.791316
103 -38.575946 -3.791331
104 -38.576699 -3.791836
105 -38.576710 -3.792698
106 -38.576507 -3.792374
107 -38.575980 -3.792397
108 -38.575322 -3.793316
109 -38.577178 -3.794592
110 -38.576062 -3.794641
111 -38.577192 -3.794961
112 -38.576074 -3.794990
113 -38.581684 -3.796751
114 -38.580100 -3.796814
115 -38.583879 -3.796793
116 -38.582774 -3.796848
117 -38.576234 -3.799197
118 -38.582962 -3.800996
119 -38.582274 -3.801680
120 -38.584020 -3.800133
121 -38.583326 -3.800670
122 -38.583489 -3.800672
123 -38.583535 -3.801631
124 -38.578528 -3.801858
125 -38.577455 -3.801916
126 -38.575167 -3.800156
127 -38.576326 -3.801944
128 -38.577412 -3.800768
129 -38.576285 -3.800803
130 -38.577428 -3.801203
131 -38.576300 -3.801240
132 -38.576293 -3.801027
133 -38.575219 -3.801079
134 -38.578223 -3.800468
135 -38.577402 -3.800502
136 -38.578954 -3.799984
137 -38.580523 -3.801394
138 -38.579921 -3.801388
139 -38.580264 -3.800850
140 -38.580363 -3.801788
141 -38.580573 -3.796799
142 -38.576193 -3.798281
143 -38.576259 -3.800107
144 -38.575917 -3.805367
145 -38.575243 -3.801995
146 -38.583012 -3.802274
147 -38.581146 -3.800800
148 -38.581131 -3.800347
149 -38.583376 -3.799777
150 -38.583343 -3.798846
151 -38.586262 -3.798850
152 -38.579270 -3.791729
153 -38.583928 -3.796355
154 -38.578954 -3.800088
155 -38.586329 -3.800177
156 -38.585684 -3.800229
