0 -38.599622 -3.754890
1 -38.603771 -3.759931
2 -38.602256 -3.763683
3 -38.598157 -3.758807
4 -38.597368 -3.760137
5 -38.597398 -3.760524
6 -38.596777 -3.760635
7 -38.598026 -3.761186
8 -38.597473 -3.761220
9 -38.597698 -3.761256
10 -38.596860 -3.761359
11 -38.596857 -3.761434
12 -38.595380 -3.762334
13 -38.597906 -3.762491
14 -38.596779 -3.762536
15 -38.596826 -3.762704
16 -38.598921 -3.763357
17 -38.598525 -3.763441
18 -38.597871 -3.763540
19 -38.596873 -3.764362
20 -38.595536 -3.764633
21 -38.599115 -3.764479
22 -38.598677 -3.764536
23 -38.598458 -3.764560
24 -38.597395 -3.764796
25 -38.596234 -3.765011
26 -38.596957 -3.765048
27 -38.595298 -3.765086
28 -38.595663 -3.765169
29 -38.598635 -3.765417
30 -38.596899 -3.765452
31 -38.597376 -3.765594
32 -38.595248 -3.765813
33 -38.595576 -3.765811
34 -38.595575 -3.766316
35 -38.596671 -3.766994
36 -38.596859 -3.767000
37 -38.596950 -3.767594
38 -38.596425 -3.767609
39 -38.595718 -3.767862
40 -38.596511 -3.768445
41 -38.596635 -3.768573
42 -38.597179 -3.768710
43 -38.594291 -3.769294
44 -38.594883 -3.769454
45 -38.595130 -3.769723
46 -38.597491 -3.770287
47 -38.595406 -3.771041
48 -38.597636 -3.771026
49 -38.595946 -3.771485
50 -38.596342 -3.772007
51 -38.600074 -3.745901
52 -38.599655 -3.745998
53 -38.599042 -3.746101
54 -38.600429 -3.746959
55 -38.599813 -3.747056
56 -38.599323 -3.747123
57 -38.600033 -3.747893
58 -38.599581 -3.748078
59 -38.600170 -3.748306
60 -38.600111 -3.748322
61 -38.599688 -3.748431
62 -38.601514 -3.748787
63 -38.601420 -3.749096
64 -38.600053 -3.749139
65 -38.600319 -3.749160
66 -38.602226 -3.749262
67 -38.600881 -3.749222
68 -38.601158 -3.749508
69 -38.600786 -3.749526
70 -38.599995 -3.749618
71 -38.600412 -3.749573
72 -38.602261 -3.749652
73 -38.602977 -3.749750
74 -38.601562 -3.749801
75 -38.599941 -3.749843
76 -38.600597 -3.750051
77 -38.603544 -3.750157
78 -38.600041 -3.750178
79 -38.601761 -3.750875
80 -38.603880 -3.750916
81 -38.600969 -3.751081
82 -38.600895 -3.751088
83 -38.603204 -3.751104
84 -38.600083 -3.751187
85 -38.599690 -3.751263
86 -38.604596 -3.751570
87 -38.604061 -3.751715
88 -38.603342 -3.751789
89 -38.601943 -3.751872
90 -38.601165 -3.751961
91 -38.602642 -3.751986
92 -38.602680 -3.752209
93 -38.602037 -3.752345
94 -38.601284 -3.752454
95 -38.600541 -3.752734
96 -38.603538 -3.752732
97 -38.602826 -3.752948
98 -38.599923 -3.753165
99 -38.602188 -3.753146
100 -38.605000 -3.753094
101 -38.601468 -3.753242
102 -38.600827 -3.753292
103 -38.605218 -3.753865
104 -38.604499 -3.754002
105 -38.603803 -3.754141
106 -38.603111 -3.754268
107 -38.602361 -3.754405
108 -38.601700 -3.754521
109 -38.600972 -3.754653
110 -38.600195 -3.754791
111 -38.605381 -3.755008
112 -38.604708 -3.755176
113 -38.604001 -3.755220
114 -38.603269 -3.755358
115 -38.602605 -3.755529
116 -38.604074 -3.755637
117 -38.601915 -3.755700
118 -38.603350 -3.755759
119 -38.601523 -3.755799
120 -38.601171 -3.755882
121 -38.605670 -3.755957
122 -38.600452 -3.755976
123 -38.605258 -3.756095
124 -38.601600 -3.756116
125 -38.604890 -3.756180
126 -38.604923 -3.756334
127 -38.604226 -3.756438
128 -38.603867 -3.756495
129 -38.603511 -3.756563
130 -38.602850 -3.756703
131 -38.602128 -3.756791
132 -38.606071 -3.756918
133 -38.605155 -3.756922
134 -38.604982 -3.756926
135 -38.601390 -3.756933
136 -38.605490 -3.756930
137 -38.605812 -3.756964
138 -38.599948 -3.757106
139 -38.600660 -3.757090
140 -38.599967 -3.757208
141 -38.606322 -3.757398
142 -38.599309 -3.757402
143 -38.604777 -3.757481
144 -38.604412 -3.757540
145 -38.605828 -3.757624
146 -38.604050 -3.757617
147 -38.606535 -3.757640
148 -38.605456 -3.757648
149 -38.603745 -3.757682
150 -38.603025 -3.757814
151 -38.604595 -3.757914
152 -38.606842 -3.757959
153 -38.602332 -3.757925
154 -38.604976 -3.758017
155 -38.605438 -3.758068
156 -38.601605 -3.758078
157 -38.607396 -3.758199
158 -38.600873 -3.758210
159 -38.605487 -3.758458
160 -38.599441 -3.758496
161 -38.598785 -3.758646
162 -38.607633 -3.758659
163 -38.605599 -3.758914
164 -38.603218 -3.758946
165 -38.602546 -3.759063
166 -38.605138 -3.759143
167 -38.601812 -3.759204
168 -38.601080 -3.759334
169 -38.603981 -3.759393
170 -38.605242 -3.759568
171 -38.599659 -3.759642
172 -38.598965 -3.759742
173 -38.598296 -3.759908
174 -38.602771 -3.760272
175 -38.602046 -3.760397
176 -38.601316 -3.760536
177 -38.599886 -3.760795
178 -38.599165 -3.760930
179 -38.598500 -3.761023
180 -38.602958 -3.761413
181 -38.602265 -3.761543
182 -38.601529 -3.761683
183 -38.600117 -3.761952
184 -38.599419 -3.762112
185 -38.598735 -3.762240
186 -38.602454 -3.762703
187 -38.601747 -3.762826
188 -38.602495 -3.763028
189 -38.600355 -3.763093
190 -38.599635 -3.763220
191 -38.601962 -3.763983
192 -38.601253 -3.764107
193 -38.600567 -3.764230
194 -38.602027 -3.764294
195 -38.599862 -3.764364
196 -38.601448 -3.765235
197 -38.600768 -3.765363
198 -38.600074 -3.765491
199 -38.599338 -3.765617
200 -38.599389 -3.743792
201 -38.600966 -3.748161
202 -38.602281 -3.763604
203 -38.599985 -3.752759
204 -38.600766 -3.748814
205 -38.600584 -3.749199
206 -38.600754 -3.749216
207 -38.600884 -3.749989
208 -38.601211 -3.751019
209 -38.601024 -3.751381
210 -38.600597 -3.752659
211 -38.601408 -3.751914
212 -38.601293 -3.751295
213 -38.601618 -3.752890
214 -38.600374 -3.752675
215 -38.599675 -3.754619
216 -38.599807 -3.754861
217 -38.602265 -3.753740
218 -38.601586 -3.753874
219 -38.602215 -3.753255
220 -38.602864 -3.753090
221 -38.602451 -3.750846
222 -38.602994 -3.750017
223 -38.602354 -3.750086
224 -38.602626 -3.750042
225 -38.602655 -3.750261
226 -38.603274 -3.751496
227 -38.603013 -3.751554
228 -38.604273 -3.752834
229 -38.603567 -3.752876
230 -38.605321 -3.752956
231 -38.605053 -3.752261
232 -38.604718 -3.752359
233 -38.604196 -3.752463
234 -38.604945 -3.751951
235 -38.604667 -3.752034
236 -38.604078 -3.754092
237 -38.604152 -3.754409
238 -38.605259 -3.754767
239 -38.604688 -3.755074
240 -38.604811 -3.755730
241 -38.604119 -3.755876
242 -38.605227 -3.755886
243 -38.603158 -3.756640
244 -38.603018 -3.755883
245 -38.602210 -3.755029
246 -38.602458 -3.754974
247 -38.601780 -3.754954
248 -38.601035 -3.755106
249 -38.600218 -3.756018
250 -38.600122 -3.755463
251 -38.599504 -3.756156
252 -38.599149 -3.755888
253 -38.598106 -3.758611
254 -38.599382 -3.759674
255 -38.599362 -3.759527
256 -38.603809 -3.758017
257 -38.603511 -3.758077
258 -38.603960 -3.759023
259 -38.603449 -3.759070
260 -38.603877 -3.759653
261 -38.601686 -3.760464
262 -38.601593 -3.760057
263 -38.602588 -3.762783
264 -38.604316 -3.759802
265 -38.604951 -3.758412
266 -38.598262 -3.761068
267 -38.597517 -3.759891
268 -38.598308 -3.759974
269 -38.597842 -3.760118
270 -38.597431 -3.760774
271 -38.596806 -3.760873
272 -38.597127 -3.760813
273 -38.597218 -3.761280
274 -38.597455 -3.761055
275 -38.597181 -3.761097
276 -38.596843 -3.761172
277 -38.598299 -3.761123
278 -38.598575 -3.762637
279 -38.598098 -3.761486
280 -38.597753 -3.761564
281 -38.598142 -3.761755
282 -38.597806 -3.761820
283 -38.598176 -3.762008
284 -38.597840 -3.762070
285 -38.598225 -3.762257
286 -38.597890 -3.762341
287 -38.598278 -3.762508
288 -38.598106 -3.762543
289 -38.597921 -3.762574
290 -38.597988 -3.763171
291 -38.598304 -3.762831
292 -38.598559 -3.763663
293 -38.598124 -3.763492
294 -38.596075 -3.761609
295 -38.596226 -3.762139
296 -38.596034 -3.764505
297 -38.595848 -3.763570
298 -38.595660 -3.764586
299 -38.595540 -3.763457
300 -38.597609 -3.764904
301 -38.597925 -3.764547
302 -38.597773 -3.764981
303 -38.596601 -3.766030
304 -38.597076 -3.764328
305 -38.597144 -3.764575
306 -38.596717 -3.764388
307 -38.596744 -3.764640
308 -38.597363 -3.765320
309 -38.597361 -3.765054
310 -38.595675 -3.765220
311 -38.595309 -3.765179
312 -38.595937 -3.767058
313 -38.595236 -3.768392
314 -38.595241 -3.767846
315 -38.594555 -3.770619
316 -38.594900 -3.769912
317 -38.599562 -3.754903
318 -38.599778 -3.756107
319 -38.600178 -3.758348
320 -38.600394 -3.759483
321 -38.600617 -3.760667
322 -38.600822 -3.761816
323 -38.601046 -3.762958
324 -38.601549 -3.765730
325 -38.603113 -3.761406
326 -38.597484 -3.761302
327 -38.599482 -3.744724
328 -38.603051 -3.761552
329 -38.603245 -3.761091
330 -38.602061 -3.764207
331 -38.606393 -3.759109
332 -38.604009 -3.750471
333 -38.601635 -3.765409
334 -38.595385 -3.761689
335 -38.595402 -3.761761
336 -38.599795 -3.753854
337 -38.600056 -3.753794
338 -38.606152 -3.759207
339 -38.605533 -3.753810
340 -38.605373 -3.754973
341 -38.600240 -3.754783
342 -38.595641 -3.761700
343 -38.598585 -3.761032
344 -38.598509 -3.761068
345 -38.601293 -3.752490
346 -38.604053 -3.751668
347 -38.596928 -3.765536
348 -38.596430 -3.760733
349 -38.603359 -3.760804
350 -38.603612 -3.760187
351 -38.594816 -3.767592
352 -38.599855 -3.747049
353 -38.596955 -3.760069
354 -38.598241 -3.759478
