0 -38.567043 -3.798822
1 -38.567750 -3.800285
2 -38.568297 -3.801426
3 -38.568466 -3.801773
4 -38.570265 -3.797849
5 -38.565780 -3.805159
6 -38.570525 -3.803686
7 -38.567641 -3.804575
8 -38.566080 -3.800667
9 -38.564642 -3.800432
10 -38.563356 -3.800202
11 -38.562693 -3.801127
12 -38.562260 -3.800853
13 -38.561874 -3.802276
14 -38.561088 -3.801679
15 -38.563100 -3.801408
16 -38.560567 -3.801337
17 -38.570552 -3.803776
18 -38.568902 -3.796247
19 -38.569171 -3.797118
20 -38.568745 -3.797248
21 -38.566597 -3.797909
22 -38.569462 -3.798102
23 -38.564082 -3.798106
24 -38.565632 -3.798206
25 -38.568874 -3.798270
26 -38.564788 -3.798467
27 -38.563264 -3.798672
28 -38.570505 -3.798641
29 -38.564807 -3.798656
30 -38.563531 -3.798852
31 -38.569116 -3.799052
32 -38.565890 -3.799084
33 -38.565545 -3.799190
34 -38.564282 -3.799385
35 -38.570742 -3.799411
36 -38.567387 -3.799537
37 -38.569345 -3.799819
38 -38.565023 -3.799927
39 -38.562320 -3.799960
40 -38.562851 -3.800092
41 -38.563688 -3.800271
42 -38.563877 -3.800325
43 -38.565764 -3.800439
44 -38.564431 -3.800408
45 -38.564981 -3.800483
46 -38.565520 -3.800571
47 -38.569586 -3.800597
48 -38.567904 -3.800616
49 -38.563483 -3.800876
50 -38.568107 -3.801031
51 -38.563885 -3.801171
52 -38.569812 -3.801363
53 -38.564289 -3.801461
54 -38.561119 -3.801630
55 -38.564696 -3.801738
56 -38.565926 -3.801750
57 -38.561470 -3.801989
58 -38.565099 -3.802039
59 -38.566620 -3.802275
60 -38.565414 -3.802527
61 -38.562288 -3.802567
62 -38.567382 -3.802817
63 -38.562703 -3.802859
64 -38.566116 -3.803054
65 -38.563108 -3.803150
66 -38.564880 -3.803313
67 -38.563497 -3.803441
68 -38.566869 -3.803581
69 -38.563923 -3.803737
70 -38.565582 -3.803824
71 -38.564348 -3.804094
72 -38.566355 -3.804348
73 -38.565024 -3.804603
74 -38.569177 -3.796165
75 -38.569346 -3.796709
76 -38.568828 -3.802504
77 -38.569192 -3.803247
78 -38.568039 -3.804453
79 -38.566961 -3.804784
80 -38.569111 -3.804111
81 -38.567605 -3.800820
82 -38.566081 -3.799739
83 -38.566041 -3.800063
84 -38.566597 -3.800460
85 -38.569567 -3.803977
86 -38.568116 -3.803288
87 -38.570068 -3.802133
88 -38.570287 -3.802910
89 -38.562264 -3.802550
90 -38.567580 -3.800805
91 -38.568100 -3.803316
92 -38.565951 -3.800576
93 -38.565609 -3.800585
94 -38.569044 -3.798818
95 -38.568988 -3.798832
