0 -38.598320 -3.755095
1 -38.594325 -3.759537
2 -38.596674 -3.755396
3 -38.596687 -3.755449
4 -38.592107 -3.756930
5 -38.595810 -3.750792
6 -38.596575 -3.750709
7 -38.597439 -3.755251
8 -38.593727 -3.751300
9 -38.598821 -3.753729
10 -38.596350 -3.757595
11 -38.597122 -3.758432
12 -38.592297 -3.751163
13 -38.594352 -3.758262
14 -38.595020 -3.758025
15 -38.593517 -3.750111
16 -38.599008 -3.750302
17 -38.596134 -3.748397
18 -38.594586 -3.759413
19 -38.596491 -3.750686
20 -38.593206 -3.752477
21 -38.593144 -3.758889
22 -38.592751 -3.756571
23 -38.594178 -3.749703
24 -38.594210 -3.749987
25 -38.595950 -3.755588
26 -38.598678 -3.754202
27 -38.593387 -3.756228
28 -38.594594 -3.755849
29 -38.598093 -3.747996
30 -38.592918 -3.750832
31 -38.595585 -3.749222
32 -38.597047 -3.757484
33 -38.597355 -3.755266
34 -38.595949 -3.755532
35 -38.594900 -3.760514
36 -38.591983 -3.749099
37 -38.597032 -3.757425
38 -38.594578 -3.755784
39 -38.595138 -3.750947
40 -38.596047 -3.748415
41 -38.594896 -3.749344
42 -38.593810 -3.758551
43 -38.597491 -3.748121
44 -38.597166 -3.748185
45 -38.596810 -3.748265
46 -38.596462 -3.748338
47 -38.595381 -3.748486
48 -38.595051 -3.748516
49 -38.594824 -3.748551
50 -38.594538 -3.748593
51 -38.594365 -3.748618
52 -38.591746 -3.748635
53 -38.593917 -3.748696
54 -38.593654 -3.748757
55 -38.593167 -3.748883
56 -38.598813 -3.749108
57 -38.595350 -3.749278
58 -38.595154 -3.749303
59 -38.597743 -3.749312
60 -38.597403 -3.749369
61 -38.594669 -3.749376
62 -38.594432 -3.749413
63 -38.597068 -3.749421
64 -38.596685 -3.749492
65 -38.596263 -3.749555
66 -38.596349 -3.749537
67 -38.595645 -3.749670
68 -38.593910 -3.750031
69 -38.593411 -3.750132
70 -38.592910 -3.750220
71 -38.598024 -3.750482
72 -38.597649 -3.750530
73 -38.597266 -3.750590
74 -38.594449 -3.751047
75 -38.598784 -3.751452
76 -38.598221 -3.751550
77 -38.597873 -3.751638
78 -38.597523 -3.751701
79 -38.596714 -3.751835
80 -38.596799 -3.751863
81 -38.596047 -3.751956
82 -38.595329 -3.752065
83 -38.594667 -3.752196
84 -38.597829 -3.752207
85 -38.597599 -3.752269
86 -38.593922 -3.752325
87 -38.598732 -3.752698
88 -38.598423 -3.752735
89 -38.597927 -3.752832
90 -38.597011 -3.753002
91 -38.594157 -3.753536
92 -38.598039 -3.753533
93 -38.597826 -3.753575
94 -38.598538 -3.753901
95 -38.597956 -3.754009
96 -38.597149 -3.754148
97 -38.597242 -3.754168
98 -38.596477 -3.754245
99 -38.595763 -3.754435
100 -38.595076 -3.754557
101 -38.594382 -3.754707
102 -38.598086 -3.755138
103 -38.595273 -3.755657
104 -38.597502 -3.755755
105 -38.595284 -3.755712
106 -38.596785 -3.755908
107 -38.596438 -3.755971
108 -38.593899 -3.755991
109 -38.596039 -3.756032
110 -38.595634 -3.756085
111 -38.595364 -3.756125
112 -38.594749 -3.756707
113 -38.593913 -3.757219
114 -38.591447 -3.757271
115 -38.596772 -3.757477
116 -38.596650 -3.757503
117 -38.593285 -3.757554
118 -38.596424 -3.757579
119 -38.596114 -3.757673
120 -38.596026 -3.757696
121 -38.597872 -3.757626
122 -38.595786 -3.757785
123 -38.595712 -3.757808
124 -38.592610 -3.757924
125 -38.595495 -3.757876
126 -38.595401 -3.757908
127 -38.595183 -3.757974
128 -38.594865 -3.758082
129 -38.594628 -3.758166
130 -38.591964 -3.758270
131 -38.597004 -3.758323
132 -38.597135 -3.758525
133 -38.596637 -3.758348
134 -38.596662 -3.758911
135 -38.596459 -3.758951
136 -38.596161 -3.759018
137 -38.595812 -3.759089
138 -38.595499 -3.759149
139 -38.595264 -3.759231
140 -38.595194 -3.759252
141 -38.594950 -3.759310
142 -38.596647 -3.759178
143 -38.596255 -3.759515
144 -38.596030 -3.759767
145 -38.593642 -3.759891
146 -38.595667 -3.759930
147 -38.598636 -3.754326
148 -38.598637 -3.755059
149 -38.597991 -3.748017
150 -38.598256 -3.749229
151 -38.598137 -3.748577
152 -38.597624 -3.748689
153 -38.598211 -3.748936
154 -38.598667 -3.748845
155 -38.598121 -3.751016
156 -38.598583 -3.750937
157 -38.591934 -3.749012
158 -38.592807 -3.748945
159 -38.594362 -3.750677
160 -38.593654 -3.750837
161 -38.596941 -3.753029
162 -38.596275 -3.753174
163 -38.596256 -3.753081
164 -38.595519 -3.753096
165 -38.594857 -3.753340
166 -38.594248 -3.754027
167 -38.593541 -3.754150
168 -38.598249 -3.755172
169 -38.597688 -3.756654
170 -38.595160 -3.760341
171 -38.595207 -3.760538
172 -38.595024 -3.761257
173 -38.593015 -3.751443
174 -38.595651 -3.748486
175 -38.592433 -3.756755
176 -38.598514 -3.755085
177 -38.596973 -3.752797
178 -38.596900 -3.752801
179 -38.596682 -3.751283
180 -38.596611 -3.751296
181 -38.596445 -3.750051
182 -38.596373 -3.750068
183 -38.597916 -3.756617
184 -38.597862 -3.757439
185 -38.595837 -3.760264
186 -38.594745 -3.761838
187 -38.597337 -3.754673
188 -38.597271 -3.754322
189 -38.597183 -3.754336
190 -38.597251 -3.754690
191 -38.597038 -3.753559
192 -38.597109 -3.753541
193 -38.594373 -3.756425
194 -38.594443 -3.756767
195 -38.593340 -3.753148
196 -38.596485 -3.754291
197 -38.597453 -3.755314
198 -38.597369 -3.755329
199 -38.597435 -3.755404
200 -38.594147 -3.753488
201 -38.598942 -3.755002
202 -38.594857 -3.749357
203 -38.594621 -3.752204
