0 -38.528619 -3.737347
1 -38.524507 -3.738712
2 -38.526990 -3.741780
3 -38.528650 -3.741993
4 -38.527659 -3.741857
5 -38.526232 -3.741653
6 -38.532343 -3.743108
7 -38.528082 -3.743113
8 -38.528304 -3.740952
9 -38.527968 -3.739935
10 -38.527225 -3.737719
11 -38.526322 -3.738014
12 -38.526361 -3.738118
13 -38.527914 -3.737498
14 -38.527952 -3.737612
15 -38.529530 -3.737152
16 -38.530290 -3.736917
17 -38.530807 -3.736747
18 -38.531461 -3.736534
19 -38.532421 -3.736199
20 -38.529556 -3.737256
21 -38.530331 -3.737021
22 -38.530840 -3.736857
23 -38.529356 -3.741776
24 -38.528994 -3.740707
25 -38.528664 -3.739707
26 -38.530050 -3.741553
27 -38.529730 -3.740609
28 -38.529349 -3.739480
29 -38.528034 -3.735611
30 -38.527448 -3.741246
31 -38.527102 -3.740223
32 -38.528921 -3.735332
33 -38.532752 -3.737228
34 -38.532905 -3.737737
35 -38.533065 -3.738278
36 -38.533380 -3.739322
37 -38.531254 -3.742313
38 -38.530903 -3.741305
39 -38.530578 -3.740331
40 -38.530554 -3.740247
41 -38.530209 -3.739206
42 -38.532016 -3.742073
43 -38.531319 -3.739992
44 -38.530977 -3.738955
45 -38.532794 -3.742969
46 -38.532471 -3.741927
47 -38.532135 -3.740872
48 -38.531802 -3.739835
49 -38.531461 -3.738801
50 -38.533141 -3.741719
51 -38.532806 -3.740679
52 -38.532460 -3.739621
53 -38.532117 -3.738588
54 -38.531789 -3.737540
55 -38.526410 -3.740463
56 -38.525800 -3.740645
57 -38.529021 -3.740789
58 -38.526743 -3.741488
59 -38.531669 -3.741025
60 -38.531962 -3.738075
61 -38.527260 -3.737844
62 -38.528660 -3.737452
63 -38.532456 -3.736310
64 -38.531498 -3.736642
65 -38.531516 -3.736516
66 -38.531765 -3.737461
67 -38.531101 -3.737663
68 -38.531711 -3.739556
69 -38.531232 -3.739714
70 -38.526821 -3.741753
71 -38.525983 -3.739343
72 -38.525661 -3.739186
73 -38.525365 -3.738455
74 -38.524701 -3.739112
75 -38.525337 -3.738345
76 -38.525103 -3.737154
77 -38.524161 -3.737232
78 -38.525347 -3.737947
79 -38.524343 -3.737826
80 -38.528989 -3.736507
81 -38.528404 -3.736723
82 -38.527832 -3.742433
83 -38.524575 -3.738606
84 -38.524501 -3.738626
85 -38.525436 -3.738434
86 -38.526071 -3.741668
87 -38.526058 -3.741564
88 -38.525579 -3.738893
89 -38.525510 -3.738910
90 -38.531131 -3.735303
91 -38.531075 -3.735321
92 -38.531098 -3.735394
93 -38.531153 -3.735374
94 -38.523605 -3.738527
95 -38.523584 -3.738619
96 -38.525328 -3.740835
97 -38.524894 -3.738606
98 -38.524652 -3.738945
99 -38.524408 -3.738014
100 -38.524786 -3.738519
101 -38.524677 -3.737866
102 -38.524962 -3.737921
103 -38.526747 -3.740344
104 -38.526864 -3.740701
105 -38.527612 -3.740338
106 -38.527531 -3.740082
107 -38.524594 -3.738692
