0 -38.481568 -3.795898
1 -38.479883 -3.797797
2 -38.479684 -3.799489
3 -38.481748 -3.796542
4 -38.481947 -3.797331
5 -38.482359 -3.798863
6 -38.482565 -3.799617
7 -38.482776 -3.800381
8 -38.486155 -3.801606
9 -38.492381 -3.802917
10 -38.492110 -3.802322
11 -38.491865 -3.801713
12 -38.486486 -3.805615
13 -38.488413 -3.804971
14 -38.486122 -3.804541
15 -38.486958 -3.803842
16 -38.486634 -3.803232
17 -38.486298 -3.802618
18 -38.485858 -3.801760
19 -38.486460 -3.804832
20 -38.488337 -3.804341
21 -38.490373 -3.803553
22 -38.483198 -3.801971
23 -38.481628 -3.802364
24 -38.479406 -3.802900
25 -38.483283 -3.802303
26 -38.484591 -3.804121
27 -38.485371 -3.804326
28 -38.482151 -3.798101
29 -38.480672 -3.798451
30 -38.479767 -3.798637
31 -38.481044 -3.799979
32 -38.479626 -3.800316
33 -38.479557 -3.801148
34 -38.480287 -3.796895
35 -38.481230 -3.800746
36 -38.480858 -3.799209
37 -38.480467 -3.797670
38 -38.481114 -3.811721
39 -38.480285 -3.809261
40 -38.479293 -3.809504
41 -38.481507 -3.815043
42 -38.489862 -3.802359
43 -38.490136 -3.802972
44 -38.481810 -3.803151
45 -38.489011 -3.803338
46 -38.479337 -3.803744
47 -38.479270 -3.804522
48 -38.482192 -3.804682
49 -38.482381 -3.805459
50 -38.480398 -3.805934
51 -38.479118 -3.806216
52 -38.482571 -3.806220
53 -38.480582 -3.806717
54 -38.482765 -3.807035
55 -38.479068 -3.807006
56 -38.480762 -3.807486
57 -38.480969 -3.808225
58 -38.479701 -3.808520
59 -38.478903 -3.808720
60 -38.480642 -3.809714
61 -38.481582 -3.810633
62 -38.479937 -3.810290
63 -38.480539 -3.811019
64 -38.478838 -3.811180
65 -38.487875 -3.803623
66 -38.479451 -3.812545
67 -38.478833 -3.809596
68 -38.479523 -3.809782
69 -38.479915 -3.813130
70 -38.478776 -3.810306
71 -38.484088 -3.797239
72 -38.479941 -3.797473
73 -38.480016 -3.795790
74 -38.480935 -3.809095
75 -38.493825 -3.801767
76 -38.488048 -3.802163
77 -38.479983 -3.812235
78 -38.479181 -3.812103
79 -38.485155 -3.808541
80 -38.485460 -3.809437
81 -38.483338 -3.809368
82 -38.483145 -3.808607
83 -38.478996 -3.808000
84 -38.484356 -3.815359
85 -38.482858 -3.810841
86 -38.483848 -3.812057
87 -38.480899 -3.814313
88 -38.481729 -3.812458
89 -38.482894 -3.813901
90 -38.484043 -3.813042
91 -38.482187 -3.814458
92 -38.480338 -3.813625
93 -38.483151 -3.811321
94 -38.483202 -3.811283
95 -38.482443 -3.811902
96 -38.483031 -3.812584
97 -38.482296 -3.813165
98 -38.480317 -3.812176
99 -38.481028 -3.813045
100 -38.481618 -3.813770
101 -38.482749 -3.815168
102 -38.482067 -3.815722
103 -38.481049 -3.811640
104 -38.486465 -3.805524
105 -38.488390 -3.804891
106 -38.490192 -3.803622
107 -38.488556 -3.802788
108 -38.491608 -3.801107
109 -38.488691 -3.801304
110 -38.488524 -3.801271
111 -38.485880 -3.801892
112 -38.486349 -3.801519
113 -38.484837 -3.802239
114 -38.483058 -3.801422
115 -38.486383 -3.801647
116 -38.486218 -3.801718
117 -38.493742 -3.800415
118 -38.484004 -3.796405
119 -38.484060 -3.796116
120 -38.483922 -3.796104
121 -38.484351 -3.802974
122 -38.483433 -3.802550
123 -38.480223 -3.812100
124 -38.481057 -3.809381
125 -38.479823 -3.803626
126 -38.484397 -3.806309
127 -38.484606 -3.807087
128 -38.482965 -3.807823
129 -38.483599 -3.813335
130 -38.482670 -3.812171
131 -38.481274 -3.814026
132 -38.480691 -3.813330
133 -38.482505 -3.813414
134 -38.482251 -3.813631
135 -38.482535 -3.814182
136 -38.482949 -3.814685
137 -38.482953 -3.815002
138 -38.483792 -3.815157
139 -38.482654 -3.816426
140 -38.483176 -3.817195
141 -38.484476 -3.816194
142 -38.483133 -3.816042
143 -38.483830 -3.816633
144 -38.483335 -3.815881
145 -38.479231 -3.810859
146 -38.479830 -3.811591
147 -38.485071 -3.802300
148 -38.484749 -3.801279
149 -38.488464 -3.802813
150 -38.480187 -3.796905
151 -38.480379 -3.797690
152 -38.480589 -3.798469
153 -38.480777 -3.799224
154 -38.480962 -3.799998
155 -38.481136 -3.800772
156 -38.481545 -3.802385
157 -38.481737 -3.803169
158 -38.482116 -3.804703
159 -38.482303 -3.805478
160 -38.482489 -3.806242
161 -38.482687 -3.807048
162 -38.482888 -3.807846
163 -38.483262 -3.809399
164 -38.483556 -3.810484
165 -38.486947 -3.805365
166 -38.486976 -3.805452
167 -38.486753 -3.805430
168 -38.486779 -3.805518
169 -38.479973 -3.796920
170 -38.481323 -3.801562
171 -38.482968 -3.801135
172 -38.482986 -3.801196
173 -38.479483 -3.801906
174 -38.479455 -3.802188
175 -38.481328 -3.801547
176 -38.481352 -3.801635
177 -38.481371 -3.801643
178 -38.481444 -3.801612
179 -38.481448 -3.801602
180 -38.481435 -3.801534
181 -38.481420 -3.801521
182 -38.483697 -3.810415
183 -38.486084 -3.801642
184 -38.486052 -3.801577
185 -38.482095 -3.812586
186 -38.482124 -3.812622
187 -38.482215 -3.812489
188 -38.482247 -3.812524
189 -38.482339 -3.812388
190 -38.482370 -3.812422
191 -38.482545 -3.812273
192 -38.484967 -3.809802
193 -38.484921 -3.809701
194 -38.483512 -3.810371
195 -38.482782 -3.810876
196 -38.488715 -3.801284
197 -38.488571 -3.801098
198 -38.485073 -3.802172
199 -38.481072 -3.800095
200 -38.481142 -3.800075
201 -38.482307 -3.813027
202 -38.482876 -3.812707
203 -38.481189 -3.809100
204 -38.483070 -3.808629
205 -38.483987 -3.796517
206 -38.488520 -3.802152
207 -38.488609 -3.802159
208 -38.484153 -3.801920
209 -38.484189 -3.801839
210 -38.481840 -3.801420
211 -38.481860 -3.801500
212 -38.482000 -3.801377
213 -38.482019 -3.801459
214 -38.480376 -3.801769
215 -38.480398 -3.801859
216 -38.480013 -3.795864
217 -38.488578 -3.801315
218 -38.484947 -3.802167
219 -38.493962 -3.801036
220 -38.485054 -3.802315
221 -38.484945 -3.802302
222 -38.484909 -3.802546
223 -38.485292 -3.802221
224 -38.484808 -3.802493
225 -38.479565 -3.809750
226 -38.483778 -3.811951
227 -38.483738 -3.811993
228 -38.483373 -3.815499
229 -38.479064 -3.807208
230 -38.488389 -3.804214
231 -38.488333 -3.804230
232 -38.483537 -3.811804
233 -38.483596 -3.811750
234 -38.483342 -3.811557
235 -38.483397 -3.811513
236 -38.486878 -3.803887
237 -38.488419 -3.803336
238 -38.487640 -3.805137
239 -38.488497 -3.803343
240 -38.487664 -3.805218
241 -38.485594 -3.802646
242 -38.485749 -3.802925
243 -38.482084 -3.800784
244 -38.482831 -3.800599
245 -38.489671 -3.802045
246 -38.483584 -3.810337
247 -38.486898 -3.803942
248 -38.484921 -3.802265
249 -38.482861 -3.812289
250 -38.482813 -3.812333
251 -38.483175 -3.816095
252 -38.493753 -3.800415
253 -38.483095 -3.801327
254 -38.483227 -3.815617
255 -38.488631 -3.801085
256 -38.479441 -3.807761
