0 -38.580485 -3.784406
1 -38.584232 -3.786951
2 -38.580500 -3.784549
3 -38.579412 -3.783731
4 -38.583032 -3.786056
5 -38.581727 -3.785343
6 -38.577464 -3.782691
7 -38.585452 -3.787780
8 -38.582963 -3.786161
9 -38.575792 -3.787557
10 -38.575852 -3.788900
11 -38.577824 -3.789761
12 -38.575888 -3.789851
13 -38.578128 -3.790093
14 -38.575921 -3.790758
15 -38.578707 -3.780915
16 -38.579167 -3.781364
17 -38.580672 -3.781905
18 -38.579001 -3.782033
19 -38.580857 -3.782133
20 -38.579119 -3.782198
21 -38.579983 -3.782409
22 -38.577443 -3.782521
23 -38.576249 -3.782641
24 -38.581386 -3.782746
25 -38.579542 -3.782758
26 -38.579087 -3.783084
27 -38.578206 -3.783145
28 -38.581739 -3.783146
29 -38.578789 -3.783331
30 -38.576700 -3.783263
31 -38.575360 -3.783293
32 -38.581919 -3.783331
33 -38.578858 -3.783519
34 -38.575808 -3.783922
35 -38.577188 -3.783945
36 -38.577604 -3.784527
37 -38.574899 -3.784581
38 -38.576307 -3.784609
39 -38.579010 -3.784657
40 -38.581219 -3.784870
41 -38.579845 -3.785178
42 -38.576742 -3.785187
43 -38.575404 -3.785290
44 -38.578184 -3.785206
45 -38.573794 -3.785384
46 -38.577373 -3.785592
47 -38.579189 -3.785799
48 -38.575868 -3.785877
49 -38.578956 -3.786024
50 -38.574384 -3.786044
51 -38.576761 -3.786129
52 -38.576148 -3.786234
53 -38.580419 -3.786578
54 -38.578339 -3.786623
55 -38.576257 -3.786832
56 -38.579898 -3.787078
57 -38.577737 -3.787202
58 -38.579297 -3.787656
59 -38.577124 -3.787779
60 -38.580906 -3.788145
61 -38.578695 -3.788235
62 -38.584827 -3.788358
63 -38.576528 -3.788346
64 -38.580290 -3.788727
65 -38.578083 -3.788822
66 -38.584170 -3.788977
67 -38.577014 -3.788882
68 -38.581870 -3.789197
69 -38.579665 -3.789303
70 -38.577481 -3.789401
71 -38.583454 -3.789652
72 -38.581262 -3.789773
73 -38.576996 -3.789806
74 -38.579068 -3.789875
75 -38.582842 -3.790229
76 -38.585734 -3.790388
77 -38.580641 -3.790363
78 -38.577031 -3.790719
79 -38.582228 -3.790808
80 -38.580039 -3.790933
81 -38.584761 -3.791078
82 -38.587731 -3.790970
83 -38.581610 -3.791391
84 -38.584142 -3.791649
85 -38.586945 -3.791666
86 -38.580999 -3.791967
87 -38.586064 -3.792483
88 -38.585454 -3.793080
89 -38.584795 -3.793665
90 -38.586416 -3.794146
91 -38.583559 -3.794831
92 -38.586040 -3.795062
93 -38.583497 -3.792241
94 -38.582892 -3.792819
95 -38.582283 -3.793412
96 -38.587141 -3.792392
97 -38.586770 -3.793262
98 -38.587506 -3.791545
99 -38.582943 -3.788179
100 -38.582332 -3.786785
101 -38.586839 -3.790699
102 -38.583577 -3.787577
103 -38.583446 -3.785094
104 -38.581049 -3.785973
105 -38.580865 -3.786867
106 -38.581516 -3.787560
107 -38.586150 -3.790004
108 -38.581688 -3.787387
109 -38.585513 -3.789326
110 -38.582480 -3.788619
111 -38.587320 -3.791327
112 -38.586190 -3.791721
113 -38.585264 -3.790738
114 -38.584593 -3.790032
115 -38.585741 -3.792132
116 -38.586615 -3.791326
117 -38.582418 -3.785650
118 -38.586681 -3.791915
119 -38.583251 -3.784867
120 -38.584146 -3.790424
121 -38.584994 -3.789648
122 -38.575807 -3.787994
123 -38.575199 -3.789881
124 -38.574644 -3.784236
125 -38.573290 -3.784830
126 -38.582916 -3.784484
127 -38.578010 -3.785029
128 -38.576898 -3.786292
129 -38.575619 -3.787368
130 -38.581814 -3.785257
131 -38.579339 -3.783828
132 -38.577507 -3.785065
133 -38.577268 -3.784778
134 -38.576972 -3.784365
135 -38.587730 -3.790415
136 -38.587044 -3.790852
137 -38.586224 -3.790916
138 -38.574478 -3.784056
139 -38.578271 -3.783029
140 -38.577721 -3.781951
141 -38.578012 -3.782136
142 -38.578202 -3.784871
143 -38.574504 -3.783923
144 -38.577981 -3.789932
145 -38.578352 -3.789567
146 -38.578931 -3.783422
147 -38.578700 -3.783419
