0 -38.544116 -3.748967
1 -38.544506 -3.748604
2 -38.545326 -3.747854
3 -38.546148 -3.747100
4 -38.546633 -3.746655
5 -38.550765 -3.753909
6 -38.550144 -3.753206
7 -38.549443 -3.752424
8 -38.548936 -3.751861
9 -38.548251 -3.751098
10 -38.547524 -3.750287
11 -38.546056 -3.748666
12 -38.546785 -3.749472
13 -38.547794 -3.755738
14 -38.549216 -3.753816
15 -38.547258 -3.755117
16 -38.548079 -3.752544
17 -38.546917 -3.754713
18 -38.548634 -3.753152
19 -38.547444 -3.751833
20 -38.546709 -3.751037
21 -38.545985 -3.750224
22 -38.545235 -3.749415
23 -38.550302 -3.751666
24 -38.549094 -3.750338
25 -38.548362 -3.749522
26 -38.547634 -3.748722
27 -38.546902 -3.747917
28 -38.549836 -3.756119
29 -38.549183 -3.755396
30 -38.550750 -3.755555
31 -38.554692 -3.755877
32 -38.552641 -3.753579
33 -38.555314 -3.755307
34 -38.551351 -3.754547
35 -38.553999 -3.755110
36 -38.543564 -3.747542
37 -38.553544 -3.753511
38 -38.552813 -3.756187
39 -38.553343 -3.754362
40 -38.552152 -3.755455
41 -38.548183 -3.748213
42 -38.547049 -3.752203
43 -38.545580 -3.750596
44 -38.544830 -3.749763
45 -38.547775 -3.754769
46 -38.547384 -3.754284
47 -38.546299 -3.751395
48 -38.544389 -3.746810
49 -38.543139 -3.747927
50 -38.550418 -3.750451
51 -38.549749 -3.751052
52 -38.549735 -3.749765
53 -38.548964 -3.748987
54 -38.547411 -3.747440
55 -38.550970 -3.751000
56 -38.549033 -3.753602
57 -38.549659 -3.753523
58 -38.549457 -3.753657
59 -38.549244 -3.753420
60 -38.547386 -3.748453
61 -38.546996 -3.748810
62 -38.548429 -3.748458
63 -38.547872 -3.748978
64 -38.549438 -3.750020
65 -38.550087 -3.750749
66 -38.549428 -3.749457
67 -38.549161 -3.749715
68 -38.549543 -3.751788
69 -38.552799 -3.753066
70 -38.552232 -3.753116
71 -38.552378 -3.754500
72 -38.552007 -3.754074
73 -38.552749 -3.754905
74 -38.553421 -3.755645
75 -38.554105 -3.756406
76 -38.551129 -3.752559
77 -38.549160 -3.752108
78 -38.548858 -3.751769
79 -38.551784 -3.755034
80 -38.550637 -3.751376
81 -38.548544 -3.755823
82 -38.548864 -3.756279
83 -38.550138 -3.755945
84 -38.550613 -3.755644
85 -38.550388 -3.755386
86 -38.551111 -3.754278
87 -38.544803 -3.748336
88 -38.550615 -3.751396
89 -38.546807 -3.753553
90 -38.547659 -3.752878
91 -38.543978 -3.748018
92 -38.550694 -3.755738
93 -38.550097 -3.755898
94 -38.544746 -3.748272
95 -38.544125 -3.747891
96 -38.545365 -3.747819
97 -38.546095 -3.748626
98 -38.546821 -3.749434
99 -38.547562 -3.750253
100 -38.548288 -3.751066
101 -38.548894 -3.751740
102 -38.549195 -3.752079
103 -38.549479 -3.752393
104 -38.551387 -3.754525
105 -38.551819 -3.755006
106 -38.552189 -3.755421
107 -38.552850 -3.756156
108 -38.550207 -3.756611
109 -38.550726 -3.750757
110 -38.550473 -3.751011
111 -38.548904 -3.749442
