0 -38.521684 -3.841870
1 -38.520880 -3.842526
2 -38.520457 -3.842889
3 -38.519766 -3.844362
4 -38.519970 -3.845270
5 -38.520829 -3.846445
6 -38.521347 -3.846271
7 -38.521395 -3.851001
8 -38.521684 -3.852042
9 -38.521294 -3.852190
10 -38.521032 -3.851543
11 -38.520597 -3.851321
12 -38.520295 -3.846499
13 -38.521493 -3.851369
14 -38.523837 -3.854609
15 -38.523923 -3.853265
16 -38.523323 -3.853751
17 -38.523062 -3.853969
18 -38.522798 -3.854179
19 -38.523007 -3.846015
20 -38.523870 -3.853317
21 -38.523522 -3.852050
22 -38.522900 -3.849718
23 -38.522831 -3.849738
24 -38.521885 -3.846284
25 -38.521959 -3.846271
26 -38.522401 -3.848161
27 -38.520832 -3.848585
28 -38.522928 -3.850099
29 -38.521348 -3.850520
30 -38.523358 -3.851709
31 -38.521779 -3.852129
32 -38.522928 -3.854079
33 -38.523426 -3.853651
34 -38.521892 -3.850387
35 -38.522415 -3.850236
36 -38.521353 -3.848445
37 -38.521893 -3.848295
38 -38.521371 -3.846373
39 -38.523524 -3.845935
40 -38.523949 -3.845749
41 -38.525223 -3.847390
42 -38.522478 -3.848141
43 -38.523065 -3.850334
44 -38.526038 -3.847695
45 -38.523453 -3.849987
46 -38.522380 -3.846209
47 -38.523830 -3.849676
48 -38.522863 -3.846125
49 -38.524359 -3.849238
50 -38.523987 -3.848610
51 -38.523314 -3.846030
52 -38.523731 -3.845845
53 -38.525748 -3.848012
54 -38.525104 -3.848607
55 -38.524302 -3.846188
56 -38.524788 -3.848043
57 -38.525300 -3.847475
58 -38.525649 -3.847222
59 -38.524514 -3.848467
60 -38.524049 -3.848815
61 -38.526364 -3.851443
62 -38.523189 -3.850763
63 -38.526342 -3.848079
64 -38.523314 -3.851230
65 -38.526652 -3.848431
66 -38.523426 -3.851690
67 -38.526923 -3.848775
68 -38.525907 -3.851075
69 -38.525488 -3.851522
70 -38.525136 -3.852224
71 -38.525040 -3.851800
72 -38.524349 -3.845477
73 -38.525713 -3.844375
74 -38.528873 -3.848215
75 -38.524671 -3.845880
76 -38.524935 -3.846215
77 -38.525203 -3.846562
78 -38.525462 -3.846938
79 -38.525721 -3.847316
80 -38.527218 -3.849124
81 -38.527506 -3.849474
82 -38.528584 -3.848587
83 -38.529048 -3.848339
84 -38.529179 -3.848631
85 -38.529459 -3.847237
86 -38.529880 -3.847491
87 -38.530359 -3.847655
88 -38.533807 -3.844277
89 -38.530312 -3.847120
90 -38.527084 -3.843243
91 -38.528414 -3.842117
92 -38.528988 -3.842821
93 -38.529038 -3.842778
94 -38.529329 -3.843134
95 -38.529272 -3.843183
96 -38.531662 -3.846015
97 -38.530858 -3.842448
98 -38.531287 -3.840269
99 -38.531487 -3.840615
100 -38.529949 -3.841392
101 -38.530238 -3.841733
102 -38.531779 -3.841083
103 -38.532702 -3.842685
104 -38.532835 -3.843206
105 -38.533195 -3.844079
106 -38.530411 -3.840452
107 -38.532201 -3.842483
108 -38.531476 -3.839432
109 -38.531070 -3.839899
110 -38.532273 -3.841889
111 -38.531589 -3.841817
112 -38.532018 -3.841483
113 -38.532286 -3.838896
114 -38.532598 -3.839350
115 -38.531252 -3.840198
116 -38.521718 -3.842680
117 -38.521636 -3.842493
118 -38.521526 -3.844281
119 -38.523471 -3.845858
120 -38.521311 -3.842140
121 -38.520006 -3.843278
122 -38.519672 -3.843985
123 -38.520738 -3.844319
124 -38.520796 -3.843506
125 -38.521822 -3.846205
126 -38.521513 -3.844376
127 -38.521504 -3.844717
128 -38.520414 -3.844991
129 -38.521563 -3.845030
130 -38.520004 -3.845461
131 -38.520604 -3.845344
132 -38.520055 -3.845788
133 -38.520685 -3.845670
134 -38.520129 -3.846087
135 -38.520756 -3.845995
136 -38.520089 -3.845925
137 -38.519830 -3.845508
138 -38.519681 -3.845570
139 -38.519849 -3.844678
140 -38.519535 -3.844804
141 -38.519108 -3.844437
142 -38.519325 -3.845132
143 -38.519446 -3.844569
144 -38.519672 -3.844749
145 -38.527534 -3.836046
146 -38.527407 -3.836168
147 -38.527851 -3.835741
148 -38.527077 -3.836480
149 -38.524919 -3.838585
150 -38.528087 -3.838601
151 -38.527010 -3.837725
152 -38.527839 -3.838839
153 -38.527316 -3.838379
154 -38.527321 -3.837412
155 -38.528433 -3.838282
156 -38.528780 -3.838543
157 -38.527922 -3.839366
158 -38.526816 -3.839202
159 -38.526614 -3.839834
160 -38.526258 -3.837734
161 -38.529212 -3.835026
162 -38.530456 -3.835983
163 -38.528901 -3.835328
164 -38.529851 -3.835519
165 -38.529544 -3.835847
166 -38.529532 -3.835274
167 -38.529194 -3.835577
168 -38.527971 -3.836821
169 -38.529896 -3.836122
170 -38.528995 -3.837065
171 -38.528081 -3.838002
172 -38.529469 -3.835795
173 -38.528913 -3.836457
174 -38.527781 -3.837763
175 -38.529997 -3.836751
176 -38.528571 -3.835650
177 -38.529665 -3.837070
178 -38.529282 -3.836757
179 -38.528566 -3.836196
180 -38.528242 -3.835945
181 -38.529371 -3.837346
182 -38.528634 -3.836789
183 -38.527943 -3.836223
184 -38.529069 -3.837645
185 -38.527611 -3.836524
186 -38.527321 -3.836249
187 -38.527935 -3.836795
188 -38.526601 -3.838073
189 -38.527129 -3.838621
190 -38.527617 -3.839034
191 -38.527632 -3.837122
192 -38.528746 -3.837976
193 -38.522790 -3.843653
194 -38.527153 -3.839428
195 -38.526824 -3.840299
196 -38.525520 -3.838687
197 -38.526085 -3.838167
198 -38.525809 -3.839020
199 -38.526210 -3.838598
200 -38.526207 -3.839548
201 -38.525793 -3.839914
202 -38.524965 -3.838959
203 -38.524750 -3.838739
204 -38.525380 -3.840298
205 -38.524334 -3.839139
206 -38.521769 -3.842101
207 -38.524949 -3.840692
208 -38.524512 -3.841083
209 -38.523845 -3.840325
210 -38.524091 -3.841458
211 -38.523407 -3.840709
212 -38.523655 -3.841848
213 -38.523016 -3.841055
214 -38.523152 -3.842170
215 -38.522382 -3.839751
216 -38.522974 -3.840149
217 -38.522397 -3.840165
218 -38.521665 -3.843739
219 -38.521743 -3.842501
220 -38.522255 -3.843290
221 -38.522420 -3.840885
222 -38.521828 -3.840907
223 -38.523874 -3.845663
224 -38.522042 -3.843464
225 -38.523124 -3.844765
226 -38.522422 -3.845342
227 -38.524253 -3.845399
228 -38.525630 -3.844298
229 -38.523860 -3.842196
230 -38.527000 -3.843173
231 -38.525486 -3.841402
232 -38.523087 -3.844010
233 -38.524438 -3.842890
234 -38.523385 -3.844370
235 -38.524741 -3.843248
236 -38.523684 -3.844729
237 -38.525034 -3.843593
238 -38.523957 -3.845058
239 -38.525326 -3.843939
240 -38.528117 -3.839822
241 -38.530044 -3.839496
242 -38.529444 -3.841142
243 -38.529463 -3.839072
244 -38.529210 -3.839373
245 -38.529109 -3.838801
246 -38.529374 -3.838440
247 -38.529366 -3.838998
248 -38.529681 -3.838658
249 -38.529615 -3.838604
250 -38.530619 -3.838783
251 -38.531047 -3.839786
252 -38.531329 -3.839314
253 -38.532168 -3.838348
254 -38.531787 -3.837952
255 -38.531531 -3.837700
256 -38.531189 -3.837359
257 -38.530755 -3.836896
258 -38.530018 -3.837276
259 -38.530277 -3.838551
260 -38.530004 -3.838921
261 -38.529587 -3.837494
262 -38.530469 -3.838293
263 -38.529705 -3.837635
264 -38.530811 -3.837846
265 -38.530533 -3.836683
266 -38.532430 -3.838664
267 -38.530993 -3.835914
268 -38.531617 -3.836856
269 -38.531440 -3.837052
270 -38.530789 -3.836305
271 -38.531947 -3.837303
272 -38.522852 -3.851839
273 -38.522320 -3.852001
274 -38.528858 -3.835881
275 -38.529207 -3.836134
276 -38.529609 -3.836437
277 -38.528267 -3.836500
278 -38.528341 -3.837094
279 -38.528678 -3.837349
280 -38.528039 -3.837437
281 -38.530366 -3.837531
282 -38.528352 -3.837694
283 -38.530063 -3.837956
284 -38.529487 -3.837965
285 -38.527517 -3.838131
286 -38.529860 -3.838244
287 -38.530954 -3.839043
288 -38.529732 -3.839278
289 -38.530681 -3.840779
290 -38.530954 -3.841090
291 -38.531303 -3.841476
292 -38.530561 -3.842118
293 -38.531903 -3.842161
294 -38.531162 -3.842805
295 -38.531433 -3.843151
296 -38.531731 -3.843521
297 -38.529578 -3.843525
298 -38.527373 -3.843586
299 -38.529890 -3.843889
300 -38.532031 -3.843881
301 -38.527665 -3.843933
302 -38.532291 -3.844239
303 -38.530185 -3.844237
304 -38.527964 -3.844291
305 -38.530490 -3.844582
306 -38.528257 -3.844643
307 -38.526020 -3.844739
308 -38.530764 -3.844933
309 -38.528553 -3.845003
310 -38.526315 -3.845045
311 -38.531072 -3.845299
312 -38.528852 -3.845353
313 -38.526620 -3.845383
314 -38.531356 -3.845651
315 -38.529152 -3.845703
316 -38.526928 -3.845730
317 -38.529442 -3.846053
318 -38.527220 -3.846083
319 -38.529737 -3.846414
320 -38.527522 -3.846474
321 -38.530029 -3.846766
322 -38.527819 -3.846810
323 -38.528084 -3.847213
324 -38.528374 -3.847549
325 -38.524640 -3.847585
326 -38.524202 -3.847692
327 -38.523767 -3.847805
328 -38.523327 -3.847917
329 -38.528639 -3.847879
330 -38.522899 -3.848025
331 -38.524609 -3.849535
332 -38.524905 -3.849886
333 -38.525212 -3.850250
334 -38.526981 -3.837078
335 -38.526508 -3.839922
336 -38.527122 -3.840647
337 -38.527413 -3.841028
338 -38.527718 -3.841387
339 -38.528025 -3.841739
340 -38.525783 -3.841760
341 -38.526086 -3.842118
342 -38.528697 -3.842456
343 -38.526391 -3.842470
344 -38.524133 -3.842530
345 -38.526701 -3.842826
346 -38.522787 -3.845045
347 -38.528346 -3.842045
348 -38.528094 -3.835504
349 -38.523363 -3.839682
350 -38.519937 -3.845064
351 -38.519559 -3.843641
352 -38.523452 -3.852066
353 -38.523244 -3.851281
354 -38.523121 -3.850813
355 -38.520272 -3.846411
356 -38.520804 -3.846347
357 -38.521936 -3.846188
358 -38.522355 -3.846123
359 -38.530483 -3.840259
360 -38.530547 -3.840338
361 -38.532486 -3.838727
362 -38.521573 -3.851346
363 -38.526361 -3.839172
364 -38.526039 -3.838756
365 -38.527286 -3.838731
366 -38.521516 -3.843874
367 -38.522997 -3.850081
368 -38.532992 -3.838327
369 -38.533301 -3.843450
370 -38.526397 -3.837870
371 -38.528882 -3.835346
372 -38.528565 -3.835040
373 -38.529377 -3.834862
374 -38.526009 -3.837522
375 -38.528959 -3.837038
376 -38.528124 -3.841788
377 -38.527790 -3.841329
378 -38.527484 -3.840969
379 -38.528100 -3.841690
380 -38.527183 -3.840597
381 -38.529906 -3.847468
382 -38.528129 -3.847174
383 -38.524388 -3.848258
384 -38.523918 -3.854014
385 -38.520958 -3.851176
386 -38.520729 -3.844375
387 -38.520197 -3.846339
388 -38.524210 -3.848695
389 -38.524126 -3.848471
390 -38.521600 -3.842671
391 -38.522517 -3.843308
392 -38.527374 -3.852458
393 -38.526077 -3.852971
394 -38.524374 -3.852871
395 -38.527948 -3.853076
396 -38.526044 -3.853552
397 -38.527988 -3.853671
398 -38.526011 -3.854134
399 -38.527787 -3.854235
400 -38.525979 -3.854693
401 -38.526110 -3.852377
402 -38.527653 -3.854808
403 -38.527563 -3.838596
404 -38.527798 -3.838353
405 -38.521785 -3.841878
