0 -38.558120 -3.821204
1 -38.563250 -3.843052
2 -38.561239 -3.835876
3 -38.559123 -3.836497
4 -38.557792 -3.838149
5 -38.561760 -3.838260
6 -38.559915 -3.838827
7 -38.554981 -3.839010
8 -38.561958 -3.839200
9 -38.558224 -3.839352
10 -38.560203 -3.839738
11 -38.555343 -3.840215
12 -38.555627 -3.841138
13 -38.561043 -3.834504
14 -38.561201 -3.835250
15 -38.561345 -3.835938
16 -38.561814 -3.838080
17 -38.563548 -3.838304
18 -38.561971 -3.838794
19 -38.562123 -3.839509
20 -38.562576 -3.841669
21 -38.563822 -3.842019
22 -38.564875 -3.841976
23 -38.565168 -3.842756
24 -38.556677 -3.822704
25 -38.556811 -3.823096
26 -38.558698 -3.823428
27 -38.558429 -3.823497
28 -38.556445 -3.823610
29 -38.557970 -3.823644
30 -38.556008 -3.823739
31 -38.558181 -3.823691
32 -38.557503 -3.823791
33 -38.553865 -3.823783
34 -38.557786 -3.823816
35 -38.555521 -3.823895
36 -38.557063 -3.823930
37 -38.553396 -3.823920
38 -38.557378 -3.823940
39 -38.552415 -3.823993
40 -38.552935 -3.824050
41 -38.556603 -3.824072
42 -38.551961 -3.824134
43 -38.552476 -3.824194
44 -38.551504 -3.824275
45 -38.552520 -3.824360
46 -38.551559 -3.824468
47 -38.555587 -3.824481
48 -38.555508 -3.824509
49 -38.552073 -3.824508
50 -38.551108 -3.824618
51 -38.558467 -3.824637
52 -38.555094 -3.824639
53 -38.551615 -3.824652
54 -38.550680 -3.824742
55 -38.558070 -3.824774
56 -38.554699 -3.824760
57 -38.557649 -3.824888
58 -38.554293 -3.824885
59 -38.553721 -3.824941
60 -38.553882 -3.825006
61 -38.553812 -3.825034
62 -38.553262 -3.825088
63 -38.553396 -3.825160
64 -38.556655 -3.825202
65 -38.552803 -3.825227
66 -38.553017 -3.825279
67 -38.556260 -3.825323
68 -38.552362 -3.825368
69 -38.555856 -3.825442
70 -38.552602 -3.825401
71 -38.551897 -3.825510
72 -38.552216 -3.825518
73 -38.551416 -3.825659
74 -38.551803 -3.825643
75 -38.551420 -3.825771
76 -38.551032 -3.825880
77 -38.558152 -3.825859
78 -38.550966 -3.825899
79 -38.557766 -3.825987
80 -38.554093 -3.825973
81 -38.553257 -3.826079
82 -38.555946 -3.826036
83 -38.556934 -3.826135
84 -38.557361 -3.826112
85 -38.553681 -3.826103
86 -38.552825 -3.826208
87 -38.555535 -3.826153
88 -38.556542 -3.826252
89 -38.556962 -3.826244
90 -38.553292 -3.826221
91 -38.552458 -3.826317
92 -38.555133 -3.826271
93 -38.556133 -3.826372
94 -38.556573 -3.826365
95 -38.553344 -3.826409
96 -38.556159 -3.826480
97 -38.552496 -3.826457
98 -38.552947 -3.826533
99 -38.552095 -3.826574
100 -38.552553 -3.826647
101 -38.558848 -3.826691
102 -38.551693 -3.826702
103 -38.557991 -3.826770
104 -38.555735 -3.826817
105 -38.558445 -3.826821
106 -38.551323 -3.826829
107 -38.557601 -3.826880
108 -38.555340 -3.826938
109 -38.554378 -3.826930
110 -38.558047 -3.826940
111 -38.557197 -3.826994
112 -38.554407 -3.827024
113 -38.553967 -3.827050
114 -38.558095 -3.827103
115 -38.553986 -3.827156
116 -38.554550 -3.827170
117 -38.553574 -3.827169
118 -38.557249 -3.827182
119 -38.557693 -3.827226
120 -38.553605 -3.827268
121 -38.553168 -3.827290
122 -38.556847 -3.827303
123 -38.557305 -3.827343
124 -38.553198 -3.827392
125 -38.552773 -3.827409
126 -38.556451 -3.827429
127 -38.556389 -3.827445
128 -38.552800 -3.827517
129 -38.552377 -3.827538
130 -38.559384 -3.827583
131 -38.555967 -3.827577
132 -38.552411 -3.827634
133 -38.559123 -3.827655
134 -38.551989 -3.827660
135 -38.559407 -3.827669
136 -38.555571 -3.827712
137 -38.552021 -3.827754
138 -38.551610 -3.827775
139 -38.558733 -3.827778
140 -38.555184 -3.827837
141 -38.558338 -3.827885
142 -38.551633 -3.827880
143 -38.554788 -3.827941
144 -38.554690 -3.827969
145 -38.557942 -3.828002
146 -38.553826 -3.828047
147 -38.554280 -3.828102
148 -38.559514 -3.828086
149 -38.557549 -3.828126
150 -38.553431 -3.828156
151 -38.557812 -3.828160
152 -38.553879 -3.828215
153 -38.557150 -3.828236
154 -38.553032 -3.828277
155 -38.557421 -3.828266
156 -38.557175 -3.828345
157 -38.553925 -3.828379
158 -38.553081 -3.828469
159 -38.556247 -3.828526
160 -38.559613 -3.828508
161 -38.553534 -3.828497
162 -38.552693 -3.828590
163 -38.557947 -3.828590
164 -38.555871 -3.828644
165 -38.553132 -3.828607
166 -38.559055 -3.828703
167 -38.552293 -3.828710
168 -38.555467 -3.828765
169 -38.551893 -3.828832
170 -38.558619 -3.828838
171 -38.555044 -3.828875
172 -38.554984 -3.828897
173 -38.558077 -3.829012
174 -38.554562 -3.829035
175 -38.557682 -3.829124
176 -38.554173 -3.829161
177 -38.557721 -3.829243
178 -38.554310 -3.829238
179 -38.553791 -3.829272
180 -38.554039 -3.829321
181 -38.559837 -3.829404
182 -38.553376 -3.829405
183 -38.553661 -3.829438
184 -38.552993 -3.829515
185 -38.559315 -3.829559
186 -38.552591 -3.829644
187 -38.558852 -3.829689
188 -38.552129 -3.829776
189 -38.552204 -3.829756
190 -38.553773 -3.829855
191 -38.558339 -3.829857
192 -38.552250 -3.829871
193 -38.557955 -3.829975
194 -38.554302 -3.830138
195 -38.553897 -3.830263
196 -38.552355 -3.830267
197 -38.558463 -3.830287
198 -38.553384 -3.830439
199 -38.552920 -3.830584
200 -38.560053 -3.830262
201 -38.552495 -3.830713
202 -38.558594 -3.830707
203 -38.554532 -3.830894
204 -38.557962 -3.830903
205 -38.554568 -3.831015
206 -38.554175 -3.831130
207 -38.556672 -3.831297
208 -38.553635 -3.831300
209 -38.549848 -3.831367
210 -38.560320 -3.831492
211 -38.549303 -3.831534
212 -38.554296 -3.831567
213 -38.552723 -3.831568
214 -38.559899 -3.831649
215 -38.548763 -3.831713
216 -38.555408 -3.831794
217 -38.559514 -3.831772
218 -38.548187 -3.831876
219 -38.555009 -3.831918
220 -38.559117 -3.831874
221 -38.554833 -3.831863
222 -38.554619 -3.832035
223 -38.552845 -3.832005
224 -38.558719 -3.832001
225 -38.554441 -3.831995
226 -38.547657 -3.832035
227 -38.554224 -3.832160
228 -38.558331 -3.832122
229 -38.547091 -3.832198
230 -38.557911 -3.832252
231 -38.553427 -3.832410
232 -38.557423 -3.832418
233 -38.560499 -3.832443
234 -38.557045 -3.832518
235 -38.560182 -3.832560
236 -38.556636 -3.832654
237 -38.559795 -3.832679
238 -38.556237 -3.832768
239 -38.559397 -3.832804
240 -38.551527 -3.832975
241 -38.555734 -3.832930
242 -38.558997 -3.832926
243 -38.555344 -3.833049
244 -38.558613 -3.833041
245 -38.550958 -3.833048
246 -38.554953 -3.833166
247 -38.560674 -3.833258
248 -38.554547 -3.833290
249 -38.557710 -3.833314
250 -38.560416 -3.833344
251 -38.560697 -3.833375
252 -38.554161 -3.833413
253 -38.560018 -3.833462
254 -38.557310 -3.833437
255 -38.553759 -3.833525
256 -38.559621 -3.833579
257 -38.556928 -3.833562
258 -38.552942 -3.832551
259 -38.553354 -3.833653
260 -38.556507 -3.833679
261 -38.559234 -3.833695
262 -38.558836 -3.833819
263 -38.556023 -3.833840
264 -38.555621 -3.833962
265 -38.557946 -3.834091
266 -38.555230 -3.834081
267 -38.557561 -3.834205
268 -38.554830 -3.834200
269 -38.554434 -3.834318
270 -38.557141 -3.834334
271 -38.554035 -3.834437
272 -38.550939 -3.834999
273 -38.556246 -3.834613
274 -38.555853 -3.834732
275 -38.560461 -3.834875
276 -38.555454 -3.834850
277 -38.560075 -3.835012
278 -38.555066 -3.834964
279 -38.559677 -3.835128
280 -38.554675 -3.835091
281 -38.553631 -3.834575
282 -38.559265 -3.835251
283 -38.550378 -3.835165
284 -38.554274 -3.835220
285 -38.553871 -3.835347
286 -38.549836 -3.835307
287 -38.558495 -3.835491
288 -38.557987 -3.835648
289 -38.548727 -3.835660
290 -38.549284 -3.835490
291 -38.557469 -3.835806
292 -38.548219 -3.835815
293 -38.556692 -3.836045
294 -38.560803 -3.835992
295 -38.556299 -3.836164
296 -38.560405 -3.836118
297 -38.553095 -3.836165
298 -38.555900 -3.836280
299 -38.553896 -3.835441
300 -38.560018 -3.836245
301 -38.552557 -3.836344
302 -38.555502 -3.836408
303 -38.548462 -3.836785
304 -38.559618 -3.836380
305 -38.555106 -3.836526
306 -38.552005 -3.836503
307 -38.553441 -3.836536
308 -38.558842 -3.836585
309 -38.554711 -3.836652
310 -38.551457 -3.836669
311 -38.558311 -3.836748
312 -38.549783 -3.837117
313 -38.552885 -3.836709
314 -38.550892 -3.836841
315 -38.557793 -3.836882
316 -38.550350 -3.837020
317 -38.552325 -3.836903
318 -38.557024 -3.837170
319 -38.561141 -3.837114
320 -38.559043 -3.837263
321 -38.556635 -3.837292
322 -38.560747 -3.837232
323 -38.556233 -3.837410
324 -38.558526 -3.837416
325 -38.560367 -3.837470
326 -38.554640 -3.837897
327 -38.555839 -3.837533
328 -38.559951 -3.837489
329 -38.558013 -3.837574
330 -38.555443 -3.837646
331 -38.557749 -3.837658
332 -38.555051 -3.837769
333 -38.553838 -3.837862
334 -38.554487 -3.837665
335 -38.553276 -3.838033
336 -38.559129 -3.838016
337 -38.558727 -3.838146
338 -38.558344 -3.838275
339 -38.557367 -3.838276
340 -38.561512 -3.838336
341 -38.552200 -3.838362
342 -38.556970 -3.838402
343 -38.561102 -3.838465
344 -38.560718 -3.838589
345 -38.556579 -3.838521
346 -38.556165 -3.838640
347 -38.560311 -3.838705
348 -38.555774 -3.838764
349 -38.555375 -3.838893
350 -38.559424 -3.838981
351 -38.554904 -3.839027
352 -38.559016 -3.839113
353 -38.554255 -3.839231
354 -38.558632 -3.839228
355 -38.561838 -3.839237
356 -38.561396 -3.839369
357 -38.557724 -3.839498
358 -38.561005 -3.839499
359 -38.557339 -3.839606
360 -38.560598 -3.839616
361 -38.552596 -3.839742
362 -38.556928 -3.839732
363 -38.556543 -3.839850
364 -38.559697 -3.839891
365 -38.556142 -3.839977
366 -38.559305 -3.840005
367 -38.555750 -3.840096
368 -38.558909 -3.840130
369 -38.561691 -3.840386
370 -38.558010 -3.840416
371 -38.561278 -3.840510
372 -38.557613 -3.840529
373 -38.560899 -3.840622
374 -38.557213 -3.840653
375 -38.556815 -3.840773
376 -38.559990 -3.840830
377 -38.556421 -3.840901
378 -38.559598 -3.840939
379 -38.556028 -3.841020
380 -38.559198 -3.841072
381 -38.561972 -3.841343
382 -38.558287 -3.841358
383 -38.557919 -3.841470
384 -38.561572 -3.841459
385 -38.557866 -3.841535
386 -38.557502 -3.841587
387 -38.561184 -3.841572
388 -38.557109 -3.841715
389 -38.556731 -3.841832
390 -38.556316 -3.841949
391 -38.555841 -3.842092
392 -38.556986 -3.842752
393 -38.558623 -3.843862
394 -38.557473 -3.829311
395 -38.558194 -3.830829
396 -38.559939 -3.829837
397 -38.557818 -3.842612
398 -38.557818 -3.838257
399 -38.555012 -3.839110
400 -38.556598 -3.838624
401 -38.552383 -3.830615
402 -38.550395 -3.831195
403 -38.553173 -3.831440
404 -38.553705 -3.839394
405 -38.553139 -3.839575
406 -38.552722 -3.838207
407 -38.557403 -3.838383
408 -38.557002 -3.838498
409 -38.556198 -3.838740
410 -38.555810 -3.838864
411 -38.555413 -3.838991
412 -38.536750 -3.826844
413 -38.535351 -3.827541
414 -38.535543 -3.827443
415 -38.531956 -3.828524
416 -38.532224 -3.828463
417 -38.537853 -3.835955
418 -38.538038 -3.835948
419 -38.538081 -3.836131
420 -38.543287 -3.835088
421 -38.543335 -3.835264
422 -38.543604 -3.835196
423 -38.547676 -3.834154
424 -38.546535 -3.834394
425 -38.547643 -3.834059
426 -38.560075 -3.830344
427 -38.559174 -3.830640
428 -38.557991 -3.831009
429 -38.556703 -3.831399
430 -38.555080 -3.831783
431 -38.553811 -3.832289
432 -38.553012 -3.832533
433 -38.552983 -3.832438
434 -38.552080 -3.832811
435 -38.552915 -3.832460
436 -38.550983 -3.833142
437 -38.534568 -3.836891
438 -38.534294 -3.835416
439 -38.534814 -3.835335
440 -38.533316 -3.835399
441 -38.534415 -3.836200
442 -38.533509 -3.836353
443 -38.533724 -3.836983
444 -38.533165 -3.836404
445 -38.533363 -3.836899
446 -38.533970 -3.835880
447 -38.532366 -3.835972
448 -38.533642 -3.835855
449 -38.533267 -3.835763
450 -38.533002 -3.836422
451 -38.532147 -3.835365
452 -38.533300 -3.834965
453 -38.533584 -3.834544
454 -38.533221 -3.834620
455 -38.532271 -3.835665
456 -38.533316 -3.835225
457 -38.533213 -3.834593
458 -38.532448 -3.834818
459 -38.532878 -3.834691
460 -38.532658 -3.835190
461 -38.532012 -3.834981
462 -38.531663 -3.835180
463 -38.532301 -3.834276
464 -38.531718 -3.834470
465 -38.532344 -3.834516
466 -38.531870 -3.834752
467 -38.532930 -3.833953
468 -38.531314 -3.834674
469 -38.532363 -3.833134
470 -38.531939 -3.832626
471 -38.530907 -3.834134
472 -38.532135 -3.832887
473 -38.531153 -3.833870
474 -38.532775 -3.833632
475 -38.531130 -3.834347
476 -38.534824 -3.833814
477 -38.534284 -3.833344
478 -38.534527 -3.833555
479 -38.534770 -3.833306
480 -38.534579 -3.833039
481 -38.534038 -3.833118
482 -38.533868 -3.832959
483 -38.533714 -3.833251
484 -38.533471 -3.832588
485 -38.533201 -3.832353
486 -38.532974 -3.831935
487 -38.533850 -3.832158
488 -38.533524 -3.832508
489 -38.533563 -3.832002
490 -38.532810 -3.831783
491 -38.533013 -3.831185
492 -38.533161 -3.831104
493 -38.532789 -3.830922
494 -38.533001 -3.830807
495 -38.533071 -3.831259
496 -38.532625 -3.831498
497 -38.532919 -3.831078
498 -38.532521 -3.831297
499 -38.532480 -3.831209
500 -38.532091 -3.831460
501 -38.532409 -3.831053
502 -38.532044 -3.831288
503 -38.531638 -3.830504
504 -38.532091 -3.830297
505 -38.532237 -3.830676
506 -38.532428 -3.830353
507 -38.532290 -3.830049
508 -38.532223 -3.829938
509 -38.532682 -3.830211
510 -38.532528 -3.829936
511 -38.532589 -3.830645
512 -38.532844 -3.830517
513 -38.531959 -3.830051
514 -38.532377 -3.829674
515 -38.531337 -3.829152
516 -38.532264 -3.829432
517 -38.531727 -3.829803
518 -38.532120 -3.829198
519 -38.531495 -3.829463
520 -38.531059 -3.829583
521 -38.531951 -3.828906
522 -38.531771 -3.829363
523 -38.531674 -3.829035
524 -38.530911 -3.828778
525 -38.530461 -3.830082
526 -38.531082 -3.829688
527 -38.530250 -3.829864
528 -38.530708 -3.829756
529 -38.530571 -3.829365
530 -38.530997 -3.829274
531 -38.529974 -3.829528
532 -38.531652 -3.829700
533 -38.531157 -3.829972
534 -38.554933 -3.839129
535 -38.561511 -3.841567
536 -38.561656 -3.842061
537 -38.561840 -3.842651
538 -38.560563 -3.843239
539 -38.561535 -3.841654
540 -38.558923 -3.843346
541 -38.558959 -3.843754
542 -38.558897 -3.842956
543 -38.556338 -3.842009
544 -38.557512 -3.841646
545 -38.562160 -3.840155
546 -38.562176 -3.840228
547 -38.558726 -3.841284
548 -38.558797 -3.841264
549 -38.557162 -3.835795
550 -38.562407 -3.841318
551 -38.562392 -3.841242
552 -38.558872 -3.835376
553 -38.558400 -3.834070
554 -38.558198 -3.833170
555 -38.561508 -3.837111
556 -38.559579 -3.837711
557 -38.559543 -3.837615
558 -38.561484 -3.837004
559 -38.560982 -3.834691
560 -38.558841 -3.835275
561 -38.560956 -3.834568
562 -38.555875 -3.836187
563 -38.554310 -3.836773
564 -38.554788 -3.830819
565 -38.554342 -3.830269
566 -38.554598 -3.830197
567 -38.557905 -3.829817
568 -38.557650 -3.829885
569 -38.551004 -3.825784
570 -38.554178 -3.824797
571 -38.553528 -3.822736
572 -38.554259 -3.824773
573 -38.552165 -3.823146
574 -38.558099 -3.821321
575 -38.549751 -3.823741
576 -38.550437 -3.823550
577 -38.550529 -3.824514
578 -38.548320 -3.823979
579 -38.558380 -3.822375
580 -38.557205 -3.822754
581 -38.554982 -3.822278
582 -38.555056 -3.822255
583 -38.555664 -3.824348
584 -38.560688 -3.830169
585 -38.560891 -3.830822
586 -38.561133 -3.831500
587 -38.560471 -3.831660
588 -38.561367 -3.832155
589 -38.560615 -3.832411
590 -38.561616 -3.832850
591 -38.560752 -3.833140
592 -38.561876 -3.833551
593 -38.560903 -3.833843
594 -38.564019 -3.839628
595 -38.564772 -3.841721
596 -38.562819 -3.836253
597 -38.561509 -3.836661
598 -38.561664 -3.837378
599 -38.562881 -3.839262
600 -38.563139 -3.839975
601 -38.563103 -3.843759
602 -38.560731 -3.844684
603 -38.560478 -3.844208
604 -38.561759 -3.844275
605 -38.561593 -3.843787
606 -38.562719 -3.843868
607 -38.563083 -3.844816
608 -38.562405 -3.844016
609 -38.562768 -3.844917
610 -38.562083 -3.844159
611 -38.562414 -3.845035
612 -38.561702 -3.844295
613 -38.562113 -3.845163
614 -38.561385 -3.844407
615 -38.561778 -3.845275
616 -38.561061 -3.844541
617 -38.561425 -3.845365
618 -38.562919 -3.844380
619 -38.561248 -3.844957
620 -38.561096 -3.845449
621 -38.564054 -3.839726
622 -38.564540 -3.841049
623 -38.564307 -3.840383
624 -38.565035 -3.842397
625 -38.563799 -3.838979
626 -38.562347 -3.834910
627 -38.562587 -3.835590
628 -38.563082 -3.836978
629 -38.563324 -3.837653
630 -38.561172 -3.837220
631 -38.560770 -3.837350
632 -38.560352 -3.837353
633 -38.559966 -3.837589
634 -38.561690 -3.840312
635 -38.561287 -3.840435
636 -38.560875 -3.840561
637 -38.560484 -3.840686
638 -38.560418 -3.840707
639 -38.560500 -3.840744
640 -38.560435 -3.840763
641 -38.556722 -3.841898
642 -38.558110 -3.822459
643 -38.557656 -3.822595
644 -38.550400 -3.833219
645 -38.550426 -3.833312
646 -38.549851 -3.833387
647 -38.549883 -3.833477
648 -38.549301 -3.833555
649 -38.549333 -3.833646
650 -38.548750 -3.833722
651 -38.548778 -3.833815
652 -38.562600 -3.844490
653 -38.562252 -3.844611
654 -38.561914 -3.844727
655 -38.561573 -3.844827
656 -38.557094 -3.831279
657 -38.557845 -3.832272
658 -38.558759 -3.835298
659 -38.558792 -3.835403
660 -38.556298 -3.831525
661 -38.555898 -3.831660
662 -38.555819 -3.831684
663 -38.558132 -3.833193
664 -38.556427 -3.833706
665 -38.558433 -3.833947
666 -38.558364 -3.833967
667 -38.558467 -3.834052
668 -38.556751 -3.834455
669 -38.556678 -3.834474
670 -38.556782 -3.834558
671 -38.557187 -3.835889
672 -38.557099 -3.835920
673 -38.557444 -3.837027
674 -38.559573 -3.830518
675 -38.558782 -3.830760
676 -38.558379 -3.830884
677 -38.556162 -3.832788
678 -38.557794 -3.821415
679 -38.557341 -3.821556
680 -38.556884 -3.821693
681 -38.556427 -3.821835
682 -38.555974 -3.821974
683 -38.555517 -3.822113
684 -38.553078 -3.822871
685 -38.552618 -3.823009
686 -38.551695 -3.823291
687 -38.551254 -3.823429
688 -38.550792 -3.823561
689 -38.550487 -3.823648
690 -38.559846 -3.838846
691 -38.558143 -3.839352
692 -38.560129 -3.839763
693 -38.558503 -3.840262
694 -38.558417 -3.840295
695 -38.558777 -3.841206
696 -38.558706 -3.841229
697 -38.548219 -3.833987
698 -38.548197 -3.833891
699 -38.548361 -3.824614
700 -38.547583 -3.827330
701 -38.550288 -3.825973
702 -38.550823 -3.825848
703 -38.548213 -3.824964
704 -38.550928 -3.825801
705 -38.550144 -3.826125
706 -38.547601 -3.827405
707 -38.555025 -3.822143
708 -38.554949 -3.822166
709 -38.561600 -3.837083
710 -38.561577 -3.836977
711 -38.559522 -3.837889
712 -38.559399 -3.837166
713 -38.557648 -3.837690
714 -38.553966 -3.835914
715 -38.553826 -3.835463
716 -38.552658 -3.831585
717 -38.551550 -3.827846
718 -38.561216 -3.835767
719 -38.561305 -3.835744
720 -38.561271 -3.835580
721 -38.561181 -3.835602
722 -38.560331 -3.830997
723 -38.560170 -3.830318
724 -38.559510 -3.827643
725 -38.556186 -3.824305
726 -38.556156 -3.824207
727 -38.555575 -3.824368
728 -38.553859 -3.824903
729 -38.553288 -3.825191
730 -38.552399 -3.825465
731 -38.553033 -3.829631
732 -38.555902 -3.828740
733 -38.556727 -3.828494
734 -38.557581 -3.828226
735 -38.558369 -3.827985
736 -38.555115 -3.831886
737 -38.554204 -3.832062
738 -38.560051 -3.833547
739 -38.559646 -3.833666
740 -38.559251 -3.833795
741 -38.557591 -3.834308
742 -38.556274 -3.834719
743 -38.555103 -3.835076
744 -38.554302 -3.835320
745 -38.554679 -3.836560
746 -38.538014 -3.826225
747 -38.542829 -3.824926
748 -38.543003 -3.824881
749 -38.543900 -3.824652
750 -38.545493 -3.824396
751 -38.545664 -3.824375
752 -38.555963 -3.821854
753 -38.549613 -3.825655
754 -38.549275 -3.826303
755 -38.551822 -3.823125
756 -38.562711 -3.835938
757 -38.563357 -3.837748
758 -38.563380 -3.837824
759 -38.563626 -3.838519
760 -38.562921 -3.836531
761 -38.561549 -3.832680
762 -38.560778 -3.830507
763 -38.553610 -3.822713
764 -38.565345 -3.843243
765 -38.562970 -3.843011
766 -38.553454 -3.834220
767 -38.551775 -3.836996
768 -38.553800 -3.835373
769 -38.557141 -3.822560
770 -38.557252 -3.822952
771 -38.556328 -3.823241
772 -38.556232 -3.822833
773 -38.554364 -3.826522
774 -38.554750 -3.826396
775 -38.556130 -3.826682
776 -38.554952 -3.827058
777 -38.554278 -3.829131
778 -38.560689 -3.844595
779 -38.558762 -3.845176
780 -38.559001 -3.846251
781 -38.558796 -3.845469
782 -38.557492 -3.845852
783 -38.557024 -3.845985
784 -38.558360 -3.845598
785 -38.558153 -3.844790
786 -38.558171 -3.844429
787 -38.557759 -3.844609
788 -38.557929 -3.845720
789 -38.558199 -3.846578
790 -38.557757 -3.846741
791 -38.557165 -3.845102
792 -38.556839 -3.845447
793 -38.557496 -3.844410
794 -38.556924 -3.844020
795 -38.557130 -3.844119
796 -38.556654 -3.844790
797 -38.556214 -3.843339
798 -38.556464 -3.844129
799 -38.558297 -3.842823
800 -38.551488 -3.840080
801 -38.537177 -3.826635
802 -38.537194 -3.827116
803 -38.537649 -3.827649
804 -38.537621 -3.827456
805 -38.537310 -3.828076
806 -38.535718 -3.828773
807 -38.549291 -3.828905
808 -38.549798 -3.828473
809 -38.550749 -3.828080
810 -38.548202 -3.826907
811 -38.548555 -3.827364
812 -38.543553 -3.835021
813 -38.537075 -3.835993
814 -38.547763 -3.825668
815 -38.560401 -3.829242
816 -38.559933 -3.829369
817 -38.554279 -3.836680
818 -38.557071 -3.835822
819 -38.556710 -3.834581
820 -38.560711 -3.841689
821 -38.558772 -3.842298
822 -38.553439 -3.839480
823 -38.553463 -3.839562
824 -38.542748 -3.824954
825 -38.541464 -3.825290
826 -38.560439 -3.842927
827 -38.560304 -3.842561
828 -38.559300 -3.837191
829 -38.560003 -3.844394
830 -38.560238 -3.844957
831 -38.559924 -3.843844
832 -38.561479 -3.844373
833 -38.561289 -3.843913
834 -38.561297 -3.842930
835 -38.561403 -3.843208
836 -38.548648 -3.826271
837 -38.547579 -3.826267
838 -38.548809 -3.825661
839 -38.549466 -3.827097
840 -38.549895 -3.827291
841 -38.549596 -3.826289
842 -38.548325 -3.827898
843 -38.548894 -3.827734
844 -38.548841 -3.828402
845 -38.549465 -3.828229
846 -38.536117 -3.832606
847 -38.536116 -3.832745
848 -38.534602 -3.832688
849 -38.535262 -3.835238
850 -38.535789 -3.830863
851 -38.535283 -3.830047
852 -38.535689 -3.830869
853 -38.536005 -3.831959
854 -38.537088 -3.827209
855 -38.550293 -3.841277
856 -38.551164 -3.840267
857 -38.551307 -3.840978
858 -38.552350 -3.840448
859 -38.552731 -3.840940
860 -38.552994 -3.840643
861 -38.553723 -3.840409
862 -38.553622 -3.840069
863 -38.554389 -3.840536
864 -38.553107 -3.841299
865 -38.553915 -3.841051
866 -38.555183 -3.841553
867 -38.554947 -3.841135
868 -38.554269 -3.842686
869 -38.555223 -3.847129
870 -38.555666 -3.847468
871 -38.552417 -3.848445
872 -38.552350 -3.848197
873 -38.552289 -3.847957
874 -38.552129 -3.848273
875 -38.552583 -3.847261
876 -38.551699 -3.847505
877 -38.551290 -3.846107
878 -38.553064 -3.845409
879 -38.553697 -3.845503
880 -38.554546 -3.845559
881 -38.551106 -3.843983
882 -38.552179 -3.843967
883 -38.551315 -3.844250
884 -38.552079 -3.843468
885 -38.551404 -3.843662
886 -38.551336 -3.844767
887 -38.552316 -3.844476
888 -38.553402 -3.844467
889 -38.553284 -3.843796
890 -38.554598 -3.844631
891 -38.553659 -3.844636
892 -38.554451 -3.843265
893 -38.553386 -3.843263
894 -38.554550 -3.843967
895 -38.553466 -3.843961
896 -38.555320 -3.844531
897 -38.555648 -3.845029
898 -38.555297 -3.843996
899 -38.555255 -3.845559
900 -38.556112 -3.845559
901 -38.555120 -3.845586
902 -38.554493 -3.846113
903 -38.556132 -3.846365
904 -38.556917 -3.845896
905 -38.556132 -3.846130
906 -38.556769 -3.845456
907 -38.556125 -3.845020
908 -38.553590 -3.844960
909 -38.550827 -3.844863
910 -38.551454 -3.845283
911 -38.557145 -3.846679
912 -38.556141 -3.846954
913 -38.555167 -3.846979
914 -38.552683 -3.846855
915 -38.552641 -3.846992
916 -38.556136 -3.847102
917 -38.552745 -3.845825
918 -38.552476 -3.844997
919 -38.552143 -3.843790
920 -38.551806 -3.841098
921 -38.551687 -3.840644
922 -38.551517 -3.840162
923 -38.550762 -3.842712
924 -38.551961 -3.842665
925 -38.554519 -3.843686
926 -38.555000 -3.843694
927 -38.555234 -3.843512
928 -38.551066 -3.841902
929 -38.551881 -3.841886
930 -38.554648 -3.841905
931 -38.555062 -3.842095
932 -38.554129 -3.841767
933 -38.554358 -3.842698
934 -38.554590 -3.844534
935 -38.554595 -3.845039
936 -38.554453 -3.846506
937 -38.554716 -3.841200
938 -38.554027 -3.841427
939 -38.552636 -3.844661
940 -38.552637 -3.844473
941 -38.555505 -3.845784
942 -38.555505 -3.845555
943 -38.564177 -3.843314
944 -38.546561 -3.834493
945 -38.557092 -3.824029
946 -38.557999 -3.823744
947 -38.555296 -3.823367
948 -38.554198 -3.836707
949 -38.554228 -3.836798
950 -38.554029 -3.835893
951 -38.554267 -3.826556
952 -38.556018 -3.826012
953 -38.553939 -3.823756
954 -38.556214 -3.826658
955 -38.555278 -3.840235
956 -38.555543 -3.841162
957 -38.555348 -3.823351
958 -38.554454 -3.827189
959 -38.562272 -3.840216
960 -38.553521 -3.834195
961 -38.562930 -3.843183
962 -38.563183 -3.843743
963 -38.563767 -3.843599
964 -38.556975 -3.843584
965 -38.555912 -3.842047
966 -38.560759 -3.841646
967 -38.557185 -3.846842
968 -38.557406 -3.843129
969 -38.552887 -3.842660
970 -38.557206 -3.846659
971 -38.551139 -3.840190
972 -38.550219 -3.842689
973 -38.549889 -3.841637
974 -38.551839 -3.839697
975 -38.552454 -3.839255
976 -38.558641 -3.843938
977 -38.546043 -3.832522
978 -38.539604 -3.825698
979 -38.533284 -3.832469
980 -38.532959 -3.835196
981 -38.534211 -3.834951
982 -38.535348 -3.829958
983 -38.538203 -3.826134
984 -38.533340 -3.831846
985 -38.532607 -3.834775
986 -38.534272 -3.835417
987 -38.531818 -3.832728
988 -38.531854 -3.832321
989 -38.553083 -3.833010
990 -38.553151 -3.832991
991 -38.565429 -3.843521
992 -38.562424 -3.840959
993 -38.562086 -3.834164
994 -38.554210 -3.824909
995 -38.553780 -3.824925
996 -38.557469 -3.837109
997 -38.557543 -3.837088
998 -38.557505 -3.836964
999 -38.559489 -3.827557
1000 -38.560150 -3.830236
1001 -38.557863 -3.838409
1002 -38.557956 -3.838379
1003 -38.559616 -3.837848
1004 -38.559161 -3.836621
1005 -38.559237 -3.836594
1006 -38.559212 -3.836505
1007 -38.555020 -3.829020
1008 -38.555105 -3.828978
1009 -38.555065 -3.828882
1010 -38.554970 -3.828919
1011 -38.556649 -3.828404
1012 -38.556747 -3.828354
1013 -38.556772 -3.828472
1014 -38.556760 -3.828360
1015 -38.556652 -3.828391
1016 -38.557499 -3.831154
1017 -38.560949 -3.834535
1018 -38.561064 -3.834599
1019 -38.550605 -3.824491
1020 -38.552160 -3.829867
1021 -38.562252 -3.840127
1022 -38.561212 -3.841653
1023 -38.550203 -3.826108
1024 -38.550315 -3.826072
1025 -38.550166 -3.826016
1026 -38.550200 -3.825971
1027 -38.557563 -3.831022
1028 -38.557581 -3.831155
1029 -38.557605 -3.831129
1030 -38.557507 -3.831158
1031 -38.557483 -3.831049
1032 -38.555850 -3.831538
1033 -38.555788 -3.831557
1034 -38.555907 -3.831644
1035 -38.555795 -3.831672
1036 -38.541703 -3.826290
1037 -38.542838 -3.825300
1038 -38.544641 -3.824524
1039 -38.544161 -3.824607
1040 -38.545161 -3.824445
1041 -38.545548 -3.826852
1042 -38.549697 -3.831358
1043 -38.548743 -3.831650
1044 -38.546801 -3.832233
1045 -38.550944 -3.830980
1046 -38.548168 -3.831819
1047 -38.547192 -3.832117
1048 -38.546176 -3.832415
1049 -38.550966 -3.831020
1050 -38.549713 -3.831406
1051 -38.547205 -3.832162
1052 -38.546813 -3.832279
1053 -38.546192 -3.832476
1054 -38.549041 -3.827221
1055 -38.548956 -3.826963
1056 -38.552594 -3.834501
1057 -38.552043 -3.834663
1058 -38.551500 -3.834827
