0 -38.471284 -3.807622
1 -38.476782 -3.803020
2 -38.476658 -3.804293
3 -38.476356 -3.807879
4 -38.476236 -3.809340
5 -38.476150 -3.810585
6 -38.467491 -3.802240
7 -38.472524 -3.802697
8 -38.473366 -3.802758
9 -38.475027 -3.802914
10 -38.475932 -3.802989
11 -38.472432 -3.803925
12 -38.473257 -3.804004
13 -38.474926 -3.804136
14 -38.477502 -3.804380
15 -38.475818 -3.804225
16 -38.472611 -3.811534
17 -38.474326 -3.811681
18 -38.478323 -3.804440
19 -38.478021 -3.808156
20 -38.482439 -3.817773
21 -38.481055 -3.818946
22 -38.478602 -3.817440
23 -38.477389 -3.816046
24 -38.478444 -3.818703
25 -38.477854 -3.818046
26 -38.476711 -3.816651
27 -38.476115 -3.815947
28 -38.481169 -3.817658
29 -38.479450 -3.815546
30 -38.478855 -3.814832
31 -38.472718 -3.810319
32 -38.474421 -3.810434
33 -38.480808 -3.814403
34 -38.480139 -3.814957
35 -38.478727 -3.816121
36 -38.476568 -3.817937
37 -38.480735 -3.815683
38 -38.479321 -3.816856
39 -38.477161 -3.818642
40 -38.481971 -3.815812
41 -38.481307 -3.816370
42 -38.482554 -3.816509
43 -38.481881 -3.817068
44 -38.480482 -3.818263
45 -38.474647 -3.807951
46 -38.474531 -3.809212
47 -38.474205 -3.813931
48 -38.474420 -3.816163
49 -38.474575 -3.817235
50 -38.473752 -3.817908
51 -38.476000 -3.817216
52 -38.477744 -3.819338
53 -38.473048 -3.806467
54 -38.471362 -3.806337
55 -38.468588 -3.808701
56 -38.469417 -3.808776
57 -38.471153 -3.808919
58 -38.472824 -3.809070
59 -38.469329 -3.810032
60 -38.473155 -3.805293
61 -38.472942 -3.807583
62 -38.482935 -3.818380
63 -38.482386 -3.819149
64 -38.468649 -3.807963
65 -38.465077 -3.808016
66 -38.464289 -3.808028
67 -38.471981 -3.808999
68 -38.471806 -3.811459
69 -38.471613 -3.813721
70 -38.467789 -3.814216
71 -38.474267 -3.814938
72 -38.476197 -3.814550
73 -38.474283 -3.815117
74 -38.475046 -3.815566
75 -38.472592 -3.815877
76 -38.472667 -3.816460
77 -38.475408 -3.816530
78 -38.473685 -3.817859
79 -38.474817 -3.805364
80 -38.468296 -3.802293
81 -38.469149 -3.802397
82 -38.477394 -3.805597
83 -38.475727 -3.805459
84 -38.469982 -3.802462
85 -38.479080 -3.812236
86 -38.476459 -3.806773
87 -38.473482 -3.811620
88 -38.473896 -3.806052
89 -38.465580 -3.808884
90 -38.475590 -3.806685
91 -38.471922 -3.810237
92 -38.467399 -3.813472
93 -38.464958 -3.809242
94 -38.471463 -3.805077
95 -38.475125 -3.812906
96 -38.476028 -3.811834
97 -38.476548 -3.805524
98 -38.478227 -3.805684
99 -38.478134 -3.806928
100 -38.478441 -3.803201
101 -38.475510 -3.807826
102 -38.473761 -3.807869
103 -38.474592 -3.807824
104 -38.475484 -3.808018
105 -38.476012 -3.807846
106 -38.476005 -3.808070
107 -38.477139 -3.808191
108 -38.476341 -3.808105
109 -38.472925 -3.807788
110 -38.472094 -3.807731
111 -38.471257 -3.807732
112 -38.469504 -3.807934
113 -38.468499 -3.809934
114 -38.470194 -3.810087
115 -38.470298 -3.808842
116 -38.470383 -3.807819
117 -38.464330 -3.809906
118 -38.463402 -3.808029
119 -38.476171 -3.810239
120 -38.476715 -3.810326
121 -38.476707 -3.810449
122 -38.476771 -3.809771
123 -38.476757 -3.809894
124 -38.476326 -3.809857
125 -38.471689 -3.802619
126 -38.464042 -3.809318
127 -38.462942 -3.809556
128 -38.464500 -3.808444
129 -38.463779 -3.808803
130 -38.466344 -3.810221
131 -38.465505 -3.810712
132 -38.467064 -3.811490
133 -38.466460 -3.811805
134 -38.467391 -3.812068
135 -38.470242 -3.813596
136 -38.470770 -3.813642
137 -38.470856 -3.812626
138 -38.468285 -3.812443
139 -38.469922 -3.813574
140 -38.470002 -3.812555
141 -38.469301 -3.810532
142 -38.474348 -3.815717
143 -38.472410 -3.816630
144 -38.472288 -3.815853
145 -38.472144 -3.816809
146 -38.472003 -3.815808
147 -38.472111 -3.807529
148 -38.472304 -3.805256
149 -38.472253 -3.805951
150 -38.471442 -3.805369
151 -38.470355 -3.807726
152 -38.470512 -3.805580
153 -38.468445 -3.807864
154 -38.467785 -3.805186
155 -38.467955 -3.805926
156 -38.467414 -3.805266
157 -38.474881 -3.804757
158 -38.474198 -3.802831
159 -38.474109 -3.804067
160 -38.474040 -3.804687
161 -38.474022 -3.804943
162 -38.474150 -3.803457
163 -38.473318 -3.803390
164 -38.475071 -3.802368
165 -38.472582 -3.803330
166 -38.473422 -3.801992
167 -38.473053 -3.801966
168 -38.471658 -3.802964
169 -38.470834 -3.802545
170 -38.467547 -3.801531
171 -38.467258 -3.802153
172 -38.467356 -3.800992
173 -38.467580 -3.801015
174 -38.468117 -3.801051
175 -38.468422 -3.801077
176 -38.471803 -3.801368
177 -38.474287 -3.801585
178 -38.476041 -3.801760
179 -38.476871 -3.801829
180 -38.477706 -3.801888
181 -38.477025 -3.813976
182 -38.476240 -3.814605
183 -38.475575 -3.813734
184 -38.474933 -3.814501
185 -38.475259 -3.815389
186 -38.474686 -3.814674
187 -38.474468 -3.814849
188 -38.479098 -3.815844
189 -38.478500 -3.815136
190 -38.476498 -3.819154
191 -38.475902 -3.818495
192 -38.476622 -3.819063
193 -38.476050 -3.818367
194 -38.476302 -3.818159
195 -38.479630 -3.820144
196 -38.477974 -3.819130
197 -38.476833 -3.817722
198 -38.478194 -3.818936
199 -38.477045 -3.817536
200 -38.472213 -3.806403
201 -38.473860 -3.806530
202 -38.474705 -3.806596
203 -38.476915 -3.810661
204 -38.477022 -3.809417
205 -38.469097 -3.812501
206 -38.469047 -3.813526
207 -38.468939 -3.801121
208 -38.469267 -3.801148
209 -38.470097 -3.801212
210 -38.470950 -3.801284
211 -38.472628 -3.801447
212 -38.473452 -3.801525
213 -38.478538 -3.801952
214 -38.470467 -3.806267
215 -38.473654 -3.809140
216 -38.475401 -3.809273
217 -38.473570 -3.810366
218 -38.475305 -3.810519
219 -38.465734 -3.810582
220 -38.475198 -3.811769
221 -38.477581 -3.814723
222 -38.478163 -3.815441
223 -38.477630 -3.818237
224 -38.481743 -3.818358
225 -38.477403 -3.818433
226 -38.476887 -3.818866
227 -38.480370 -3.819574
228 -38.472378 -3.807530
229 -38.472806 -3.807571
230 -38.472386 -3.807743
231 -38.472780 -3.807777
232 -38.476355 -3.804399
233 -38.476281 -3.805438
234 -38.476342 -3.804580
235 -38.475798 -3.804539
236 -38.476298 -3.805203
237 -38.475754 -3.805155
238 -38.478712 -3.803224
239 -38.464719 -3.808013
240 -38.464822 -3.807792
241 -38.464428 -3.808017
242 -38.479883 -3.817537
243 -38.475011 -3.804140
244 -38.475006 -3.803208
245 -38.474907 -3.805374
246 -38.474794 -3.806605
247 -38.474677 -3.807831
248 -38.475116 -3.801651
249 -38.475228 -3.801678
250 -38.479564 -3.812978
251 -38.477541 -3.814668
252 -38.474513 -3.816842
253 -38.479691 -3.816533
254 -38.480421 -3.815289
255 -38.479716 -3.815896
256 -38.477159 -3.816248
257 -38.476587 -3.815548
258 -38.476950 -3.816460
259 -38.476371 -3.815748
260 -38.476459 -3.816842
261 -38.475881 -3.816139
262 -38.476247 -3.817013
263 -38.475670 -3.816315
264 -38.474654 -3.817067
265 -38.474556 -3.817158
266 -38.467424 -3.813528
267 -38.477117 -3.808027
268 -38.475873 -3.804737
269 -38.475843 -3.805160
270 -38.477476 -3.804622
271 -38.477411 -3.805338
272 -38.474183 -3.814948
273 -38.475141 -3.801678
274 -38.475211 -3.801687
275 -38.481127 -3.816173
276 -38.475312 -3.817766
277 -38.479033 -3.819395
278 -38.479737 -3.818845
279 -38.475490 -3.815127
280 -38.475352 -3.816491
281 -38.476068 -3.815892
282 -38.474659 -3.817163
283 -38.470843 -3.801277
284 -38.473049 -3.801487
285 -38.477188 -3.815805
286 -38.477273 -3.815737
287 -38.476822 -3.815371
288 -38.476903 -3.815297
289 -38.475696 -3.816197
290 -38.475745 -3.816247
291 -38.479329 -3.818354
292 -38.471696 -3.812701
293 -38.470151 -3.810707
294 -38.477615 -3.803137
295 -38.470549 -3.806274
296 -38.470603 -3.805587
297 -38.470425 -3.807718
298 -38.475867 -3.818558
299 -38.477279 -3.819472
300 -38.474273 -3.815003
301 -38.475117 -3.817527
302 -38.477304 -3.806853
303 -38.474659 -3.807104
304 -38.474735 -3.807109
305 -38.475111 -3.802920
306 -38.474958 -3.804762
307 -38.471879 -3.810233
308 -38.472840 -3.817365
309 -38.470418 -3.806913
310 -38.470497 -3.806918
311 -38.477879 -3.814378
312 -38.477929 -3.814441
313 -38.476656 -3.815126
314 -38.476849 -3.815237
315 -38.476764 -3.815306
316 -38.477215 -3.808038
317 -38.479583 -3.820184
318 -38.482406 -3.819129
319 -38.464185 -3.809013
320 -38.464016 -3.808699
321 -38.470324 -3.808523
322 -38.473241 -3.809674
323 -38.473615 -3.809706
324 -38.475341 -3.810050
325 -38.476864 -3.816837
326 -38.477117 -3.817145
327 -38.477444 -3.817545
328 -38.477687 -3.817842
329 -38.475841 -3.817032
330 -38.475090 -3.816801
331 -38.474638 -3.816660
332 -38.474485 -3.816634
333 -38.469377 -3.809330
334 -38.472427 -3.810368
335 -38.472152 -3.811093
336 -38.472208 -3.810601
337 -38.472339 -3.810606
338 -38.472335 -3.811110
339 -38.472248 -3.810583
340 -38.472273 -3.810273
341 -38.476349 -3.815641
342 -38.473850 -3.802286
343 -38.474245 -3.802322
344 -38.480850 -3.818579
345 -38.480790 -3.818631
346 -38.481007 -3.817474
347 -38.481266 -3.819600
348 -38.481019 -3.819304
349 -38.480588 -3.819662
350 -38.481219 -3.819139
351 -38.479326 -3.814982
352 -38.479064 -3.814663
353 -38.479891 -3.815053
354 -38.479371 -3.814416
355 -38.478760 -3.817636
356 -38.479728 -3.818036
357 -38.480061 -3.817753
358 -38.480390 -3.817482
359 -38.480653 -3.817770
360 -38.479777 -3.818502
361 -38.480310 -3.818055
362 -38.471379 -3.805367
363 -38.477001 -3.815112
364 -38.477053 -3.815171
365 -38.476309 -3.815596
366 -38.475403 -3.810057
367 -38.473954 -3.817642
368 -38.473998 -3.817700
369 -38.474179 -3.817461
370 -38.474222 -3.817515
371 -38.474283 -3.815704
372 -38.481089 -3.816203
373 -38.479291 -3.818385
374 -38.477085 -3.817173
375 -38.477496 -3.817497
376 -38.477743 -3.817796
377 -38.475110 -3.816831
378 -38.476830 -3.816866
379 -38.476911 -3.816798
380 -38.477159 -3.817109
381 -38.478815 -3.817595
382 -38.481064 -3.817420
383 -38.475803 -3.817064
384 -38.474948 -3.803203
385 -38.477871 -3.803156
386 -38.477759 -3.803151
387 -38.477525 -3.804627
388 -38.477457 -3.805343
389 -38.475024 -3.802363
390 -38.471986 -3.802690
391 -38.471990 -3.802647
392 -38.468106 -3.801131
393 -38.468935 -3.801200
394 -38.467350 -3.801062
395 -38.466721 -3.800927
396 -38.481479 -3.817467
397 -38.481447 -3.817427
398 -38.471564 -3.802958
399 -38.479178 -3.818162
400 -38.480020 -3.816257
401 -38.482062 -3.818090
402 -38.482121 -3.818164
403 -38.482380 -3.817955
404 -38.482089 -3.818319
405 -38.477277 -3.817343
406 -38.472193 -3.810324
407 -38.472333 -3.811395
408 -38.472104 -3.811375
409 -38.469330 -3.809350
410 -38.470404 -3.808529
411 -38.472203 -3.805947
412 -38.467362 -3.813542
413 -38.470471 -3.805575
