0 -38.577634 -3.737493
1 -38.578618 -3.737624
2 -38.582006 -3.738113
3 -38.584253 -3.733840
4 -38.583486 -3.733776
5 -38.583180 -3.735753
6 -38.577562 -3.730857
7 -38.576631 -3.737358
8 -38.580355 -3.732698
9 -38.576807 -3.736140
10 -38.576313 -3.731971
11 -38.577103 -3.734160
12 -38.584112 -3.735204
13 -38.579186 -3.733808
14 -38.576204 -3.736273
15 -38.578328 -3.732718
16 -38.579081 -3.734461
17 -38.575543 -3.733935
18 -38.577356 -3.732352
19 -38.580297 -3.736661
20 -38.582501 -3.732979
21 -38.575800 -3.733261
22 -38.584195 -3.733802
23 -38.576069 -3.736026
24 -38.579290 -3.733149
25 -38.578800 -3.736442
26 -38.583549 -3.733392
27 -38.577454 -3.731561
28 -38.583379 -3.734427
29 -38.577265 -3.733075
30 -38.583276 -3.735085
31 -38.584182 -3.734540
32 -38.584033 -3.735880
33 -38.576706 -3.736793
34 -38.580281 -3.733296
35 -38.580078 -3.734606
36 -38.578700 -3.737097
37 -38.580180 -3.733966
38 -38.579603 -3.737770
39 -38.579980 -3.735277
40 -38.579790 -3.736585
41 -38.578196 -3.733654
42 -38.576126 -3.734025
43 -38.578274 -3.733084
44 -38.578626 -3.731278
45 -38.577801 -3.736289
46 -38.576994 -3.734830
47 -38.576459 -3.731588
48 -38.576854 -3.730582
49 -38.577998 -3.734974
50 -38.576050 -3.732626
51 -38.577413 -3.731985
52 -38.578387 -3.732312
53 -38.576019 -3.734693
54 -38.578103 -3.734321
55 -38.580417 -3.731984
56 -38.577708 -3.736937
57 -38.579690 -3.737241
58 -38.578991 -3.735127
59 -38.579515 -3.729446
60 -38.579122 -3.730361
61 -38.579442 -3.730487
62 -38.578016 -3.731034
63 -38.578741 -3.731321
64 -38.582539 -3.732807
65 -38.581404 -3.732799
66 -38.581325 -3.733470
67 -38.582398 -3.733624
68 -38.581244 -3.734125
69 -38.582312 -3.734271
70 -38.581145 -3.734779
71 -38.582228 -3.734933
72 -38.575915 -3.735317
73 -38.581039 -3.735435
74 -38.576901 -3.735476
75 -38.582124 -3.735594
76 -38.577902 -3.735640
77 -38.578906 -3.735788
78 -38.579885 -3.735928
79 -38.580951 -3.736086
80 -38.582042 -3.736230
81 -38.583374 -3.738312
82 -38.580603 -3.729926
83 -38.576443 -3.736751
84 -38.581928 -3.737084
85 -38.582604 -3.738206
86 -38.577200 -3.733510
87 -38.576876 -3.731312
88 -38.578870 -3.731374
89 -38.578615 -3.732292
90 -38.584064 -3.736069
91 -38.577431 -3.737465
92 -38.577413 -3.737576
93 -38.579379 -3.737851
94 -38.579395 -3.737741
95 -38.578637 -3.730169
96 -38.578358 -3.731170
97 -38.581708 -3.730431
98 -38.576651 -3.737216
