0 -38.494912 -3.800781
1 -38.495209 -3.800102
2 -38.496916 -3.801464
3 -38.496239 -3.801381
4 -38.494445 -3.802247
5 -38.496544 -3.800704
6 -38.495916 -3.802061
7 -38.490413 -3.804340
8 -38.492411 -3.803654
9 -38.494288 -3.810495
10 -38.494037 -3.801012
11 -38.492659 -3.804410
12 -38.492927 -3.805173
13 -38.494637 -3.805431
14 -38.490912 -3.805823
15 -38.493164 -3.805928
16 -38.495032 -3.805978
17 -38.491292 -3.806529
18 -38.494577 -3.807081
19 -38.492041 -3.807199
20 -38.493059 -3.807630
21 -38.491751 -3.807895
22 -38.494103 -3.808108
23 -38.492743 -3.808347
24 -38.495141 -3.808557
25 -38.496929 -3.808002
26 -38.492952 -3.808857
27 -38.496149 -3.809032
28 -38.493663 -3.809152
29 -38.497245 -3.809373
30 -38.494657 -3.809591
31 -38.493198 -3.810177
32 -38.498029 -3.810332
33 -38.496761 -3.810523
34 -38.497748 -3.810968
35 -38.492781 -3.811175
36 -38.496293 -3.811534
37 -38.495864 -3.812469
38 -38.496874 -3.812984
39 -38.491721 -3.809429
40 -38.490467 -3.808461
41 -38.494137 -3.804773
42 -38.494668 -3.803731
43 -38.494431 -3.802997
44 -38.497233 -3.800995
45 -38.496424 -3.802209
46 -38.496348 -3.811416
47 -38.497358 -3.811884
48 -38.497321 -3.812001
49 -38.496878 -3.811673
50 -38.492188 -3.809627
51 -38.493243 -3.810076
52 -38.494244 -3.810603
53 -38.495294 -3.810952
54 -38.495248 -3.811060
55 -38.492441 -3.809009
56 -38.490390 -3.804257
57 -38.492388 -3.803589
58 -38.494407 -3.802926
59 -38.496003 -3.802521
60 -38.494205 -3.802331
61 -38.492187 -3.802984
62 -38.493807 -3.800375
63 -38.497100 -3.801723
64 -38.497856 -3.801307
65 -38.498266 -3.801737
66 -38.497305 -3.802079
67 -38.498695 -3.802128
68 -38.499113 -3.802532
69 -38.497626 -3.802603
70 -38.497968 -3.803162
71 -38.498893 -3.803858
72 -38.498284 -3.803717
73 -38.498618 -3.804333
74 -38.498568 -3.804239
75 -38.498075 -3.805259
76 -38.495891 -3.806893
77 -38.500743 -3.807027
78 -38.497891 -3.807123
79 -38.498665 -3.807218
80 -38.500540 -3.807491
81 -38.499895 -3.808918
82 -38.500098 -3.808392
83 -38.498594 -3.808947
84 -38.495175 -3.801722
85 -38.495062 -3.802320
86 -38.493891 -3.808635
87 -38.490355 -3.808390
88 -38.490876 -3.807194
89 -38.490641 -3.807771
90 -38.497348 -3.805256
91 -38.497456 -3.805717
92 -38.496477 -3.808173
93 -38.497472 -3.802358
94 -38.497649 -3.802645
95 -38.493941 -3.810476
96 -38.493987 -3.810377
97 -38.493850 -3.800504
98 -38.495582 -3.807533
99 -38.495710 -3.810062
100 -38.498642 -3.809159
101 -38.493480 -3.803304
102 -38.493454 -3.803238
103 -38.495974 -3.808319
104 -38.496357 -3.808488
105 -38.493929 -3.800382
106 -38.493817 -3.800341
107 -38.491246 -3.808048
108 -38.489853 -3.804427
109 -38.489040 -3.804685
110 -38.489878 -3.804509
111 -38.489072 -3.804763
112 -38.493322 -3.806491
113 -38.496985 -3.801526
114 -38.496911 -3.801602
115 -38.491756 -3.809342
116 -38.497359 -3.802458
117 -38.497537 -3.802748
118 -38.493799 -3.808597
119 -38.494346 -3.802282
120 -38.494657 -3.802181
121 -38.496771 -3.801628
122 -38.491455 -3.808371
123 -38.491703 -3.807865
124 -38.497421 -3.810821
125 -38.495247 -3.809443
126 -38.494814 -3.809253
127 -38.495440 -3.804426
128 -38.495388 -3.804331
129 -38.497392 -3.810889
130 -38.496842 -3.801660
131 -38.496852 -3.801548
