0 -38.609359 -3.785680
1 -38.603676 -3.774925
2 -38.598843 -3.773311
3 -38.598650 -3.773321
4 -38.595306 -3.789415
5 -38.593769 -3.789921
6 -38.592154 -3.790439
7 -38.600634 -3.773529
8 -38.598942 -3.773596
9 -38.597392 -3.773832
10 -38.601082 -3.774122
11 -38.597574 -3.774384
12 -38.601441 -3.774781
13 -38.597524 -3.775148
14 -38.595627 -3.775670
15 -38.599418 -3.775348
16 -38.601636 -3.775477
17 -38.603836 -3.775582
18 -38.599616 -3.776031
19 -38.596988 -3.776040
20 -38.601822 -3.776151
21 -38.604042 -3.776299
22 -38.595474 -3.776412
23 -38.599798 -3.776721
24 -38.597040 -3.776752
25 -38.602026 -3.776862
26 -38.604244 -3.777026
27 -38.595560 -3.777188
28 -38.597091 -3.777473
29 -38.602224 -3.777581
30 -38.604431 -3.777711
31 -38.600207 -3.778150
32 -38.602421 -3.778269
33 -38.597148 -3.778256
34 -38.604626 -3.778390
35 -38.595991 -3.778593
36 -38.597851 -3.778827
37 -38.600393 -3.778853
38 -38.602612 -3.778967
39 -38.604822 -3.779091
40 -38.596175 -3.779294
41 -38.598074 -3.779504
42 -38.600582 -3.779527
43 -38.602798 -3.779661
44 -38.605019 -3.779768
45 -38.596359 -3.779978
46 -38.598344 -3.780161
47 -38.600773 -3.780227
48 -38.602990 -3.780321
49 -38.594846 -3.780420
50 -38.605222 -3.780491
51 -38.596548 -3.780667
52 -38.600961 -3.780899
53 -38.603191 -3.781045
54 -38.595023 -3.781088
55 -38.596733 -3.781365
56 -38.594272 -3.781288
57 -38.601160 -3.781614
58 -38.603394 -3.781758
59 -38.595209 -3.781788
60 -38.605623 -3.781899
61 -38.596924 -3.782058
62 -38.594091 -3.782113
63 -38.599152 -3.782180
64 -38.601360 -3.782337
65 -38.603586 -3.782458
66 -38.595409 -3.782484
67 -38.605815 -3.782554
68 -38.597113 -3.782753
69 -38.599356 -3.782897
70 -38.593703 -3.782926
71 -38.601547 -3.783032
72 -38.603772 -3.783154
73 -38.595600 -3.783176
74 -38.606011 -3.783279
75 -38.597304 -3.783465
76 -38.599549 -3.783593
77 -38.594043 -3.783624
78 -38.601764 -3.783741
79 -38.603957 -3.783852
80 -38.595812 -3.783895
81 -38.605065 -3.783952
82 -38.602351 -3.784323
83 -38.599725 -3.784268
84 -38.604070 -3.784313
85 -38.594081 -3.784398
86 -38.601961 -3.784430
87 -38.605440 -3.784673
88 -38.600678 -3.784780
89 -38.597606 -3.784878
90 -38.602521 -3.784888
91 -38.602353 -3.784946
92 -38.599915 -3.784998
93 -38.601746 -3.785100
94 -38.594317 -3.785138
95 -38.599279 -3.785181
96 -38.595977 -3.785365
97 -38.600879 -3.785441
98 -38.600124 -3.785666
99 -38.597817 -3.785625
100 -38.602567 -3.785672
101 -38.604266 -3.785848
102 -38.599480 -3.785863
103 -38.605895 -3.786047
104 -38.601092 -3.786108
105 -38.596179 -3.786144
106 -38.598012 -3.786301
107 -38.602757 -3.786316
108 -38.604485 -3.786524
109 -38.604462 -3.786532
110 -38.599660 -3.786561
111 -38.594585 -3.786626
112 -38.601314 -3.786777
113 -38.596390 -3.786806
114 -38.598221 -3.786997
115 -38.602970 -3.787005
116 -38.595171 -3.787088
117 -38.604675 -3.787205
118 -38.601542 -3.787471
119 -38.596615 -3.787525
120 -38.603186 -3.787675
121 -38.598429 -3.787693
122 -38.600075 -3.787917
123 -38.591480 -3.788048
124 -38.596818 -3.788199
125 -38.591610 -3.788306
126 -38.598634 -3.788371
127 -38.597012 -3.788875
128 -38.591758 -3.788999
129 -38.591942 -3.789672
130 -38.608088 -3.782893
131 -38.606926 -3.783020
132 -38.606847 -3.783041
133 -38.608683 -3.783639
134 -38.607270 -3.784107
135 -38.607197 -3.784127
136 -38.608899 -3.784326
137 -38.607483 -3.784804
138 -38.609125 -3.785036
139 -38.604190 -3.785036
140 -38.602457 -3.785318
141 -38.607704 -3.785477
142 -38.607396 -3.784832
143 -38.605668 -3.785371
144 -38.607618 -3.785506
145 -38.596971 -3.772403
146 -38.596656 -3.772609
147 -38.598406 -3.773267
148 -38.600007 -3.777440
149 -38.599043 -3.773973
150 -38.599236 -3.774665
151 -38.605418 -3.781215
152 -38.599890 -3.787234
153 -38.592766 -3.787924
154 -38.592675 -3.787573
155 -38.592350 -3.787384
156 -38.594355 -3.784327
157 -38.594570 -3.785019
158 -38.592332 -3.786611
159 -38.592188 -3.786262
160 -38.592537 -3.786114
161 -38.591819 -3.786379
162 -38.593405 -3.784912
163 -38.594017 -3.784418
164 -38.596010 -3.784604
165 -38.596199 -3.785287
166 -38.594021 -3.785227
167 -38.594613 -3.785004
168 -38.594400 -3.786031
169 -38.597991 -3.778011
170 -38.597248 -3.775368
171 -38.596487 -3.772992
172 -38.596867 -3.774014
173 -38.597027 -3.774536
174 -38.604625 -3.776917
175 -38.604816 -3.777603
176 -38.606255 -3.776452
177 -38.606053 -3.775741
178 -38.606840 -3.778529
179 -38.607018 -3.779216
180 -38.607619 -3.781344
181 -38.608010 -3.782718
182 -38.608186 -3.783800
183 -38.607070 -3.783471
184 -38.609004 -3.784686
185 -38.609090 -3.785777
186 -38.605734 -3.783361
187 -38.607105 -3.780734
188 -38.607167 -3.781471
189 -38.607301 -3.781432
190 -38.606827 -3.782277
191 -38.606551 -3.781643
192 -38.606357 -3.782410
193 -38.606148 -3.783236
194 -38.606586 -3.782352
195 -38.606465 -3.783152
196 -38.599052 -3.784462
197 -38.599201 -3.784963
198 -38.599825 -3.784647
199 -38.600771 -3.785084
200 -38.599995 -3.785256
201 -38.598235 -3.783965
202 -38.598031 -3.783270
203 -38.597833 -3.782553
204 -38.598478 -3.783894
205 -38.598292 -3.783197
206 -38.598080 -3.782487
207 -38.598734 -3.781540
208 -38.598506 -3.782369
209 -38.598398 -3.781641
210 -38.598106 -3.780233
211 -38.597806 -3.779578
212 -38.597539 -3.778905
213 -38.596896 -3.778329
214 -38.596785 -3.777567
215 -38.596738 -3.776835
216 -38.596678 -3.776125
217 -38.596635 -3.775399
218 -38.595635 -3.777365
219 -38.597407 -3.775914
220 -38.597595 -3.776591
221 -38.597791 -3.777287
222 -38.598379 -3.779411
223 -38.598562 -3.780100
224 -38.607435 -3.780652
225 -38.598768 -3.780785
226 -38.598941 -3.781479
227 -38.607811 -3.782020
228 -38.597229 -3.775236
229 -38.598184 -3.778730
230 -38.605460 -3.784723
231 -38.606451 -3.777144
232 -38.606647 -3.777835
233 -38.597467 -3.784204
234 -38.594214 -3.780621
235 -38.594198 -3.783583
236 -38.594008 -3.782866
237 -38.608195 -3.783086
238 -38.600458 -3.773297
239 -38.602461 -3.785335
240 -38.598066 -3.787339
241 -38.597985 -3.787072
242 -38.604561 -3.786870
243 -38.591222 -3.787748
244 -38.591272 -3.786902
245 -38.593762 -3.784438
246 -38.595155 -3.788710
247 -38.594979 -3.788024
248 -38.595057 -3.785552
249 -38.591420 -3.789839
250 -38.591649 -3.787507
251 -38.607245 -3.779972
252 -38.607225 -3.779895
253 -38.594425 -3.784310
254 -38.596832 -3.778349
255 -38.604197 -3.785634
256 -38.594649 -3.790083
257 -38.594527 -3.789671
258 -38.595557 -3.785899
259 -38.596071 -3.785735
260 -38.597722 -3.788273
261 -38.597612 -3.787949
262 -38.604023 -3.787411
263 -38.607535 -3.785256
264 -38.607237 -3.785352
265 -38.607689 -3.783507
266 -38.591179 -3.789124
