0 -38.529131 -3.721299
1 -38.541959 -3.715681
2 -38.534952 -3.718180
3 -38.541591 -3.715775
4 -38.540572 -3.716784
5 -38.540354 -3.716728
6 -38.534919 -3.719193
7 -38.535227 -3.719092
8 -38.534245 -3.720005
9 -38.535061 -3.719790
10 -38.534965 -3.719510
11 -38.535063 -3.719430
12 -38.534372 -3.719765
13 -38.534290 -3.719449
14 -38.534253 -3.719232
15 -38.533580 -3.719782
16 -38.533435 -3.719785
17 -38.533329 -3.719493
18 -38.533693 -3.720170
19 -38.535274 -3.718250
20 -38.535550 -3.719140
21 -38.540761 -3.718145
22 -38.538463 -3.717896
23 -38.539914 -3.717833
24 -38.539757 -3.717381
25 -38.541661 -3.717918
26 -38.541354 -3.717944
27 -38.541306 -3.717704
28 -38.541837 -3.716624
29 -38.540202 -3.717225
30 -38.541271 -3.718018
31 -38.535654 -3.719559
32 -38.535664 -3.719606
33 -38.532972 -3.720394
34 -38.531699 -3.719632
35 -38.531610 -3.719487
36 -38.533537 -3.718672
37 -38.533586 -3.718829
38 -38.532808 -3.720032
39 -38.532519 -3.720063
40 -38.538425 -3.717746
41 -38.530843 -3.719920
42 -38.541198 -3.716870
43 -38.531621 -3.720468
44 -38.541831 -3.716669
45 -38.534962 -3.718356
46 -38.538612 -3.718274
47 -38.532305 -3.719742
48 -38.540637 -3.716515
49 -38.540914 -3.716505
