0 -38.476405 -3.848609
1 -38.476680 -3.848120
2 -38.473341 -3.842410
3 -38.471937 -3.843208
4 -38.471649 -3.843376
5 -38.474629 -3.843635
6 -38.470930 -3.843786
7 -38.476100 -3.843704
8 -38.474010 -3.843910
9 -38.474898 -3.844242
10 -38.471024 -3.844405
11 -38.472787 -3.844751
12 -38.476366 -3.844322
13 -38.475155 -3.844847
14 -38.473274 -3.845203
15 -38.475956 -3.845232
16 -38.468241 -3.845373
17 -38.471540 -3.845348
18 -38.476126 -3.845599
19 -38.473665 -3.845516
20 -38.473857 -3.845612
21 -38.470725 -3.845721
22 -38.476280 -3.845945
23 -38.472842 -3.845944
24 -38.475396 -3.846086
25 -38.474626 -3.846295
26 -38.472019 -3.846340
27 -38.476480 -3.846385
28 -38.475624 -3.846389
29 -38.475845 -3.846684
30 -38.471204 -3.846731
31 -38.476663 -3.846737
32 -38.477562 -3.846988
33 -38.476147 -3.847060
34 -38.470382 -3.847126
35 -38.476952 -3.847107
36 -38.475456 -3.847358
37 -38.469820 -3.847382
38 -38.470205 -3.848413
39 -38.474647 -3.847720
40 -38.472723 -3.847866
41 -38.473824 -3.848078
42 -38.472988 -3.848438
43 -38.470397 -3.848958
44 -38.476914 -3.847748
45 -38.468814 -3.845036
46 -38.477463 -3.846827
47 -38.473670 -3.843185
48 -38.472218 -3.844068
49 -38.472382 -3.844967
50 -38.471436 -3.845122
51 -38.471255 -3.844800
52 -38.471919 -3.843867
53 -38.470909 -3.844207
54 -38.471736 -3.843714
55 -38.474554 -3.845161
56 -38.476638 -3.844930
57 -38.475184 -3.845639
58 -38.474737 -3.845044
59 -38.471913 -3.848897
60 -38.471680 -3.848366
61 -38.471443 -3.847831
62 -38.477376 -3.846610
63 -38.476853 -3.846866
64 -38.475077 -3.845773
65 -38.471895 -3.844422
66 -38.472164 -3.844874
67 -38.477196 -3.840304
68 -38.477829 -3.841713
69 -38.468300 -3.845339
70 -38.471808 -3.844271
71 -38.476560 -3.846334
72 -38.476932 -3.845601
73 -38.474108 -3.846545
74 -38.473298 -3.846936
75 -38.472476 -3.847333
76 -38.472322 -3.846999
77 -38.472724 -3.846808
78 -38.472078 -3.844729
