0 -38.540641 -3.725937
1 -38.544670 -3.726257
2 -38.544259 -3.727093
3 -38.544083 -3.724387
4 -38.544196 -3.724410
5 -38.544806 -3.724526
6 -38.545347 -3.724639
7 -38.549559 -3.719977
8 -38.548058 -3.720468
9 -38.545414 -3.721328
10 -38.546028 -3.721136
11 -38.544516 -3.721625
12 -38.543870 -3.721832
13 -38.546807 -3.719718
14 -38.544174 -3.720567
15 -38.543689 -3.720729
16 -38.546565 -3.720958
17 -38.549127 -3.721846
18 -38.549889 -3.721056
19 -38.546357 -3.722141
20 -38.544841 -3.722647
21 -38.545902 -3.724716
22 -38.545746 -3.722344
23 -38.544251 -3.718497
24 -38.544259 -3.722833
25 -38.544072 -3.719476
26 -38.544327 -3.721043
27 -38.545604 -3.726360
28 -38.545548 -3.726680
29 -38.544441 -3.726230
30 -38.545973 -3.722266
31 -38.542973 -3.722123
32 -38.546394 -3.715399
33 -38.547871 -3.716035
34 -38.548743 -3.716294
35 -38.546470 -3.716270
36 -38.545358 -3.716522
37 -38.548160 -3.717138
38 -38.546572 -3.717278
39 -38.549037 -3.717357
40 -38.550040 -3.721508
41 -38.546532 -3.722738
42 -38.546649 -3.722744
43 -38.548985 -3.723740
44 -38.546694 -3.722475
45 -38.548633 -3.719111
46 -38.549084 -3.719051
47 -38.549348 -3.719036
48 -38.549471 -3.718007
49 -38.549013 -3.718034
50 -38.549754 -3.717995
51 -38.549588 -3.719020
52 -38.549049 -3.718522
53 -38.543496 -3.721318
54 -38.541125 -3.722731
55 -38.546451 -3.716051
56 -38.545425 -3.716108
57 -38.546436 -3.715878
58 -38.545671 -3.715918
59 -38.545685 -3.716098
60 -38.545657 -3.715748
61 -38.546422 -3.715704
62 -38.545485 -3.715756
63 -38.545809 -3.715516
64 -38.545698 -3.718786
65 -38.545309 -3.718731
66 -38.544642 -3.718639
67 -38.544048 -3.718410
68 -38.544142 -3.718875
69 -38.545268 -3.719028
70 -38.546129 -3.719156
71 -38.546357 -3.719511
72 -38.544109 -3.719198
73 -38.545183 -3.719631
74 -38.546471 -3.719813
75 -38.545136 -3.720008
76 -38.544020 -3.719910
77 -38.544383 -3.718907
78 -38.544418 -3.718604
79 -38.544337 -3.719235
80 -38.544300 -3.719513
81 -38.544607 -3.718939
82 -38.544559 -3.719266
83 -38.544525 -3.719543
84 -38.545218 -3.719359
85 -38.545124 -3.720255
86 -38.545656 -3.719092
87 -38.545647 -3.719416
88 -38.545988 -3.720500
89 -38.546175 -3.721088
90 -38.543876 -3.721189
91 -38.546483 -3.721432
92 -38.546242 -3.721392
93 -38.546439 -3.721680
94 -38.546233 -3.721646
95 -38.546398 -3.721923
96 -38.546189 -3.721894
97 -38.544901 -3.724550
98 -38.544955 -3.725323
99 -38.544985 -3.726085
100 -38.544437 -3.725398
101 -38.543289 -3.723055
102 -38.541590 -3.722576
103 -38.542084 -3.722413
104 -38.542342 -3.723164
105 -38.550259 -3.722184
106 -38.549045 -3.722568
107 -38.549197 -3.720999
108 -38.548666 -3.721992
109 -38.549170 -3.721283
110 -38.548463 -3.721477
111 -38.546778 -3.721931
112 -38.547538 -3.722356
113 -38.546629 -3.722841
114 -38.546750 -3.719237
115 -38.547284 -3.718313
116 -38.546750 -3.719229
117 -38.550451 -3.717946
118 -38.548407 -3.718057
119 -38.547242 -3.718116
120 -38.545268 -3.718327
121 -38.549400 -3.718546
122 -38.549435 -3.718294
123 -38.549205 -3.718312
124 -38.546981 -3.717242
125 -38.546952 -3.716791
126 -38.548337 -3.717847
127 -38.545740 -3.719715
128 -38.545833 -3.720018
129 -38.550150 -3.721840
130 -38.548934 -3.723485
131 -38.544357 -3.718366
132 -38.544881 -3.718325
133 -38.545235 -3.718426
134 -38.546724 -3.720038
135 -38.546659 -3.720280
136 -38.541246 -3.721519
137 -38.549021 -3.722743
138 -38.546824 -3.720342
139 -38.547689 -3.719429
140 -38.546941 -3.720318
141 -38.547702 -3.719481
142 -38.543466 -3.726124
143 -38.545434 -3.725269
144 -38.545146 -3.718285
145 -38.546809 -3.720877
146 -38.546653 -3.720929
147 -38.546806 -3.721731
148 -38.546571 -3.719781
149 -38.546733 -3.720900
150 -38.546565 -3.717909
151 -38.545359 -3.717977
152 -38.545710 -3.718693
153 -38.546652 -3.719752
154 -38.546829 -3.720117
155 -38.545616 -3.719412
156 -38.547435 -3.719019
157 -38.547919 -3.716182
158 -38.546636 -3.718216
159 -38.547764 -3.718087
160 -38.545390 -3.716325
161 -38.547566 -3.718098
162 -38.548096 -3.716172
163 -38.546400 -3.715470
164 -38.543464 -3.726085
165 -38.546828 -3.719211
166 -38.547778 -3.718145
167 -38.547579 -3.718173
168 -38.544184 -3.718448
169 -38.544940 -3.725180
170 -38.541621 -3.722680
171 -38.549515 -3.721023
172 -38.545892 -3.715510
173 -38.545888 -3.715321
174 -38.544197 -3.718551
175 -38.548503 -3.719154
176 -38.548824 -3.720217
