0 -38.619224 -3.772763
1 -38.617677 -3.775015
2 -38.619108 -3.772548
3 -38.618903 -3.772155
4 -38.619306 -3.772906
5 -38.613843 -3.765526
6 -38.613502 -3.764558
7 -38.613842 -3.764204
8 -38.614240 -3.765399
9 -38.614622 -3.765269
10 -38.597536 -3.770097
11 -38.611107 -3.766394
12 -38.612452 -3.765461
13 -38.600274 -3.770678
14 -38.602384 -3.771071
15 -38.601110 -3.770848
16 -38.616025 -3.774861
17 -38.619887 -3.774028
18 -38.613867 -3.770265
19 -38.613752 -3.765555
20 -38.615051 -3.765114
21 -38.612223 -3.767179
22 -38.611547 -3.772599
23 -38.612560 -3.766878
24 -38.601349 -3.774408
25 -38.605988 -3.775200
26 -38.615217 -3.765507
27 -38.615400 -3.765886
28 -38.611422 -3.766158
29 -38.613408 -3.766177
30 -38.615574 -3.766268
31 -38.614062 -3.766330
32 -38.613657 -3.766494
33 -38.615727 -3.766656
34 -38.614360 -3.766671
35 -38.613929 -3.766832
36 -38.615905 -3.767044
37 -38.614803 -3.767119
38 -38.614186 -3.767137
39 -38.614881 -3.767379
40 -38.616089 -3.767411
41 -38.614458 -3.767452
42 -38.612513 -3.767495
43 -38.615013 -3.767756
44 -38.616246 -3.767780
45 -38.614734 -3.767769
46 -38.612780 -3.767802
47 -38.615107 -3.768043
48 -38.613045 -3.768129
49 -38.615311 -3.768110
50 -38.615002 -3.768061
51 -38.616422 -3.768171
52 -38.613300 -3.768441
53 -38.614534 -3.768486
54 -38.615448 -3.768498
55 -38.616603 -3.768562
56 -38.613572 -3.768747
57 -38.616837 -3.768915
58 -38.615584 -3.768883
59 -38.613850 -3.769074
60 -38.615872 -3.769241
61 -38.617094 -3.769237
62 -38.615372 -3.769411
63 -38.614075 -3.769398
64 -38.616083 -3.769600
65 -38.617368 -3.769593
66 -38.615638 -3.769721
67 -38.614244 -3.769794
68 -38.614121 -3.769812
69 -38.616480 -3.769900
70 -38.617637 -3.769949
71 -38.616282 -3.769964
72 -38.615907 -3.770079
73 -38.614517 -3.770131
74 -38.617897 -3.770298
75 -38.616602 -3.770298
76 -38.615582 -3.770320
77 -38.614783 -3.770438
78 -38.615850 -3.770644
79 -38.618125 -3.770669
80 -38.616728 -3.770690
81 -38.615064 -3.770774
82 -38.616094 -3.770955
83 -38.616822 -3.771096
84 -38.614546 -3.771187
85 -38.618486 -3.771354
86 -38.618522 -3.771423
87 -38.612804 -3.771526
88 -38.614842 -3.771495
89 -38.617012 -3.771494
90 -38.616612 -3.771610
91 -38.612565 -3.771831
92 -38.615119 -3.771800
93 -38.618697 -3.771779
94 -38.613151 -3.771873
95 -38.617154 -3.771876
96 -38.616893 -3.771936
97 -38.612283 -3.772197
98 -38.615361 -3.772140
99 -38.613507 -3.772188
100 -38.617360 -3.772247
101 -38.617281 -3.772265
102 -38.615581 -3.772468
103 -38.615285 -3.772469
104 -38.611962 -3.772582
105 -38.617504 -3.772636
106 -38.615847 -3.772826
107 -38.614306 -3.772803
108 -38.615445 -3.772935
109 -38.613931 -3.772925
110 -38.611652 -3.772960
111 -38.617637 -3.773026
112 -38.616133 -3.773119
113 -38.613587 -3.773282
114 -38.614335 -3.773322
115 -38.611347 -3.773330
116 -38.617769 -3.773424
117 -38.615592 -3.773427
118 -38.617767 -3.773514
119 -38.611041 -3.773716
120 -38.613279 -3.773653
121 -38.614484 -3.773775
122 -38.615936 -3.773810
123 -38.615745 -3.773906
124 -38.616742 -3.774006
125 -38.612974 -3.774030
126 -38.610734 -3.774095
127 -38.617423 -3.774225
128 -38.616042 -3.774209
129 -38.612350 -3.774183
130 -38.614610 -3.774246
131 -38.613422 -3.774222
132 -38.620010 -3.774292
133 -38.619957 -3.774351
134 -38.615882 -3.774364
135 -38.619554 -3.774464
136 -38.610428 -3.774473
137 -38.612675 -3.774469
138 -38.619176 -3.774582
139 -38.612047 -3.774538
140 -38.613365 -3.774519
141 -38.616165 -3.774607
142 -38.617548 -3.774634
143 -38.618762 -3.774698
144 -38.614751 -3.774713
145 -38.618350 -3.774813
146 -38.617966 -3.774928
147 -38.611748 -3.774914
148 -38.620355 -3.774944
149 -38.617571 -3.775058
150 -38.616279 -3.775011
151 -38.617179 -3.775176
152 -38.614902 -3.775176
153 -38.613287 -3.775167
154 -38.616791 -3.775296
155 -38.614647 -3.775262
156 -38.616151 -3.775309
157 -38.610530 -3.775291
158 -38.616399 -3.775429
159 -38.611531 -3.775439
160 -38.611752 -3.775465
161 -38.613216 -3.775650
162 -38.611489 -3.775946
163 -38.615161 -3.776103
164 -38.613153 -3.776158
165 -38.615048 -3.776357
166 -38.616710 -3.776520
167 -38.617165 -3.776577
168 -38.617626 -3.776622
169 -38.618051 -3.776666
170 -38.618492 -3.776720
171 -38.618930 -3.776760
172 -38.619389 -3.776804
173 -38.619843 -3.776844
174 -38.620285 -3.776885
175 -38.620726 -3.776930
176 -38.611430 -3.766785
177 -38.609999 -3.767233
178 -38.610304 -3.767628
179 -38.610623 -3.767981
180 -38.608459 -3.768175
181 -38.612711 -3.768259
182 -38.610939 -3.768368
183 -38.609172 -3.768590
184 -38.608737 -3.768624
185 -38.611519 -3.768631
186 -38.611257 -3.768721
187 -38.608821 -3.768762
188 -38.613338 -3.768954
189 -38.611836 -3.769019
190 -38.609008 -3.769033
191 -38.609578 -3.769067
192 -38.611602 -3.769160
193 -38.607819 -3.769197
194 -38.609251 -3.769302
195 -38.613672 -3.769346
196 -38.609814 -3.769339
197 -38.612141 -3.769388
198 -38.607951 -3.769514
199 -38.608091 -3.769618
200 -38.609626 -3.769586
201 -38.610146 -3.769709
202 -38.612472 -3.769750
203 -38.613804 -3.769831
204 -38.610005 -3.769916
205 -38.608238 -3.769929
206 -38.610457 -3.770083
207 -38.612764 -3.770135
208 -38.608582 -3.770124
209 -38.611817 -3.770219
210 -38.610375 -3.770202
211 -38.598208 -3.770244
212 -38.608614 -3.770259
213 -38.606923 -3.770281
214 -38.598616 -3.770329
215 -38.608942 -3.770439
216 -38.599033 -3.770420
217 -38.610859 -3.770503
218 -38.599453 -3.770505
219 -38.608977 -3.770560
220 -38.610799 -3.770579
221 -38.611482 -3.770601
222 -38.599856 -3.770593
223 -38.613123 -3.770650
224 -38.607198 -3.770653
225 -38.609339 -3.770745
226 -38.600687 -3.770764
227 -38.604658 -3.770773
228 -38.609357 -3.770866
229 -38.601531 -3.770932
230 -38.611185 -3.770965
231 -38.610403 -3.770993
232 -38.609711 -3.771053
233 -38.612807 -3.771031
234 -38.607306 -3.771105
235 -38.602636 -3.771075
236 -38.603679 -3.771072
237 -38.604779 -3.771182
238 -38.597770 -3.771204
239 -38.609733 -3.771170
240 -38.606848 -3.771207
241 -38.610097 -3.771373
242 -38.602687 -3.771335
243 -38.598148 -3.771380
244 -38.607673 -3.771401
245 -38.612509 -3.771423
246 -38.603787 -3.771447
247 -38.610110 -3.771481
248 -38.604893 -3.771585
249 -38.601672 -3.771637
250 -38.599372 -3.771690
251 -38.608048 -3.771692
252 -38.605013 -3.771721
253 -38.602792 -3.771738
254 -38.602057 -3.771785
255 -38.610485 -3.771779
256 -38.612188 -3.771811
257 -38.599281 -3.771888
258 -38.603906 -3.771858
259 -38.610672 -3.771932
260 -38.597902 -3.771920
261 -38.605005 -3.771980
262 -38.608425 -3.772020
263 -38.600127 -3.772033
264 -38.599662 -3.772054
265 -38.601008 -3.772097
266 -38.607086 -3.772161
267 -38.605145 -3.772192
268 -38.602906 -3.772146
269 -38.600507 -3.772200
270 -38.604166 -3.772217
271 -38.611873 -3.772185
272 -38.600040 -3.772231
273 -38.604017 -3.772252
274 -38.608802 -3.772314
275 -38.610348 -3.772307
276 -38.605117 -3.772390
277 -38.609112 -3.772577
278 -38.609173 -3.772621
279 -38.598033 -3.772609
280 -38.605280 -3.772654
281 -38.607203 -3.772613
282 -38.610051 -3.772678
283 -38.605220 -3.772775
284 -38.603434 -3.772856
285 -38.609545 -3.772933
286 -38.608800 -3.772978
287 -38.604366 -3.773029
288 -38.611201 -3.773011
289 -38.600117 -3.773055
290 -38.602847 -3.773073
291 -38.609732 -3.773077
292 -38.607335 -3.773102
293 -38.598281 -3.773087
294 -38.599644 -3.773096
295 -38.605409 -3.773125
296 -38.605336 -3.773172
297 -38.599162 -3.773171
298 -38.600493 -3.773226
299 -38.598677 -3.773234
300 -38.608496 -3.773365
301 -38.603081 -3.773438
302 -38.610908 -3.773393
303 -38.605451 -3.773581
304 -38.607466 -3.773569
305 -38.605536 -3.773598
306 -38.603778 -3.773633
307 -38.603322 -3.773750
308 -38.610605 -3.773761
309 -38.608508 -3.773983
310 -38.605563 -3.773994
311 -38.603665 -3.774031
312 -38.607622 -3.774047
313 -38.605678 -3.774100
314 -38.610287 -3.774159
315 -38.601262 -3.774221
316 -38.608178 -3.774344
317 -38.605675 -3.774404
318 -38.601595 -3.774495
319 -38.607711 -3.774406
320 -38.609978 -3.774541
321 -38.607723 -3.774542
322 -38.605808 -3.774570
323 -38.602082 -3.774652
324 -38.602686 -3.774729
325 -38.604255 -3.774807
326 -38.606735 -3.774795
327 -38.609678 -3.774920
328 -38.604205 -3.774924
329 -38.607700 -3.774973
330 -38.605881 -3.775110
331 -38.609183 -3.775184
332 -38.609432 -3.775341
333 -38.607610 -3.775444
334 -38.610166 -3.775788
335 -38.612786 -3.765207
336 -38.607591 -3.768798
337 -38.605963 -3.775118
338 -38.598233 -3.771179
339 -38.599756 -3.771865
340 -38.600876 -3.772371
341 -38.600749 -3.772657
342 -38.600370 -3.772492
343 -38.603296 -3.774804
344 -38.603325 -3.772457
345 -38.603682 -3.774849
346 -38.606622 -3.770399
347 -38.605593 -3.771055
348 -38.606704 -3.770726
349 -38.604887 -3.771253
350 -38.609347 -3.775671
351 -38.609404 -3.773486
352 -38.608170 -3.771797
353 -38.607894 -3.772498
354 -38.608092 -3.770070
355 -38.608966 -3.769656
356 -38.608414 -3.769973
357 -38.611500 -3.768612
358 -38.611334 -3.768791
359 -38.612264 -3.769932
360 -38.611042 -3.766439
361 -38.611374 -3.766836
362 -38.611680 -3.767198
363 -38.611830 -3.767381
364 -38.612003 -3.767575
365 -38.612326 -3.767939
366 -38.612650 -3.768305
367 -38.612975 -3.768676
368 -38.613606 -3.769379
369 -38.613733 -3.769884
370 -38.613795 -3.770309
371 -38.613945 -3.771031
372 -38.614269 -3.771421
373 -38.614604 -3.771730
374 -38.615208 -3.772525
375 -38.615514 -3.773464
376 -38.615795 -3.774392
377 -38.616203 -3.775804
378 -38.616401 -3.776486
379 -38.614955 -3.772091
380 -38.613092 -3.771823
381 -38.612922 -3.772086
382 -38.613227 -3.772362
383 -38.614409 -3.774816
384 -38.613345 -3.774688
385 -38.614349 -3.775288
386 -38.612862 -3.774484
387 -38.612729 -3.775586
388 -38.612372 -3.774458
389 -38.612245 -3.775522
390 -38.612370 -3.774550
391 -38.610185 -3.774905
392 -38.610358 -3.775814
393 -38.612670 -3.773792
394 -38.613185 -3.766344
395 -38.612881 -3.766608
396 -38.617919 -3.770331
397 -38.605175 -3.775103
398 -38.605903 -3.775191
399 -38.618324 -3.771037
400 -38.618363 -3.771106
401 -38.606974 -3.771678
402 -38.613276 -3.769022
403 -38.615354 -3.772962
404 -38.615654 -3.773931
405 -38.615934 -3.774881
406 -38.616064 -3.775339
407 -38.614340 -3.771378
408 -38.599651 -3.770539
409 -38.616882 -3.771302
410 -38.611140 -3.770201
411 -38.604310 -3.770835
412 -38.609980 -3.767853
413 -38.606407 -3.774873
414 -38.611788 -3.772795
415 -38.597569 -3.770267
416 -38.605182 -3.775026
417 -38.617930 -3.776657
418 -38.604937 -3.771740
419 -38.605194 -3.772367
420 -38.619844 -3.776932
421 -38.598839 -3.773228
422 -38.607769 -3.769231
423 -38.608303 -3.769881
424 -38.605398 -3.773403
425 -38.605471 -3.773379
426 -38.609290 -3.770808
427 -38.616486 -3.776494
428 -38.603865 -3.774015
429 -38.610158 -3.771422
430 -38.605599 -3.774127
431 -38.605195 -3.772681
432 -38.611907 -3.767324
433 -38.614193 -3.772852
434 -38.613259 -3.774512
435 -38.615220 -3.776374
436 -38.613188 -3.770576
437 -38.616594 -3.771592
438 -38.617165 -3.772290
439 -38.612345 -3.774240
440 -38.616559 -3.771578
441 -38.616584 -3.771556
442 -38.616318 -3.771320
443 -38.615807 -3.770688
444 -38.616057 -3.770989
445 -38.609286 -3.769331
446 -38.607355 -3.771031
447 -38.604277 -3.772612
448 -38.601187 -3.774126
449 -38.601323 -3.774303
450 -38.597713 -3.770985
451 -38.597971 -3.772284
452 -38.603414 -3.773703
453 -38.609475 -3.770961
454 -38.609527 -3.770901
455 -38.608039 -3.769653
456 -38.608001 -3.769477
457 -38.615621 -3.776412
458 -38.614566 -3.776306
459 -38.612417 -3.776066
460 -38.609022 -3.770502
