0 -38.586253 -3.724017
1 -38.585713 -3.725958
2 -38.586813 -3.722189
3 -38.586731 -3.722196
4 -38.588816 -3.720663
5 -38.588946 -3.721997
6 -38.589316 -3.725835
7 -38.591540 -3.726685
8 -38.591124 -3.725309
9 -38.591744 -3.719876
10 -38.588210 -3.722069
11 -38.593337 -3.725408
12 -38.591338 -3.725992
13 -38.593150 -3.724725
14 -38.588071 -3.720566
15 -38.589238 -3.725094
16 -38.595326 -3.724818
17 -38.593537 -3.726092
18 -38.595135 -3.724130
19 -38.592947 -3.724041
20 -38.595531 -3.725514
21 -38.587140 -3.720652
22 -38.589376 -3.726571
23 -38.590932 -3.724648
24 -38.594951 -3.723437
25 -38.593947 -3.719978
26 -38.591940 -3.720554
27 -38.594139 -3.720655
28 -38.589917 -3.721140
29 -38.594334 -3.721341
30 -38.588888 -3.721439
31 -38.590127 -3.721820
32 -38.592324 -3.721924
33 -38.587502 -3.722138
34 -38.588967 -3.722189
35 -38.590328 -3.722519
36 -38.594745 -3.722763
37 -38.589017 -3.722876
38 -38.588299 -3.723011
39 -38.592750 -3.723360
40 -38.589100 -3.723581
41 -38.588350 -3.723559
42 -38.587629 -3.723619
43 -38.586937 -3.723679
44 -38.590729 -3.723944
45 -38.589156 -3.724395
46 -38.588489 -3.725126
47 -38.587770 -3.725195
48 -38.587075 -3.725262
49 -38.586357 -3.725331
50 -38.588644 -3.726640
51 -38.587897 -3.726693
52 -38.587210 -3.726754
53 -38.586503 -3.726816
54 -38.585457 -3.726937
55 -38.587379 -3.720635
56 -38.592132 -3.721235
57 -38.585804 -3.726904
58 -38.592546 -3.722691
59 -38.592512 -3.722576
60 -38.590534 -3.723279
61 -38.590503 -3.723174
62 -38.589107 -3.723669
63 -38.588358 -3.723644
64 -38.594243 -3.721021
65 -38.589135 -3.724121
66 -38.588406 -3.724188
67 -38.586315 -3.723732
68 -38.586296 -3.723827
69 -38.587642 -3.723706
70 -38.586946 -3.723769
71 -38.592441 -3.726414
72 -38.594284 -3.725889
73 -38.593524 -3.722410
74 -38.593486 -3.722297
75 -38.591547 -3.722979
76 -38.591512 -3.722872
77 -38.589024 -3.722952
78 -38.588796 -3.720498
79 -38.585866 -3.725378
