0 -38.594275 -3.807590
1 -38.592921 -3.808529
2 -38.589480 -3.811825
3 -38.588514 -3.813058
4 -38.586245 -3.815079
5 -38.585579 -3.815252
6 -38.594068 -3.807747
7 -38.594978 -3.809031
8 -38.594379 -3.809422
9 -38.593787 -3.809825
10 -38.596264 -3.810039
11 -38.593192 -3.810197
12 -38.593091 -3.810263
13 -38.595830 -3.810316
14 -38.593212 -3.810387
15 -38.593419 -3.810572
16 -38.590475 -3.810585
17 -38.592902 -3.810700
18 -38.595255 -3.810696
19 -38.592605 -3.810998
20 -38.594674 -3.811090
21 -38.593923 -3.811162
22 -38.594490 -3.811223
23 -38.592314 -3.811293
24 -38.593617 -3.811443
25 -38.595019 -3.811555
26 -38.592015 -3.811572
27 -38.596724 -3.811604
28 -38.589667 -3.811580
29 -38.593326 -3.811741
30 -38.591719 -3.811859
31 -38.594650 -3.811913
32 -38.596137 -3.811999
33 -38.589406 -3.811923
34 -38.593025 -3.812039
35 -38.591415 -3.812147
36 -38.594346 -3.812212
37 -38.595783 -3.812212
38 -38.589151 -3.812270
39 -38.592729 -3.812325
40 -38.591099 -3.812446
41 -38.594054 -3.812495
42 -38.592431 -3.812606
43 -38.588896 -3.812589
44 -38.593754 -3.812786
45 -38.590781 -3.812751
46 -38.592131 -3.812893
47 -38.593454 -3.813079
48 -38.590490 -3.813046
49 -38.590187 -3.813336
50 -38.593162 -3.813364
51 -38.592149 -3.813557
52 -38.589889 -3.813626
53 -38.592863 -3.813655
54 -38.591103 -3.813683
55 -38.591830 -3.813854
56 -38.589587 -3.813905
57 -38.592548 -3.813961
58 -38.590805 -3.813968
59 -38.591536 -3.814132
60 -38.590504 -3.814259
61 -38.591070 -3.814523
62 -38.593119 -3.814693
63 -38.590499 -3.814804
64 -38.587488 -3.814864
65 -38.592327 -3.814927
66 -38.595148 -3.814919
67 -38.587908 -3.815301
68 -38.589379 -3.815641
69 -38.588287 -3.815694
70 -38.585621 -3.816537
71 -38.587112 -3.816074
72 -38.590663 -3.816990
73 -38.593125 -3.816802
74 -38.591634 -3.817108
75 -38.586600 -3.818299
76 -38.592068 -3.817782
77 -38.590175 -3.817555
78 -38.589688 -3.818036
79 -38.591544 -3.818242
80 -38.591026 -3.818729
81 -38.586446 -3.817436
82 -38.590493 -3.819224
83 -38.587676 -3.819903
84 -38.595061 -3.808515
85 -38.584621 -3.815517
86 -38.594269 -3.813618
87 -38.596293 -3.813026
88 -38.594804 -3.814406
89 -38.595980 -3.812556
90 -38.594413 -3.813830
91 -38.594591 -3.814103
92 -38.595178 -3.813217
93 -38.595736 -3.812085
94 -38.593147 -3.814618
95 -38.594691 -3.815352
96 -38.593825 -3.814056
97 -38.594170 -3.815825
98 -38.594207 -3.815791
99 -38.592656 -3.814921
100 -38.592803 -3.815133
101 -38.592369 -3.815665
102 -38.592975 -3.814809
103 -38.592588 -3.814452
104 -38.592353 -3.814534
105 -38.589155 -3.818550
106 -38.588645 -3.819036
107 -38.589770 -3.816063
108 -38.589880 -3.816177
109 -38.589019 -3.815264
110 -38.590259 -3.816575
111 -38.587316 -3.819361
112 -38.589314 -3.818400
113 -38.588483 -3.817511
114 -38.588357 -3.817380
115 -38.587489 -3.816466
116 -38.586263 -3.815132
117 -38.587992 -3.816987
118 -38.588827 -3.815163
119 -38.586291 -3.817849
120 -38.586100 -3.817039
121 -38.585225 -3.816116
122 -38.589438 -3.813745
123 -38.588700 -3.814172
124 -38.588085 -3.813542
125 -38.588363 -3.813232
126 -38.589305 -3.815560
127 -38.590270 -3.814609
128 -38.590208 -3.814545
129 -38.591819 -3.813214
130 -38.588852 -3.817902
131 -38.589453 -3.820211
132 -38.594365 -3.813427
133 -38.586637 -3.815576
134 -38.587605 -3.816594
135 -38.586903 -3.818747
136 -38.588118 -3.817626
137 -38.588226 -3.817726
138 -38.587014 -3.818909
139 -38.593510 -3.808132
140 -38.590790 -3.816985
141 -38.594412 -3.813477
142 -38.594224 -3.813567
143 -38.588633 -3.817118
144 -38.588760 -3.817257
145 -38.591835 -3.814490
146 -38.591362 -3.814286
147 -38.592085 -3.814274
148 -38.591585 -3.814706
149 -38.591949 -3.813743
150 -38.592395 -3.813814
151 -38.588253 -3.814093
152 -38.593184 -3.814675
153 -38.589133 -3.814029
154 -38.595760 -3.812151
155 -38.590705 -3.817038
156 -38.587767 -3.818064
