0 -38.528238 -3.785569
1 -38.528844 -3.787737
2 -38.529088 -3.788604
3 -38.530676 -3.794239
4 -38.527638 -3.786902
5 -38.527349 -3.785826
6 -38.527932 -3.787975
7 -38.528188 -3.788856
8 -38.526883 -3.785032
9 -38.525908 -3.785210
10 -38.524920 -3.785386
11 -38.523933 -3.785564
12 -38.522904 -3.785739
13 -38.521920 -3.785915
14 -38.520918 -3.786093
15 -38.518956 -3.786441
16 -38.517144 -3.785774
17 -38.518110 -3.785676
18 -38.518799 -3.785590
19 -38.520748 -3.785133
20 -38.521109 -3.787113
21 -38.521313 -3.788122
22 -38.521491 -3.789116
23 -38.522504 -3.789117
24 -38.525766 -3.789543
25 -38.526745 -3.788333
26 -38.527096 -3.785886
27 -38.526082 -3.786126
28 -38.526153 -3.786522
29 -38.525091 -3.786324
30 -38.525276 -3.787245
31 -38.523748 -3.784557
32 -38.524119 -3.786519
33 -38.524289 -3.787534
34 -38.523274 -3.787740
35 -38.523088 -3.786734
36 -38.522723 -3.784747
37 -38.522553 -3.783742
38 -38.521553 -3.783932
39 -38.521739 -3.784946
40 -38.522096 -3.786928
41 -38.522279 -3.787933
42 -38.522446 -3.788912
43 -38.530359 -3.793152
44 -38.529250 -3.792273
45 -38.528722 -3.793513
46 -38.530703 -3.794336
47 -38.529886 -3.794542
48 -38.529098 -3.794731
49 -38.531039 -3.795529
50 -38.530216 -3.795739
51 -38.529623 -3.796605
52 -38.518730 -3.784463
53 -38.525531 -3.788672
54 -38.517208 -3.786137
55 -38.530373 -3.793203
56 -38.529558 -3.793399
57 -38.528937 -3.791126
58 -38.528603 -3.788741
59 -38.527756 -3.785715
60 -38.527459 -3.788114
61 -38.526871 -3.785950
62 -38.527353 -3.787752
63 -38.526810 -3.787902
64 -38.527257 -3.787403
65 -38.527167 -3.787050
66 -38.526590 -3.787216
67 -38.526368 -3.786958
68 -38.527200 -3.790014
69 -38.527123 -3.789752
70 -38.525909 -3.790089
71 -38.527056 -3.789489
72 -38.525844 -3.789821
73 -38.526326 -3.789394
74 -38.526084 -3.788526
75 -38.526060 -3.789468
76 -38.525821 -3.788595
77 -38.526667 -3.788060
78 -38.525444 -3.788400
79 -38.525374 -3.788131
80 -38.526600 -3.787799
81 -38.526522 -3.787512
82 -38.525300 -3.787845
83 -38.525751 -3.787718
84 -38.525557 -3.787020
85 -38.525677 -3.787431
86 -38.526441 -3.787217
87 -38.525605 -3.787167
88 -38.524806 -3.789326
89 -38.524545 -3.789438
90 -38.522672 -3.790692
91 -38.522217 -3.787572
92 -38.521747 -3.787673
93 -38.520600 -3.784435
94 -38.520135 -3.786234
95 -38.520010 -3.785612
96 -38.519885 -3.786282
97 -38.520057 -3.787321
98 -38.520195 -3.788292
99 -38.528357 -3.787867
100 -38.526981 -3.789203
101 -38.528053 -3.786788
102 -38.517125 -3.786733
103 -38.521075 -3.789986
104 -38.528290 -3.788828
105 -38.521039 -3.788686
106 -38.525773 -3.786840
107 -38.526301 -3.786707
108 -38.528538 -3.786665
109 -38.525172 -3.787352
110 -38.522085 -3.789507
111 -38.517286 -3.786720
112 -38.526524 -3.791418
113 -38.527508 -3.789050
114 -38.527663 -3.789623
115 -38.529546 -3.793359
116 -38.530468 -3.796644
117 -38.526662 -3.787556
118 -38.520670 -3.788694
119 -38.520591 -3.788232
120 -38.520326 -3.788272
121 -38.520412 -3.788756
