0 -38.559267 -3.716779
1 -38.550503 -3.719674
2 -38.553474 -3.720716
3 -38.552310 -3.721876
4 -38.553186 -3.721610
5 -38.560872 -3.719325
6 -38.561538 -3.719504
7 -38.551876 -3.720399
8 -38.555355 -3.718082
9 -38.560097 -3.719473
10 -38.555488 -3.719901
11 -38.559281 -3.719765
12 -38.559746 -3.713897
13 -38.557405 -3.712538
14 -38.558196 -3.712267
15 -38.561380 -3.718766
16 -38.561044 -3.717786
17 -38.560907 -3.717364
18 -38.554883 -3.712017
19 -38.557312 -3.712096
20 -38.556407 -3.712257
21 -38.554990 -3.712438
22 -38.555123 -3.712800
23 -38.558397 -3.713281
24 -38.553348 -3.712909
25 -38.555292 -3.712999
26 -38.554161 -3.713055
27 -38.550624 -3.713151
28 -38.558691 -3.713177
29 -38.557527 -3.713171
30 -38.553404 -3.713218
31 -38.556626 -3.713324
32 -38.555518 -3.713343
33 -38.557595 -3.713554
34 -38.552273 -3.713551
35 -38.553407 -3.713606
36 -38.550754 -3.713611
37 -38.555765 -3.713735
38 -38.550826 -3.713880
39 -38.555807 -3.713913
40 -38.548834 -3.714058
41 -38.559030 -3.714150
42 -38.549882 -3.714135
43 -38.552487 -3.714185
44 -38.554262 -3.714214
45 -38.553492 -3.714254
46 -38.558589 -3.714308
47 -38.553512 -3.714383
48 -38.548908 -3.714408
49 -38.553516 -3.714422
50 -38.549987 -3.714495
51 -38.552552 -3.714605
52 -38.557787 -3.714566
53 -38.549489 -3.714647
54 -38.549000 -3.714720
55 -38.555899 -3.714421
56 -38.550245 -3.715391
57 -38.546358 -3.714950
58 -38.547896 -3.715050
59 -38.559342 -3.715138
60 -38.546373 -3.715128
61 -38.557907 -3.715198
62 -38.558812 -3.715309
63 -38.553653 -3.715333
64 -38.556992 -3.715368
65 -38.552690 -3.715470
66 -38.556096 -3.715549
67 -38.555092 -3.715848
68 -38.559003 -3.715885
69 -38.553755 -3.716029
70 -38.552774 -3.716147
71 -38.558077 -3.716178
72 -38.549980 -3.716265
73 -38.549501 -3.716360
74 -38.549513 -3.716397
75 -38.553852 -3.716743
76 -38.552849 -3.716812
77 -38.556293 -3.716828
78 -38.552084 -3.716885
79 -38.555227 -3.717044
80 -38.558236 -3.717110
81 -38.554263 -3.717219
82 -38.554267 -3.717455
83 -38.553958 -3.717490
84 -38.551072 -3.717658
85 -38.556429 -3.717715
86 -38.559616 -3.717818
87 -38.558420 -3.718232
88 -38.559975 -3.718926
89 -38.555829 -3.717920
90 -38.556122 -3.717967
91 -38.556971 -3.718197
92 -38.559452 -3.719060
93 -38.557595 -3.719356
94 -38.556801 -3.719372
95 -38.556266 -3.719398
96 -38.558647 -3.719411
97 -38.558714 -3.719874
98 -38.558501 -3.719845
99 -38.557559 -3.719840
100 -38.557035 -3.719847
101 -38.556308 -3.719861
102 -38.558448 -3.720054
103 -38.557514 -3.720321
104 -38.559319 -3.719015
105 -38.559215 -3.720003
106 -38.550840 -3.720734
107 -38.552108 -3.721177
108 -38.551097 -3.721516
109 -38.555159 -3.712781
110 -38.560250 -3.717596
111 -38.560584 -3.719083
112 -38.549760 -3.715530
113 -38.549294 -3.715673
114 -38.551773 -3.713364
115 -38.551375 -3.713454
116 -38.554211 -3.713536
117 -38.555228 -3.712358
118 -38.556099 -3.713018
119 -38.555409 -3.713180
120 -38.556003 -3.712842
121 -38.555973 -3.712782
122 -38.556487 -3.712635
123 -38.556431 -3.714331
124 -38.556277 -3.714359
125 -38.556923 -3.715007
126 -38.556351 -3.714686
127 -38.556839 -3.714577
128 -38.557274 -3.714513
129 -38.557401 -3.715288
130 -38.557702 -3.714135
131 -38.557051 -3.715828
132 -38.557750 -3.712428
133 -38.557268 -3.711826
134 -38.557665 -3.711976
135 -38.557302 -3.712050
136 -38.557703 -3.712198
137 -38.557343 -3.712259
138 -38.557446 -3.712775
139 -38.557826 -3.712696
140 -38.557492 -3.713005
141 -38.557857 -3.712939
142 -38.557538 -3.713244
143 -38.557923 -3.713168
144 -38.557686 -3.714040
145 -38.558070 -3.713964
146 -38.557729 -3.714278
147 -38.558115 -3.714205
148 -38.558898 -3.713108
149 -38.558619 -3.712113
150 -38.559802 -3.719154
151 -38.559671 -3.719640
152 -38.558584 -3.719025
153 -38.558031 -3.718974
154 -38.554168 -3.721287
155 -38.555478 -3.719779
156 -38.553126 -3.720836
157 -38.554913 -3.720521
158 -38.549913 -3.717735
159 -38.557661 -3.718378
160 -38.558461 -3.718511
161 -38.556219 -3.717787
162 -38.552179 -3.717575
163 -38.560075 -3.716507
164 -38.560409 -3.717540
165 -38.553254 -3.722190
166 -38.553883 -3.713653
167 -38.552380 -3.713862
168 -38.560086 -3.714903
169 -38.560282 -3.715488
170 -38.560405 -3.715846
171 -38.556262 -3.719364
172 -38.556158 -3.717808
173 -38.559893 -3.720189
174 -38.560598 -3.720373
175 -38.557977 -3.715579
176 -38.557821 -3.714749
177 -38.557864 -3.714962
178 -38.554146 -3.715984
179 -38.558216 -3.714676
180 -38.558257 -3.714882
181 -38.557563 -3.715763
182 -38.554104 -3.720632
183 -38.553906 -3.718558
184 -38.546945 -3.715308
185 -38.558371 -3.715463
186 -38.558266 -3.715494
187 -38.556015 -3.713359
