0 -38.456853 -3.749552
1 -38.460363 -3.739501
2 -38.462705 -3.747788
3 -38.462671 -3.747696
4 -38.458915 -3.742605
5 -38.465970 -3.738373
6 -38.463782 -3.735054
7 -38.460806 -3.741166
8 -38.463104 -3.742290
9 -38.464643 -3.745437
10 -38.463661 -3.737231
11 -38.465194 -3.737983
12 -38.461900 -3.736360
13 -38.466860 -3.736577
14 -38.464438 -3.737608
15 -38.462769 -3.734564
16 -38.468602 -3.737394
17 -38.462343 -3.741923
18 -38.461581 -3.741539
19 -38.459796 -3.740669
20 -38.465322 -3.735797
21 -38.466089 -3.736175
22 -38.467619 -3.736927
23 -38.460838 -3.738514
24 -38.466749 -3.738758
25 -38.461846 -3.739024
26 -38.465620 -3.739090
27 -38.462622 -3.739383
28 -38.466971 -3.739723
29 -38.463404 -3.739774
30 -38.464143 -3.740138
31 -38.464922 -3.740531
32 -38.461233 -3.741367
33 -38.462466 -3.741983
34 -38.458977 -3.742465
35 -38.463888 -3.742680
36 -38.459684 -3.742986
37 -38.465300 -3.743367
38 -38.464058 -3.743378
39 -38.460852 -3.743551
40 -38.460558 -3.744179
41 -38.458005 -3.744478
42 -38.462763 -3.744502
43 -38.460243 -3.744807
44 -38.463389 -3.744802
45 -38.462490 -3.745134
46 -38.459885 -3.745377
47 -38.462182 -3.745773
48 -38.460896 -3.745875
49 -38.464345 -3.746056
50 -38.459410 -3.746371
51 -38.461882 -3.746367
52 -38.459350 -3.746493
53 -38.464032 -3.746680
54 -38.460352 -3.746960
55 -38.459907 -3.747897
56 -38.458337 -3.748438
57 -38.459550 -3.748700
58 -38.456966 -3.748906
59 -38.457986 -3.749190
60 -38.457714 -3.749273
61 -38.456557 -3.749736
62 -38.461717 -3.748003
63 -38.456630 -3.749603
64 -38.462888 -3.736864
65 -38.463717 -3.732598
66 -38.468758 -3.735079
67 -38.468037 -3.734727
68 -38.467646 -3.735519
69 -38.467883 -3.736276
70 -38.467565 -3.736901
71 -38.468995 -3.736556
72 -38.467213 -3.735524
73 -38.466854 -3.735529
74 -38.465048 -3.735661
75 -38.467796 -3.734611
76 -38.466654 -3.734739
77 -38.466664 -3.735529
78 -38.465824 -3.734576
79 -38.463928 -3.735111
80 -38.464370 -3.734082
81 -38.463694 -3.734033
82 -38.463756 -3.734503
83 -38.464553 -3.735418
84 -38.465266 -3.739808
85 -38.466517 -3.740054
86 -38.466440 -3.740019
87 -38.466597 -3.739983
88 -38.464585 -3.741238
89 -38.464219 -3.741974
90 -38.463688 -3.742586
91 -38.463752 -3.740956
92 -38.464776 -3.738839
93 -38.464744 -3.738905
94 -38.462143 -3.744196
95 -38.461621 -3.748034
96 -38.461047 -3.746494
97 -38.462756 -3.746868
98 -38.459967 -3.747770
99 -38.460405 -3.746841
100 -38.458435 -3.745886
101 -38.456026 -3.748445
102 -38.461395 -3.747308
103 -38.463420 -3.745589
104 -38.461137 -3.745994
105 -38.459899 -3.743861
106 -38.465094 -3.741488
107 -38.464725 -3.738944
108 -38.468581 -3.736190
109 -38.458897 -3.747407
110 -38.463131 -3.747652
111 -38.463098 -3.747559
112 -38.463218 -3.747521
113 -38.458269 -3.749101
114 -38.462781 -3.742928
115 -38.462310 -3.741988
116 -38.461546 -3.741609
117 -38.460777 -3.741230
118 -38.459757 -3.740744
119 -38.461199 -3.741435
120 -38.462433 -3.742049
121 -38.463075 -3.742353
122 -38.463661 -3.742641
123 -38.465318 -3.743459
124 -38.461686 -3.742012
125 -38.463689 -3.747368
126 -38.460863 -3.745940
127 -38.459848 -3.745454
128 -38.460373 -3.745618
129 -38.460336 -3.745688
130 -38.461852 -3.746419
131 -38.462555 -3.746770
132 -38.462581 -3.746712
133 -38.463226 -3.747113
134 -38.463256 -3.747043
135 -38.462953 -3.746971
136 -38.462989 -3.746908
137 -38.463722 -3.747281
138 -38.461842 -3.744042
139 -38.463858 -3.742736
140 -38.460965 -3.743609
141 -38.459960 -3.745414
142 -38.469536 -3.735451
143 -38.459924 -3.745490
144 -38.458720 -3.744835
145 -38.458101 -3.748936
146 -38.460535 -3.741371
147 -38.460239 -3.742827
148 -38.458801 -3.748934
149 -38.466491 -3.739930
150 -38.463823 -3.740988
151 -38.464827 -3.738949
152 -38.464861 -3.738879
153 -38.464652 -3.738901
154 -38.461102 -3.746057
155 -38.461160 -3.745938
156 -38.464317 -3.733468
157 -38.463598 -3.741267
158 -38.457985 -3.748882
159 -38.463394 -3.745635
160 -38.459926 -3.743803
161 -38.463546 -3.741241
162 -38.465122 -3.741434
163 -38.468508 -3.736154
