0 -38.521217 -3.728795
1 -38.521278 -3.728777
2 -38.522230 -3.728463
3 -38.526667 -3.736035
4 -38.526345 -3.735066
5 -38.526009 -3.734062
6 -38.525717 -3.733174
7 -38.524020 -3.736864
8 -38.519027 -3.729522
9 -38.516915 -3.730216
10 -38.523538 -3.735978
11 -38.523618 -3.735951
12 -38.527026 -3.734849
13 -38.526697 -3.733844
14 -38.526384 -3.732942
15 -38.527686 -3.734628
16 -38.527354 -3.733635
17 -38.527043 -3.732722
18 -38.526740 -3.731822
19 -38.526302 -3.730423
20 -38.525736 -3.736330
21 -38.525395 -3.735373
22 -38.525050 -3.734375
23 -38.530214 -3.734920
24 -38.530879 -3.734707
25 -38.536142 -3.733058
26 -38.536225 -3.733029
27 -38.537278 -3.732692
28 -38.524143 -3.735778
29 -38.524385 -3.734589
30 -38.524594 -3.733533
31 -38.524609 -3.733453
32 -38.524819 -3.732456
33 -38.525062 -3.731298
34 -38.525297 -3.730767
35 -38.527192 -3.730125
36 -38.527964 -3.729870
37 -38.528527 -3.729686
38 -38.530284 -3.729109
39 -38.531328 -3.728780
40 -38.532488 -3.728395
41 -38.533498 -3.728077
42 -38.534564 -3.727730
43 -38.535722 -3.727367
44 -38.537847 -3.726656
45 -38.538905 -3.726316
46 -38.539987 -3.725978
47 -38.528275 -3.722405
48 -38.528595 -3.723467
49 -38.528912 -3.724527
50 -38.529200 -3.725497
51 -38.530712 -3.730543
52 -38.531002 -3.731474
53 -38.531271 -3.732360
54 -38.531578 -3.733370
55 -38.528588 -3.734339
56 -38.529364 -3.734093
57 -38.529896 -3.733918
58 -38.530563 -3.733701
59 -38.532606 -3.733035
60 -38.533860 -3.732632
61 -38.534782 -3.732327
62 -38.535830 -3.731988
63 -38.535912 -3.731961
64 -38.536972 -3.731603
65 -38.532301 -3.732023
66 -38.532047 -3.731137
67 -38.531772 -3.730210
68 -38.530268 -3.725137
69 -38.529985 -3.724198
70 -38.529674 -3.723108
71 -38.529354 -3.722043
72 -38.534472 -3.731318
73 -38.534210 -3.730448
74 -38.534185 -3.730363
75 -38.533939 -3.729528
76 -38.533112 -3.726791
77 -38.532700 -3.725449
78 -38.532410 -3.724422
79 -38.532138 -3.723523
80 -38.533536 -3.731637
81 -38.533249 -3.730755
82 -38.532954 -3.729835
83 -38.532073 -3.727116
84 -38.531317 -3.724792
85 -38.531020 -3.723866
86 -38.530655 -3.722761
87 -38.534650 -3.727703
88 -38.532956 -3.722009
89 -38.533294 -3.723170
90 -38.533559 -3.724049
91 -38.534298 -3.726503
92 -38.535085 -3.729153
93 -38.535346 -3.730060
94 -38.535607 -3.730953
95 -38.535536 -3.730977
96 -38.535270 -3.730087
97 -38.535251 -3.730025
98 -38.534995 -3.729181
99 -38.534217 -3.726528
100 -38.533789 -3.725100
101 -38.533487 -3.724073
102 -38.533216 -3.723190
103 -38.532873 -3.722037
104 -38.535328 -3.729998
105 -38.533222 -3.730676
106 -38.532025 -3.731062
107 -38.530978 -3.731394
108 -38.522996 -3.734043
109 -38.522971 -3.733970
110 -38.522906 -3.733993
111 -38.522930 -3.734065
112 -38.523297 -3.734961
113 -38.523233 -3.734984
114 -38.537467 -3.729378
115 -38.536412 -3.729719
116 -38.529290 -3.732026
117 -38.528745 -3.732201
118 -38.527965 -3.732442
119 -38.521845 -3.734419
120 -38.519747 -3.735085
121 -38.517439 -3.735737
122 -38.519568 -3.735060
123 -38.520586 -3.734731
124 -38.521817 -3.734341
125 -38.523894 -3.733686
126 -38.527946 -3.732375
127 -38.528719 -3.732124
128 -38.529263 -3.731949
129 -38.529936 -3.731732
130 -38.536392 -3.729650
131 -38.537445 -3.729305
132 -38.538561 -3.729014
133 -38.539580 -3.728647
134 -38.540087 -3.723060
135 -38.520154 -3.729145
136 -38.524251 -3.727978
137 -38.525840 -3.728139
138 -38.539180 -3.723352
139 -38.538129 -3.723680
140 -38.537598 -3.723858
141 -38.537047 -3.724033
142 -38.535976 -3.724382
143 -38.534934 -3.724724
144 -38.541003 -3.722768
145 -38.541165 -3.721547
146 -38.541293 -3.720633
147 -38.539756 -3.722014
148 -38.539917 -3.721963
149 -38.539637 -3.721155
150 -38.539473 -3.720648
151 -38.536301 -3.721676
152 -38.537417 -3.721303
153 -38.538467 -3.720974
154 -38.541369 -3.720030
155 -38.525667 -3.729617
156 -38.525895 -3.726589
157 -38.524640 -3.723716
158 -38.522937 -3.720761
159 -38.523215 -3.721223
160 -38.523700 -3.722066
161 -38.523990 -3.722580
162 -38.524531 -3.723791
163 -38.523876 -3.722653
164 -38.523564 -3.722107
165 -38.522787 -3.720759
166 -38.526358 -3.723046
167 -38.527093 -3.722792
168 -38.530620 -3.722660
169 -38.521046 -3.723276
170 -38.517985 -3.723667
171 -38.521050 -3.723180
172 -38.536079 -3.720955
173 -38.535088 -3.721298
174 -38.534007 -3.721668
175 -38.527424 -3.723842
176 -38.526695 -3.724082
177 -38.526115 -3.724269
178 -38.525060 -3.724599
179 -38.538618 -3.721477
180 -38.537573 -3.721815
181 -38.535438 -3.722484
182 -38.534361 -3.722830
183 -38.527757 -3.724886
184 -38.527027 -3.725119
185 -38.526448 -3.725295
186 -38.540630 -3.724518
187 -38.539633 -3.724829
188 -38.538559 -3.725166
189 -38.537495 -3.725498
190 -38.536409 -3.725842
191 -38.535362 -3.726155
192 -38.538868 -3.722311
193 -38.537826 -3.722651
194 -38.536743 -3.723022
195 -38.535684 -3.723365
196 -38.534626 -3.723704
197 -38.528070 -3.725868
198 -38.527357 -3.726112
199 -38.526771 -3.726299
200 -38.526337 -3.726441
201 -38.539342 -3.727787
202 -38.538288 -3.728121
203 -38.537195 -3.728473
204 -38.536143 -3.728810
205 -38.529669 -3.730893
206 -38.528990 -3.731103
207 -38.528445 -3.731287
208 -38.527655 -3.731541
209 -38.523635 -3.732842
210 -38.522706 -3.733128
211 -38.522642 -3.733169
212 -38.521544 -3.733520
213 -38.520333 -3.733904
214 -38.536670 -3.730610
215 -38.530245 -3.732692
216 -38.529572 -3.732902
217 -38.529028 -3.733087
218 -38.528251 -3.733348
219 -38.522158 -3.735351
220 -38.521101 -3.735699
221 -38.527510 -3.728235
222 -38.526458 -3.729718
223 -38.526675 -3.728861
224 -38.525529 -3.724458
225 -38.525002 -3.723562
226 -38.526203 -3.729682
227 -38.526289 -3.728824
228 -38.525766 -3.728770
229 -38.533792 -3.720966
230 -38.519839 -3.724557
231 -38.520862 -3.724252
232 -38.520757 -3.727400
233 -38.520821 -3.727377
234 -38.524479 -3.726326
235 -38.522074 -3.725383
236 -38.520351 -3.725947
237 -38.520289 -3.725967
238 -38.518725 -3.724900
239 -38.519210 -3.726315
240 -38.519679 -3.727740
241 -38.520841 -3.731305
242 -38.522475 -3.736328
243 -38.523909 -3.730638
244 -38.521977 -3.730965
245 -38.521919 -3.730984
246 -38.519672 -3.731653
247 -38.516144 -3.723788
248 -38.516652 -3.725539
249 -38.517093 -3.727002
250 -38.517528 -3.728438
251 -38.521417 -3.736664
252 -38.519348 -3.730628
253 -38.518579 -3.728092
254 -38.518164 -3.726660
255 -38.517724 -3.725214
256 -38.518954 -3.733017
257 -38.517307 -3.731481
258 -38.518302 -3.730947
259 -38.518616 -3.731968
260 -38.521678 -3.730028
261 -38.522626 -3.729702
262 -38.524091 -3.729222
263 -38.517242 -3.731263
264 -38.520541 -3.730342
265 -38.521613 -3.730041
266 -38.522927 -3.730652
267 -38.521778 -3.727063
268 -38.521319 -3.725621
269 -38.520765 -3.723955
270 -38.521062 -3.723957
271 -38.520989 -3.720940
272 -38.522552 -3.724240
273 -38.521862 -3.724117
274 -38.521734 -3.725494
275 -38.524944 -3.721951
276 -38.521023 -3.722289
277 -38.522074 -3.720618
278 -38.522221 -3.719317
279 -38.521041 -3.720461
280 -38.518064 -3.725107
281 -38.535873 -3.729815
282 -38.535626 -3.728982
283 -38.517551 -3.732299
284 -38.517888 -3.733369
285 -38.518091 -3.734051
286 -38.518498 -3.735406
287 -38.515412 -3.729103
288 -38.515858 -3.730539
289 -38.516244 -3.731813
290 -38.516504 -3.732630
291 -38.516821 -3.733728
292 -38.514976 -3.727681
293 -38.515585 -3.725872
294 -38.516043 -3.727343
295 -38.522839 -3.726717
296 -38.523662 -3.729361
297 -38.524617 -3.725190
298 -38.523292 -3.728121
299 -38.523084 -3.727513
300 -38.524375 -3.727090
301 -38.537285 -3.722834
302 -38.536765 -3.727019
303 -38.519739 -3.724122
304 -38.532413 -3.733139
305 -38.533869 -3.725074
306 -38.529961 -3.731809
307 -38.523106 -3.721299
308 -38.520991 -3.721019
309 -38.524792 -3.724172
310 -38.519158 -3.733731
311 -38.522532 -3.726812
312 -38.523617 -3.727329
313 -38.523030 -3.724315
314 -38.522919 -3.722897
315 -38.522393 -3.722918
316 -38.524386 -3.730739
317 -38.524031 -3.731755
318 -38.524214 -3.731246
319 -38.523051 -3.721210
320 -38.523654 -3.726432
321 -38.529222 -3.729457
322 -38.518033 -3.724377
323 -38.516411 -3.724695
324 -38.515771 -3.726493
325 -38.514712 -3.726812
326 -38.515852 -3.726755
327 -38.514793 -3.727091
328 -38.515093 -3.726996
329 -38.515010 -3.726723
330 -38.515505 -3.727517
331 -38.515944 -3.728933
332 -38.516132 -3.729409
333 -38.516999 -3.728605
334 -38.525568 -3.725869
335 -38.519847 -3.728237
336 -38.519267 -3.728430
337 -38.518739 -3.728592
338 -38.519207 -3.728237
339 -38.519444 -3.728999
340 -38.517812 -3.730696
341 -38.518118 -3.730996
342 -38.525737 -3.728988
343 -38.524153 -3.728767
344 -38.517189 -3.734925
345 -38.519254 -3.731780
346 -38.519510 -3.732649
347 -38.518899 -3.732832
348 -38.519933 -3.732522
349 -38.521104 -3.732171
350 -38.520576 -3.732329
351 -38.520305 -3.731470
352 -38.522409 -3.732484
353 -38.521804 -3.732683
354 -38.523019 -3.736150
355 -38.522831 -3.735604
356 -38.522294 -3.735769
357 -38.521232 -3.736093
358 -38.521642 -3.735965
359 -38.521815 -3.736540
360 -38.522596 -3.736700
361 -38.521540 -3.737046
362 -38.524927 -3.736590
363 -38.534907 -3.720692
364 -38.532716 -3.721323
365 -38.520564 -3.718964
366 -38.521231 -3.718847
367 -38.524608 -3.721060
368 -38.524839 -3.721661
369 -38.516482 -3.728764
370 -38.516559 -3.727174
371 -38.540385 -3.723956
372 -38.530576 -3.726162
373 -38.540197 -3.728446
374 -38.536218 -3.725196
375 -38.535163 -3.725523
376 -38.519496 -3.723572
377 -38.522002 -3.721073
378 -38.521988 -3.721159
379 -38.531760 -3.722282
380 -38.535294 -3.724604
381 -38.535008 -3.723581
382 -38.530974 -3.727420
383 -38.525998 -3.725436
384 -38.527018 -3.732648
385 -38.526939 -3.732604
386 -38.526832 -3.732714
387 -38.526913 -3.732685
388 -38.525377 -3.725479
389 -38.525426 -3.732255
390 -38.525698 -3.733107
391 -38.525008 -3.725131
392 -38.525009 -3.724613
393 -38.523773 -3.724465
394 -38.523721 -3.725295
395 -38.531647 -3.725799
396 -38.527047 -3.727073
397 -38.541417 -3.723633
398 -38.540351 -3.727468
399 -38.536465 -3.722172
400 -38.525779 -3.723247
401 -38.520677 -3.730782
402 -38.520597 -3.730803
403 -38.519487 -3.731045
404 -38.520063 -3.730874
405 -38.536678 -3.728645
406 -38.536912 -3.729476
407 -38.533140 -3.726884
408 -38.526600 -3.731868
409 -38.519588 -3.723657
410 -38.537460 -3.727117
411 -38.537935 -3.726956
412 -38.539366 -3.725402
413 -38.539576 -3.726109
414 -38.536912 -3.723577
415 -38.540126 -3.726564
416 -38.526006 -3.730510
417 -38.539951 -3.727594
418 -38.539828 -3.727102
419 -38.540568 -3.725937
420 -38.540752 -3.724907
421 -38.522851 -3.722153
422 -38.518703 -3.735419
423 -38.520791 -3.734749
424 -38.527134 -3.727042
425 -38.515984 -3.728921
426 -38.519579 -3.723579
427 -38.519598 -3.723506
428 -38.519900 -3.724538
429 -38.527445 -3.728295
430 -38.521857 -3.735901
431 -38.521906 -3.736061
432 -38.524077 -3.736847
433 -38.538662 -3.721622
434 -38.538535 -3.728956
435 -38.538594 -3.728971
436 -38.532469 -3.732585
437 -38.533718 -3.732197
438 -38.532833 -3.721919
439 -38.537058 -3.721980
440 -38.531794 -3.722390
441 -38.536833 -3.723609
442 -38.537073 -3.722028
443 -38.538573 -3.721652
444 -38.518521 -3.735477
445 -38.520782 -3.734671
446 -38.532880 -3.721903
