0 -38.569582 -3.736633
1 -38.570286 -3.736620
2 -38.571165 -3.736691
3 -38.572131 -3.736802
4 -38.572996 -3.736907
5 -38.573913 -3.737012
6 -38.575718 -3.737230
7 -38.566376 -3.723040
8 -38.570991 -3.728293
9 -38.569348 -3.727920
10 -38.567982 -3.723752
11 -38.568913 -3.723278
12 -38.568296 -3.721364
13 -38.569528 -3.725277
14 -38.572807 -3.730215
15 -38.570656 -3.732254
16 -38.572818 -3.730850
17 -38.571507 -3.728896
18 -38.574436 -3.732710
19 -38.570596 -3.728649
20 -38.572635 -3.732498
21 -38.572697 -3.728922
22 -38.570915 -3.730235
23 -38.571142 -3.730289
24 -38.574297 -3.733806
25 -38.575090 -3.732256
26 -38.574940 -3.729827
27 -38.575607 -3.727768
28 -38.570714 -3.728224
29 -38.571395 -3.729339
30 -38.570190 -3.730014
31 -38.573268 -3.734804
32 -38.574160 -3.734913
33 -38.574897 -3.733885
34 -38.572497 -3.733587
35 -38.569400 -3.728342
36 -38.572376 -3.734695
37 -38.569270 -3.729737
38 -38.570368 -3.728144
39 -38.569124 -3.732083
40 -38.568589 -3.725567
41 -38.575479 -3.731212
42 -38.571872 -3.730363
43 -38.574541 -3.730865
44 -38.571500 -3.730352
45 -38.572766 -3.729708
46 -38.574937 -3.736124
47 -38.574260 -3.731926
48 -38.569094 -3.730268
49 -38.575325 -3.734602
50 -38.568547 -3.722154
51 -38.567671 -3.722704
52 -38.569135 -3.723996
53 -38.568472 -3.724308
54 -38.571870 -3.726100
55 -38.571090 -3.726360
56 -38.572021 -3.726553
57 -38.570549 -3.726555
58 -38.569990 -3.726730
59 -38.571255 -3.726801
60 -38.569026 -3.726860
61 -38.569356 -3.726892
62 -38.571838 -3.726887
63 -38.574693 -3.727301
64 -38.575057 -3.727528
65 -38.569522 -3.727398
66 -38.573709 -3.727891
67 -38.576821 -3.728338
68 -38.569883 -3.728477
69 -38.571610 -3.728507
70 -38.571707 -3.728550
71 -38.577190 -3.728486
72 -38.570230 -3.728573
73 -38.572192 -3.728712
74 -38.571143 -3.728793
75 -38.571490 -3.728969
76 -38.570505 -3.728994
77 -38.571050 -3.729137
78 -38.572728 -3.729314
79 -38.574026 -3.729469
80 -38.571745 -3.729430
81 -38.572747 -3.729482
82 -38.572099 -3.729527
83 -38.574448 -3.729636
84 -38.570298 -3.729623
85 -38.572439 -3.729620
86 -38.570868 -3.729783
87 -38.569512 -3.729804
88 -38.572767 -3.729798
89 -38.571246 -3.729890
90 -38.569857 -3.729911
91 -38.576524 -3.730437
92 -38.572211 -3.730467
93 -38.573604 -3.730514
94 -38.572492 -3.730694
95 -38.573669 -3.731676
96 -38.573397 -3.733696
97 -38.565784 -3.727307
98 -38.571782 -3.730374
99 -38.570797 -3.731142
100 -38.565372 -3.731168
101 -38.571791 -3.731273
102 -38.572756 -3.731423
103 -38.571693 -3.732364
104 -38.570493 -3.734436
105 -38.571402 -3.734894
106 -38.572338 -3.735014
107 -38.568966 -3.734427
108 -38.567066 -3.720981
109 -38.575066 -3.735018
110 -38.574079 -3.735613
111 -38.574032 -3.736029
112 -38.573134 -3.735941
113 -38.574811 -3.737118
114 -38.575828 -3.736275
115 -38.574983 -3.735736
116 -38.567335 -3.734916
117 -38.567343 -3.736139
118 -38.567250 -3.732381
119 -38.568936 -3.732927
120 -38.568901 -3.733512
121 -38.567354 -3.735500
122 -38.567259 -3.732927
123 -38.568828 -3.734638
124 -38.567270 -3.733500
125 -38.568954 -3.732363
126 -38.570388 -3.735570
127 -38.571299 -3.735659
128 -38.573534 -3.732590
129 -38.565587 -3.728989
130 -38.566270 -3.730256
131 -38.565453 -3.730086
132 -38.568552 -3.735768
133 -38.570947 -3.735626
134 -38.570994 -3.735233
135 -38.575128 -3.734364
136 -38.573496 -3.729745
137 -38.574708 -3.730382
138 -38.576219 -3.730322
139 -38.575811 -3.731326
140 -38.573775 -3.730078
141 -38.573657 -3.730534
142 -38.573529 -3.730886
143 -38.573337 -3.731387
144 -38.573826 -3.730988
145 -38.575555 -3.730068
146 -38.575168 -3.731102
147 -38.574606 -3.732052
148 -38.574753 -3.731701
149 -38.572272 -3.726289
150 -38.572901 -3.726545
151 -38.573019 -3.729055
152 -38.568697 -3.736444
153 -38.568844 -3.726294
154 -38.568710 -3.726342
155 -38.569201 -3.728957
156 -38.569339 -3.728971
157 -38.572085 -3.736911
158 -38.573287 -3.737057
159 -38.573300 -3.736941
160 -38.574499 -3.737198
161 -38.574515 -3.737081
162 -38.565184 -3.726820
163 -38.565412 -3.727159
164 -38.566956 -3.725235
165 -38.568409 -3.725420
166 -38.567215 -3.723171
167 -38.567691 -3.723242
168 -38.568337 -3.736368
169 -38.575071 -3.727467
170 -38.567313 -3.730719
171 -38.566657 -3.729358
172 -38.567394 -3.729989
173 -38.567248 -3.732208
174 -38.566770 -3.730289
175 -38.566637 -3.730401
176 -38.566943 -3.730635
177 -38.566669 -3.729744
178 -38.566720 -3.727495
179 -38.566832 -3.727516
180 -38.566844 -3.729458
181 -38.566912 -3.729621
182 -38.567029 -3.729761
183 -38.567199 -3.730133
184 -38.567345 -3.730987
185 -38.569021 -3.731221
186 -38.569112 -3.727635
187 -38.568639 -3.727765
188 -38.567358 -3.732154
189 -38.567137 -3.730944
190 -38.567068 -3.730799
191 -38.565680 -3.725073
192 -38.568963 -3.734863
193 -38.569067 -3.732924
194 -38.568534 -3.725400
195 -38.568789 -3.735219
196 -38.570697 -3.725299
197 -38.573337 -3.729182
198 -38.567478 -3.732378
199 -38.570541 -3.724882
200 -38.571525 -3.727546
201 -38.572018 -3.727342
202 -38.572484 -3.727159
203 -38.569744 -3.723362
204 -38.569511 -3.722926
205 -38.568896 -3.723223
206 -38.569538 -3.726865
207 -38.568705 -3.725858
208 -38.569223 -3.725704
209 -38.569633 -3.725605
210 -38.565601 -3.725323
211 -38.568817 -3.734804
212 -38.569540 -3.725311
213 -38.572829 -3.730931
214 -38.569624 -3.736642
215 -38.566305 -3.731341
216 -38.566725 -3.727394
217 -38.567285 -3.733823
218 -38.567304 -3.734354
219 -38.569218 -3.727949
220 -38.569194 -3.727864
221 -38.568942 -3.732863
222 -38.571277 -3.725719
223 -38.572112 -3.732419
224 -38.567967 -3.723706
225 -38.567856 -3.723747
226 -38.572604 -3.730362
227 -38.572830 -3.730400
228 -38.570590 -3.728671
229 -38.569219 -3.730266
230 -38.566800 -3.727407
231 -38.573896 -3.733195
232 -38.573466 -3.733139
233 -38.565129 -3.727156
234 -38.568840 -3.734426
