0 -38.586446 -3.764982
1 -38.582271 -3.757074
2 -38.580393 -3.763095
3 -38.584337 -3.760988
4 -38.588903 -3.758642
5 -38.584370 -3.761056
6 -38.578451 -3.764729
7 -38.578605 -3.764140
8 -38.578604 -3.764057
9 -38.588513 -3.765144
10 -38.583578 -3.757626
11 -38.585148 -3.760561
12 -38.582540 -3.755631
13 -38.585181 -3.760625
14 -38.587700 -3.761807
15 -38.594021 -3.762183
16 -38.589240 -3.764741
17 -38.590721 -3.763942
18 -38.592244 -3.767017
19 -38.579192 -3.770158
20 -38.594677 -3.761857
21 -38.577842 -3.767572
22 -38.585917 -3.760229
23 -38.590018 -3.764403
24 -38.585398 -3.763019
25 -38.586947 -3.765965
26 -38.583258 -3.755245
27 -38.583823 -3.760014
28 -38.586951 -3.762197
29 -38.580770 -3.767296
30 -38.585372 -3.759191
31 -38.590293 -3.766804
32 -38.588434 -3.761405
33 -38.584634 -3.759584
34 -38.580586 -3.769428
35 -38.587759 -3.765540
36 -38.583083 -3.756644
37 -38.594699 -3.761941
38 -38.582096 -3.754809
39 -38.588134 -3.759048
40 -38.587406 -3.759435
41 -38.586655 -3.759834
42 -38.589976 -3.764343
43 -38.586210 -3.762579
44 -38.590756 -3.764008
45 -38.580850 -3.757835
46 -38.580208 -3.758160
47 -38.579581 -3.758506
48 -38.578968 -3.758841
49 -38.580763 -3.759223
50 -38.580104 -3.759478
51 -38.580152 -3.759558
52 -38.579477 -3.759824
53 -38.581576 -3.759208
54 -38.578864 -3.760137
55 -38.578707 -3.760227
56 -38.580627 -3.760487
57 -38.580001 -3.760819
58 -38.581771 -3.761116
59 -38.581159 -3.761452
60 -38.578739 -3.761478
61 -38.580508 -3.761790
62 -38.584886 -3.762030
63 -38.582280 -3.762075
64 -38.579895 -3.762128
65 -38.582316 -3.762155
66 -38.581651 -3.762413
67 -38.579254 -3.762474
68 -38.581683 -3.762482
69 -38.578667 -3.762774
70 -38.581054 -3.762828
71 -38.582838 -3.763145
72 -38.580433 -3.763162
73 -38.584783 -3.763352
74 -38.580051 -3.763367
75 -38.579783 -3.763425
76 -38.582196 -3.763474
77 -38.581566 -3.763802
78 -38.579991 -3.763838
79 -38.583352 -3.764130
80 -38.580943 -3.764140
81 -38.580329 -3.764469
82 -38.582717 -3.764470
83 -38.582088 -3.764798
84 -38.579080 -3.765073
85 -38.581458 -3.765122
86 -38.585821 -3.765324
87 -38.580839 -3.765462
88 -38.579618 -3.765848
89 -38.580652 -3.765549
90 -38.585051 -3.765742
91 -38.578776 -3.766211
92 -38.586325 -3.766295
93 -38.579464 -3.766404
94 -38.583726 -3.766466
95 -38.579699 -3.766451
96 -38.585533 -3.766723
97 -38.583121 -3.766775
98 -38.582496 -3.767113
99 -38.581881 -3.767432
100 -38.584216 -3.767422
101 -38.579631 -3.767415
102 -38.578452 -3.767503
103 -38.583616 -3.767742
104 -38.583012 -3.768065
105 -38.578151 -3.768157
106 -38.578671 -3.769150
107 -38.590802 -3.757619
108 -38.590180 -3.757954
109 -38.589560 -3.758289
110 -38.591336 -3.758610
111 -38.590702 -3.758946
112 -38.590068 -3.759282
113 -38.592476 -3.759263
114 -38.589397 -3.759622
115 -38.591846 -3.759599
116 -38.591218 -3.759939
117 -38.588656 -3.760044
118 -38.590589 -3.760264
119 -38.587916 -3.760417
120 -38.592369 -3.760586
121 -38.589902 -3.760633
122 -38.587177 -3.760818
123 -38.594176 -3.760891
124 -38.591737 -3.760914
125 -38.586428 -3.761209
126 -38.593529 -3.761240
127 -38.591107 -3.761254
128 -38.590420 -3.761617
129 -38.585688 -3.761610
130 -38.592871 -3.761584
131 -38.592249 -3.761911
132 -38.589691 -3.761997
133 -38.594398 -3.762076
134 -38.591625 -3.762238
135 -38.594054 -3.762246
136 -38.588955 -3.762384
137 -38.594201 -3.762547
138 -38.593386 -3.762511
139 -38.590935 -3.762583
140 -38.593424 -3.762582
141 -38.588209 -3.762790
142 -38.592753 -3.762840
143 -38.592792 -3.762915
144 -38.590213 -3.762974
145 -38.594411 -3.762986
146 -38.587472 -3.763191
147 -38.592131 -3.763181
148 -38.592168 -3.763253
149 -38.594256 -3.763349
150 -38.589475 -3.763366
151 -38.591450 -3.763549
152 -38.593928 -3.763536
153 -38.586728 -3.763576
154 -38.591473 -3.763618
155 -38.588733 -3.763776
156 -38.593307 -3.763870
157 -38.585919 -3.763992
158 -38.587990 -3.764175
159 -38.592697 -3.764196
160 -38.585297 -3.764326
161 -38.587242 -3.764561
162 -38.591991 -3.764628
163 -38.593828 -3.764840
164 -38.591271 -3.765016
165 -38.593226 -3.765179
166 -38.590520 -3.765409
167 -38.592483 -3.765615
168 -38.589781 -3.765792
169 -38.591766 -3.766005
170 -38.591028 -3.766420
171 -38.582652 -3.765871
172 -38.581921 -3.766004
173 -38.581213 -3.766170
174 -38.579620 -3.764379
175 -38.579215 -3.764587
176 -38.579932 -3.764247
177 -38.578410 -3.764904
178 -38.579309 -3.763761
179 -38.579152 -3.763767
180 -38.578881 -3.763985
181 -38.582376 -3.768405
182 -38.580278 -3.766323
183 -38.581713 -3.767134
184 -38.579708 -3.765834
185 -38.579898 -3.764721
186 -38.579206 -3.767414
187 -38.578860 -3.767452
188 -38.579486 -3.768738
189 -38.580532 -3.768158
190 -38.580699 -3.766845
191 -38.580677 -3.766266
192 -38.579996 -3.769738
193 -38.581574 -3.768837
194 -38.581002 -3.769133
195 -38.578982 -3.767746
196 -38.581505 -3.766721
197 -38.580078 -3.768375
198 -38.580401 -3.765625
199 -38.579686 -3.767429
200 -38.581074 -3.767864
201 -38.580339 -3.767387
202 -38.583889 -3.759971
203 -38.593017 -3.760249
204 -38.584415 -3.760946
205 -38.584444 -3.761016
206 -38.589180 -3.761032
207 -38.579380 -3.761139
208 -38.581016 -3.762758
209 -38.585470 -3.762975
210 -38.585994 -3.763966
211 -38.587021 -3.765924
212 -38.591997 -3.766509
213 -38.592349 -3.766317
214 -38.591688 -3.764044
215 -38.590965 -3.764416
216 -38.593171 -3.765211
217 -38.584980 -3.763720
218 -38.585601 -3.763400
219 -38.585302 -3.766247
220 -38.584652 -3.766595
221 -38.584777 -3.766892
222 -38.584402 -3.766703
223 -38.583893 -3.767595
224 -38.583407 -3.766625
225 -38.583567 -3.766946
226 -38.583282 -3.767098
227 -38.583331 -3.767894
228 -38.582759 -3.766965
229 -38.582182 -3.767276
230 -38.582494 -3.767840
231 -38.580364 -3.767793
232 -38.579891 -3.767913
233 -38.580294 -3.767725
234 -38.581662 -3.765511
235 -38.580961 -3.765676
236 -38.581908 -3.764883
237 -38.582060 -3.765182
238 -38.583122 -3.765267
239 -38.582396 -3.765397
240 -38.582633 -3.765362
241 -38.582284 -3.764691
242 -38.585218 -3.763116
243 -38.584709 -3.762129
244 -38.584198 -3.761151
245 -38.584613 -3.763438
246 -38.584097 -3.762454
247 -38.583583 -3.761474
248 -38.583982 -3.763781
249 -38.583473 -3.762789
250 -38.582944 -3.761815
251 -38.583020 -3.760431
252 -38.582873 -3.760152
253 -38.580868 -3.760946
254 -38.580453 -3.761149
255 -38.578487 -3.762876
256 -38.580433 -3.755514
257 -38.581133 -3.755133
258 -38.579782 -3.755844
259 -38.579160 -3.756171
260 -38.579061 -3.757515
261 -38.579681 -3.757172
262 -38.580946 -3.756501
263 -38.580635 -3.756672
264 -38.580885 -3.757137
265 -38.581460 -3.757493
266 -38.582824 -3.757986
267 -38.580289 -3.756849
268 -38.583359 -3.758998
269 -38.583948 -3.758327
270 -38.583198 -3.758711
271 -38.586159 -3.760675
272 -38.585414 -3.761074
273 -38.584097 -3.758607
274 -38.586509 -3.764949
275 -38.584956 -3.761990
276 -38.582911 -3.761755
277 -38.584896 -3.767063
278 -38.586737 -3.766079
279 -38.588262 -3.765278
280 -38.587982 -3.765424
281 -38.588846 -3.764960
282 -38.590569 -3.764110
283 -38.590537 -3.764043
284 -38.584916 -3.760120
285 -38.594349 -3.763303
286 -38.594202 -3.764097
287 -38.594209 -3.764612
288 -38.594434 -3.762051
289 -38.594565 -3.762385
290 -38.585853 -3.766552
291 -38.589585 -3.764554
292 -38.589617 -3.764621
293 -38.593903 -3.766063
294 -38.589954 -3.760602
295 -38.590473 -3.761592
296 -38.590999 -3.762552
297 -38.591507 -3.763523
298 -38.591543 -3.763580
299 -38.592025 -3.764537
300 -38.592546 -3.765575
301 -38.584541 -3.767253
302 -38.594258 -3.762487
303 -38.589450 -3.759595
304 -38.589385 -3.759532
305 -38.589739 -3.760307
306 -38.589792 -3.760279
307 -38.589648 -3.760124
308 -38.589700 -3.760096
309 -38.590245 -3.761285
310 -38.590297 -3.761257
311 -38.590617 -3.761987
312 -38.590670 -3.761952
313 -38.591050 -3.762806
314 -38.591111 -3.762769
315 -38.592668 -3.765995
316 -38.592730 -3.765960
317 -38.582706 -3.757869
318 -38.583137 -3.758742
319 -38.583289 -3.759031
320 -38.585150 -3.762533
321 -38.585220 -3.762495
322 -38.580719 -3.759247
323 -38.580208 -3.759528
324 -38.594378 -3.762482
325 -38.588674 -3.761850
326 -38.588313 -3.762051
327 -38.578637 -3.762789
328 -38.593393 -3.765692
329 -38.591856 -3.764368
330 -38.591507 -3.764545
331 -38.588648 -3.761803
332 -38.588996 -3.761615
333 -38.583608 -3.759617
334 -38.583676 -3.759580
