0 -38.479014 -3.721847
1 -38.478957 -3.721904
2 -38.474159 -3.722157
3 -38.474392 -3.722657
4 -38.476052 -3.722131
5 -38.475222 -3.720316
6 -38.473166 -3.720189
7 -38.475143 -3.720724
8 -38.474100 -3.722053
9 -38.473541 -3.722421
10 -38.476998 -3.721207
11 -38.475885 -3.721673
12 -38.474909 -3.720244
13 -38.473768 -3.721036
14 -38.473320 -3.721346
15 -38.473471 -3.720617
16 -38.471563 -3.721288
17 -38.471924 -3.721671
18 -38.475790 -3.721393
19 -38.474335 -3.720019
20 -38.474537 -3.725082
21 -38.474403 -3.725440
22 -38.468740 -3.709957
23 -38.468317 -3.709416
24 -38.471070 -3.708596
25 -38.466587 -3.712943
26 -38.464295 -3.717991
27 -38.473300 -3.713783
28 -38.470645 -3.707425
29 -38.473250 -3.713702
30 -38.466550 -3.709854
31 -38.465328 -3.709216
32 -38.466385 -3.710060
33 -38.467495 -3.711000
34 -38.465848 -3.714574
35 -38.467481 -3.717043
36 -38.467155 -3.709033
37 -38.466992 -3.709246
38 -38.465802 -3.708488
39 -38.466844 -3.709454
40 -38.465618 -3.708743
41 -38.466703 -3.709644
42 -38.465538 -3.708869
43 -38.463827 -3.716472
44 -38.465506 -3.712501
45 -38.468068 -3.709292
46 -38.465009 -3.715021
47 -38.463298 -3.717502
48 -38.465348 -3.718523
49 -38.466203 -3.711405
50 -38.465712 -3.712575
51 -38.467274 -3.708860
52 -38.465790 -3.711232
53 -38.465274 -3.712418
54 -38.469639 -3.723156
55 -38.470096 -3.723381
56 -38.470574 -3.723615
57 -38.469592 -3.711169
58 -38.472007 -3.720969
59 -38.469143 -3.722913
60 -38.463901 -3.717796
61 -38.472406 -3.714435
62 -38.463631 -3.720190
63 -38.465513 -3.718670
64 -38.464258 -3.716284
65 -38.473823 -3.721618
66 -38.473541 -3.721193
67 -38.466125 -3.712750
68 -38.466260 -3.710279
69 -38.466641 -3.710492
70 -38.467033 -3.710744
71 -38.467199 -3.710174
72 -38.466450 -3.708513
73 -38.466039 -3.708284
74 -38.465206 -3.709461
75 -38.465778 -3.710615
76 -38.465558 -3.711139
77 -38.465355 -3.710691
78 -38.465223 -3.711005
79 -38.465074 -3.712343
80 -38.464877 -3.712290
81 -38.465956 -3.711306
82 -38.466383 -3.711473
83 -38.465805 -3.712383
84 -38.465075 -3.710967
85 -38.466655 -3.711585
86 -38.467124 -3.711799
87 -38.468081 -3.709849
88 -38.471090 -3.708843
89 -38.470330 -3.708451
90 -38.468838 -3.708914
91 -38.466073 -3.714066
92 -38.465595 -3.713852
93 -38.465070 -3.713619
94 -38.464880 -3.713511
95 -38.464630 -3.713301
96 -38.465850 -3.712635
97 -38.465356 -3.713751
98 -38.464894 -3.714974
99 -38.463651 -3.717663
100 -38.465546 -3.715224
101 -38.464546 -3.714828
102 -38.464146 -3.714671
103 -38.463662 -3.716007
104 -38.463977 -3.716153
105 -38.464457 -3.716398
106 -38.464928 -3.716629
107 -38.471534 -3.709840
108 -38.470954 -3.710061
109 -38.470876 -3.710086
110 -38.469569 -3.711134
111 -38.470995 -3.710813
112 -38.471288 -3.711916
113 -38.470625 -3.710472
114 -38.470838 -3.710880
115 -38.469958 -3.711186
116 -38.470542 -3.710993
117 -38.471179 -3.711999
118 -38.470468 -3.712472
119 -38.466298 -3.715279
120 -38.465008 -3.717100
121 -38.464537 -3.718097
122 -38.464771 -3.716995
123 -38.472911 -3.712840
124 -38.474087 -3.713173
125 -38.475968 -3.715929
126 -38.475007 -3.714538
127 -38.474183 -3.715076
128 -38.465624 -3.721159
129 -38.474831 -3.720299
130 -38.476303 -3.720957
131 -38.474688 -3.719020
132 -38.473651 -3.716947
133 -38.473339 -3.716509
134 -38.473578 -3.716988
135 -38.466522 -3.721596
136 -38.467023 -3.718139
137 -38.466558 -3.719123
138 -38.466502 -3.708423
139 -38.471308 -3.722605
140 -38.471550 -3.712744
141 -38.467057 -3.710689
142 -38.463503 -3.720130
143 -38.475233 -3.718777
144 -38.475922 -3.718426
145 -38.478446 -3.721307
146 -38.478372 -3.721395
147 -38.471921 -3.714267
148 -38.475464 -3.722522
149 -38.475397 -3.722338
150 -38.474541 -3.721749
151 -38.474643 -3.721978
152 -38.466425 -3.717776
153 -38.472122 -3.714634
154 -38.473970 -3.710640
155 -38.474708 -3.712760
156 -38.473223 -3.710850
157 -38.473137 -3.710950
158 -38.473442 -3.711677
159 -38.472277 -3.711270
160 -38.472141 -3.711333
161 -38.472100 -3.711226
162 -38.472238 -3.711161
163 -38.471943 -3.714381
164 -38.467539 -3.717136
165 -38.466486 -3.717865
166 -38.471647 -3.714313
167 -38.476214 -3.719904
168 -38.476154 -3.719997
169 -38.475086 -3.718453
170 -38.475179 -3.718441
171 -38.472758 -3.712898
172 -38.477190 -3.720475
173 -38.477143 -3.720558
174 -38.471678 -3.709778
175 -38.472580 -3.712465
176 -38.472729 -3.712403
177 -38.473116 -3.713790
178 -38.473363 -3.713689
179 -38.473170 -3.713874
180 -38.465130 -3.709760
181 -38.470772 -3.723713
182 -38.472505 -3.721911
183 -38.473019 -3.720931
184 -38.472715 -3.720493
185 -38.467500 -3.722105
186 -38.465592 -3.721143
187 -38.467492 -3.717168
188 -38.475856 -3.721589
189 -38.465083 -3.715050
190 -38.465579 -3.718679
191 -38.465696 -3.718307
192 -38.471625 -3.714229
193 -38.473421 -3.709185
194 -38.472618 -3.711006
195 -38.472667 -3.711123
196 -38.473089 -3.710826
197 -38.467553 -3.709014
198 -38.467911 -3.709215
199 -38.471144 -3.708820
200 -38.471210 -3.708551
201 -38.473132 -3.723468
202 -38.474358 -3.725417
203 -38.470338 -3.722106
204 -38.472216 -3.723022
205 -38.475693 -3.714119
206 -38.476154 -3.713811
207 -38.474497 -3.712223
208 -38.474490 -3.710485
209 -38.475036 -3.712038
210 -38.475203 -3.712424
211 -38.469721 -3.709789
212 -38.469458 -3.709451
213 -38.472425 -3.712065
214 -38.472580 -3.712007
215 -38.465628 -3.721075
216 -38.469223 -3.722859
217 -38.466555 -3.721536
218 -38.467543 -3.722025
219 -38.470783 -3.707382
