0 -38.465886 -3.747616
1 -38.467401 -3.748866
2 -38.466380 -3.749196
3 -38.465695 -3.750267
4 -38.461752 -3.748105
5 -38.466150 -3.748417
6 -38.461993 -3.748864
7 -38.458832 -3.749038
8 -38.461022 -3.749141
9 -38.462248 -3.749626
10 -38.459052 -3.749754
11 -38.461263 -3.749939
12 -38.462489 -3.750421
13 -38.459318 -3.750567
14 -38.461510 -3.750741
15 -38.462750 -3.751176
16 -38.459569 -3.751374
17 -38.461761 -3.751514
18 -38.459825 -3.752163
19 -38.460077 -3.752953
20 -38.461294 -3.753443
21 -38.459052 -3.754164
22 -38.461547 -3.754210
23 -38.462418 -3.754244
24 -38.458286 -3.754431
25 -38.462417 -3.754411
26 -38.461407 -3.754779
27 -38.459851 -3.754742
28 -38.462738 -3.754794
29 -38.468294 -3.755170
30 -38.468334 -3.755301
31 -38.461870 -3.755439
32 -38.468875 -3.755477
33 -38.467518 -3.755563
34 -38.459561 -3.755826
35 -38.469025 -3.755975
36 -38.458813 -3.756061
37 -38.468608 -3.756105
38 -38.459835 -3.756636
39 -38.469283 -3.756714
40 -38.463654 -3.756738
41 -38.463688 -3.756839
42 -38.463109 -3.757009
43 -38.459144 -3.757089
44 -38.468013 -3.757192
45 -38.469001 -3.757322
46 -38.459265 -3.757473
47 -38.468156 -3.757609
48 -38.469136 -3.757743
49 -38.460051 -3.757941
50 -38.468299 -3.758026
51 -38.469261 -3.758130
52 -38.459464 -3.758120
53 -38.463367 -3.758180
54 -38.459501 -3.758226
55 -38.470226 -3.758271
56 -38.468428 -3.758397
57 -38.469397 -3.758554
58 -38.470363 -3.758673
59 -38.464339 -3.758676
60 -38.468567 -3.758822
61 -38.469525 -3.758951
62 -38.463606 -3.758973
63 -38.470490 -3.759085
64 -38.462547 -3.759171
65 -38.460516 -3.759393
66 -38.459888 -3.759439
67 -38.469654 -3.759354
68 -38.470614 -3.759487
69 -38.469782 -3.759753
70 -38.470740 -3.759867
71 -38.464746 -3.759839
72 -38.463833 -3.759920
73 -38.468954 -3.760057
74 -38.469900 -3.760119
75 -38.462904 -3.760139
76 -38.470864 -3.760254
77 -38.462648 -3.760262
78 -38.469073 -3.760437
79 -38.470027 -3.760527
80 -38.470987 -3.760631
81 -38.465048 -3.760747
82 -38.469203 -3.760833
83 -38.470151 -3.760910
84 -38.461270 -3.761108
85 -38.462935 -3.761136
86 -38.469323 -3.761207
87 -38.470280 -3.761315
88 -38.460500 -3.761373
89 -38.465360 -3.761696
90 -38.463228 -3.762048
91 -38.460758 -3.762179
92 -38.461925 -3.762696
93 -38.463852 -3.763562
94 -38.462213 -3.763621
95 -38.461504 -3.764553
96 -38.465642 -3.746843
97 -38.464915 -3.747942
98 -38.465176 -3.748726
99 -38.464661 -3.747159
100 -38.464004 -3.748263
101 -38.462114 -3.752576
102 -38.460326 -3.752976
103 -38.462176 -3.753165
104 -38.461810 -3.752429
105 -38.467685 -3.753276
106 -38.469445 -3.761589
107 -38.466640 -3.749958
108 -38.458067 -3.753698
109 -38.463483 -3.754690
110 -38.470035 -3.760556
111 -38.460534 -3.753674
112 -38.463109 -3.755004
113 -38.470160 -3.760937
114 -38.468873 -3.756924
115 -38.467191 -3.748061
116 -38.466884 -3.750733
117 -38.454925 -3.754822
118 -38.458100 -3.750074
119 -38.458344 -3.750849
120 -38.456341 -3.760286
121 -38.455131 -3.755406
122 -38.455582 -3.756846
123 -38.456887 -3.754838
124 -38.456938 -3.762282
125 -38.456620 -3.763870
126 -38.460539 -3.761498
127 -38.463028 -3.756895
128 -38.465525 -3.749519
129 -38.461999 -3.752207
130 -38.455173 -3.754544
131 -38.463084 -3.748870
132 -38.462105 -3.749184
133 -38.465113 -3.754054
134 -38.465171 -3.754213
135 -38.465430 -3.754119
136 -38.465372 -3.753976
137 -38.467597 -3.752961
138 -38.467396 -3.752815
139 -38.468415 -3.752677
140 -38.458600 -3.753427
141 -38.458892 -3.753488
142 -38.459308 -3.753354
143 -38.459436 -3.753167
144 -38.460914 -3.759917
145 -38.461621 -3.759306
146 -38.462077 -3.760625
147 -38.456601 -3.755729
148 -38.455352 -3.756117
149 -38.462208 -3.753409
150 -38.462353 -3.753383
151 -38.460294 -3.752879
152 -38.466090 -3.750993
153 -38.467420 -3.762464
154 -38.468871 -3.759792
155 -38.469916 -3.760168
156 -38.469792 -3.759783
157 -38.468853 -3.756865
158 -38.465861 -3.763181
159 -38.470478 -3.759046
160 -38.465854 -3.753802
161 -38.463037 -3.761080
162 -38.462957 -3.761202
163 -38.460780 -3.762259
164 -38.464247 -3.758413
165 -38.467581 -3.749527
166 -38.464987 -3.749152
167 -38.465213 -3.748832
168 -38.469654 -3.762081
169 -38.465145 -3.748633
170 -38.462962 -3.760121
171 -38.467235 -3.751835
172 -38.465953 -3.748778
173 -38.465870 -3.748506
174 -38.467161 -3.751859
