0 -38.555496 -3.754953
1 -38.564008 -3.744984
2 -38.563431 -3.752172
3 -38.563583 -3.751087
4 -38.562702 -3.751465
5 -38.557259 -3.755330
6 -38.561959 -3.750764
7 -38.562208 -3.752125
8 -38.565682 -3.750634
9 -38.559340 -3.752193
10 -38.558365 -3.753213
11 -38.566086 -3.745345
12 -38.566400 -3.747192
13 -38.558900 -3.755401
14 -38.563322 -3.748185
15 -38.562515 -3.751281
16 -38.565361 -3.748205
17 -38.556083 -3.755513
18 -38.559883 -3.752764
19 -38.559717 -3.754574
20 -38.562340 -3.751125
21 -38.564515 -3.751207
22 -38.558040 -3.754565
23 -38.563330 -3.750226
24 -38.564304 -3.747183
25 -38.565383 -3.752536
26 -38.561345 -3.750176
27 -38.558889 -3.753736
28 -38.561814 -3.751742
29 -38.559406 -3.753213
30 -38.557529 -3.754038
31 -38.564782 -3.752918
32 -38.556153 -3.754244
33 -38.556738 -3.754844
34 -38.565793 -3.746662
35 -38.561797 -3.749704
36 -38.565291 -3.746177
37 -38.558127 -3.756166
38 -38.560644 -3.753637
39 -38.557494 -3.756778
40 -38.564345 -3.749205
41 -38.564816 -3.747683
42 -38.563830 -3.748712
43 -38.564174 -3.753308
44 -38.561378 -3.748123
45 -38.562852 -3.749671
46 -38.564693 -3.750161
47 -38.563966 -3.750437
48 -38.565083 -3.750827
49 -38.563984 -3.751677
50 -38.561260 -3.752324
51 -38.562836 -3.752746
52 -38.561805 -3.752812
53 -38.562290 -3.753271
54 -38.563573 -3.753689
55 -38.562950 -3.754087
56 -38.560245 -3.754052
57 -38.556354 -3.755777
58 -38.564777 -3.745705
59 -38.561315 -3.749220
60 -38.563795 -3.746694
61 -38.565598 -3.744786
62 -38.561874 -3.748644
63 -38.562813 -3.747687
64 -38.559449 -3.750527
65 -38.561380 -3.751343
66 -38.560241 -3.751303
67 -38.560804 -3.750748
68 -38.560827 -3.751865
69 -38.562333 -3.749185
70 -38.562536 -3.748978
71 -38.562272 -3.748695
72 -38.561996 -3.753635
73 -38.558513 -3.755799
74 -38.557879 -3.755141
75 -38.559354 -3.754210
76 -38.558834 -3.754543
77 -38.559315 -3.754981
78 -38.559683 -3.755351
79 -38.560308 -3.755157
80 -38.559906 -3.755564
81 -38.561104 -3.754964
82 -38.559902 -3.753720
83 -38.560836 -3.749693
84 -38.557702 -3.752565
85 -38.562311 -3.753337
86 -38.561827 -3.748693
87 -38.559959 -3.753663
88 -38.564735 -3.751045
89 -38.564297 -3.750261
90 -38.560014 -3.753376
91 -38.559646 -3.752983
92 -38.558942 -3.754637
93 -38.561284 -3.752299
