0 -38.581812 -3.775298
1 -38.581698 -3.775324
2 -38.593968 -3.774968
3 -38.580812 -3.775545
4 -38.590124 -3.775899
5 -38.578946 -3.775981
6 -38.594485 -3.776005
7 -38.581282 -3.776269
8 -38.593570 -3.776277
9 -38.578096 -3.776337
10 -38.593255 -3.776373
11 -38.582409 -3.776384
12 -38.577433 -3.776439
13 -38.592043 -3.776077
14 -38.594609 -3.776750
15 -38.580380 -3.776803
16 -38.581594 -3.776873
17 -38.593756 -3.776996
18 -38.582730 -3.777004
19 -38.593437 -3.777085
20 -38.579625 -3.777282
21 -38.589872 -3.777322
22 -38.592437 -3.777361
23 -38.580700 -3.777416
24 -38.594824 -3.777449
25 -38.589410 -3.777611
26 -38.593943 -3.777701
27 -38.583039 -3.777616
28 -38.593614 -3.777783
29 -38.579954 -3.777866
30 -38.590590 -3.777925
31 -38.588709 -3.777939
32 -38.581026 -3.778050
33 -38.592632 -3.778049
34 -38.582322 -3.778064
35 -38.580124 -3.778237
36 -38.594121 -3.778379
37 -38.591267 -3.778421
38 -38.580284 -3.778490
39 -38.593814 -3.778465
40 -38.579798 -3.778498
41 -38.582969 -3.778521
42 -38.590760 -3.778551
43 -38.588056 -3.778621
44 -38.577913 -3.778744
45 -38.584946 -3.778699
46 -38.580396 -3.778733
47 -38.592842 -3.778748
48 -38.579291 -3.778876
49 -38.581751 -3.778873
50 -38.589765 -3.778856
51 -38.583158 -3.779160
52 -38.579468 -3.779112
53 -38.583029 -3.779195
54 -38.580313 -3.779282
55 -38.588251 -3.779282
56 -38.578486 -3.779387
57 -38.585128 -3.779382
58 -38.578519 -3.779425
59 -38.593021 -3.779420
60 -38.581918 -3.779487
61 -38.589974 -3.779548
62 -38.578772 -3.779722
63 -38.586798 -3.779705
64 -38.583315 -3.779836
65 -38.591550 -3.779831
66 -38.580474 -3.779927
67 -38.579047 -3.780027
68 -38.593218 -3.780117
69 -38.585326 -3.780124
70 -38.579266 -3.780275
71 -38.590091 -3.780255
72 -38.586992 -3.780388
73 -38.591742 -3.780532
74 -38.583526 -3.780624
75 -38.583413 -3.780662
76 -38.593345 -3.780810
77 -38.585548 -3.780815
78 -38.580721 -3.780861
79 -38.579839 -3.780931
80 -38.590291 -3.780956
81 -38.582305 -3.780972
82 -38.587170 -3.781085
83 -38.591932 -3.781198
84 -38.583607 -3.781354
85 -38.588848 -3.781360
86 -38.585714 -3.781507
87 -38.580352 -3.781535
88 -38.593177 -3.781581
89 -38.590472 -3.781619
90 -38.582501 -3.781667
91 -38.587367 -3.781779
92 -38.592141 -3.781893
93 -38.583924 -3.782004
94 -38.583788 -3.782049
95 -38.585918 -3.782184
96 -38.590663 -3.782297
97 -38.582694 -3.782352
98 -38.587553 -3.782422
99 -38.592333 -3.782571
100 -38.583998 -3.782735
101 -38.589229 -3.782707
102 -38.586104 -3.782843
103 -38.590848 -3.782996
104 -38.582895 -3.783041
105 -38.587748 -3.783120
106 -38.584293 -3.783348
107 -38.584179 -3.783386
108 -38.589436 -3.783406
109 -38.586297 -3.783540
110 -38.592601 -3.783604
111 -38.583078 -3.783692
112 -38.582329 -3.783794
113 -38.587960 -3.783818
114 -38.591109 -3.783872
115 -38.582414 -3.783887
116 -38.584484 -3.784044
117 -38.584375 -3.784070
118 -38.589632 -3.784143
119 -38.586481 -3.784221
120 -38.588116 -3.784367
121 -38.591891 -3.784457
122 -38.583279 -3.784378
123 -38.585865 -3.784386
124 -38.586568 -3.784528
125 -38.591286 -3.784553
126 -38.586596 -3.784717
127 -38.584680 -3.784723
128 -38.584572 -3.784760
129 -38.589807 -3.784825
130 -38.585359 -3.784910
131 -38.587341 -3.784927
132 -38.589047 -3.784949
133 -38.588312 -3.785127
134 -38.585788 -3.785421
135 -38.586819 -3.785396
136 -38.588425 -3.785504
137 -38.585417 -3.785743
138 -38.587954 -3.785858
139 -38.586223 -3.785927
140 -38.587699 -3.786062
141 -38.588562 -3.786083
142 -38.590178 -3.786227
143 -38.587431 -3.786276
144 -38.588317 -3.786274
145 -38.586648 -3.786422
146 -38.589473 -3.786431
147 -38.588067 -3.786485
148 -38.587162 -3.786501
149 -38.589148 -3.786517
150 -38.586897 -3.786722
151 -38.587808 -3.786710
152 -38.587544 -3.786925
153 -38.586608 -3.786947
154 -38.589569 -3.786803
155 -38.587281 -3.787158
156 -38.586999 -3.787396
157 -38.586112 -3.788196
158 -38.588078 -3.790243
159 -38.588671 -3.790858
160 -38.590974 -3.772544
161 -38.590454 -3.772884
162 -38.591493 -3.772979
163 -38.585080 -3.773147
164 -38.591043 -3.773238
165 -38.583543 -3.773928
166 -38.592657 -3.774043
167 -38.588642 -3.774069
168 -38.588590 -3.774063
169 -38.593050 -3.774421
170 -38.583136 -3.774326
171 -38.588324 -3.774626
172 -38.589490 -3.774642
173 -38.593630 -3.774772
174 -38.588006 -3.775216
175 -38.590356 -3.775276
176 -38.587902 -3.775500
177 -38.587205 -3.775503
178 -38.589836 -3.775692
179 -38.592316 -3.775689
180 -38.586402 -3.775857
181 -38.583397 -3.775797
182 -38.591247 -3.775901
183 -38.589262 -3.776116
184 -38.585837 -3.776127
185 -38.587908 -3.776094
186 -38.585407 -3.776326
187 -38.585309 -3.776364
188 -38.593028 -3.776443
189 -38.583682 -3.776441
190 -38.592848 -3.776490
191 -38.584859 -3.776567
192 -38.584718 -3.776635
193 -38.584432 -3.776802
194 -38.584403 -3.776821
195 -38.586895 -3.776885
196 -38.583959 -3.777072
197 -38.586350 -3.777138
198 -38.587688 -3.777309
199 -38.587192 -3.777580
200 -38.585563 -3.777536
201 -38.585253 -3.777724
202 -38.584736 -3.778005
203 -38.590617 -3.778056
204 -38.589638 -3.778371
205 -38.586944 -3.778930
206 -38.588450 -3.779982
207 -38.588654 -3.780658
208 -38.589036 -3.782023
209 -38.595101 -3.772152
210 -38.595486 -3.772684
211 -38.593958 -3.773042
212 -38.594381 -3.773549
213 -38.593964 -3.773874
214 -38.595004 -3.774571
215 -38.593167 -3.774480
216 -38.594486 -3.774733
217 -38.594790 -3.775413
218 -38.588876 -3.787618
219 -38.586613 -3.779012
220 -38.586785 -3.779497
221 -38.588892 -3.790271
222 -38.584111 -3.782697
223 -38.592244 -3.776662
224 -38.584415 -3.773267
225 -38.583885 -3.773578
226 -38.582592 -3.774795
227 -38.582830 -3.774589
228 -38.583623 -3.773818
229 -38.590605 -3.791955
230 -38.591067 -3.791838
231 -38.589046 -3.789887
232 -38.590671 -3.792045
233 -38.590154 -3.792393
234 -38.581972 -3.777470
235 -38.593840 -3.777208
236 -38.594273 -3.777603
237 -38.594448 -3.778280
238 -38.594761 -3.778185
239 -38.594591 -3.777513
240 -38.594781 -3.777309
241 -38.594086 -3.776900
242 -38.594143 -3.776115
243 -38.593849 -3.776200
244 -38.593719 -3.776769
245 -38.595009 -3.778114
246 -38.594220 -3.774853
247 -38.592304 -3.774843
248 -38.592573 -3.773958
249 -38.592146 -3.774628
250 -38.590668 -3.775494
251 -38.591250 -3.774701
252 -38.591715 -3.774996
253 -38.592422 -3.773794
254 -38.591912 -3.774568
255 -38.592120 -3.773479
256 -38.591092 -3.774538
257 -38.590057 -3.775059
258 -38.591079 -3.773645
259 -38.591997 -3.773378
260 -38.588952 -3.774284
261 -38.589093 -3.774090
262 -38.589916 -3.777123
263 -38.587910 -3.777944
264 -38.588915 -3.777855
265 -38.589253 -3.779005
266 -38.589460 -3.779703
267 -38.590104 -3.778218
268 -38.589928 -3.777656
269 -38.589931 -3.779403
270 -38.590801 -3.779154
271 -38.590082 -3.779924
272 -38.588688 -3.778463
273 -38.585910 -3.777368
274 -38.589713 -3.773405
275 -38.585675 -3.774402
276 -38.584137 -3.775075
277 -38.583970 -3.774697
278 -38.582089 -3.775775
279 -38.584400 -3.775639
280 -38.583538 -3.776106
281 -38.587507 -3.776613
282 -38.586407 -3.778304
283 -38.585574 -3.778542
284 -38.585139 -3.774633
285 -38.584543 -3.774910
286 -38.583485 -3.774957
287 -38.583095 -3.775162
288 -38.583948 -3.775858
289 -38.579881 -3.775756
290 -38.581260 -3.778571
291 -38.583245 -3.777963
292 -38.584220 -3.777588
293 -38.584594 -3.777386
294 -38.583658 -3.777741
295 -38.583060 -3.778027
296 -38.582897 -3.778272
297 -38.587376 -3.776162
298 -38.583195 -3.779870
299 -38.590179 -3.786856
300 -38.586761 -3.788892
301 -38.579421 -3.780455
302 -38.594749 -3.775916
303 -38.594575 -3.776288
304 -38.595000 -3.774360
305 -38.593853 -3.779938
306 -38.592962 -3.782403
307 -38.590046 -3.787328
308 -38.590330 -3.787366
309 -38.590755 -3.791148
310 -38.578709 -3.777116
311 -38.578227 -3.777506
312 -38.581794 -3.775943
313 -38.583740 -3.781319
314 -38.591389 -3.785010
315 -38.593180 -3.781493
316 -38.593028 -3.780900
317 -38.593383 -3.780702
318 -38.586119 -3.786475
319 -38.586456 -3.786195
320 -38.585891 -3.786247
321 -38.585665 -3.786001
322 -38.586026 -3.785705
323 -38.590339 -3.790515
324 -38.590185 -3.790646
325 -38.590853 -3.793103
326 -38.591217 -3.792596
327 -38.589463 -3.788831
328 -38.588793 -3.788579
329 -38.586758 -3.787111
330 -38.586557 -3.787299
331 -38.586602 -3.787733
332 -38.586309 -3.787417
333 -38.588544 -3.786009
334 -38.588213 -3.785652
335 -38.586342 -3.786690
336 -38.589238 -3.785615
337 -38.586243 -3.785950
338 -38.590165 -3.780233
339 -38.592499 -3.783202
340 -38.594320 -3.777589
341 -38.594213 -3.779092
342 -38.581818 -3.775338
343 -38.583597 -3.777870
344 -38.578086 -3.778940
345 -38.578636 -3.778560
346 -38.591600 -3.777856
347 -38.586035 -3.775114
348 -38.586534 -3.774902
349 -38.591949 -3.783362
350 -38.593736 -3.774496
351 -38.588657 -3.785335
352 -38.588942 -3.784572
353 -38.579449 -3.777394
354 -38.579870 -3.777915
355 -38.584390 -3.778108
356 -38.584410 -3.778177
