0 -38.606552 -3.788114
1 -38.600920 -3.790687
2 -38.596209 -3.792206
3 -38.606663 -3.793435
4 -38.592449 -3.793418
5 -38.592186 -3.793598
6 -38.596669 -3.793654
7 -38.596885 -3.794356
8 -38.597099 -3.795054
9 -38.608352 -3.795713
10 -38.597302 -3.795740
11 -38.593829 -3.796120
12 -38.597570 -3.796701
13 -38.602556 -3.796722
14 -38.594388 -3.796695
15 -38.597453 -3.796739
16 -38.597874 -3.798099
17 -38.596213 -3.798593
18 -38.605322 -3.789286
19 -38.603857 -3.789754
20 -38.605552 -3.789980
21 -38.602418 -3.790217
22 -38.604081 -3.790453
23 -38.605746 -3.790679
24 -38.595706 -3.790844
25 -38.602649 -3.790940
26 -38.592060 -3.791115
27 -38.599493 -3.791158
28 -38.604311 -3.791143
29 -38.594139 -3.791352
30 -38.605980 -3.791376
31 -38.601158 -3.791415
32 -38.595983 -3.791519
33 -38.597860 -3.791684
34 -38.602869 -3.791629
35 -38.604492 -3.791851
36 -38.599720 -3.791889
37 -38.594389 -3.792019
38 -38.592010 -3.791974
39 -38.606193 -3.792064
40 -38.601384 -3.792111
41 -38.603083 -3.792314
42 -38.598091 -3.792417
43 -38.604678 -3.792551
44 -38.599939 -3.792587
45 -38.594589 -3.792712
46 -38.592010 -3.792773
47 -38.606386 -3.792729
48 -38.601612 -3.792798
49 -38.596446 -3.792945
50 -38.603316 -3.793025
51 -38.598312 -3.793121
52 -38.600153 -3.793271
53 -38.604867 -3.793228
54 -38.594822 -3.793484
55 -38.601830 -3.793497
56 -38.603551 -3.793710
57 -38.606854 -3.793778
58 -38.598526 -3.793811
59 -38.600378 -3.793969
60 -38.605627 -3.794150
61 -38.602056 -3.794190
62 -38.607335 -3.794336
63 -38.592101 -3.794404
64 -38.601226 -3.794457
65 -38.598742 -3.794510
66 -38.607814 -3.794576
67 -38.603988 -3.794692
68 -38.600594 -3.794662
69 -38.606276 -3.794703
70 -38.605818 -3.794859
71 -38.595248 -3.794891
72 -38.602410 -3.795170
73 -38.598953 -3.795193
74 -38.604168 -3.795362
75 -38.601537 -3.795424
76 -38.605986 -3.795484
77 -38.593258 -3.795532
78 -38.600758 -3.795668
79 -38.595459 -3.795589
80 -38.602650 -3.795842
81 -38.604338 -3.796037
82 -38.601755 -3.796108
83 -38.599111 -3.796217
84 -38.600950 -3.796343
85 -38.602849 -3.796480
86 -38.599300 -3.796873
87 -38.601168 -3.797066
88 -38.597658 -3.797401
89 -38.595137 -3.797470
90 -38.599510 -3.797617
91 -38.595675 -3.798034
92 -38.601641 -3.798608
93 -38.606116 -3.786743
94 -38.606335 -3.787443
95 -38.604888 -3.787880
96 -38.601754 -3.788156
97 -38.603407 -3.788378
98 -38.600304 -3.788617
99 -38.605100 -3.788596
100 -38.601979 -3.788838
101 -38.606779 -3.788817
102 -38.603641 -3.789070
103 -38.600526 -3.789306
104 -38.602193 -3.789521
105 -38.607005 -3.789524
106 -38.599060 -3.789755
107 -38.600709 -3.789994
108 -38.597419 -3.790289
109 -38.599273 -3.790455
110 -38.607418 -3.790893
111 -38.597630 -3.790979
112 -38.607644 -3.791603
113 -38.607858 -3.792283
114 -38.608094 -3.792981
115 -38.607306 -3.795094
116 -38.608825 -3.795182
117 -38.607322 -3.795237
118 -38.606626 -3.795279
119 -38.608058 -3.795314
120 -38.607352 -3.795554
121 -38.606283 -3.795718
122 -38.605156 -3.795760
123 -38.606098 -3.795791
124 -38.607394 -3.795888
125 -38.608581 -3.795949
126 -38.604376 -3.796026
127 -38.608544 -3.796083
128 -38.604008 -3.796134
129 -38.606205 -3.796174
130 -38.607452 -3.796247
131 -38.604393 -3.796284
132 -38.608466 -3.796428
133 -38.605331 -3.796432
134 -38.606293 -3.796492
135 -38.609026 -3.796512
136 -38.604401 -3.796540
137 -38.604079 -3.796574
138 -38.603519 -3.796582
139 -38.605471 -3.796709
140 -38.602649 -3.796735
141 -38.606360 -3.796766
142 -38.601946 -3.796831
143 -38.609116 -3.796650
144 -38.607675 -3.796796
145 -38.608274 -3.796880
146 -38.608390 -3.796895
147 -38.609486 -3.796945
148 -38.605842 -3.796960
149 -38.609050 -3.797009
150 -38.607013 -3.797016
151 -38.609794 -3.797046
152 -38.606698 -3.797052
153 -38.604432 -3.797026
154 -38.610114 -3.797146
155 -38.602879 -3.797629
156 -38.602228 -3.797896
157 -38.598297 -3.797977
158 -38.603028 -3.797998
159 -38.601483 -3.798198
160 -38.600439 -3.798230
161 -38.601086 -3.798450
162 -38.599967 -3.798437
163 -38.600586 -3.798647
164 -38.603310 -3.798664
165 -38.598767 -3.799053
166 -38.600259 -3.799218
167 -38.601922 -3.799255
168 -38.603578 -3.799295
169 -38.599073 -3.799752
170 -38.597381 -3.799790
171 -38.600539 -3.799875
172 -38.602236 -3.799908
173 -38.603854 -3.799944
174 -38.597876 -3.800296
175 -38.599359 -3.800401
176 -38.602482 -3.800441
177 -38.604138 -3.800422
178 -38.604083 -3.800442
179 -38.598380 -3.800825
180 -38.602744 -3.800936
181 -38.604388 -3.800975
182 -38.602944 -3.801481
183 -38.601446 -3.801535
184 -38.604951 -3.802026
185 -38.601717 -3.802074
186 -38.603305 -3.802133
187 -38.599930 -3.802434
188 -38.603655 -3.802697
189 -38.602061 -3.802773
190 -38.601991 -3.802811
191 -38.600331 -3.802828
192 -38.605710 -3.803346
193 -38.604003 -3.803360
194 -38.602331 -3.803407
195 -38.600907 -3.803429
196 -38.601386 -3.803910
197 -38.604356 -3.804050
198 -38.602687 -3.804069
199 -38.601944 -3.804474
200 -38.607855 -3.786179
201 -38.607346 -3.787124
202 -38.608550 -3.788247
203 -38.609198 -3.790324
204 -38.609414 -3.791000
205 -38.609637 -3.791702
206 -38.609857 -3.792379
207 -38.610528 -3.794452
208 -38.608786 -3.795024
209 -38.610962 -3.795832
210 -38.608311 -3.787552
211 -38.608772 -3.788958
212 -38.605245 -3.796067
213 -38.603259 -3.802910
214 -38.603050 -3.802522
215 -38.602891 -3.803106
216 -38.602688 -3.802721
217 -38.600479 -3.802077
218 -38.604277 -3.797000
219 -38.600948 -3.797135
220 -38.599724 -3.797690
221 -38.599300 -3.797856
222 -38.599549 -3.798653
223 -38.599685 -3.799015
224 -38.598460 -3.798345
225 -38.596817 -3.799215
226 -38.595830 -3.797214
227 -38.596066 -3.797910
228 -38.595768 -3.797233
229 -38.595615 -3.796800
230 -38.594262 -3.795978
231 -38.594045 -3.795278
232 -38.592684 -3.794974
233 -38.595036 -3.794192
234 -38.593107 -3.794062
235 -38.593322 -3.794757
236 -38.606491 -3.787920
237 -38.608061 -3.786800
238 -38.608097 -3.786932
239 -38.606801 -3.788035
240 -38.596229 -3.793798
241 -38.596006 -3.793092
242 -38.595835 -3.793928
243 -38.595610 -3.793223
244 -38.595462 -3.794051
245 -38.595239 -3.793345
246 -38.608352 -3.793673
247 -38.607660 -3.793940
248 -38.609639 -3.793220
249 -38.609415 -3.792544
250 -38.609153 -3.793381
251 -38.608949 -3.792692
252 -38.608757 -3.793515
253 -38.608539 -3.792838
254 -38.610308 -3.793758
255 -38.608542 -3.794342
256 -38.608075 -3.794498
257 -38.609424 -3.794812
258 -38.609273 -3.794354
259 -38.608607 -3.794552
260 -38.608872 -3.794467
261 -38.606754 -3.789602
262 -38.606576 -3.790414
263 -38.606617 -3.791180
264 -38.606812 -3.791866
265 -38.607352 -3.793216
266 -38.606346 -3.790486
267 -38.606320 -3.791258
268 -38.606816 -3.792599
269 -38.607130 -3.793284
270 -38.607368 -3.793862
271 -38.608533 -3.795441
272 -38.610748 -3.795150
273 -38.609108 -3.795680
274 -38.609059 -3.795697
275 -38.608931 -3.795743
276 -38.610300 -3.797524
277 -38.610051 -3.797486
278 -38.608997 -3.797315
279 -38.608227 -3.797190
280 -38.608792 -3.796476
281 -38.608719 -3.796946
282 -38.608156 -3.796371
283 -38.608062 -3.796845
284 -38.607830 -3.796318
285 -38.607764 -3.796804
286 -38.607339 -3.795391
287 -38.606958 -3.795527
288 -38.607369 -3.795702
289 -38.607105 -3.795782
290 -38.606806 -3.795194
291 -38.606748 -3.794546
292 -38.606546 -3.794618
293 -38.607176 -3.797006
294 -38.607240 -3.796412
295 -38.606148 -3.796859
296 -38.605350 -3.796765
297 -38.600705 -3.797350
298 -38.600195 -3.797522
299 -38.608999 -3.789628
300 -38.607202 -3.790210
301 -38.606525 -3.791956
302 -38.607062 -3.792526
303 -38.610082 -3.793075
304 -38.601758 -3.804289
305 -38.595568 -3.797918
306 -38.595250 -3.797589
307 -38.592996 -3.795278
308 -38.610335 -3.797863
309 -38.610005 -3.797818
310 -38.609685 -3.797776
311 -38.609338 -3.797729
312 -38.607227 -3.797446
313 -38.606480 -3.797362
314 -38.599163 -3.796203
315 -38.595667 -3.796276
316 -38.606439 -3.789700
317 -38.606548 -3.788891
318 -38.606544 -3.789286
319 -38.606061 -3.789431
320 -38.605947 -3.789087
321 -38.606177 -3.789782
322 -38.606194 -3.793982
323 -38.605642 -3.792979
324 -38.607838 -3.795023
325 -38.608023 -3.794888
326 -38.599646 -3.801051
327 -38.600799 -3.800372
328 -38.605215 -3.790846
329 -38.604924 -3.791700
330 -38.592412 -3.792656
331 -38.598363 -3.790745
332 -38.598477 -3.791099
333 -38.602441 -3.788259
334 -38.602567 -3.788645
335 -38.605355 -3.788306
336 -38.605429 -3.788484
337 -38.608659 -3.790151
338 -38.608756 -3.790472
339 -38.605787 -3.787979
340 -38.606442 -3.787771
341 -38.607562 -3.792761
342 -38.607966 -3.792621
343 -38.595529 -3.791664
344 -38.595445 -3.791332
345 -38.596620 -3.791309
346 -38.596455 -3.790593
347 -38.600928 -3.800600
348 -38.607113 -3.794053
349 -38.605710 -3.789559
350 -38.594338 -3.792036
351 -38.602258 -3.799956
352 -38.601503 -3.801504
353 -38.597215 -3.789588
354 -38.595498 -3.790128
355 -38.593949 -3.790620
356 -38.599584 -3.797600
357 -38.599629 -3.797725
358 -38.605525 -3.796687
359 -38.605875 -3.793388
360 -38.606395 -3.793920
361 -38.605486 -3.793031
362 -38.605997 -3.794040
363 -38.606908 -3.795170
364 -38.606970 -3.794467
365 -38.607110 -3.795122
366 -38.609049 -3.793029
367 -38.609119 -3.793004
368 -38.609230 -3.793355
369 -38.609013 -3.792671
370 -38.609137 -3.797025
371 -38.609082 -3.797332
372 -38.609025 -3.797680
373 -38.609193 -3.796761
374 -38.608944 -3.797668
375 -38.593406 -3.791567
