0 -38.562013 -3.777252
1 -38.564014 -3.774757
2 -38.564129 -3.774587
3 -38.564774 -3.773772
4 -38.565101 -3.773680
5 -38.565459 -3.774758
6 -38.564782 -3.775579
7 -38.563845 -3.776675
8 -38.561430 -3.771215
9 -38.552353 -3.780024
10 -38.555655 -3.778957
11 -38.556310 -3.780386
12 -38.558748 -3.777701
13 -38.557996 -3.775864
14 -38.559219 -3.777128
15 -38.558617 -3.775608
16 -38.554319 -3.778459
17 -38.554731 -3.778322
18 -38.555363 -3.777933
19 -38.555788 -3.777795
20 -38.556030 -3.777712
21 -38.556670 -3.777417
22 -38.556819 -3.780153
23 -38.556207 -3.778752
24 -38.557989 -3.778135
25 -38.557421 -3.778300
26 -38.553468 -3.777315
27 -38.554511 -3.776967
28 -38.555771 -3.776546
29 -38.556767 -3.776361
30 -38.556944 -3.776290
31 -38.559568 -3.775176
32 -38.556580 -3.775497
33 -38.553928 -3.778753
34 -38.574382 -3.780544
35 -38.575734 -3.781536
36 -38.566397 -3.775634
37 -38.574925 -3.780989
38 -38.565392 -3.774842
39 -38.565881 -3.774074
40 -38.567527 -3.774162
41 -38.565905 -3.774254
42 -38.567122 -3.774761
43 -38.571725 -3.771938
44 -38.569448 -3.771632
45 -38.570886 -3.772721
46 -38.568561 -3.775800
47 -38.567180 -3.776055
48 -38.569929 -3.773950
49 -38.567851 -3.772413
50 -38.569664 -3.774307
51 -38.569160 -3.773396
52 -38.568021 -3.776595
53 -38.568289 -3.774541
54 -38.567772 -3.775243
55 -38.570122 -3.772123
56 -38.573213 -3.773482
57 -38.563869 -3.774381
58 -38.570593 -3.781949
59 -38.552074 -3.777781
60 -38.552578 -3.778761
61 -38.553708 -3.780795
62 -38.554673 -3.780945
63 -38.554989 -3.781531
64 -38.554304 -3.781855
65 -38.572393 -3.772632
66 -38.571692 -3.773334
67 -38.572122 -3.773779
68 -38.573517 -3.773824
69 -38.572629 -3.774306
70 -38.574039 -3.774413
71 -38.570582 -3.774427
72 -38.571182 -3.774492
73 -38.571371 -3.774498
74 -38.572245 -3.774680
75 -38.572357 -3.774710
76 -38.570744 -3.774724
77 -38.572761 -3.774840
78 -38.573418 -3.775053
79 -38.574711 -3.775148
80 -38.573683 -3.775141
81 -38.569080 -3.775093
82 -38.571070 -3.775300
83 -38.574365 -3.775378
84 -38.569640 -3.775520
85 -38.572595 -3.775522
86 -38.573967 -3.775634
87 -38.575205 -3.775699
88 -38.570024 -3.775871
89 -38.571565 -3.776125
90 -38.570225 -3.776050
91 -38.572979 -3.776190
92 -38.576197 -3.776792
93 -38.571980 -3.776801
94 -38.568647 -3.776969
95 -38.572154 -3.777143
96 -38.574913 -3.777303
97 -38.571015 -3.777356
98 -38.576750 -3.777430
99 -38.576822 -3.777509
100 -38.576005 -3.777736
101 -38.573852 -3.777720
102 -38.577128 -3.777850
103 -38.570089 -3.777885
104 -38.570363 -3.778052
105 -38.575219 -3.778049
106 -38.576192 -3.778215
107 -38.569637 -3.778425
108 -38.577653 -3.778446
109 -38.574199 -3.778479
110 -38.575413 -3.778500
111 -38.569960 -3.778641
112 -38.571558 -3.778754
113 -38.569314 -3.778855
114 -38.570357 -3.778905
115 -38.574839 -3.778977
116 -38.574439 -3.779096
117 -38.569552 -3.779126
118 -38.569657 -3.779246
119 -38.575775 -3.779288
120 -38.574548 -3.779432
121 -38.572989 -3.779665
122 -38.570047 -3.779689
123 -38.569028 -3.779727
124 -38.574738 -3.779740
125 -38.573622 -3.780063
126 -38.576132 -3.781807
127 -38.574654 -3.782347
128 -38.574898 -3.782646
129 -38.571343 -3.782742
130 -38.571787 -3.783234
131 -38.573942 -3.783275
132 -38.563002 -3.770660
133 -38.560642 -3.771489
134 -38.561703 -3.771791
135 -38.563867 -3.772631
136 -38.562267 -3.773128
137 -38.563037 -3.773725
138 -38.562446 -3.774496
139 -38.563535 -3.775351
140 -38.560527 -3.775986
141 -38.559384 -3.777431
142 -38.560973 -3.776361
143 -38.554032 -3.781811
144 -38.553166 -3.779758
145 -38.554031 -3.781265
146 -38.556216 -3.781924
147 -38.554274 -3.777046
148 -38.555690 -3.780709
149 -38.556856 -3.781574
150 -38.555847 -3.781078
151 -38.555571 -3.780452
152 -38.555096 -3.779140
153 -38.556961 -3.774655
154 -38.558820 -3.774543
155 -38.558256 -3.778172
156 -38.557378 -3.776114
157 -38.558974 -3.777950
158 -38.558246 -3.778946
159 -38.556866 -3.778496
160 -38.556486 -3.777562
161 -38.556674 -3.778023
162 -38.556014 -3.778306
163 -38.567598 -3.774081
164 -38.567743 -3.773596
165 -38.569699 -3.771014
166 -38.563526 -3.773094
167 -38.564814 -3.773514
168 -38.562984 -3.771346
169 -38.562205 -3.771719
170 -38.568099 -3.776641
171 -38.555407 -3.782351
172 -38.560609 -3.779373
173 -38.563443 -3.773194
174 -38.554410 -3.782876
175 -38.553601 -3.783140
176 -38.559889 -3.767498
177 -38.569709 -3.775581
178 -38.568206 -3.776333
179 -38.566788 -3.777715
180 -38.575508 -3.776036
181 -38.574479 -3.776522
182 -38.575617 -3.777013
183 -38.573759 -3.780140
184 -38.568356 -3.772814
185 -38.575812 -3.782046
186 -38.573191 -3.781416
187 -38.563268 -3.775146
188 -38.561568 -3.771172
189 -38.577510 -3.778282
190 -38.576615 -3.778898
191 -38.576646 -3.778935
192 -38.576805 -3.779109
193 -38.563270 -3.773041
194 -38.569805 -3.771123
195 -38.562380 -3.773216
196 -38.561824 -3.773968
197 -38.557975 -3.774590
198 -38.557343 -3.779922
199 -38.561034 -3.770265
200 -38.554390 -3.780337
201 -38.573047 -3.784591
202 -38.573785 -3.784192
203 -38.573224 -3.783421
204 -38.573751 -3.783029
205 -38.556094 -3.776486
206 -38.555896 -3.775434
207 -38.558732 -3.775558
208 -38.558668 -3.774538
209 -38.555149 -3.776754
210 -38.554473 -3.777569
211 -38.553637 -3.777828
212 -38.564400 -3.776010
213 -38.558914 -3.780459
214 -38.558979 -3.774681
215 -38.559401 -3.774561
216 -38.559431 -3.774705
217 -38.562210 -3.777001
218 -38.559066 -3.774543
219 -38.561736 -3.771887
220 -38.564330 -3.776094
221 -38.562610 -3.777715
222 -38.564518 -3.774104
223 -38.557060 -3.779076
224 -38.556465 -3.779304
225 -38.555957 -3.775721
226 -38.561579 -3.771539
227 -38.561727 -3.773933
228 -38.573133 -3.782282
229 -38.572734 -3.781737
230 -38.555616 -3.781191
231 -38.555304 -3.780589
232 -38.554246 -3.781739
233 -38.557753 -3.781082
234 -38.575229 -3.775729
235 -38.570856 -3.771046
236 -38.574028 -3.782795
237 -38.575936 -3.777764
238 -38.570977 -3.771181
239 -38.576186 -3.779274
240 -38.576091 -3.779145
241 -38.568482 -3.772912
242 -38.558079 -3.775830
243 -38.553795 -3.781064
244 -38.560945 -3.772096
245 -38.566938 -3.775905
246 -38.566488 -3.775600
247 -38.562567 -3.777753
248 -38.569434 -3.771374
249 -38.559794 -3.767258
250 -38.561089 -3.770244
251 -38.559945 -3.767477
252 -38.569140 -3.774046
253 -38.569617 -3.774365
254 -38.576920 -3.778545
255 -38.577176 -3.778860
256 -38.559846 -3.767236
257 -38.556217 -3.778772
258 -38.559260 -3.778819
259 -38.554529 -3.778517
260 -38.554490 -3.778402
