0 -38.488704 -3.784992
1 -38.487892 -3.785077
2 -38.487087 -3.785189
3 -38.486288 -3.785303
4 -38.488810 -3.785971
5 -38.488018 -3.786079
6 -38.487205 -3.786196
7 -38.486423 -3.786276
8 -38.486211 -3.784701
9 -38.488569 -3.784001
10 -38.488480 -3.783081
11 -38.489385 -3.783888
12 -38.489499 -3.784904
13 -38.489619 -3.785886
14 -38.484425 -3.772588
15 -38.485393 -3.772304
16 -38.484699 -3.773587
17 -38.485681 -3.773293
18 -38.487684 -3.772693
19 -38.488629 -3.772482
20 -38.489922 -3.773104
21 -38.485963 -3.774258
22 -38.486932 -3.773965
23 -38.487925 -3.773691
24 -38.488936 -3.773390
25 -38.490383 -3.773021
26 -38.486653 -3.773001
27 -38.487223 -3.774964
28 -38.487791 -3.777047
29 -38.488000 -3.777757
30 -38.488128 -3.779870
31 -38.488008 -3.779965
32 -38.488134 -3.780269
33 -38.488440 -3.782402
34 -38.487865 -3.783479
35 -38.489136 -3.769457
36 -38.485095 -3.771306
37 -38.486247 -3.775243
38 -38.484130 -3.771589
39 -38.484986 -3.774548
40 -38.485273 -3.775521
41 -38.486084 -3.771026
42 -38.491735 -3.769336
43 -38.496463 -3.766806
44 -38.488407 -3.769741
45 -38.489774 -3.769216
46 -38.491424 -3.768566
47 -38.487162 -3.771018
48 -38.489563 -3.770403
49 -38.492444 -3.771180
50 -38.485802 -3.778395
51 -38.485885 -3.780457
52 -38.486553 -3.778167
53 -38.486613 -3.780248
54 -38.487320 -3.777947
55 -38.483683 -3.779007
56 -38.484243 -3.778855
57 -38.490434 -3.777038
58 -38.485865 -3.777598
59 -38.483152 -3.777052
60 -38.482822 -3.783370
61 -38.484822 -3.783537
62 -38.488231 -3.774664
63 -38.489227 -3.774367
64 -38.491255 -3.773772
65 -38.486539 -3.776212
66 -38.486833 -3.777313
67 -38.481653 -3.776551
68 -38.481630 -3.776859
69 -38.482420 -3.776933
70 -38.483432 -3.783423
71 -38.483567 -3.781169
72 -38.483661 -3.779517
73 -38.483705 -3.778231
74 -38.484533 -3.783503
75 -38.482002 -3.773831
76 -38.483239 -3.773990
77 -38.497281 -3.774770
78 -38.499104 -3.774046
79 -38.496116 -3.777541
80 -38.496784 -3.777337
81 -38.497462 -3.777093
82 -38.499264 -3.777613
83 -38.492058 -3.783831
84 -38.481084 -3.783193
85 -38.488539 -3.775621
86 -38.487485 -3.775941
87 -38.485557 -3.776515
88 -38.492190 -3.774540
89 -38.493040 -3.775343
90 -38.494460 -3.776771
91 -38.497576 -3.771560
92 -38.496219 -3.771791
93 -38.494308 -3.772292
94 -38.497988 -3.770573
95 -38.495484 -3.769257
96 -38.493709 -3.769853
97 -38.493062 -3.770068
98 -38.492156 -3.770376
99 -38.493919 -3.775004
100 -38.494523 -3.774766
101 -38.496826 -3.773954
102 -38.497692 -3.769502
103 -38.493057 -3.777545
104 -38.490863 -3.778506
105 -38.490110 -3.781903
106 -38.489788 -3.782001
107 -38.486355 -3.782752
108 -38.487628 -3.782536
109 -38.489167 -3.782154
110 -38.492543 -3.777001
111 -38.492200 -3.776545
112 -38.486486 -3.783612
113 -38.498524 -3.778401
114 -38.496503 -3.776238
115 -38.495786 -3.774312
116 -38.494961 -3.772125
117 -38.495818 -3.776453
118 -38.496342 -3.778437
119 -38.497002 -3.780204
120 -38.498142 -3.776860
121 -38.497844 -3.775805
122 -38.497740 -3.775291
123 -38.497167 -3.776013
124 -38.496846 -3.774828
125 -38.493971 -3.783277
126 -38.496385 -3.780684
127 -38.490651 -3.777776
128 -38.490018 -3.778018
129 -38.488969 -3.780101
130 -38.483258 -3.775177
131 -38.481791 -3.774967
132 -38.487761 -3.784095
133 -38.490997 -3.778990
134 -38.483305 -3.775622
135 -38.483199 -3.774574
136 -38.482474 -3.775727
137 -38.481711 -3.775945
138 -38.483736 -3.773865
139 -38.482960 -3.781142
140 -38.481503 -3.778174
141 -38.483770 -3.777017
142 -38.486977 -3.784193
143 -38.483925 -3.778169
144 -38.484550 -3.781077
145 -38.482231 -3.779473
146 -38.483215 -3.776109
147 -38.483141 -3.777199
148 -38.484401 -3.776834
149 -38.483375 -3.784599
150 -38.484299 -3.781121
151 -38.484176 -3.783477
152 -38.494373 -3.769631
153 -38.493977 -3.770676
154 -38.494192 -3.769046
155 -38.492662 -3.770718
156 -38.492509 -3.770258
157 -38.493549 -3.769330
158 -38.494627 -3.769548
159 -38.492833 -3.770153
160 -38.498897 -3.773462
161 -38.492327 -3.770828
162 -38.493214 -3.770531
163 -38.495026 -3.770317
164 -38.494865 -3.770367
165 -38.495015 -3.771722
166 -38.492927 -3.769620
167 -38.495631 -3.769721
168 -38.493434 -3.771993
169 -38.494385 -3.770532
170 -38.493242 -3.771446
171 -38.493228 -3.769469
172 -38.493390 -3.769951
173 -38.481903 -3.774389
174 -38.482384 -3.769353
175 -38.492020 -3.770018
176 -38.487688 -3.770021
177 -38.487344 -3.767254
178 -38.487207 -3.769036
179 -38.484228 -3.769505
180 -38.487586 -3.770060
181 -38.493100 -3.770968
182 -38.497321 -3.768618
183 -38.488968 -3.779996
184 -38.497509 -3.779894
185 -38.486526 -3.769293
186 -38.484397 -3.767008
187 -38.482562 -3.766755
188 -38.482317 -3.770116
189 -38.481016 -3.784376
190 -38.496971 -3.767813
191 -38.481395 -3.779419
192 -38.483109 -3.778297
193 -38.483910 -3.778056
194 -38.484694 -3.777806
195 -38.482207 -3.771440
196 -38.484392 -3.771512
197 -38.484327 -3.770640
198 -38.482289 -3.770432
199 -38.482888 -3.771575
200 -38.482989 -3.770486
201 -38.490180 -3.774076
202 -38.490455 -3.775052
203 -38.492832 -3.772301
204 -38.492493 -3.773392
205 -38.492163 -3.772498
206 -38.487117 -3.780276
207 -38.487383 -3.780229
208 -38.486154 -3.781628
209 -38.488388 -3.780126
210 -38.488266 -3.779876
211 -38.488022 -3.780192
212 -38.491456 -3.774751
213 -38.491860 -3.775847
214 -38.500091 -3.775345
215 -38.487381 -3.780136
216 -38.490037 -3.783807
217 -38.489785 -3.777227
218 -38.486687 -3.780792
219 -38.489705 -3.780087
220 -38.486327 -3.780803
221 -38.488803 -3.776736
222 -38.488385 -3.780000
223 -38.487000 -3.782641
224 -38.493418 -3.777854
225 -38.495690 -3.770099
226 -38.497051 -3.769687
227 -38.496033 -3.771200
228 -38.496397 -3.772451
229 -38.497384 -3.770751
230 -38.495742 -3.770081
231 -38.495262 -3.768572
232 -38.482465 -3.776323
233 -38.482312 -3.778245
234 -38.498409 -3.777916
235 -38.494751 -3.770011
236 -38.493863 -3.770310
237 -38.492987 -3.770606
238 -38.492582 -3.775584
239 -38.490220 -3.776321
240 -38.488887 -3.777489
241 -38.490799 -3.776154
242 -38.491155 -3.774843
243 -38.490847 -3.773885
244 -38.495098 -3.782001
245 -38.487845 -3.770729
246 -38.487139 -3.770933
247 -38.485411 -3.784676
248 -38.486146 -3.787338
249 -38.486048 -3.786322
250 -38.485688 -3.786366
251 -38.484970 -3.778646
252 -38.485244 -3.780528
253 -38.486498 -3.780456
254 -38.485746 -3.783670
255 -38.485547 -3.782468
256 -38.485024 -3.784656
257 -38.486805 -3.784327
258 -38.499587 -3.774687
259 -38.497843 -3.775396
260 -38.500248 -3.775744
261 -38.499634 -3.776384
262 -38.499848 -3.775020
263 -38.499420 -3.775556
264 -38.491657 -3.768427
265 -38.489804 -3.771111
266 -38.489997 -3.771753
267 -38.488314 -3.780234
268 -38.488537 -3.782218
269 -38.484488 -3.774695
270 -38.485865 -3.781650
271 -38.482017 -3.781987
272 -38.481910 -3.783278
273 -38.483613 -3.780328
274 -38.487699 -3.783614
275 -38.496605 -3.767973
276 -38.494806 -3.768772
277 -38.496966 -3.768792
278 -38.494499 -3.768912
279 -38.495373 -3.768921
280 -38.496614 -3.768963
281 -38.493867 -3.769185
282 -38.495150 -3.769375
283 -38.495023 -3.769417
284 -38.494826 -3.769482
285 -38.494695 -3.769525
286 -38.497322 -3.769604
287 -38.494252 -3.769670
288 -38.494055 -3.769737
289 -38.496791 -3.769759
290 -38.493932 -3.769781
291 -38.495294 -3.769832
292 -38.494971 -3.769938
293 -38.494407 -3.770129
294 -38.494077 -3.770236
295 -38.496518 -3.770370
296 -38.493540 -3.770424
297 -38.496717 -3.770970
298 -38.496944 -3.771660
299 -38.493723 -3.772640
300 -38.495232 -3.772839
301 -38.495153 -3.774516
302 -38.497758 -3.778246
303 -38.497081 -3.778434
304 -38.494284 -3.767937
305 -38.494185 -3.767986
306 -38.493668 -3.768262
307 -38.492972 -3.768677
308 -38.494682 -3.768829
309 -38.492353 -3.769008
310 -38.494012 -3.769123
311 -38.493328 -3.769427
312 -38.492670 -3.769734
313 -38.485611 -3.777674
314 -38.489974 -3.784840
315 -38.486725 -3.772980
316 -38.496799 -3.773865
317 -38.486996 -3.773946
318 -38.496282 -3.773979
319 -38.496318 -3.774078
320 -38.495745 -3.774202
321 -38.495114 -3.774410
322 -38.494484 -3.774661
323 -38.485064 -3.774813
324 -38.493880 -3.774897
325 -38.487287 -3.774945
326 -38.484450 -3.775004
327 -38.492961 -3.775266
328 -38.484326 -3.775791
329 -38.491473 -3.775853
330 -38.487557 -3.775919
331 -38.491740 -3.775774
332 -38.490769 -3.776052
333 -38.487645 -3.776546
334 -38.488778 -3.776636
335 -38.487848 -3.776897
336 -38.487754 -3.776925
337 -38.487881 -3.777020
338 -38.496718 -3.777068
339 -38.486801 -3.777194
340 -38.485832 -3.777481
341 -38.488090 -3.777729
342 -38.484731 -3.777933
343 -38.496285 -3.778195
344 -38.495799 -3.778496
345 -38.489740 -3.779971
346 -38.490476 -3.785938
347 -38.490296 -3.786707
348 -38.498873 -3.773388
349 -38.487403 -3.771830
350 -38.488492 -3.772048
351 -38.487901 -3.770869
352 -38.487436 -3.771921
353 -38.487995 -3.770842
354 -38.488309 -3.771570
355 -38.493141 -3.773236
356 -38.493217 -3.773173
357 -38.493821 -3.775041
358 -38.493781 -3.774933
359 -38.488523 -3.782392
360 -38.488424 -3.781689
361 -38.488519 -3.781674
362 -38.488259 -3.780845
363 -38.488354 -3.780818
364 -38.488104 -3.778999
365 -38.488199 -3.778992
366 -38.488075 -3.778239
367 -38.488171 -3.778236
368 -38.484288 -3.767003
369 -38.486807 -3.767213
370 -38.486165 -3.767160
371 -38.493082 -3.782628
372 -38.492801 -3.782352
373 -38.488206 -3.771604
374 -38.487892 -3.771436
375 -38.494847 -3.780374
376 -38.494949 -3.780354
377 -38.493670 -3.774374
378 -38.493583 -3.774407
379 -38.494173 -3.775935
380 -38.495185 -3.781969
381 -38.494586 -3.776828
382 -38.494267 -3.775895
383 -38.499716 -3.776359
384 -38.495107 -3.776677
385 -38.487069 -3.770692
386 -38.482903 -3.782071
387 -38.481186 -3.781897
388 -38.498117 -3.775723
389 -38.493506 -3.783408
390 -38.497136 -3.774613
391 -38.482143 -3.780505
392 -38.495833 -3.769144
393 -38.494500 -3.776897
394 -38.494148 -3.776419
395 -38.494376 -3.776490
396 -38.496134 -3.771492
397 -38.488534 -3.770068
398 -38.489829 -3.769521
399 -38.485499 -3.784719
400 -38.485500 -3.784687
401 -38.486188 -3.784565
402 -38.496162 -3.775178
403 -38.499539 -3.775988
404 -38.497641 -3.772149
405 -38.484007 -3.778145
406 -38.491768 -3.775875
407 -38.495081 -3.781900
408 -38.493764 -3.782592
409 -38.490514 -3.783042
410 -38.491303 -3.783859
411 -38.489733 -3.780094
412 -38.490083 -3.780024
413 -38.489794 -3.780023
414 -38.483075 -3.779522
415 -38.483841 -3.781185
416 -38.492333 -3.774471
417 -38.482346 -3.771530
418 -38.482202 -3.771519
419 -38.493108 -3.773185
420 -38.493124 -3.773224
421 -38.493218 -3.773192
422 -38.493167 -3.773131
423 -38.493125 -3.773146
424 -38.489691 -3.779986
425 -38.483124 -3.778393
426 -38.490343 -3.783100
427 -38.496929 -3.767749
428 -38.499359 -3.775603
429 -38.489281 -3.782138
430 -38.486387 -3.770988
431 -38.488953 -3.779369
432 -38.489857 -3.783265
433 -38.482415 -3.776994
434 -38.487575 -3.776565
435 -38.493194 -3.773142
436 -38.493290 -3.773083
437 -38.492998 -3.773241
438 -38.493095 -3.773021
439 -38.495688 -3.769705
440 -38.495809 -3.770060
441 -38.495531 -3.769242
442 -38.495427 -3.768896
443 -38.495307 -3.768552
444 -38.496659 -3.777085
445 -38.483766 -3.773967
446 -38.489148 -3.780097
447 -38.489144 -3.779993
448 -38.488725 -3.780108
449 -38.488724 -3.779995
450 -38.487108 -3.780185
451 -38.498028 -3.773611
452 -38.491447 -3.775761
453 -38.490544 -3.781749
454 -38.491533 -3.778783
455 -38.491407 -3.778347
456 -38.491866 -3.778690
457 -38.491738 -3.778250
458 -38.492152 -3.778584
459 -38.491980 -3.778179
460 -38.483111 -3.778782
461 -38.482730 -3.778752
462 -38.491904 -3.774305
463 -38.492259 -3.773854
464 -38.493544 -3.771896
465 -38.493391 -3.771869
466 -38.492941 -3.772387
467 -38.486197 -3.781626
