0 -38.503417 -3.724851
1 -38.503473 -3.724833
2 -38.507432 -3.722610
3 -38.504879 -3.729393
4 -38.504943 -3.729372
5 -38.507059 -3.728687
6 -38.509179 -3.727994
7 -38.507972 -3.724292
8 -38.505683 -3.724450
9 -38.506004 -3.729033
10 -38.505340 -3.727026
11 -38.509631 -3.729418
12 -38.506465 -3.730445
13 -38.503876 -3.729719
14 -38.512372 -3.726951
15 -38.511460 -3.724097
16 -38.510501 -3.721153
17 -38.506986 -3.730275
18 -38.506533 -3.728862
19 -38.510347 -3.724186
20 -38.509525 -3.721618
21 -38.511324 -3.727304
22 -38.511769 -3.728716
23 -38.510701 -3.729071
24 -38.500051 -3.728069
25 -38.501108 -3.728035
26 -38.502107 -3.727822
27 -38.503188 -3.727561
28 -38.504209 -3.727307
29 -38.504267 -3.727292
30 -38.506443 -3.726759
31 -38.508728 -3.726607
32 -38.509889 -3.726544
33 -38.511081 -3.726546
34 -38.512246 -3.726551
35 -38.509153 -3.724236
36 -38.510241 -3.727650
37 -38.499101 -3.725133
38 -38.511613 -3.720846
39 -38.506395 -3.723098
40 -38.507580 -3.726679
41 -38.508119 -3.728341
42 -38.508576 -3.729753
43 -38.504514 -3.728057
44 -38.505573 -3.727715
45 -38.506640 -3.727373
46 -38.503462 -3.728400
47 -38.502390 -3.728727
48 -38.491859 -3.732893
49 -38.491545 -3.731901
50 -38.491605 -3.731880
51 -38.491926 -3.732872
52 -38.502815 -3.730075
53 -38.501377 -3.725508
54 -38.511855 -3.727126
55 -38.512305 -3.728542
56 -38.504146 -3.724624
57 -38.504307 -3.725134
58 -38.504663 -3.726210
59 -38.504713 -3.726337
60 -38.504952 -3.727118
61 -38.504664 -3.728735
62 -38.504728 -3.728714
63 -38.505785 -3.728368
64 -38.506854 -3.728019
65 -38.506767 -3.722922
66 -38.503980 -3.726433
67 -38.503932 -3.726458
68 -38.502943 -3.726767
69 -38.502498 -3.726916
70 -38.503673 -3.729074
71 -38.507006 -3.724958
72 -38.507282 -3.725809
73 -38.504454 -3.728076
74 -38.503641 -3.725330
75 -38.505869 -3.725031
76 -38.508156 -3.724891
77 -38.508447 -3.725728
78 -38.506158 -3.725880
79 -38.504104 -3.730423
80 -38.503048 -3.730775
81 -38.512832 -3.727388
82 -38.512917 -3.727657
83 -38.513003 -3.725251
84 -38.512856 -3.725764
85 -38.512823 -3.726551
86 -38.512875 -3.725266
87 -38.512660 -3.726837
88 -38.512547 -3.727482
89 -38.511884 -3.725380
90 -38.512034 -3.725872
91 -38.503717 -3.725790
92 -38.502721 -3.726116
93 -38.501675 -3.726458
94 -38.503324 -3.724551
95 -38.504114 -3.724524
96 -38.501630 -3.729704
97 -38.501326 -3.728733
98 -38.496161 -3.729341
99 -38.499386 -3.726039
100 -38.499420 -3.726135
101 -38.500403 -3.725815
102 -38.500698 -3.726781
103 -38.499732 -3.727096
104 -38.501094 -3.724567
105 -38.498429 -3.726355
106 -38.497432 -3.726674
107 -38.496472 -3.726981
108 -38.496498 -3.727077
109 -38.498452 -3.726447
110 -38.498115 -3.725394
111 -38.497101 -3.725649
112 -38.510118 -3.723508
113 -38.511186 -3.723262
114 -38.511064 -3.720952
115 -38.504017 -3.724221
116 -38.504194 -3.723427
117 -38.503099 -3.723927
118 -38.492247 -3.730594
119 -38.495462 -3.730627
120 -38.491287 -3.730896
121 -38.491224 -3.730918
122 -38.494488 -3.730947
123 -38.493210 -3.730286
124 -38.493524 -3.731258
125 -38.492559 -3.731572
126 -38.490310 -3.731211
127 -38.489993 -3.730238
128 -38.489327 -3.730450
129 -38.495161 -3.729668
130 -38.493876 -3.729001
131 -38.494178 -3.729983
132 -38.494836 -3.728692
133 -38.495851 -3.728366
134 -38.495471 -3.727291
135 -38.493560 -3.728007
136 -38.491609 -3.728640
137 -38.492909 -3.729313
138 -38.490973 -3.729921
139 -38.490909 -3.729946
140 -38.491929 -3.729618
141 -38.492595 -3.728314
142 -38.491577 -3.728538
143 -38.492318 -3.726803
144 -38.492306 -3.726909
145 -38.493300 -3.726962
146 -38.491304 -3.726648
147 -38.491357 -3.726753
148 -38.491286 -3.726742
149 -38.491524 -3.725565
150 -38.489355 -3.729398
151 -38.489994 -3.728272
152 -38.489314 -3.726434
153 -38.490326 -3.726586
154 -38.490321 -3.726491
155 -38.490624 -3.732207
156 -38.489653 -3.732521
157 -38.496790 -3.731268
158 -38.494797 -3.731924
159 -38.489974 -3.733494
160 -38.489218 -3.733747
161 -38.491249 -3.734157
162 -38.490268 -3.734467
163 -38.489169 -3.734833
164 -38.492868 -3.732561
165 -38.499384 -3.729352
166 -38.498714 -3.730643
167 -38.499020 -3.731624
168 -38.496079 -3.732592
169 -38.495769 -3.731604
170 -38.497725 -3.730959
171 -38.497135 -3.729022
172 -38.502292 -3.728414
173 -38.500349 -3.729025
174 -38.497405 -3.729995
175 -38.493172 -3.733536
176 -38.506637 -3.723807
177 -38.507786 -3.723719
178 -38.508305 -3.723678
179 -38.496813 -3.728046
180 -38.498056 -3.731941
181 -38.499678 -3.730333
182 -38.500663 -3.730017
183 -38.497097 -3.732255
184 -38.496473 -3.730299
185 -38.506818 -3.724374
186 -38.494138 -3.733226
187 -38.495103 -3.732902
188 -38.492169 -3.733867
189 -38.492235 -3.733846
190 -38.490929 -3.733195
191 -38.493832 -3.732243
192 -38.489253 -3.732637
193 -38.511212 -3.728899
194 -38.489845 -3.729114
195 -38.496106 -3.725866
196 -38.501348 -3.725414
197 -38.497459 -3.726758
198 -38.507044 -3.723775
199 -38.495542 -3.727377
200 -38.490676 -3.728940
201 -38.492495 -3.725725
202 -38.491129 -3.727548
203 -38.490847 -3.728415
204 -38.490774 -3.728808
205 -38.490751 -3.728918
206 -38.489510 -3.732028
207 -38.491196 -3.727562
208 -38.490682 -3.728833
209 -38.490163 -3.724547
210 -38.490157 -3.727393
211 -38.489159 -3.727265
212 -38.492257 -3.727289
213 -38.492169 -3.727690
214 -38.492042 -3.728387
215 -38.490105 -3.724846
216 -38.492025 -3.728503
217 -38.502411 -3.725176
218 -38.502600 -3.729401
219 -38.501853 -3.730387
220 -38.489692 -3.729268
221 -38.494033 -3.729484
222 -38.493277 -3.729737
223 -38.510748 -3.725506
224 -38.503777 -3.725771
225 -38.494527 -3.727704
226 -38.494355 -3.727221
227 -38.493288 -3.727053
228 -38.493525 -3.727909
229 -38.492565 -3.728216
230 -38.492367 -3.727657
231 -38.489334 -3.726336
232 -38.493375 -3.727333
233 -38.497782 -3.727737
234 -38.498108 -3.728704
235 -38.499075 -3.728382
236 -38.498409 -3.729668
237 -38.490508 -3.725494
238 -38.491008 -3.725598
239 -38.488882 -3.729393
240 -38.500369 -3.725725
241 -38.500095 -3.724840
242 -38.509850 -3.722647
243 -38.508484 -3.722114
244 -38.508750 -3.722926
245 -38.509014 -3.723769
246 -38.509504 -3.725329
247 -38.508509 -3.724267
248 -38.509236 -3.726574
249 -38.509068 -3.726036
250 -38.507969 -3.722357
251 -38.504395 -3.724042
252 -38.494487 -3.727609
253 -38.503574 -3.725353
254 -38.511062 -3.728444
255 -38.504486 -3.724526
256 -38.495075 -3.726075
257 -38.494899 -3.726059
258 -38.504558 -3.724522
259 -38.505469 -3.729202
260 -38.490291 -3.728964
261 -38.490319 -3.729058
262 -38.505122 -3.723034
263 -38.503382 -3.724693
264 -38.489323 -3.731552
265 -38.498754 -3.727417
266 -38.511279 -3.725977
267 -38.490603 -3.724992
268 -38.505395 -3.723563
269 -38.510223 -3.723828
270 -38.509721 -3.724209
271 -38.492982 -3.728082
272 -38.493012 -3.728182
273 -38.494071 -3.727858
274 -38.494042 -3.727759
275 -38.491310 -3.728737
276 -38.491277 -3.728635
277 -38.489808 -3.726410
278 -38.491449 -3.731389
279 -38.492112 -3.731173
280 -38.510421 -3.728197
281 -38.510940 -3.728028
282 -38.490922 -3.728430
283 -38.491297 -3.728496
284 -38.507521 -3.730104
