0 -38.540002 -3.790456
1 -38.537813 -3.791208
2 -38.536607 -3.782125
3 -38.537129 -3.783670
4 -38.537186 -3.782016
5 -38.538153 -3.784878
6 -38.538384 -3.785669
7 -38.539233 -3.788230
8 -38.539817 -3.789873
9 -38.546314 -3.781938
10 -38.551935 -3.778981
11 -38.552754 -3.781053
12 -38.542568 -3.784763
13 -38.542991 -3.786224
14 -38.543180 -3.786917
15 -38.539707 -3.787256
16 -38.541895 -3.786548
17 -38.547044 -3.784798
18 -38.543402 -3.787614
19 -38.543453 -3.783736
20 -38.542298 -3.781807
21 -38.543336 -3.788369
22 -38.543589 -3.788277
23 -38.544675 -3.787919
24 -38.545734 -3.787571
25 -38.546710 -3.787208
26 -38.542550 -3.788359
27 -38.542129 -3.787201
28 -38.544062 -3.785841
29 -38.543649 -3.784414
30 -38.542195 -3.783426
31 -38.542563 -3.787113
32 -38.544268 -3.786538
33 -38.542388 -3.784107
34 -38.545342 -3.786147
35 -38.547242 -3.785443
36 -38.542410 -3.787974
37 -38.544462 -3.787207
38 -38.546431 -3.782740
39 -38.546490 -3.786540
40 -38.547471 -3.786215
41 -38.545146 -3.782388
42 -38.546642 -3.783432
43 -38.543864 -3.785124
44 -38.545788 -3.780605
45 -38.546840 -3.784110
46 -38.545536 -3.786846
47 -38.544994 -3.780879
48 -38.543569 -3.780087
49 -38.542346 -3.781018
50 -38.542375 -3.780405
51 -38.545987 -3.781280
52 -38.543232 -3.783061
53 -38.545137 -3.785460
54 -38.544723 -3.784062
55 -38.544519 -3.783364
56 -38.544315 -3.782676
57 -38.544089 -3.781947
58 -38.539948 -3.787968
59 -38.539008 -3.785274
60 -38.537842 -3.781880
61 -38.551679 -3.774712
62 -38.550442 -3.777146
63 -38.549737 -3.777356
64 -38.552648 -3.777590
65 -38.549106 -3.777623
66 -38.548513 -3.778070
67 -38.550148 -3.778388
68 -38.549483 -3.778599
69 -38.548806 -3.778820
70 -38.548102 -3.779050
71 -38.547416 -3.779281
72 -38.550576 -3.779418
73 -38.546811 -3.779487
74 -38.549893 -3.779634
75 -38.549220 -3.779859
76 -38.547692 -3.779944
77 -38.546996 -3.780178
78 -38.550999 -3.780452
79 -38.543720 -3.780554
80 -38.545905 -3.780569
81 -38.550325 -3.780675
82 -38.549653 -3.780897
83 -38.548997 -3.781106
84 -38.543908 -3.781245
85 -38.548304 -3.781282
86 -38.551416 -3.781519
87 -38.547427 -3.781553
88 -38.542840 -3.781627
89 -38.550725 -3.781740
90 -38.550043 -3.781945
91 -38.548549 -3.781944
92 -38.547582 -3.782298
93 -38.551841 -3.782548
94 -38.551147 -3.782762
95 -38.547753 -3.782842
96 -38.548795 -3.783105
97 -38.547969 -3.783505
98 -38.546949 -3.784051
99 -38.548165 -3.784157
100 -38.547108 -3.784558
101 -38.549045 -3.786956
102 -38.549817 -3.785597
103 -38.550156 -3.786364
104 -38.537853 -3.786514
105 -38.538171 -3.787418
106 -38.540699 -3.787720
107 -38.537407 -3.787663
108 -38.536711 -3.787895
109 -38.536001 -3.788100
110 -38.538525 -3.788480
111 -38.537763 -3.788750
112 -38.541082 -3.788882
113 -38.537046 -3.789004
114 -38.540318 -3.789147
115 -38.536343 -3.789239
116 -38.535599 -3.789509
117 -38.539650 -3.789409
118 -38.545741 -3.780019
119 -38.548518 -3.780078
120 -38.548651 -3.782386
121 -38.548931 -3.783830
122 -38.552279 -3.776519
123 -38.547133 -3.778613
124 -38.548224 -3.777672
125 -38.546119 -3.779739
126 -38.546407 -3.779164
127 -38.540692 -3.780900
128 -38.541935 -3.780527
129 -38.539281 -3.790704
130 -38.538557 -3.790938
131 -38.540703 -3.790205
132 -38.552089 -3.781283
133 -38.550928 -3.776135
134 -38.552019 -3.775734
135 -38.551665 -3.780237
136 -38.552492 -3.782326
137 -38.550835 -3.778161
138 -38.551267 -3.779206
139 -38.551449 -3.776809
140 -38.551281 -3.777344
141 -38.553173 -3.782092
142 -38.551111 -3.776917
143 -38.535995 -3.790691
144 -38.542919 -3.783171
145 -38.542695 -3.782500
146 -38.542834 -3.782916
147 -38.543164 -3.782810
148 -38.543039 -3.782381
149 -38.542288 -3.783766
150 -38.543346 -3.783392
151 -38.541948 -3.784296
152 -38.541925 -3.783397
153 -38.542403 -3.784150
154 -38.544763 -3.780186
155 -38.541928 -3.785451
156 -38.542375 -3.785311
157 -38.542096 -3.785404
158 -38.545971 -3.783652
159 -38.546179 -3.784352
160 -38.545019 -3.785043
161 -38.542330 -3.782190
162 -38.545187 -3.787759
163 -38.545362 -3.788286
164 -38.542836 -3.787838
165 -38.543429 -3.788816
166 -38.539173 -3.785714
167 -38.538288 -3.783264
168 -38.538469 -3.781677
169 -38.535968 -3.782339
170 -38.538456 -3.785893
171 -38.538797 -3.785758
172 -38.538530 -3.786152
173 -38.537227 -3.786679
174 -38.537922 -3.786090
175 -38.539271 -3.786053
176 -38.538598 -3.786369
177 -38.537911 -3.786689
178 -38.537281 -3.786865
179 -38.538886 -3.787171
180 -38.539594 -3.786922
181 -38.536614 -3.787499
182 -38.535663 -3.790809
183 -38.536678 -3.790463
184 -38.537428 -3.790107
185 -38.538139 -3.789853
186 -38.538895 -3.789608
187 -38.536818 -3.790855
188 -38.536115 -3.791057
189 -38.539089 -3.790148
190 -38.541155 -3.789083
191 -38.541622 -3.788911
192 -38.541780 -3.788639
193 -38.541832 -3.788619
194 -38.541433 -3.787454
195 -38.544934 -3.784771
196 -38.547770 -3.786771
197 -38.549492 -3.785983
198 -38.548811 -3.786291
199 -38.548389 -3.784900
200 -38.549429 -3.785725
201 -38.550653 -3.785292
202 -38.549315 -3.785282
203 -38.548588 -3.785567
204 -38.548422 -3.785007
205 -38.547360 -3.785406
206 -38.551191 -3.785076
207 -38.549410 -3.782128
208 -38.547917 -3.778546
209 -38.549144 -3.784511
210 -38.546758 -3.783371
211 -38.544951 -3.780117
212 -38.542672 -3.785220
213 -38.536964 -3.782061
214 -38.539336 -3.784081
215 -38.539682 -3.783976
216 -38.540005 -3.783892
217 -38.540299 -3.783806
218 -38.540604 -3.783703
219 -38.540927 -3.783605
220 -38.540677 -3.784006
221 -38.540416 -3.784348
222 -38.540117 -3.784551
223 -38.539836 -3.784814
224 -38.537673 -3.783462
225 -38.541062 -3.783082
226 -38.549653 -3.777109
227 -38.536884 -3.791039
228 -38.535954 -3.787994
229 -38.536015 -3.790749
230 -38.541832 -3.786558
231 -38.543015 -3.782292
232 -38.538645 -3.782261
233 -38.538976 -3.782159
234 -38.538601 -3.782124
235 -38.538993 -3.782004
236 -38.538917 -3.781783
237 -38.538527 -3.781896
238 -38.539207 -3.781334
239 -38.545493 -3.787582
240 -38.545513 -3.787647
241 -38.546108 -3.781249
242 -38.546193 -3.781978
243 -38.550652 -3.782587
244 -38.550452 -3.782044
245 -38.550551 -3.782305
246 -38.550911 -3.782194
247 -38.535684 -3.788220
248 -38.536016 -3.788142
249 -38.548178 -3.784203
250 -38.541167 -3.786318
251 -38.542242 -3.782648
252 -38.534866 -3.789844
