0 -38.584186 -3.794251
1 -38.586727 -3.795827
2 -38.585686 -3.795907
3 -38.585313 -3.796776
4 -38.589289 -3.791705
5 -38.588115 -3.792304
6 -38.588746 -3.793001
7 -38.587787 -3.793144
8 -38.590776 -3.793235
9 -38.588399 -3.793806
10 -38.589817 -3.794303
11 -38.588050 -3.794623
12 -38.590151 -3.794692
13 -38.589351 -3.794834
14 -38.588822 -3.795425
15 -38.587670 -3.795521
16 -38.588186 -3.796114
17 -38.587258 -3.796389
18 -38.586961 -3.797303
19 -38.591073 -3.798121
20 -38.586618 -3.798195
21 -38.590573 -3.798301
22 -38.589950 -3.798549
23 -38.589233 -3.798821
24 -38.588519 -3.799083
25 -38.587733 -3.799385
26 -38.587023 -3.799652
27 -38.591459 -3.799910
28 -38.591206 -3.799993
29 -38.590522 -3.800256
30 -38.589807 -3.800514
31 -38.589064 -3.800766
32 -38.591648 -3.801136
33 -38.591407 -3.801284
34 -38.590806 -3.801619
35 -38.590254 -3.801929
36 -38.587460 -3.793989
37 -38.587091 -3.794907
38 -38.586004 -3.797542
39 -38.587578 -3.796770
40 -38.586376 -3.796634
41 -38.590049 -3.792492
42 -38.591401 -3.800218
43 -38.585799 -3.796765
44 -38.586156 -3.797157
45 -38.586994 -3.797330
46 -38.587297 -3.796437
47 -38.591185 -3.797458
48 -38.590006 -3.792448
49 -38.589290 -3.793024
50 -38.591418 -3.800547
51 -38.591450 -3.799618
52 -38.590517 -3.793550
