0 -38.473653 -3.786321
1 -38.474509 -3.787768
2 -38.476422 -3.786569
3 -38.476305 -3.787921
4 -38.475477 -3.787855
5 -38.481835 -3.771400
6 -38.477091 -3.771007
7 -38.474690 -3.770827
8 -38.479201 -3.774256
9 -38.478403 -3.772645
10 -38.477853 -3.772599
11 -38.477289 -3.772493
12 -38.482656 -3.763240
13 -38.474351 -3.771464
14 -38.474243 -3.772506
15 -38.474155 -3.773712
16 -38.474076 -3.774974
17 -38.473975 -3.776152
18 -38.475688 -3.775216
19 -38.472630 -3.775325
20 -38.469772 -3.771856
21 -38.467306 -3.772809
22 -38.471808 -3.773130
23 -38.474699 -3.771527
24 -38.472621 -3.771708
25 -38.473057 -3.768336
26 -38.472542 -3.772288
27 -38.472445 -3.773487
28 -38.475002 -3.773708
29 -38.473295 -3.773682
30 -38.473254 -3.773645
31 -38.476393 -3.772659
32 -38.474576 -3.772524
33 -38.473377 -3.772416
34 -38.470609 -3.772534
35 -38.467490 -3.773623
36 -38.466602 -3.773786
37 -38.463337 -3.773948
38 -38.460582 -3.774294
39 -38.469212 -3.773964
40 -38.467810 -3.774482
41 -38.468283 -3.771585
42 -38.468574 -3.772320
43 -38.468899 -3.773162
44 -38.469528 -3.774780
45 -38.469011 -3.771334
46 -38.467029 -3.771980
47 -38.477297 -3.772413
48 -38.477165 -3.773870
49 -38.477037 -3.775250
50 -38.481648 -3.774444
51 -38.479825 -3.786850
52 -38.477356 -3.786648
53 -38.476878 -3.784152
54 -38.478056 -3.784244
55 -38.475972 -3.782511
56 -38.475144 -3.783150
57 -38.478381 -3.783460
58 -38.478449 -3.782717
59 -38.479133 -3.775438
60 -38.479006 -3.786783
61 -38.478901 -3.787772
62 -38.476048 -3.773760
63 -38.475924 -3.775221
64 -38.476605 -3.773820
65 -38.476483 -3.775239
66 -38.473417 -3.771501
67 -38.476307 -3.773778
68 -38.481254 -3.779360
69 -38.478127 -3.774172
70 -38.480855 -3.784452
71 -38.459679 -3.782477
72 -38.459914 -3.782418
73 -38.465300 -3.786883
74 -38.468129 -3.777420
75 -38.468320 -3.776862
76 -38.469742 -3.784864
77 -38.459056 -3.782095
78 -38.460412 -3.777519
79 -38.467830 -3.787706
80 -38.458370 -3.782373
81 -38.456014 -3.774926
82 -38.465409 -3.785658
83 -38.470330 -3.787921
84 -38.461942 -3.786547
85 -38.468054 -3.785253
86 -38.466141 -3.786954
87 -38.455701 -3.774285
88 -38.471207 -3.787381
89 -38.475578 -3.786490
90 -38.471156 -3.787990
91 -38.456310 -3.775523
92 -38.465255 -3.787498
93 -38.470097 -3.776203
94 -38.452389 -3.776352
95 -38.458479 -3.781234
96 -38.465877 -3.785673
97 -38.461128 -3.776360
98 -38.455647 -3.784792
99 -38.468063 -3.775413
100 -38.462097 -3.782586
101 -38.458904 -3.774651
102 -38.457947 -3.787423
103 -38.465473 -3.776787
104 -38.457168 -3.777396
105 -38.470485 -3.786084
106 -38.458315 -3.783036
107 -38.455689 -3.785466
108 -38.456223 -3.782174
109 -38.458086 -3.785695
110 -38.469637 -3.786013
111 -38.459572 -3.783838
112 -38.457723 -3.782313
113 -38.465003 -3.785615
114 -38.467886 -3.787083
115 -38.470385 -3.787312
116 -38.457909 -3.780968
117 -38.458911 -3.783774
118 -38.466940 -3.787631
119 -38.452368 -3.777675
120 -38.459417 -3.785824
121 -38.458260 -3.783705
122 -38.456100 -3.783502
123 -38.458744 -3.785762
124 -38.458069 -3.774844
125 -38.467931 -3.786465
126 -38.471258 -3.786772
127 -38.459378 -3.786292
128 -38.468853 -3.785283
129 -38.468843 -3.782738
130 -38.468667 -3.787780
131 -38.471502 -3.784040
132 -38.467045 -3.786389
133 -38.468814 -3.785912
134 -38.468707 -3.787171
135 -38.464415 -3.787429
136 -38.468770 -3.786534
137 -38.470432 -3.786698
138 -38.467052 -3.786263
139 -38.469597 -3.786623
140 -38.466100 -3.787569
141 -38.457493 -3.784985
142 -38.457057 -3.782251
143 -38.457546 -3.784309
144 -38.457434 -3.785630
145 -38.455782 -3.784114
146 -38.457600 -3.783650
147 -38.481691 -3.773162
148 -38.472809 -3.786881
149 -38.476950 -3.783322
150 -38.475826 -3.784043
151 -38.473580 -3.786958
152 -38.467706 -3.788312
153 -38.478751 -3.763185
154 -38.478834 -3.762659
155 -38.478380 -3.766096
156 -38.478892 -3.760693
157 -38.478481 -3.765576
158 -38.482548 -3.764493
159 -38.479452 -3.766060
160 -38.473244 -3.768212
161 -38.473054 -3.767819
162 -38.473465 -3.767480
163 -38.475904 -3.783221
164 -38.478265 -3.774183
165 -38.477753 -3.773626
166 -38.477201 -3.773576
167 -38.477708 -3.774133
168 -38.477641 -3.774671
169 -38.477101 -3.774617
170 -38.478075 -3.774714
171 -38.479725 -3.777876
172 -38.477563 -3.775271
173 -38.472219 -3.774295
174 -38.472420 -3.773990
175 -38.471066 -3.773409
176 -38.471881 -3.775614
177 -38.471720 -3.774503
178 -38.469678 -3.776390
179 -38.468106 -3.775591
180 -38.477086 -3.771092
181 -38.476975 -3.772384
182 -38.479701 -3.772750
183 -38.478406 -3.772500
184 -38.479716 -3.772610
185 -38.473706 -3.766544
186 -38.478232 -3.785878
187 -38.478159 -3.786716
188 -38.478134 -3.787713
189 -38.479055 -3.785981
190 -38.476501 -3.785710
191 -38.480807 -3.781616
192 -38.480813 -3.781532
193 -38.468756 -3.782026
194 -38.480430 -3.774342
195 -38.480366 -3.775138
196 -38.475659 -3.776229
197 -38.467302 -3.776824
198 -38.465319 -3.777830
199 -38.467351 -3.773646
200 -38.467063 -3.780128
201 -38.467822 -3.777847
202 -38.460617 -3.779978
203 -38.458710 -3.781246
204 -38.458871 -3.780250
205 -38.461803 -3.783268
206 -38.459636 -3.783084
207 -38.463262 -3.784103
208 -38.462171 -3.784052
209 -38.462726 -3.784075
210 -38.461747 -3.784559
211 -38.459527 -3.784367
212 -38.462074 -3.785287
213 -38.459482 -3.785004
214 -38.459430 -3.785644
215 -38.461171 -3.785824
216 -38.461507 -3.787123
217 -38.459425 -3.786934
218 -38.478269 -3.789230
219 -38.477136 -3.789134
220 -38.475389 -3.788976
221 -38.474411 -3.788896
222 -38.471124 -3.788611
223 -38.467779 -3.788317
224 -38.466882 -3.788245
225 -38.466060 -3.788199
226 -38.465224 -3.788123
227 -38.464355 -3.788050
228 -38.461860 -3.787800
229 -38.459305 -3.787552
230 -38.458036 -3.786355
231 -38.456774 -3.785568
232 -38.453767 -3.776040
233 -38.453331 -3.776293
234 -38.453136 -3.777276
235 -38.453431 -3.777857
236 -38.455169 -3.778524
237 -38.454166 -3.776706
238 -38.456141 -3.778083
239 -38.455848 -3.777442
240 -38.455551 -3.775181
241 -38.458362 -3.773976
242 -38.458772 -3.773334
243 -38.458320 -3.774779
244 -38.457843 -3.776934
245 -38.458638 -3.773741
246 -38.458439 -3.773674
247 -38.458540 -3.774037
248 -38.458078 -3.775486
249 -38.457877 -3.775451
250 -38.457985 -3.775816
251 -38.458347 -3.774682
252 -38.459650 -3.774394
253 -38.459548 -3.773836
254 -38.459435 -3.772217
255 -38.458477 -3.789053
256 -38.477426 -3.785813
257 -38.479071 -3.779155
258 -38.478652 -3.779116
259 -38.478195 -3.779074
260 -38.477944 -3.778519
261 -38.477903 -3.778968
262 -38.467869 -3.786452
263 -38.467814 -3.787076
264 -38.467755 -3.787699
265 -38.470278 -3.788541
266 -38.473480 -3.788194
267 -38.472700 -3.788114
268 -38.473526 -3.787689
269 -38.473534 -3.787560
270 -38.472754 -3.787503
271 -38.469493 -3.787854
272 -38.466992 -3.787003
273 -38.468603 -3.788386
274 -38.479022 -3.763009
275 -38.478659 -3.765816
276 -38.478132 -3.765756
277 -38.469425 -3.788460
278 -38.475360 -3.782245
279 -38.475317 -3.781492
280 -38.475316 -3.781392
281 -38.475401 -3.781397
282 -38.475401 -3.781493
283 -38.475425 -3.782269
284 -38.477235 -3.781442
285 -38.477234 -3.781530
286 -38.477213 -3.782615
287 -38.471354 -3.785521
288 -38.469684 -3.785387
289 -38.470526 -3.785455
290 -38.471433 -3.784875
291 -38.470694 -3.784821
292 -38.475440 -3.782425
293 -38.473292 -3.780417
294 -38.472388 -3.780545
295 -38.468745 -3.781925
296 -38.469454 -3.779675
297 -38.467213 -3.780081
298 -38.474015 -3.786356
299 -38.470396 -3.784549
300 -38.477274 -3.787450
301 -38.479427 -3.783557
302 -38.479206 -3.775439
303 -38.478973 -3.775538
304 -38.473292 -3.776170
305 -38.475348 -3.786471
306 -38.471372 -3.785331
307 -38.471340 -3.785274
308 -38.470822 -3.784831
309 -38.471169 -3.772322
310 -38.471169 -3.771305
311 -38.470386 -3.771691
312 -38.471114 -3.772213
313 -38.472178 -3.771848
314 -38.473022 -3.767686
315 -38.469853 -3.775603
316 -38.469309 -3.775826
317 -38.465334 -3.786511
318 -38.465356 -3.786283
319 -38.465931 -3.786310
320 -38.465439 -3.785318
321 -38.465882 -3.785380
322 -38.464096 -3.773884
323 -38.464056 -3.771556
324 -38.463525 -3.771911
325 -38.460055 -3.773229
326 -38.466689 -3.770337
327 -38.459134 -3.781939
328 -38.459686 -3.782381
329 -38.475172 -3.782344
330 -38.469027 -3.780588
331 -38.469262 -3.780576
332 -38.467962 -3.777883
333 -38.475277 -3.778988
334 -38.473013 -3.780137
335 -38.472956 -3.780235
336 -38.474499 -3.780980
337 -38.472510 -3.781077
338 -38.470159 -3.781189
339 -38.471377 -3.781295
340 -38.471430 -3.781300
341 -38.472436 -3.781388
342 -38.473417 -3.781473
343 -38.471374 -3.781958
344 -38.473366 -3.782127
345 -38.467636 -3.782411
346 -38.467274 -3.782422
347 -38.467129 -3.782414
348 -38.468090 -3.782390
349 -38.475081 -3.782389
350 -38.463670 -3.782444
351 -38.462290 -3.782580
352 -38.467300 -3.782557
353 -38.467152 -3.782547
354 -38.462286 -3.782711
355 -38.474324 -3.782657
356 -38.469541 -3.783177
357 -38.470421 -3.783576
358 -38.472125 -3.783807
359 -38.472226 -3.783815
360 -38.475545 -3.784021
361 -38.475539 -3.784119
362 -38.475820 -3.784138
363 -38.471936 -3.786184
364 -38.472014 -3.786190
365 -38.469537 -3.787241
366 -38.468193 -3.776829
367 -38.459581 -3.783713
368 -38.458605 -3.787471
369 -38.458593 -3.787611
370 -38.474039 -3.788861
371 -38.472018 -3.788689
372 -38.462689 -3.787885
373 -38.462342 -3.787851
374 -38.461006 -3.787726
375 -38.460565 -3.787686
376 -38.455010 -3.773493
377 -38.455482 -3.774401
378 -38.453635 -3.775424
379 -38.453256 -3.774742
380 -38.456896 -3.773618
381 -38.457360 -3.773361
382 -38.453454 -3.775526
383 -38.458903 -3.774558
384 -38.478608 -3.761486
385 -38.478511 -3.761489
386 -38.478533 -3.762321
387 -38.478619 -3.762329
388 -38.464175 -3.773747
389 -38.463662 -3.773890
390 -38.467584 -3.773543
391 -38.478511 -3.762987
392 -38.457042 -3.772754
393 -38.458894 -3.771209
394 -38.477866 -3.772457
395 -38.476921 -3.776118
396 -38.476967 -3.775249
397 -38.473440 -3.788808
398 -38.468039 -3.785718
399 -38.471529 -3.783760
400 -38.467988 -3.785838
401 -38.471304 -3.786154
402 -38.474218 -3.783995
403 -38.466159 -3.786727
404 -38.476205 -3.789048
405 -38.472572 -3.771723
406 -38.471614 -3.772011
407 -38.460555 -3.774196
408 -38.460665 -3.774237
409 -38.471128 -3.770254
410 -38.461803 -3.783920
411 -38.464171 -3.776463
412 -38.467680 -3.774522
413 -38.469369 -3.781515
414 -38.470115 -3.780867
415 -38.472666 -3.780069
416 -38.474465 -3.781059
417 -38.475989 -3.784083
418 -38.469533 -3.783032
419 -38.470415 -3.783450
420 -38.472239 -3.783715
421 -38.474227 -3.783898
422 -38.467930 -3.785771
423 -38.477225 -3.772410
424 -38.474415 -3.781561
425 -38.475262 -3.782296
426 -38.467659 -3.773571
427 -38.469449 -3.772967
428 -38.469501 -3.768826
429 -38.471406 -3.775212
430 -38.475660 -3.776205
431 -38.470516 -3.769882
432 -38.465618 -3.783593
433 -38.474550 -3.787140
434 -38.467922 -3.785857
435 -38.458633 -3.781118
436 -38.478704 -3.762660
437 -38.458997 -3.772600
438 -38.457975 -3.773830
439 -38.468826 -3.785642
440 -38.468827 -3.785608
441 -38.473612 -3.786634
442 -38.472065 -3.787936
443 -38.472151 -3.787936
444 -38.466863 -3.786382
445 -38.478521 -3.762820
446 -38.478198 -3.779026
447 -38.478656 -3.779067
448 -38.479075 -3.779109
449 -38.460181 -3.787653
450 -38.459322 -3.786924
451 -38.473561 -3.786630
452 -38.476491 -3.771046
453 -38.476499 -3.770954
454 -38.476487 -3.775295
455 -38.475730 -3.775299
456 -38.479199 -3.775547
457 -38.464087 -3.773751
458 -38.471202 -3.772388
459 -38.471089 -3.772161
460 -38.456539 -3.776044
461 -38.457216 -3.777364
462 -38.456593 -3.776016
463 -38.468758 -3.785635
464 -38.468919 -3.785616
465 -38.479366 -3.784266
466 -38.471655 -3.772127
467 -38.456051 -3.774905
468 -38.458265 -3.783031
469 -38.461840 -3.784032
470 -38.465888 -3.774928
471 -38.469493 -3.773082
472 -38.469658 -3.773024
473 -38.469616 -3.772908
474 -38.476281 -3.789052
475 -38.476221 -3.789020
476 -38.472679 -3.770932
477 -38.472813 -3.767931
478 -38.480885 -3.772708
479 -38.480873 -3.772845
480 -38.462771 -3.784077
481 -38.479150 -3.775551
482 -38.479152 -3.775438
483 -38.457756 -3.780970
484 -38.472285 -3.770921
485 -38.472157 -3.769896
486 -38.478522 -3.782723
487 -38.477343 -3.787458
488 -38.477496 -3.776286
489 -38.470827 -3.784789
490 -38.465280 -3.786506
491 -38.462773 -3.784012
492 -38.462730 -3.784014
493 -38.475288 -3.782441
494 -38.475167 -3.782485
495 -38.472132 -3.775511
496 -38.471303 -3.773320
497 -38.472321 -3.773479
498 -38.480592 -3.761248
499 -38.480630 -3.760830
500 -38.480668 -3.760395
501 -38.478506 -3.762956
502 -38.478533 -3.762798
