0 -38.552073 -3.739031
1 -38.556408 -3.739886
2 -38.557492 -3.740114
3 -38.558592 -3.740324
4 -38.559670 -3.740543
5 -38.560747 -3.740760
6 -38.561826 -3.740985
7 -38.562916 -3.741212
8 -38.564003 -3.741438
9 -38.565093 -3.741662
10 -38.565814 -3.742561
11 -38.564940 -3.742384
12 -38.563852 -3.742161
13 -38.562767 -3.741914
14 -38.561681 -3.741680
15 -38.560612 -3.741456
16 -38.559529 -3.741232
17 -38.558446 -3.741006
18 -38.557348 -3.740792
19 -38.556264 -3.740576
20 -38.555264 -3.740372
21 -38.554088 -3.740155
22 -38.553042 -3.739931
23 -38.552360 -3.739783
24 -38.551939 -3.739693
25 -38.556875 -3.747139
26 -38.556143 -3.746328
27 -38.555659 -3.745786
28 -38.562765 -3.746322
29 -38.563091 -3.745930
30 -38.563238 -3.745751
31 -38.563773 -3.745070
32 -38.564272 -3.744448
33 -38.564701 -3.743833
34 -38.565252 -3.743171
35 -38.564830 -3.743927
36 -38.556910 -3.742872
37 -38.556750 -3.743574
38 -38.556606 -3.744289
39 -38.556479 -3.744970
40 -38.557580 -3.745198
41 -38.558662 -3.745422
42 -38.559749 -3.745641
43 -38.560834 -3.745873
44 -38.561902 -3.746101
45 -38.562620 -3.742623
46 -38.562479 -3.743304
47 -38.562333 -3.744028
48 -38.562190 -3.744718
49 -38.562046 -3.745441
50 -38.555473 -3.744303
51 -38.555569 -3.744051
52 -38.555707 -3.743351
53 -38.555853 -3.742646
54 -38.555989 -3.741962
55 -38.556129 -3.741260
56 -38.563116 -3.745674
57 -38.563275 -3.744965
58 -38.563414 -3.744278
59 -38.563567 -3.743565
60 -38.563717 -3.742868
61 -38.561112 -3.744477
62 -38.560033 -3.744254
63 -38.558945 -3.744027
64 -38.557868 -3.743808
65 -38.555039 -3.743210
66 -38.557724 -3.744508
67 -38.557431 -3.745900
68 -38.560689 -3.746577
69 -38.560965 -3.745196
70 -38.561256 -3.743777
71 -38.561406 -3.743075
72 -38.561537 -3.742374
73 -38.559598 -3.746339
74 -38.558513 -3.746114
75 -38.559878 -3.744962
76 -38.558802 -3.744727
77 -38.558228 -3.747510
78 -38.553978 -3.741549
79 -38.554973 -3.741755
80 -38.558152 -3.742411
81 -38.559234 -3.742628
82 -38.560329 -3.742850
83 -38.554835 -3.742440
84 -38.558006 -3.743113
85 -38.559093 -3.743326
86 -38.560181 -3.743555
87 -38.555933 -3.744952
88 -38.553593 -3.740751
89 -38.553944 -3.740837
90 -38.555122 -3.741055
91 -38.558299 -3.741708
92 -38.560465 -3.742151
93 -38.553859 -3.741276
94 -38.556180 -3.745310
95 -38.555589 -3.744475
96 -38.557296 -3.746600
97 -38.559449 -3.747043
98 -38.558375 -3.746817
99 -38.558596 -3.748321
100 -38.563033 -3.746001
101 -38.561719 -3.747524
102 -38.561616 -3.747504
103 -38.560404 -3.747969
104 -38.560260 -3.748671
105 -38.559026 -3.749141
106 -38.559157 -3.748441
107 -38.560656 -3.748750
108 -38.559309 -3.747739
109 -38.560543 -3.747277
110 -38.560114 -3.749370
111 -38.557905 -3.747431
112 -38.561205 -3.748133
113 -38.564790 -3.743075
114 -38.556605 -3.745921
115 -38.554365 -3.742340
116 -38.559451 -3.743402
117 -38.560257 -3.743204
118 -38.557201 -3.741488
119 -38.557052 -3.742179
120 -38.555400 -3.739687
121 -38.554230 -3.739449
122 -38.553174 -3.739244
123 -38.559380 -3.741926
124 -38.552479 -3.739810
125 -38.554350 -3.742577
126 -38.562323 -3.746215
127 -38.556673 -3.741380
128 -38.556520 -3.742068
129 -38.556046 -3.741675
130 -38.555031 -3.741482
131 -38.555697 -3.740469
132 -38.555573 -3.741145
133 -38.557887 -3.740899
134 -38.557745 -3.741594
135 -38.561036 -3.744851
136 -38.559947 -3.744623
137 -38.554958 -3.743569
138 -38.562146 -3.747032
139 -38.561680 -3.747111
140 -38.557266 -3.746713
141 -38.556675 -3.745857
142 -38.557120 -3.746440
143 -38.557072 -3.746479
144 -38.553740 -3.741674
145 -38.553109 -3.740749
146 -38.552635 -3.740050
147 -38.560145 -3.749338
148 -38.566398 -3.742005
149 -38.562222 -3.746673
150 -38.554685 -3.743053
