0 313 300.00 0.334153
313 314 300.00 0.515633
313 354 300.00 0.732070
1 2 300.00 0.166380
2 324 300.00 0.198387
2 282 300.00 0.242400
324 326 300.00 0.111047
282 385 300.00 0.021810
3 14 300.00 0.574007
14 91 300.00 0.243153
14 25 300.00 0.444157
4 9 300.00 0.045517
4 248 300.00 0.130280
9 351 300.00 0.043593
9 191 300.00 0.237200
248 247 300.00 0.053410
248 355 300.00 0.477830
5 6 300.00 0.096937
5 155 300.00 0.791843
6 173 300.00 0.255947
6 316 300.00 0.311337
155 376 300.00 0.412473
155 156 300.00 0.829553
173 172 300.00 0.298530
173 256 300.00 0.277050
316 172 300.00 0.254533
316 176 300.00 0.372157
316 161 300.00 0.413940
7 253 300.00 0.305090
7 279 300.00 0.272000
253 227 300.00 0.317617
279 278 300.00 0.264383
279 162 300.00 0.207627
8 5 300.00 0.024020
8 245 300.00 0.300763
245 244 300.00 0.045787
245 243 300.00 0.319170
351 366 300.00 0.046187
191 210 300.00 0.605387
191 190 300.00 0.252633
177 10 300.00 0.484660
177 202 300.00 0.143810
177 184 300.00 0.486613
10 177 300.00 0.484660
10 201 300.00 0.127527
201 202 300.00 0.478720
201 203 300.00 0.253610
11 229 300.00 0.103267
229 240 300.00 0.142143
229 21 300.00 0.708847
91 12 300.00 0.260580
91 14 300.00 0.243153
91 37 300.00 0.448240
12 91 300.00 0.260580
12 11 300.00 0.610420
89 13 300.00 0.217293
89 88 300.00 0.241863
89 90 300.00 0.314437
13 89 300.00 0.217293
13 237 300.00 0.241933
237 238 300.00 0.031700
237 113 300.00 0.489923
25 37 300.00 0.218200
25 233 300.00 0.393053
15 78 300.00 0.085870
15 64 300.00 0.430370
78 42 300.00 0.272483
64 63 300.00 0.312873
64 361 300.00 0.447600
16 17 300.00 0.443697
17 251 300.00 0.111797
17 382 300.00 0.021667
17 369 300.00 0.055913
251 343 300.00 0.563820
382 370 300.00 0.108590
382 310 300.00 1.698040
369 348 300.00 0.107633
18 16 300.00 0.138233
18 20 300.00 0.327627
20 19 300.00 0.329017
20 27 300.00 0.446540
19 28 300.00 0.448463
19 20 300.00 0.329017
28 27 300.00 0.328617
28 99 300.00 0.446510
27 20 300.00 0.446540
27 100 300.00 0.461737
27 28 300.00 0.328617
27 26 300.00 0.316067
21 349 300.00 0.385713
21 22 300.00 0.455543
349 312 300.00 0.223310
22 20 300.00 0.098410
22 16 300.00 0.369163
23 241 300.00 0.159450
23 94 300.00 0.244960
241 249 300.00 0.493947
94 23 300.00 0.244960
94 93 300.00 0.254420
94 353 300.00 0.425873
24 12 300.00 0.447357
24 37 300.00 0.261453
37 24 300.00 0.261453
37 25 300.00 0.218200
37 90 300.00 0.428360
233 90 300.00 0.219033
233 13 300.00 0.315047
26 18 300.00 0.399973
100 27 300.00 0.461737
100 99 300.00 0.329920
100 112 300.00 0.437937
100 101 300.00 0.315337
99 98 300.00 0.338227
99 100 300.00 0.329920
99 111 300.00 0.445463
29 108 300.00 0.118723
108 95 300.00 0.370580
108 97 300.00 0.357303
31 161 300.00 0.079193
161 171 300.00 0.257597
32 250 300.00 0.029873
32 132 300.00 0.278680
250 10 300.00 0.255997
250 143 300.00 0.481670
132 338 300.00 0.277580
132 109 300.00 0.204513
33 34 300.00 0.148457
34 218 300.00 0.157290
34 221 300.00 0.283390
218 104 300.00 0.201203
218 283 300.00 0.352600
221 126 300.00 0.299850
221 36 300.00 0.032403
277 35 300.00 0.266033
277 137 300.00 0.217970
277 276 300.00 0.372340
35 277 300.00 0.266033
35 131 300.00 0.277370
131 130 300.00 0.479227
131 250 300.00 0.276723
36 216 300.00 0.318487
36 222 300.00 0.259183
216 35 300.00 0.374377
216 34 300.00 0.031573
222 219 300.00 0.806827
222 223 300.00 0.361193
90 37 300.00 0.428360
90 89 300.00 0.314437
90 102 300.00 0.253377
90 233 300.00 0.219033
39 38 300.00 0.446097
39 40 300.00 0.202567
39 56 300.00 0.213360
39 234 300.00 0.240440
38 39 300.00 0.446097
38 51 300.00 0.232270
51 52 300.00 0.264760
51 265 300.00 0.125510
40 39 300.00 0.202567
40 41 300.00 0.241027
40 58 300.00 0.283980
56 39 300.00 0.213360
56 265 300.00 0.325110
56 60 300.00 0.208330
234 39 300.00 0.240440
234 58 300.00 0.202083
41 40 300.00 0.241027
41 272 300.00 0.216673
41 42 300.00 0.439043
41 65 300.00 0.290890
58 65 300.00 0.251683
272 41 300.00 0.216673
272 66 300.00 0.232033
272 273 300.00 0.186053
42 41 300.00 0.439043
42 79 300.00 0.189250
42 43 300.00 0.447820
65 41 300.00 0.290890
65 78 300.00 0.445777
79 80 300.00 0.246370
44 141 300.00 0.003263
141 133 300.00 0.268377
141 299 300.00 0.035627
46 45 300.00 0.222860
46 47 300.00 0.334803
46 106 300.00 0.443280
45 46 300.00 0.222860
45 357 300.00 0.116440
45 107 300.00 0.446393
45 53 300.00 0.445280
357 45 300.00 0.116440
357 300 300.00 0.099017
107 45 300.00 0.446393
107 103 300.00 0.238377
53 45 300.00 0.445280
53 54 300.00 0.210237
47 46 300.00 0.334803
47 55 300.00 0.445280
47 48 300.00 0.334530
106 107 300.00 0.235510
106 98 300.00 0.446997
55 57 300.00 0.197550
55 361 300.00 0.346357
48 47 300.00 0.334530
48 112 300.00 0.449153
48 49 300.00 0.148113
112 48 300.00 0.449153
112 100 300.00 0.437937
112 111 300.00 0.340723
49 48 300.00 0.148113
49 217 300.00 0.453993
217 112 300.00 0.277910
217 101 300.00 0.473080
50 38 300.00 0.097763
50 234 300.00 0.485423
52 114 300.00 0.257873
265 51 300.00 0.125510
265 56 300.00 0.325110
265 266 300.00 0.259767
114 113 300.00 0.040180
114 238 300.00 0.507963
54 291 300.00 0.181003
54 46 300.00 0.447840
291 57 300.00 0.337537
291 55 300.00 0.156380
57 63 300.00 0.248307
57 291 300.00 0.337537
361 55 300.00 0.346357
361 48 300.00 0.450780
361 49 300.00 0.473883
60 56 300.00 0.208330
60 40 300.00 0.206570
63 62 300.00 0.345577
63 339 300.00 0.209577
59 60 300.00 0.259670
59 266 300.00 0.524480
266 265 300.00 0.259767
266 52 300.00 0.148360
359 61 300.00 0.028947
359 356 300.00 0.419067
359 75 300.00 0.184257
61 359 300.00 0.028947
61 135 300.00 0.216870
135 61 300.00 0.216870
135 134 300.00 0.201980
135 231 300.00 0.216477
62 61 300.00 0.390777
62 54 300.00 0.456337
339 77 300.00 0.233537
339 340 300.00 0.163753
66 59 300.00 0.218780
66 67 300.00 0.193327
66 272 300.00 0.232033
67 66 300.00 0.193327
317 68 300.00 0.266177
317 69 300.00 0.067457
317 165 300.00 0.062870
68 317 300.00 0.266177
68 81 300.00 0.405407
69 317 300.00 0.067457
69 165 300.00 0.093887
69 149 300.00 0.181367
165 69 300.00 0.093887
165 317 300.00 0.062870
149 69 300.00 0.181367
149 70 300.00 0.167587
149 145 300.00 0.250210
149 146 300.00 0.269527
70 149 300.00 0.167587
71 70 300.00 0.282340
71 147 300.00 0.411957
147 271 300.00 0.176563
147 315 300.00 0.314477
72 71 300.00 0.339937
72 82 300.00 0.403360
82 83 300.00 0.267087
82 320 300.00 0.397723
73 72 300.00 0.268933
73 116 300.00 0.411663
116 115 300.00 0.405203
116 105 300.00 0.257987
74 73 300.00 0.260227
74 84 300.00 0.391310
84 321 300.00 0.317510
139 75 300.00 0.244120
75 139 300.00 0.244120
75 138 300.00 0.411037
75 74 300.00 0.333350
138 75 300.00 0.411037
138 214 300.00 0.108740
76 77 300.00 0.338610
76 62 300.00 0.435057
77 341 300.00 0.286983
77 15 300.00 0.313977
341 371 300.00 0.030610
80 79 300.00 0.246370
80 274 300.00 0.171560
274 275 300.00 0.180930
274 66 300.00 0.262627
83 73 300.00 0.397000
83 84 300.00 0.279423
321 356 300.00 0.040443
321 85 300.00 0.407230
86 76 300.00 0.445453
87 15 300.00 0.441067
88 89 300.00 0.241863
88 102 300.00 0.329170
102 90 300.00 0.253377
102 24 300.00 0.461030
93 92 300.00 0.274967
93 94 300.00 0.254420
93 287 300.00 0.670393
92 93 300.00 0.274967
92 239 300.00 0.657373
239 323 300.00 0.254567
287 322 300.00 0.139860
353 362 300.00 0.137560
95 96 300.00 0.095543
95 32 300.00 0.497763
96 97 300.00 0.248200
96 103 300.00 0.457727
97 96 300.00 0.248200
97 98 300.00 0.249317
97 107 300.00 0.448853
103 301 300.00 0.419730
103 110 300.00 0.226797
98 97 300.00 0.249317
98 225 300.00 0.446497
225 28 300.00 0.335687
225 254 300.00 0.144327
225 29 300.00 0.184513
111 47 300.00 0.449283
111 106 300.00 0.331800
101 100 300.00 0.315337
101 26 300.00 0.454997
301 383 300.00 0.005557
110 109 300.00 0.260853
110 32 300.00 0.312767
104 105 300.00 0.403273
104 115 300.00 0.258840
105 74 300.00 0.413047
105 212 300.00 0.232343
115 221 300.00 0.250677
115 127 300.00 0.277507
212 138 300.00 0.107850
109 285 300.00 0.252017
109 133 300.00 0.405347
285 283 300.00 0.197007
285 33 300.00 0.212677
133 109 300.00 0.405347
133 215 300.00 0.148110
133 134 300.00 0.397543
113 88 300.00 0.260040
238 217 300.00 0.082417
238 50 300.00 0.368420
127 270 300.00 0.161350
127 128 300.00 0.404663
117 118 300.00 0.046023
117 185 300.00 0.583890
118 125 300.00 0.027970
118 307 300.00 0.422277
185 351 300.00 0.318753
125 293 300.00 0.325107
307 306 300.00 0.025540
307 208 300.00 0.233343
119 304 300.00 0.027840
119 303 300.00 0.146420
304 305 300.00 0.033947
303 302 300.00 0.026493
303 120 300.00 0.765960
120 246 300.00 1.047317
120 121 300.00 0.096167
246 154 300.00 0.263907
246 264 300.00 0.502977
121 123 300.00 0.029193
121 122 300.00 0.653393
123 296 300.00 0.943573
123 124 300.00 0.094780
122 219 300.00 0.025527
122 223 300.00 0.514463
219 123 300.00 0.640413
223 137 300.00 0.370007
223 276 300.00 0.233983
296 151 300.00 0.672790
296 297 300.00 0.086030
124 120 300.00 0.033277
124 302 300.00 0.781313
302 303 300.00 0.026493
302 304 300.00 0.135667
293 360 300.00 0.107320
293 295 300.00 0.144717
126 140 300.00 0.326437
126 127 300.00 0.133967
140 148 300.00 0.031473
270 140 300.00 0.143503
128 72 300.00 0.409243
128 116 300.00 0.281073
130 129 300.00 0.484907
130 143 300.00 0.272730
130 131 300.00 0.479227
129 130 300.00 0.484907
129 136 300.00 0.282517
136 137 300.00 0.491853
136 122 300.00 0.264557
143 177 300.00 0.250413
143 142 300.00 0.479910
338 33 300.00 0.224613
338 285 300.00 0.099297
215 284 300.00 0.107460
134 133 300.00 0.397543
134 231 300.00 0.115113
134 135 300.00 0.201980
231 135 300.00 0.216477
231 53 300.00 0.210710
231 358 300.00 0.367850
137 136 300.00 0.491853
137 277 300.00 0.217970
137 130 300.00 0.291220
214 134 300.00 0.154393
214 215 300.00 0.395973
148 164 300.00 0.300373
299 110 300.00 0.376217
299 301 300.00 0.053327
142 129 300.00 0.273557
142 183 300.00 0.659377
183 142 300.00 0.659377
183 163 300.00 0.259120
183 169 300.00 0.261263
183 184 300.00 0.402910
144 68 300.00 0.405783
144 145 300.00 0.426153
145 146 300.00 0.105910
145 149 300.00 0.250210
146 147 300.00 0.177837
146 149 300.00 0.269527
146 315 300.00 0.357567
315 146 300.00 0.357567
315 148 300.00 0.087353
271 270 300.00 0.410593
271 128 300.00 0.155390
164 166 300.00 0.463187
164 145 300.00 0.280070
150 297 300.00 0.693810
150 151 300.00 0.082830
297 296 300.00 0.086030
297 124 300.00 0.921680
151 328 300.00 0.534950
328 152 300.00 1.207393
152 224 300.00 0.405623
224 220 300.00 0.196997
153 166 300.00 0.026510
153 290 300.00 0.120173
166 144 300.00 0.104553
290 36 300.00 1.269387
154 8 300.00 0.254077
154 187 300.00 0.734783
187 154 300.00 0.734783
187 373 300.00 0.154470
376 155 300.00 0.412473
376 193 300.00 0.082520
376 377 300.00 0.489573
156 331 300.00 0.148763
156 1 300.00 0.728313
156 157 300.00 0.092260
331 156 300.00 0.148763
331 330 300.00 0.018030
331 332 300.00 0.091867
157 156 300.00 0.092260
157 252 300.00 0.164340
157 311 300.00 0.063090
252 158 300.00 0.272040
311 157 300.00 0.063090
311 182 300.00 0.323137
311 252 300.00 0.148867
181 158 300.00 0.199303
181 182 300.00 0.413617
158 181 300.00 0.199303
158 159 300.00 0.389610
159 181 300.00 0.304777
159 160 300.00 0.317603
160 6 300.00 0.367580
160 176 300.00 0.343053
176 160 300.00 0.343053
176 175 300.00 0.411837
176 181 300.00 0.321387
171 172 300.00 0.406763
171 206 300.00 0.252203
171 168 300.00 0.260963
162 205 300.00 0.235810
162 174 300.00 0.311397
205 31 300.00 0.248973
205 206 300.00 0.336723
174 179 300.00 0.312207
174 253 300.00 0.478657
174 175 300.00 0.489370
163 183 300.00 0.259120
163 121 300.00 0.818260
168 167 300.00 0.489810
168 169 300.00 0.401640
168 184 300.00 0.265180
167 168 300.00 0.489810
167 204 300.00 0.105563
204 170 300.00 0.153167
204 203 300.00 0.482460
169 172 300.00 0.266400
169 183 300.00 0.261263
169 256 300.00 0.277510
184 177 300.00 0.486613
184 183 300.00 0.402910
184 142 300.00 0.254643
172 169 300.00 0.266400
172 171 300.00 0.406763
172 173 300.00 0.298530
172 316 300.00 0.254533
256 163 300.00 0.265500
256 246 300.00 0.084823
206 170 300.00 0.235170
206 171 300.00 0.252203
206 205 300.00 0.336723
170 206 300.00 0.235170
170 178 300.00 0.071037
178 162 300.00 0.262960
179 180 300.00 0.323617
179 227 300.00 0.477607
175 174 300.00 0.489370
175 31 300.00 0.302743
175 176 300.00 0.411837
202 201 300.00 0.478720
202 167 300.00 0.125500
180 226 300.00 0.458223
180 280 300.00 0.314777
180 311 300.00 0.496650
227 312 300.00 0.035030
227 346 300.00 0.273890
226 180 300.00 0.458223
226 230 300.00 0.120763
280 180 300.00 0.314777
280 281 300.00 0.769300
182 179 300.00 0.489993
182 175 300.00 0.310790
186 30 300.00 0.073620
373 188 300.00 0.104817
373 374 300.00 0.024760
188 334 300.00 0.290703
188 209 300.00 0.024380
334 333 300.00 0.023610
334 119 300.00 0.399380
209 374 300.00 0.105810
209 190 300.00 0.607093
189 187 300.00 0.246930
189 211 300.00 0.027347
211 355 300.00 0.053430
211 247 300.00 0.476597
190 118 300.00 0.433070
210 187 300.00 0.026937
210 211 300.00 0.244857
377 192 300.00 0.271913
377 193 300.00 0.018380
377 376 300.00 0.489573
192 377 300.00 0.271913
192 199 300.00 0.438260
192 194 300.00 0.275380
199 192 300.00 0.438260
199 197 300.00 0.309463
199 379 300.00 0.079757
194 192 300.00 0.275380
194 193 300.00 0.883887
194 319 300.00 0.631567
193 376 300.00 0.082520
193 377 300.00 0.018380
193 194 300.00 0.883887
319 194 300.00 0.631567
319 318 300.00 0.079493
196 195 300.00 0.212810
196 332 300.00 0.163063
196 367 300.00 0.115333
195 196 300.00 0.212810
195 197 300.00 0.344597
195 262 300.00 0.295600
197 195 300.00 0.344597
197 199 300.00 0.309463
197 198 300.00 0.240800
262 195 300.00 0.295600
262 198 300.00 0.204597
262 263 300.00 0.167423
332 196 300.00 0.163063
332 329 300.00 0.020567
332 331 300.00 0.091867
367 196 300.00 0.115333
367 379 300.00 0.250880
367 375 300.00 0.020217
198 197 300.00 0.240800
198 262 300.00 0.204597
198 200 300.00 0.287367
200 198 300.00 0.287367
379 199 300.00 0.079757
379 367 300.00 0.250880
379 378 300.00 0.025123
203 207 300.00 0.223117
207 278 300.00 0.278500
207 7 300.00 0.264010
278 178 300.00 0.196177
278 279 300.00 0.264383
208 333 300.00 0.386637
208 119 300.00 0.033040
333 209 300.00 0.289910
333 334 300.00 0.023610
374 373 300.00 0.024760
374 210 300.00 0.155833
355 242 300.00 0.110960
247 248 300.00 0.053410
247 9 300.00 0.132397
213 104 300.00 0.232413
213 212 300.00 0.404107
284 283 300.00 0.206413
284 213 300.00 0.114913
283 218 300.00 0.352600
283 284 300.00 0.206413
283 285 300.00 0.197007
220 290 300.00 0.107053
220 153 300.00 0.047220
276 277 300.00 0.372340
276 216 300.00 0.246107
254 7 300.00 0.032767
254 29 300.00 0.152677
230 363 300.00 0.097363
230 228 300.00 0.152283
312 19 300.00 0.120327
312 254 300.00 0.614897
346 226 300.00 0.046950
346 241 300.00 1.090180
281 228 300.00 0.065793
281 280 300.00 0.769300
228 281 300.00 0.065793
228 363 300.00 0.093963
363 347 300.00 0.034057
240 309 300.00 0.274493
240 91 300.00 0.570837
358 231 300.00 0.367850
358 44 300.00 0.058277
335 232 300.00 0.517563
335 380 300.00 0.040000
232 335 300.00 0.517563
232 4 300.00 0.702450
235 337 300.00 0.650937
235 288 300.00 0.293640
337 327 300.00 0.193477
337 362 300.00 0.475180
288 92 300.00 0.137533
288 286 300.00 0.379123
236 80 300.00 0.168843
236 342 300.00 0.404927
342 236 300.00 0.404927
323 287 300.00 0.012547
309 3 300.00 0.092417
309 308 300.00 0.123147
249 292 300.00 0.029503
243 242 300.00 0.053427
243 189 300.00 0.083377
242 243 300.00 0.053427
242 244 300.00 0.317443
244 245 300.00 0.045787
244 5 300.00 0.298177
264 372 300.00 0.026027
264 188 300.00 0.255057
292 11 300.00 0.420150
343 344 300.00 0.118287
255 150 300.00 1.021183
257 239 300.00 0.385607
257 314 300.00 0.482253
314 235 300.00 0.212557
259 258 300.00 0.512117
259 260 300.00 0.345363
258 259 300.00 0.512117
258 261 300.00 0.188963
258 260 300.00 0.224687
261 258 300.00 0.188963
261 260 300.00 0.374140
260 258 300.00 0.224687
260 259 300.00 0.345363
260 261 300.00 0.374140
263 262 300.00 0.167423
372 264 300.00 0.026027
267 81 300.00 0.165043
269 268 300.00 0.159270
268 269 300.00 0.159270
268 71 300.00 0.207537
273 272 300.00 0.186053
275 274 300.00 0.180930
385 345 300.00 0.326117
385 310 300.00 0.935193
286 93 300.00 0.377680
286 353 300.00 0.270953
322 289 300.00 0.128700
289 94 300.00 0.656400
289 249 300.00 0.262250
295 298 300.00 0.747107
294 295 300.00 0.083313
294 360 300.00 0.154210
298 255 300.00 0.496967
300 384 300.00 0.018650
384 358 300.00 0.057127
384 44 300.00 0.027980
383 300 300.00 0.020770
383 357 300.00 0.103620
305 306 300.00 0.240647
305 208 300.00 0.027677
306 307 300.00 0.025540
306 125 300.00 0.412363
308 23 300.00 0.288470
354 370 300.00 1.240020
354 310 300.00 0.332030
318 364 300.00 0.550960
364 232 300.00 0.149617
356 321 300.00 0.040443
356 76 300.00 0.371113
356 359 300.00 0.419067
326 200 300.00 0.132210
325 282 300.00 0.063490
327 343 300.00 0.096463
329 332 300.00 0.020567
330 331 300.00 0.018030
380 335 300.00 0.040000
336 335 300.00 0.030887
362 352 300.00 0.095133
340 339 300.00 0.163753
371 341 300.00 0.030610
344 157 300.00 0.783813
344 1 300.00 0.241547
345 327 300.00 0.235640
345 337 300.00 0.064453
347 368 300.00 0.116320
368 369 300.00 0.065290
368 251 300.00 0.062170
348 349 300.00 0.343293
348 347 300.00 0.054330
350 365 300.00 0.329220
365 257 300.00 0.039740
366 4 300.00 0.044397
366 381 300.00 0.455960
352 3 300.00 0.088933
352 308 300.00 0.107990
370 354 300.00 1.240020
370 3 300.00 0.106950
381 186 300.00 0.364140
375 367 300.00 0.020217
378 379 300.00 0.025123
