0 183 300.00 0.031517
0 184 300.00 0.597770
0 80 300.00 0.403390
183 184 300.00 0.589657
184 200 300.00 0.671677
80 1 300.00 0.236907
80 162 300.00 0.346340
80 199 300.00 0.569320
1 80 300.00 0.236907
1 0 300.00 0.306263
2 1 300.00 0.364973
163 3 300.00 0.262467
163 62 300.00 0.264943
163 164 300.00 0.379430
3 163 300.00 0.262467
3 146 300.00 0.411563
3 61 300.00 0.403920
146 158 300.00 0.735630
61 3 300.00 0.403920
61 60 300.00 0.338407
61 128 300.00 0.342977
4 3 300.00 0.353860
4 128 300.00 0.406583
128 61 300.00 0.342977
128 69 300.00 0.371487
128 85 300.00 0.179207
5 4 300.00 0.363543
5 67 300.00 0.259997
5 69 300.00 0.407213
67 5 300.00 0.259997
67 65 300.00 0.269900
67 68 300.00 0.371443
69 5 300.00 0.407213
69 128 300.00 0.371487
69 70 300.00 0.367577
69 72 300.00 0.335633
68 6 300.00 0.260090
68 54 300.00 0.362493
68 64 300.00 0.271037
68 67 300.00 0.371443
6 68 300.00 0.260090
6 70 300.00 0.407980
6 5 300.00 0.372050
70 6 300.00 0.407980
70 69 300.00 0.367577
70 76 300.00 0.336810
70 154 300.00 0.360443
54 7 300.00 0.266090
54 41 300.00 0.372313
54 55 300.00 0.267273
54 68 300.00 0.362493
7 54 300.00 0.266090
7 154 300.00 0.403200
7 6 300.00 0.361533
154 7 300.00 0.403200
154 42 300.00 0.368897
154 70 300.00 0.360443
154 156 300.00 0.328253
8 7 300.00 0.368190
8 42 300.00 0.394380
8 41 300.00 0.270957
42 8 300.00 0.394380
42 38 300.00 0.371280
42 154 300.00 0.368897
42 43 300.00 0.328373
41 8 300.00 0.270957
41 40 300.00 0.259010
41 54 300.00 0.372313
9 8 300.00 0.367283
9 38 300.00 0.404867
9 26 300.00 0.194297
38 9 300.00 0.404867
38 37 300.00 0.333793
38 42 300.00 0.371280
38 71 300.00 0.451140
26 22 300.00 0.269363
26 27 300.00 0.095013
26 152 300.00 0.198633
10 9 300.00 0.151067
10 25 300.00 0.152013
10 152 300.00 0.044947
25 10 300.00 0.152013
25 71 300.00 0.350690
152 10 300.00 0.044947
152 23 300.00 0.257987
152 26 300.00 0.198633
11 12 300.00 0.409380
11 109 300.00 0.143093
12 105 300.00 0.117950
12 13 300.00 0.396810
12 104 300.00 0.047633
109 11 300.00 0.143093
109 59 300.00 0.204213
109 105 300.00 0.407000
109 181 300.00 0.308540
105 12 300.00 0.117950
105 106 300.00 0.199027
105 109 300.00 0.407000
105 110 300.00 0.401387
13 110 300.00 0.101793
13 14 300.00 0.414577
104 12 300.00 0.047633
110 13 300.00 0.101793
110 103 300.00 0.406787
110 105 300.00 0.401387
110 122 300.00 0.200830
14 149 300.00 0.396443
149 96 300.00 0.252723
149 193 300.00 0.387277
117 15 300.00 0.173800
117 116 300.00 0.362823
117 132 300.00 0.403320
15 117 300.00 0.173800
15 16 300.00 0.320033
16 90 300.00 0.158637
16 135 300.00 0.374413
90 16 300.00 0.158637
90 91 300.00 0.363520
90 117 300.00 0.321730
135 133 300.00 0.155683
135 197 300.00 0.375717
17 164 300.00 0.263337
17 62 300.00 0.367640
164 163 300.00 0.379430
164 146 300.00 0.263513
62 163 300.00 0.264943
62 63 300.00 0.274937
62 66 300.00 0.376313
82 18 300.00 0.136697
82 53 300.00 0.531360
82 63 300.00 0.354960
18 82 300.00 0.136697
18 17 300.00 0.165110
58 19 300.00 0.246700
58 57 300.00 0.261103
58 199 300.00 0.267193
58 161 300.00 0.454687
19 58 300.00 0.246700
19 178 300.00 0.186833
178 198 300.00 0.135670
202 20 300.00 0.078870
202 39 300.00 0.263643
202 57 300.00 0.366880
20 202 300.00 0.078870
20 19 300.00 0.330577
21 81 300.00 0.157100
81 39 300.00 0.256247
81 20 300.00 0.293390
22 21 300.00 0.412237
23 152 300.00 0.257987
23 22 300.00 0.187080
24 23 300.00 0.211937
24 25 300.00 0.260590
71 25 300.00 0.350690
71 38 300.00 0.451140
27 26 300.00 0.095013
27 28 300.00 0.322663
27 41 300.00 0.311283
28 27 300.00 0.322663
28 21 300.00 0.266363
28 29 300.00 0.213493
29 28 300.00 0.213493
29 40 300.00 0.190327
29 39 300.00 0.075420
40 29 300.00 0.190327
40 41 300.00 0.259010
40 28 300.00 0.126737
39 29 300.00 0.075420
39 202 300.00 0.263643
39 56 300.00 0.367147
39 81 300.00 0.256247
30 142 300.00 0.157273
142 137 300.00 0.368773
142 51 300.00 0.244267
31 175 300.00 0.197717
31 50 300.00 0.372120
175 176 300.00 0.372203
50 31 300.00 0.372120
50 93 300.00 0.366967
50 138 300.00 0.351167
32 186 300.00 0.408860
186 33 300.00 0.412943
186 44 300.00 0.370760
168 33 300.00 0.216063
168 88 300.00 0.192957
168 169 300.00 0.187773
33 168 300.00 0.216063
33 34 300.00 0.200263
33 186 300.00 0.412943
34 33 300.00 0.200263
34 83 300.00 0.435623
34 35 300.00 0.211093
83 34 300.00 0.435623
83 86 300.00 0.208683
35 34 300.00 0.211093
35 36 300.00 0.404977
35 86 300.00 0.459990
36 35 300.00 0.404977
36 89 300.00 0.524513
36 37 300.00 0.306450
86 35 300.00 0.459990
86 89 300.00 0.417300
89 36 300.00 0.524513
89 84 300.00 0.313507
37 36 300.00 0.306450
37 43 300.00 0.364373
37 38 300.00 0.333793
37 84 300.00 0.567097
43 37 300.00 0.364373
43 42 300.00 0.328373
43 156 300.00 0.377887
43 157 300.00 1.916170
84 37 300.00 0.567097
56 39 300.00 0.367147
56 55 300.00 0.263657
56 57 300.00 0.261377
56 77 300.00 0.373240
156 43 300.00 0.377887
156 76 300.00 0.360893
156 153 300.00 0.156753
156 154 300.00 0.328253
157 43 300.00 1.916170
157 99 300.00 0.364037
157 98 300.00 0.406780
44 45 300.00 0.407747
44 157 300.00 0.374303
45 46 300.00 0.377860
45 32 300.00 0.367013
46 47 300.00 0.268557
46 94 300.00 0.364767
47 48 300.00 0.403423
94 46 300.00 0.364767
94 113 300.00 0.265730
94 95 300.00 0.367467
48 112 300.00 0.366567
48 49 300.00 0.401833
112 119 300.00 0.369000
112 111 300.00 0.400917
49 176 300.00 0.145123
49 111 300.00 0.361737
176 175 300.00 0.372203
176 50 300.00 0.201933
111 49 300.00 0.361737
111 93 300.00 0.341783
111 114 300.00 0.372623
93 50 300.00 0.366967
93 92 300.00 0.367383
93 140 300.00 0.354607
93 111 300.00 0.341783
138 137 300.00 0.243137
138 51 300.00 0.371637
51 147 300.00 0.240883
53 195 300.00 0.110510
53 194 300.00 0.325233
53 82 300.00 0.531360
195 126 300.00 0.243740
55 54 300.00 0.267273
55 56 300.00 0.263657
55 40 300.00 0.370120
57 56 300.00 0.261377
57 58 300.00 0.261103
57 78 300.00 0.375283
57 202 300.00 0.366880
77 56 300.00 0.373240
77 64 300.00 0.258430
77 73 300.00 0.377787
77 78 300.00 0.268007
78 57 300.00 0.375283
78 74 300.00 0.381150
78 77 300.00 0.268007
78 160 300.00 0.251873
199 58 300.00 0.267193
199 80 300.00 0.569320
199 2 300.00 0.063367
161 58 300.00 0.454687
161 160 300.00 0.082147
161 162 300.00 0.340420
60 59 300.00 0.307580
60 167 300.00 0.142717
60 181 300.00 0.214660
60 61 300.00 0.338407
59 60 300.00 0.307580
59 106 300.00 0.408593
59 108 300.00 0.365423
59 109 300.00 0.204213
106 59 300.00 0.408593
106 105 300.00 0.199027
106 107 300.00 0.371557
108 59 300.00 0.365423
108 85 300.00 0.457247
108 100 300.00 1.398270
108 107 300.00 0.416570
167 60 300.00 0.142717
181 109 300.00 0.308540
181 182 300.00 0.356193
181 158 300.00 0.160123
63 53 300.00 0.264253
63 82 300.00 0.354960
63 127 300.00 0.374343
66 65 300.00 0.358580
66 4 300.00 0.527483
127 63 300.00 0.374343
127 73 300.00 0.352347
127 66 300.00 0.261317
64 77 300.00 0.258430
64 68 300.00 0.271037
64 55 300.00 0.367920
65 64 300.00 0.371080
65 73 300.00 0.261293
65 67 300.00 0.269900
73 65 300.00 0.261293
73 127 300.00 0.352347
73 77 300.00 0.377787
73 74 300.00 0.269230
72 69 300.00 0.335633
72 165 300.00 0.222683
72 85 300.00 0.389503
76 70 300.00 0.336810
76 155 300.00 0.114910
76 165 300.00 0.149893
76 156 300.00 0.360893
165 72 300.00 0.222683
165 76 300.00 0.149893
165 166 300.00 0.109490
85 72 300.00 0.389503
85 128 300.00 0.179207
85 108 300.00 0.457247
74 73 300.00 0.269230
74 75 300.00 0.236423
74 126 300.00 0.353727
74 78 300.00 0.381150
75 74 300.00 0.236423
75 79 300.00 0.202383
75 160 300.00 0.279957
126 74 300.00 0.353727
126 127 300.00 0.274843
79 75 300.00 0.202383
79 162 300.00 0.382270
79 200 300.00 0.466067
160 75 300.00 0.279957
160 78 300.00 0.251873
160 161 300.00 0.082147
155 76 300.00 0.114910
162 79 300.00 0.382270
162 80 300.00 0.346340
162 161 300.00 0.340420
200 79 300.00 0.466067
200 151 300.00 0.009770
87 88 300.00 0.234370
88 168 300.00 0.192957
88 83 300.00 0.194573
91 90 300.00 0.363520
91 130 300.00 0.367800
91 201 300.00 0.366363
130 159 300.00 0.301217
201 91 300.00 0.366363
201 92 300.00 0.367587
201 115 300.00 0.328440
92 93 300.00 0.367383
92 201 300.00 0.367587
92 114 300.00 0.339607
92 118 300.00 0.358127
114 92 300.00 0.339607
114 111 300.00 0.372623
114 115 300.00 0.361493
114 172 300.00 0.198310
118 92 300.00 0.358127
118 196 300.00 0.031523
118 140 300.00 0.366973
140 93 300.00 0.354607
140 118 300.00 0.366973
140 137 300.00 0.120227
113 47 300.00 0.372277
113 112 300.00 0.406380
95 97 300.00 0.379593
97 98 300.00 0.368823
97 99 300.00 0.402973
96 102 300.00 0.402983
96 145 300.00 0.362070
102 103 300.00 0.207123
102 122 300.00 0.405830
145 150 300.00 0.374980
98 94 300.00 0.378260
98 45 300.00 0.365730
99 170 300.00 0.201037
170 171 300.00 0.235523
170 100 300.00 0.165217
100 101 300.00 0.369590
100 108 300.00 1.398270
101 102 300.00 0.356573
101 145 300.00 0.400770
103 14 300.00 0.072240
103 110 300.00 0.406787
122 110 300.00 0.200830
122 121 300.00 0.365527
122 106 300.00 0.400333
107 106 300.00 0.371557
107 121 300.00 0.403297
107 108 300.00 0.416570
121 122 300.00 0.365527
121 101 300.00 0.395867
119 124 300.00 0.365577
119 120 300.00 0.407990
115 114 300.00 0.361493
115 174 300.00 0.079957
115 201 300.00 0.328440
172 119 300.00 0.194873
172 173 300.00 0.356543
174 115 300.00 0.079957
174 116 300.00 0.297303
174 179 300.00 0.369483
116 117 300.00 0.362823
116 174 300.00 0.297303
116 91 300.00 0.327703
132 188 300.00 0.123370
132 148 300.00 0.370420
196 118 300.00 0.031523
196 143 300.00 0.372207
196 125 300.00 0.341603
124 129 300.00 0.366033
124 173 300.00 0.197640
120 95 300.00 0.274510
120 113 300.00 0.366297
123 120 300.00 0.366433
123 150 300.00 0.649920
123 124 300.00 0.411223
150 97 300.00 0.367710
150 100 300.00 0.401987
129 180 300.00 0.237950
129 179 300.00 0.176697
173 172 300.00 0.356543
173 115 300.00 0.204890
125 201 300.00 0.361580
125 159 300.00 0.057090
159 125 300.00 0.057090
159 139 300.00 0.370730
180 179 300.00 0.293520
180 132 300.00 0.127373
179 174 300.00 0.369483
179 180 300.00 0.293520
179 116 300.00 0.222207
131 192 300.00 0.270510
131 144 300.00 0.367903
192 193 300.00 0.241513
192 96 300.00 0.382083
144 123 300.00 0.365110
144 129 300.00 0.409023
188 189 300.00 0.081790
188 191 300.00 0.092740
148 131 300.00 0.038697
133 90 300.00 0.373303
133 177 300.00 0.375040
133 134 300.00 0.204173
177 136 300.00 0.203140
134 136 300.00 0.374117
134 130 300.00 0.149247
136 134 300.00 0.374117
136 139 300.00 0.449593
197 177 300.00 0.156413
139 141 300.00 0.262277
139 143 300.00 0.397203
137 140 300.00 0.120227
137 138 300.00 0.243137
137 142 300.00 0.368773
141 139 300.00 0.262277
143 142 300.00 0.511883
143 196 300.00 0.372207
158 11 300.00 0.310393
193 189 300.00 0.650313
151 194 300.00 0.251967
151 195 300.00 0.410770
153 156 300.00 0.156753
166 165 300.00 0.109490
169 168 300.00 0.187773
171 170 300.00 0.235523
198 199 300.00 0.052937
198 2 300.00 0.082350
182 181 300.00 0.356193
185 187 300.00 0.304110
189 191 300.00 0.085957
189 190 300.00 0.053497
191 15 300.00 0.349183
