255 1 300.00 0.153143
255 252 300.00 0.538197
255 256 300.00 0.313937
1 255 300.00 0.153143
259 2 300.00 0.116933
259 258 300.00 0.233213
259 260 300.00 0.494623
2 259 300.00 0.116933
2 3 300.00 0.104250
3 2 300.00 0.104250
3 5 300.00 0.494867
5 3 300.00 0.494867
266 4 300.00 0.608577
266 9 300.00 0.604530
266 265 300.00 0.332717
266 267 300.00 0.336900
4 266 300.00 0.608577
4 241 300.00 0.336877
4 7 300.00 0.335707
241 4 300.00 0.336877
241 239 300.00 0.356500
241 258 300.00 0.619033
241 265 300.00 0.619960
7 4 300.00 0.335707
7 8 300.00 0.337797
7 267 300.00 0.611973
7 250 300.00 0.313170
251 6 300.00 0.316227
251 8 300.00 0.308657
251 250 300.00 0.338260
6 251 300.00 0.316227
6 261 300.00 0.458530
261 6 300.00 0.458530
261 228 300.00 0.300183
8 7 300.00 0.337797
8 10 300.00 0.609190
8 251 300.00 0.308657
267 7 300.00 0.611973
267 10 300.00 0.336960
267 204 300.00 0.728727
267 266 300.00 0.336900
250 7 300.00 0.313170
250 251 300.00 0.338260
10 8 300.00 0.609190
10 267 300.00 0.336960
10 207 300.00 0.332127
10 206 300.00 0.882840
9 266 300.00 0.604530
9 204 300.00 0.188093
9 237 300.00 0.348290
204 9 300.00 0.188093
204 273 300.00 0.315807
204 267 300.00 0.728727
237 9 300.00 0.348290
237 238 300.00 0.177133
237 265 300.00 0.604243
237 264 300.00 0.829253
207 10 300.00 0.332127
207 208 300.00 0.501543
207 211 300.00 0.256953
206 10 300.00 0.882840
206 13 300.00 0.023523
206 15 300.00 0.322760
236 11 300.00 0.214487
236 235 300.00 0.336703
236 271 300.00 0.349057
11 236 300.00 0.214487
11 12 300.00 0.344253
12 11 300.00 0.344253
12 225 300.00 0.559217
225 271 300.00 0.348160
225 38 300.00 0.570797
13 206 300.00 0.023523
13 273 300.00 0.333733
13 272 300.00 0.332303
273 13 300.00 0.333733
273 192 300.00 0.338613
273 197 300.00 0.330273
273 204 300.00 0.315807
272 13 300.00 0.332303
272 22 300.00 0.341763
272 192 300.00 0.323030
272 205 300.00 0.339000
300 14 300.00 0.127633
300 142 300.00 0.022613
300 299 300.00 0.160550
14 300 300.00 0.127633
14 298 300.00 0.076657
14 19 300.00 0.286967
298 14 300.00 0.076657
298 200 300.00 0.030130
298 297 300.00 0.173583
19 14 300.00 0.286967
19 134 300.00 0.320983
19 21 300.00 0.128590
209 15 300.00 0.162407
209 18 300.00 0.185720
209 210 300.00 0.200547
15 209 300.00 0.162407
15 206 300.00 0.322760
15 22 300.00 0.339267
15 208 300.00 0.323223
22 15 300.00 0.339267
22 272 300.00 0.341763
22 32 300.00 0.342783
22 189 300.00 0.340690
208 15 300.00 0.323223
208 207 300.00 0.501543
208 210 300.00 0.030617
29 16 300.00 0.632447
29 217 300.00 0.229517
29 37 300.00 0.248180
16 29 300.00 0.632447
16 216 300.00 0.259903
16 217 300.00 0.777143
216 16 300.00 0.259903
216 27 300.00 0.318360
216 214 300.00 0.266167
216 215 300.00 0.188743
217 16 300.00 0.777143
217 20 300.00 0.249173
217 29 300.00 0.229517
302 17 300.00 0.063030
302 146 300.00 0.080167
302 301 300.00 0.160477
17 302 300.00 0.063030
17 142 300.00 0.108560
17 25 300.00 0.283697
142 17 300.00 0.108560
142 141 300.00 0.284823
142 300 300.00 0.022613
25 17 300.00 0.283697
25 140 300.00 0.070660
25 144 300.00 0.037893
32 18 300.00 0.331770
32 22 300.00 0.342783
32 41 300.00 0.341450
32 51 300.00 0.652097
18 32 300.00 0.331770
18 215 300.00 0.339563
18 209 300.00 0.185720
18 212 300.00 0.201387
215 18 300.00 0.339563
215 36 300.00 0.339987
215 216 300.00 0.188743
212 18 300.00 0.201387
212 210 300.00 0.198050
212 214 300.00 0.073233
134 19 300.00 0.320983
134 312 300.00 0.395530
21 19 300.00 0.128590
21 34 300.00 0.319310
21 141 300.00 0.021043
227 20 300.00 0.097733
227 224 300.00 0.269960
227 226 300.00 0.219523
20 227 300.00 0.097733
20 24 300.00 0.267220
20 217 300.00 0.249173
24 20 300.00 0.267220
24 45 300.00 0.709933
24 270 300.00 0.346223
24 231 300.00 0.218913
34 21 300.00 0.319310
34 134 300.00 0.124173
141 21 300.00 0.021043
141 140 300.00 0.033647
141 142 300.00 0.284823
189 22 300.00 0.340690
189 43 300.00 0.322943
189 205 300.00 0.329430
196 23 300.00 0.031433
196 31 300.00 0.343133
196 190 300.00 0.325710
23 196 300.00 0.031433
23 146 300.00 0.129240
23 33 300.00 0.278557
146 23 300.00 0.129240
146 145 300.00 0.284217
146 302 300.00 0.080167
33 23 300.00 0.278557
33 42 300.00 0.321600
33 145 300.00 0.122083
45 24 300.00 0.709933
45 37 300.00 0.267580
45 292 300.00 0.051693
270 24 300.00 0.346223
270 226 300.00 0.342383
270 235 300.00 0.343127
270 271 300.00 0.329530
231 24 300.00 0.218913
231 30 300.00 0.047540
231 233 300.00 0.098963
140 25 300.00 0.070660
140 139 300.00 0.320230
140 141 300.00 0.033647
144 25 300.00 0.037893
144 26 300.00 0.103970
144 143 300.00 0.321627
40 26 300.00 0.320740
40 313 300.00 0.022533
26 40 300.00 0.320740
26 144 300.00 0.103970
26 145 300.00 0.011460
145 26 300.00 0.011460
145 33 300.00 0.122083
145 146 300.00 0.284217
36 27 300.00 0.195197
36 48 300.00 0.332440
36 291 300.00 0.322783
36 215 300.00 0.339987
27 36 300.00 0.195197
27 216 300.00 0.318360
27 314 300.00 0.348770
314 27 300.00 0.348770
314 37 300.00 0.016620
314 291 300.00 0.193347
30 28 300.00 0.073077
30 231 300.00 0.047540
30 218 300.00 0.709157
28 30 300.00 0.073077
28 38 300.00 0.387073
28 234 300.00 0.140557
38 28 300.00 0.387073
38 222 300.00 0.256620
234 28 300.00 0.140557
234 232 300.00 0.095537
234 233 300.00 0.119023
37 29 300.00 0.248180
37 45 300.00 0.267580
37 314 300.00 0.016620
218 30 300.00 0.709157
218 292 300.00 0.213307
218 219 300.00 0.702653
35 31 300.00 0.136667
35 39 300.00 0.164940
35 147 300.00 0.286507
31 35 300.00 0.136667
31 196 300.00 0.343133
31 193 300.00 0.197710
31 44 300.00 0.310833
193 31 300.00 0.197710
193 191 300.00 0.133453
193 194 300.00 0.182473
44 31 300.00 0.310833
44 53 300.00 0.296107
44 147 300.00 0.120233
41 32 300.00 0.341450
41 51 300.00 0.327217
41 48 300.00 0.330770
51 32 300.00 0.652097
51 41 300.00 0.327217
51 56 300.00 0.119110
42 33 300.00 0.321600
42 285 300.00 0.046813
42 40 300.00 0.144207
39 35 300.00 0.164940
39 46 300.00 0.236640
39 49 300.00 0.274880
147 35 300.00 0.286507
147 44 300.00 0.120233
147 49 300.00 0.177350
147 306 300.00 0.315540
48 36 300.00 0.332440
48 41 300.00 0.330770
48 60 300.00 0.310407
48 55 300.00 0.332320
291 36 300.00 0.322783
291 55 300.00 0.325663
291 316 300.00 0.233897
291 314 300.00 0.193347
222 220 300.00 0.243750
222 223 300.00 0.396307
46 39 300.00 0.236640
46 43 300.00 0.060320
46 52 300.00 0.271817
49 39 300.00 0.274880
49 63 300.00 0.328377
49 147 300.00 0.177350
313 312 300.00 0.050493
313 143 300.00 0.076303
285 42 300.00 0.046813
285 283 300.00 0.391830
47 43 300.00 0.081767
47 50 300.00 0.136707
47 59 300.00 0.276787
43 47 300.00 0.081767
43 46 300.00 0.060320
43 189 300.00 0.322943
53 44 300.00 0.296107
53 57 300.00 0.049843
53 284 300.00 0.132497
292 45 300.00 0.051693
292 218 300.00 0.213307
292 293 300.00 0.192090
52 46 300.00 0.271817
52 64 300.00 0.307737
52 58 300.00 0.122347
50 47 300.00 0.136707
50 154 300.00 0.070967
50 150 300.00 0.276507
59 47 300.00 0.276787
59 58 300.00 0.017997
59 151 300.00 0.087383
60 48 300.00 0.310407
55 48 300.00 0.332320
55 291 300.00 0.325663
55 185 300.00 0.349917
55 69 300.00 0.430697
63 49 300.00 0.328377
63 148 300.00 0.148520
154 50 300.00 0.070967
154 54 300.00 0.130183
154 153 300.00 0.269003
150 50 300.00 0.276507
150 62 300.00 0.079150
150 151 300.00 0.022550
56 51 300.00 0.119110
56 61 300.00 0.201670
56 69 300.00 0.674500
64 52 300.00 0.307737
64 295 300.00 0.045080
64 63 300.00 0.076220
58 52 300.00 0.122347
58 67 300.00 0.312023
58 59 300.00 0.017997
57 53 300.00 0.049843
57 127 300.00 0.208593
57 149 300.00 0.153333
284 283 300.00 0.048603
284 42 300.00 0.392753
61 54 300.00 0.246167
61 56 300.00 0.201670
61 65 300.00 0.086013
54 61 300.00 0.246167
54 154 300.00 0.130183
54 167 300.00 0.112227
167 54 300.00 0.112227
167 165 300.00 0.077247
167 274 300.00 0.331243
185 55 300.00 0.349917
185 184 300.00 0.958340
185 186 300.00 0.312157
69 55 300.00 0.430697
69 56 300.00 0.674500
69 187 300.00 0.335167
69 183 300.00 0.212000
127 57 300.00 0.208593
127 73 300.00 0.414610
127 76 300.00 0.644050
149 148 300.00 0.046997
149 295 300.00 0.216290
67 58 300.00 0.312023
67 64 300.00 0.132760
151 59 300.00 0.087383
151 150 300.00 0.022550
151 152 300.00 0.323843
65 61 300.00 0.086013
65 156 300.00 0.315873
65 274 300.00 0.107067
70 62 300.00 0.311287
70 152 300.00 0.132607
62 70 300.00 0.311287
62 150 300.00 0.079150
62 153 300.00 0.019580
153 62 300.00 0.019580
153 66 300.00 0.128093
153 154 300.00 0.269003
148 306 300.00 0.034380
148 149 300.00 0.046997
295 64 300.00 0.045080
295 296 300.00 0.484480
156 65 300.00 0.315873
156 72 300.00 0.185123
156 168 300.00 0.114623
274 65 300.00 0.107067
274 167 300.00 0.331243
274 168 300.00 0.318400
274 275 300.00 0.076183
159 66 300.00 0.129533
159 157 300.00 0.076347
159 276 300.00 0.334350
66 159 300.00 0.129533
66 165 300.00 0.088943
66 153 300.00 0.128093
66 161 300.00 0.335510
165 66 300.00 0.088943
165 167 300.00 0.077247
165 275 300.00 0.333587
161 66 300.00 0.335510
161 162 300.00 0.053287
161 275 300.00 0.087383
161 164 300.00 0.318820
125 68 300.00 0.086813
125 73 300.00 0.132670
125 126 300.00 0.160030
68 125 300.00 0.086813
68 124 300.00 0.390167
68 303 300.00 0.562883
68 78 300.00 0.402547
124 68 300.00 0.390167
303 68 300.00 0.562883
303 122 300.00 0.079440
78 68 300.00 0.402547
78 74 300.00 0.215317
78 81 300.00 0.220500
78 94 300.00 0.717583
187 69 300.00 0.335167
187 181 300.00 0.412583
187 186 300.00 0.114833
183 69 300.00 0.212000
183 72 300.00 0.082760
183 170 300.00 0.092843
152 151 300.00 0.323843
152 67 300.00 0.067827
296 71 300.00 0.057120
296 135 300.00 0.692180
71 296 300.00 0.057120
71 157 300.00 0.094417
71 70 300.00 0.147517
157 71 300.00 0.094417
157 159 300.00 0.076347
157 277 300.00 0.333007
72 183 300.00 0.082760
72 156 300.00 0.185123
72 83 300.00 0.581283
83 72 300.00 0.581283
83 86 300.00 0.049507
83 155 300.00 0.184173
73 125 300.00 0.132670
73 75 300.00 0.228067
73 81 300.00 0.394387
73 127 300.00 0.414610
75 73 300.00 0.228067
75 76 300.00 0.036163
75 85 300.00 0.395323
81 73 300.00 0.394387
81 78 300.00 0.220500
81 85 300.00 0.241060
81 97 300.00 0.712653
122 74 300.00 0.031270
122 123 300.00 0.257720
122 305 300.00 0.334367
74 122 300.00 0.031270
74 78 300.00 0.215317
74 303 300.00 0.080400
76 75 300.00 0.036163
76 79 300.00 0.193503
76 127 300.00 0.644050
85 75 300.00 0.395323
85 81 300.00 0.241060
85 89 300.00 0.231997
85 101 300.00 0.710117
79 76 300.00 0.193503
79 84 300.00 0.245700
79 89 300.00 0.393887
277 77 300.00 0.098313
277 157 300.00 0.333007
277 158 300.00 0.321787
277 276 300.00 0.074580
77 277 300.00 0.098313
77 71 300.00 0.331303
94 78 300.00 0.717583
94 97 300.00 0.232020
84 79 300.00 0.245700
84 88 300.00 0.235153
84 92 300.00 0.398203
89 79 300.00 0.393887
89 85 300.00 0.231997
89 92 300.00 0.237217
89 104 300.00 0.698833
182 80 300.00 0.333440
182 172 300.00 0.110557
182 181 300.00 0.212463
80 182 300.00 0.333440
80 170 300.00 0.319333
80 278 300.00 0.109313
170 80 300.00 0.319333
170 183 300.00 0.092843
170 171 300.00 0.112297
278 80 300.00 0.109313
278 171 300.00 0.320813
278 172 300.00 0.332980
278 279 300.00 0.075597
97 81 300.00 0.712653
97 94 300.00 0.232020
97 101 300.00 0.237673
87 82 300.00 0.320043
87 91 300.00 0.330740
87 281 300.00 0.085267
87 280 300.00 0.056673
82 87 300.00 0.320043
82 175 300.00 0.058440
82 177 300.00 0.079503
175 82 300.00 0.058440
175 173 300.00 0.088587
175 280 300.00 0.321020
177 82 300.00 0.079503
177 179 300.00 0.075757
177 281 300.00 0.320083
86 83 300.00 0.049507
86 308 300.00 0.154883
86 307 300.00 0.456890
155 77 300.00 0.317133
155 158 300.00 0.099187
88 84 300.00 0.235153
88 90 300.00 0.229927
88 96 300.00 0.400367
92 84 300.00 0.398203
92 89 300.00 0.237217
92 96 300.00 0.235790
92 106 300.00 0.683077
101 85 300.00 0.710117
101 97 300.00 0.237673
101 104 300.00 0.236713
308 86 300.00 0.154883
308 99 300.00 0.467890
308 307 300.00 0.621447
307 290 300.00 0.377253
307 308 300.00 0.621447
91 87 300.00 0.330740
91 178 300.00 0.082240
91 176 300.00 0.056560
281 87 300.00 0.085267
281 177 300.00 0.320083
281 178 300.00 0.331500
281 282 300.00 0.077377
280 87 300.00 0.056673
280 175 300.00 0.321020
280 176 300.00 0.331967
280 279 300.00 0.079327
90 88 300.00 0.229927
90 95 300.00 0.241853
90 100 300.00 0.404667
96 88 300.00 0.400367
96 92 300.00 0.235790
96 100 300.00 0.232010
96 109 300.00 0.669147
104 89 300.00 0.698833
104 101 300.00 0.236713
104 106 300.00 0.229947
95 90 300.00 0.241853
95 99 300.00 0.248870
95 103 300.00 0.408020
100 90 300.00 0.404667
100 96 300.00 0.232010
100 111 300.00 0.664893
100 103 300.00 0.250600
178 91 300.00 0.082240
178 180 300.00 0.077070
178 281 300.00 0.331500
176 91 300.00 0.056560
176 174 300.00 0.082327
176 280 300.00 0.331967
106 92 300.00 0.683077
106 104 300.00 0.229947
106 109 300.00 0.251113
282 93 300.00 0.104737
282 179 300.00 0.319493
282 180 300.00 0.329483
282 281 300.00 0.077377
93 282 300.00 0.104737
93 169 300.00 0.323497
169 83 300.00 0.180250
169 179 300.00 0.104537
99 95 300.00 0.248870
99 102 300.00 0.224367
99 107 300.00 0.411323
99 308 300.00 0.467890
103 95 300.00 0.408020
103 100 300.00 0.250600
103 107 300.00 0.233573
109 96 300.00 0.669147
109 106 300.00 0.251113
109 111 300.00 0.235817
180 98 300.00 0.110223
180 178 300.00 0.077070
180 282 300.00 0.329483
98 180 300.00 0.110223
98 93 300.00 0.324697
98 290 300.00 0.043137
290 98 300.00 0.043137
290 138 300.00 0.342093
102 99 300.00 0.224367
102 105 300.00 0.218493
102 110 300.00 0.405023
107 99 300.00 0.411323
107 103 300.00 0.233573
107 110 300.00 0.234477
107 114 300.00 0.730803
111 100 300.00 0.664893
111 109 300.00 0.235817
105 102 300.00 0.218493
105 108 300.00 0.217490
105 112 300.00 0.395967
110 102 300.00 0.405023
110 107 300.00 0.234477
110 112 300.00 0.235783
108 105 300.00 0.217490
108 309 300.00 0.187833
108 113 300.00 0.382847
112 105 300.00 0.395967
112 110 300.00 0.235783
112 113 300.00 0.196680
114 107 300.00 0.730803
309 108 300.00 0.187833
309 131 300.00 1.182860
309 310 300.00 0.336940
113 108 300.00 0.382847
113 112 300.00 0.196680
113 128 300.00 0.053133
113 129 300.00 0.292633
128 113 300.00 0.053133
128 128 300.00 0.394880
129 113 300.00 0.292633
129 130 300.00 0.135743
118 117 300.00 0.029483
119 115 300.00 0.564157
120 119 300.00 0.272077
121 120 300.00 0.715093
123 122 300.00 0.257720
305 304 300.00 0.036790
126 125 300.00 0.160030
130 129 300.00 0.135743
131 133 300.00 0.154507
131 309 300.00 1.182860
133 315 300.00 0.127263
133 0 300.00 0.401157
132 131 300.00 0.079520
132 319 300.00 0.375397
319 132 300.00 0.375397
315 133 300.00 0.127263
312 285 300.00 0.166777
312 313 300.00 0.050493
135 86 300.00 0.131927
135 136 300.00 0.218350
136 135 300.00 0.218350
137 132 300.00 0.482497
138 137 300.00 0.590023
138 288 300.00 0.038430
288 138 300.00 0.038430
288 98 300.00 0.337070
139 34 300.00 0.058883
139 140 300.00 0.320230
143 139 300.00 0.100640
143 144 300.00 0.321627
306 147 300.00 0.315540
306 53 300.00 0.123303
158 155 300.00 0.099187
158 160 300.00 0.075807
158 277 300.00 0.321787
168 156 300.00 0.114623
168 166 300.00 0.073433
168 274 300.00 0.318400
160 158 300.00 0.075807
160 163 300.00 0.087373
160 276 300.00 0.320023
276 159 300.00 0.334350
276 160 300.00 0.320023
276 162 300.00 0.081850
276 277 300.00 0.074580
163 160 300.00 0.087373
163 162 300.00 0.320383
163 164 300.00 0.051530
162 161 300.00 0.053287
162 276 300.00 0.081850
162 163 300.00 0.320383
275 161 300.00 0.087383
275 165 300.00 0.333587
275 166 300.00 0.319013
275 274 300.00 0.076183
164 161 300.00 0.318820
164 163 300.00 0.051530
164 166 300.00 0.080087
166 164 300.00 0.080087
166 168 300.00 0.073433
166 275 300.00 0.319013
179 169 300.00 0.104537
179 177 300.00 0.075757
179 282 300.00 0.319493
171 170 300.00 0.112297
171 173 300.00 0.067457
171 278 300.00 0.320813
173 171 300.00 0.067457
173 175 300.00 0.088587
173 279 300.00 0.325147
174 172 300.00 0.074207
174 176 300.00 0.082327
174 279 300.00 0.332533
172 174 300.00 0.074207
172 182 300.00 0.110557
172 278 300.00 0.332980
279 173 300.00 0.325147
279 174 300.00 0.332533
279 278 300.00 0.075597
279 280 300.00 0.079327
181 187 300.00 0.412583
181 317 300.00 0.101967
181 182 300.00 0.212463
317 181 300.00 0.101967
184 185 300.00 0.958340
184 294 300.00 0.263687
184 293 300.00 0.718673
294 184 300.00 0.263687
294 289 300.00 1.622783
293 184 300.00 0.718673
293 292 300.00 0.192090
293 316 300.00 0.099640
186 185 300.00 0.312157
186 187 300.00 0.114833
186 188 300.00 0.118247
188 186 300.00 0.118247
205 189 300.00 0.329430
205 191 300.00 0.346537
205 272 300.00 0.339000
269 190 300.00 0.340783
269 192 300.00 0.341060
269 197 300.00 0.327997
269 268 300.00 0.330533
190 269 300.00 0.340783
190 196 300.00 0.325710
190 198 300.00 0.325340
190 191 300.00 0.339073
198 190 300.00 0.325340
198 195 300.00 0.360010
198 268 300.00 0.345930
191 190 300.00 0.339073
191 193 300.00 0.133453
191 205 300.00 0.346537
191 192 300.00 0.342910
192 191 300.00 0.342910
192 269 300.00 0.341060
192 272 300.00 0.323030
192 273 300.00 0.338613
194 193 300.00 0.182473
195 198 300.00 0.360010
195 200 300.00 0.396807
195 268 300.00 0.623330
200 195 300.00 0.396807
200 298 300.00 0.030130
268 195 300.00 0.623330
268 198 300.00 0.345930
268 202 300.00 0.305293
268 269 300.00 0.330533
197 273 300.00 0.330273
197 199 300.00 0.340490
197 269 300.00 0.327997
199 197 300.00 0.340490
199 203 300.00 0.229363
199 202 300.00 0.018493
203 199 300.00 0.229363
202 199 300.00 0.018493
202 201 300.00 0.266723
202 268 300.00 0.305293
201 202 300.00 0.266723
211 207 300.00 0.256953
210 208 300.00 0.030617
210 209 300.00 0.200547
210 212 300.00 0.198050
214 212 300.00 0.073233
214 213 300.00 0.265067
214 216 300.00 0.266167
213 214 300.00 0.265067
219 218 300.00 0.702653
219 294 300.00 0.040100
220 219 300.00 0.230077
220 221 300.00 0.476753
221 220 300.00 0.476753
223 222 300.00 0.396307
224 227 300.00 0.269960
271 225 300.00 0.348160
271 232 300.00 0.219397
271 236 300.00 0.349057
271 270 300.00 0.329530
226 270 300.00 0.342383
226 230 300.00 0.020790
226 227 300.00 0.219523
230 226 300.00 0.020790
230 228 300.00 0.737030
230 229 300.00 0.237477
228 230 300.00 0.737030
228 261 300.00 0.300183
229 230 300.00 0.237477
233 231 300.00 0.098963
233 232 300.00 0.213797
233 234 300.00 0.119023
232 271 300.00 0.219397
232 234 300.00 0.095537
232 233 300.00 0.213797
235 270 300.00 0.343127
235 236 300.00 0.336703
238 237 300.00 0.177133
265 237 300.00 0.604243
265 241 300.00 0.619960
265 243 300.00 0.213817
265 266 300.00 0.332717
264 237 300.00 0.829253
264 240 300.00 0.140730
264 244 300.00 0.103280
264 248 300.00 0.117063
253 239 300.00 0.307343
253 252 300.00 0.162387
253 254 300.00 0.426520
239 253 300.00 0.307343
239 262 300.00 0.618223
239 246 300.00 0.435833
239 241 300.00 0.356500
262 239 300.00 0.618223
262 258 300.00 0.345863
246 239 300.00 0.435833
246 248 300.00 0.076987
246 247 300.00 0.104423
240 264 300.00 0.140730
258 241 300.00 0.619033
258 262 300.00 0.345863
258 259 300.00 0.233213
243 242 300.00 0.248733
243 244 300.00 0.030540
243 265 300.00 0.213817
242 243 300.00 0.248733
244 243 300.00 0.030540
244 264 300.00 0.103280
244 247 300.00 0.191870
247 244 300.00 0.191870
247 245 300.00 0.078433
247 246 300.00 0.104423
245 247 300.00 0.078433
248 246 300.00 0.076987
248 264 300.00 0.117063
248 249 300.00 0.169473
249 248 300.00 0.169473
252 253 300.00 0.162387
252 255 300.00 0.538197
252 254 300.00 0.357040
254 252 300.00 0.357040
254 253 300.00 0.426520
254 263 300.00 0.666827
263 254 300.00 0.666827
256 255 300.00 0.313937
256 257 300.00 0.286960
257 256 300.00 0.286960
260 259 300.00 0.494623
283 57 300.00 0.140427
283 284 300.00 0.048603
286 311 300.00 0.336610
311 287 300.00 0.443357
289 137 300.00 0.055617
289 288 300.00 0.580060
316 291 300.00 0.233897
316 293 300.00 0.099640
316 318 300.00 0.193180
297 298 300.00 0.173583
299 300 300.00 0.160550
301 302 300.00 0.160477
304 74 300.00 0.337343
304 305 300.00 0.036790
310 309 300.00 0.336940
318 316 300.00 0.193180
