87 0 300.00 0.392850
87 84 300.00 0.334020
87 85 300.00 0.027950
0 87 300.00 0.392850
0 91 300.00 0.253977
0 20 300.00 0.438660
91 0 300.00 0.253977
91 88 300.00 0.710630
91 93 300.00 0.227333
20 0 300.00 0.438660
20 158 300.00 0.167577
20 350 300.00 0.031867
320 1 300.00 0.020100
320 327 300.00 0.029407
1 320 300.00 0.020100
1 104 300.00 0.134677
104 330 300.00 0.032497
104 106 300.00 0.172397
104 118 300.00 0.470213
236 2 300.00 0.321117
236 238 300.00 0.198587
236 237 300.00 0.219720
2 236 300.00 0.321117
2 339 300.00 0.011930
2 145 300.00 0.223747
339 2 300.00 0.011930
339 144 300.00 0.519113
339 237 300.00 0.228347
145 2 300.00 0.223747
145 147 300.00 0.371810
145 150 300.00 0.239537
102 3 300.00 0.252760
102 99 300.00 0.695123
102 103 300.00 0.130967
3 102 300.00 0.252760
3 174 300.00 0.079197
3 19 300.00 0.698660
174 3 300.00 0.079197
174 95 300.00 0.172050
174 175 300.00 0.270007
19 3 300.00 0.698660
19 5 300.00 0.576273
19 97 300.00 0.169863
19 92 300.00 0.248710
334 4 300.00 0.007993
334 18 300.00 0.713987
334 103 300.00 0.188960
4 334 300.00 0.007993
4 355 300.00 0.067920
4 177 300.00 0.559367
355 4 300.00 0.067920
355 340 300.00 0.320447
177 4 300.00 0.559367
177 175 300.00 0.221647
177 208 300.00 0.458580
5 94 300.00 0.164397
5 19 300.00 0.576273
94 96 300.00 0.176573
94 261 300.00 0.271453
65 6 300.00 0.239187
65 52 300.00 0.537693
65 68 300.00 0.218547
65 86 300.00 0.752133
6 65 300.00 0.239187
6 60 300.00 0.045560
6 313 300.00 0.607823
60 6 300.00 0.045560
60 58 300.00 0.241533
60 8 300.00 0.755617
313 314 300.00 0.044583
313 17 300.00 0.054543
7 10 300.00 0.048067
7 43 300.00 0.873690
10 25 300.00 0.226470
43 40 300.00 0.229017
43 310 300.00 0.044977
43 290 300.00 0.081330
82 8 300.00 0.241473
82 76 300.00 0.233047
82 148 300.00 0.189580
8 82 300.00 0.241473
8 9 300.00 0.050877
8 154 300.00 0.169860
9 8 300.00 0.050877
9 86 300.00 0.223510
9 6 300.00 0.756187
154 152 300.00 0.453530
154 231 300.00 0.174193
86 9 300.00 0.223510
86 65 300.00 0.752133
86 350 300.00 0.228157
25 29 300.00 0.208563
25 13 300.00 0.315337
171 11 300.00 0.176293
171 169 300.00 0.158150
171 288 300.00 0.476290
11 171 300.00 0.176293
11 345 300.00 0.025783
11 337 300.00 0.456863
345 11 300.00 0.025783
345 196 300.00 0.306403
345 197 300.00 0.212003
337 11 300.00 0.456863
337 195 300.00 0.249143
337 233 300.00 0.054840
337 288 300.00 0.169167
351 12 300.00 0.038850
12 351 300.00 0.038850
12 18 300.00 0.586083
12 299 300.00 0.227543
18 12 300.00 0.586083
18 334 300.00 0.713987
18 101 300.00 0.224073
299 12 300.00 0.227543
13 33 300.00 0.264017
33 29 300.00 0.479773
33 37 300.00 0.286830
52 14 300.00 0.253377
52 17 300.00 0.273780
52 65 300.00 0.537693
14 52 300.00 0.253377
14 283 300.00 0.015813
14 59 300.00 0.209523
283 14 300.00 0.015813
283 281 300.00 0.144877
283 284 300.00 0.180493
59 14 300.00 0.209523
59 66 300.00 0.606447
59 68 300.00 0.212147
115 15 300.00 0.085773
115 111 300.00 0.546277
115 120 300.00 0.086980
15 115 300.00 0.085773
15 332 300.00 0.047353
332 316 300.00 0.321873
123 16 300.00 0.065477
123 116 300.00 0.545287
123 127 300.00 0.081690
16 123 300.00 0.065477
16 120 300.00 0.027297
16 23 300.00 0.702267
120 16 300.00 0.027297
120 113 300.00 0.545823
120 115 300.00 0.086980
23 16 300.00 0.702267
23 21 300.00 0.204457
23 28 300.00 0.221433
23 26 300.00 0.672783
296 17 300.00 0.049987
296 314 300.00 0.074933
17 296 300.00 0.049987
17 52 300.00 0.273780
17 140 300.00 0.080577
140 275 300.00 0.091437
140 141 300.00 0.213700
101 18 300.00 0.224073
101 99 300.00 0.110550
101 103 300.00 0.701400
97 19 300.00 0.169863
97 360 300.00 0.118640
97 99 300.00 0.082093
92 19 300.00 0.248710
92 89 300.00 0.570503
92 90 300.00 0.250580
92 95 300.00 0.703727
158 20 300.00 0.167577
158 160 300.00 0.171950
158 289 300.00 0.473073
350 20 300.00 0.031867
350 81 300.00 0.277677
350 86 300.00 0.228157
21 23 300.00 0.204457
21 312 300.00 0.133360
312 293 300.00 0.277727
26 22 300.00 0.221417
26 23 300.00 0.672783
26 30 300.00 0.206617
22 26 300.00 0.221417
22 7 300.00 0.236663
28 23 300.00 0.221433
28 24 300.00 0.705577
28 32 300.00 0.217847
28 30 300.00 0.675477
129 24 300.00 0.018443
129 125 300.00 0.544293
129 132 300.00 0.089103
24 129 300.00 0.018443
24 127 300.00 0.077153
24 28 300.00 0.705577
127 24 300.00 0.077153
127 121 300.00 0.544860
127 123 300.00 0.081690
29 25 300.00 0.208563
29 33 300.00 0.479773
29 34 300.00 0.221547
30 26 300.00 0.206617
30 28 300.00 0.675477
30 35 300.00 0.217467
133 27 300.00 0.035717
133 130 300.00 0.543403
133 132 300.00 0.077387
27 133 300.00 0.035717
27 32 300.00 0.708887
27 31 300.00 0.206967
32 27 300.00 0.708887
32 28 300.00 0.217847
32 36 300.00 0.213853
32 35 300.00 0.678550
31 27 300.00 0.206967
31 260 300.00 0.082913
31 305 300.00 0.085310
31 36 300.00 0.712050
34 29 300.00 0.221547
34 37 300.00 0.661767
34 38 300.00 0.221403
35 30 300.00 0.217467
35 32 300.00 0.678550
35 40 300.00 0.225260
260 31 300.00 0.082913
260 259 300.00 0.713897
260 302 300.00 0.061037
260 305 300.00 0.122830
305 31 300.00 0.085310
305 134 300.00 0.475320
305 260 300.00 0.122830
36 31 300.00 0.712050
36 32 300.00 0.213853
36 259 300.00 0.072873
36 40 300.00 0.681323
37 34 300.00 0.661767
37 317 300.00 0.169997
38 34 300.00 0.221403
38 44 300.00 0.845103
38 42 300.00 0.122690
40 35 300.00 0.225260
40 36 300.00 0.681323
40 43 300.00 0.229017
259 36 300.00 0.072873
259 256 300.00 0.231743
259 290 300.00 0.924983
259 260 300.00 0.713897
317 44 300.00 0.117010
44 38 300.00 0.845103
44 47 300.00 0.144517
42 38 300.00 0.122690
42 39 300.00 0.225700
42 279 300.00 0.414813
42 277 300.00 0.079020
39 42 300.00 0.225700
39 10 300.00 0.785720
253 41 300.00 0.295273
253 45 300.00 0.413667
253 255 300.00 0.134427
41 253 300.00 0.295273
41 139 300.00 0.095390
41 302 300.00 0.279590
139 41 300.00 0.095390
139 46 300.00 0.156017
139 138 300.00 0.136037
302 41 300.00 0.279590
302 135 300.00 0.157273
302 260 300.00 0.061037
279 42 300.00 0.414813
279 274 300.00 0.142963
279 278 300.00 0.099853
277 42 300.00 0.079020
277 359 300.00 0.055683
277 278 300.00 0.407183
277 358 300.00 0.231513
310 43 300.00 0.044977
310 39 300.00 0.083713
290 259 300.00 0.924983
290 296 300.00 0.144910
47 315 300.00 0.148200
47 274 300.00 0.385283
45 253 300.00 0.413667
45 48 300.00 0.680557
45 49 300.00 0.246053
45 256 300.00 0.123030
48 45 300.00 0.680557
48 53 300.00 0.241970
48 50 300.00 0.226693
49 45 300.00 0.246053
49 46 300.00 0.706350
49 53 300.00 0.680517
49 54 300.00 0.237723
256 45 300.00 0.123030
256 257 300.00 0.306077
256 259 300.00 0.231743
46 49 300.00 0.706350
46 303 300.00 0.296427
46 245 300.00 0.154577
46 139 300.00 0.156017
303 46 300.00 0.296427
303 246 300.00 0.289170
303 304 300.00 0.151807
245 46 300.00 0.154577
245 51 300.00 0.087903
245 304 300.00 0.294690
315 267 300.00 0.232097
274 47 300.00 0.385283
274 273 300.00 0.107997
274 279 300.00 0.142963
53 48 300.00 0.241970
53 49 300.00 0.680517
53 58 300.00 0.239783
50 48 300.00 0.226693
50 60 300.00 0.484890
54 49 300.00 0.237723
54 51 300.00 0.703890
54 58 300.00 0.678997
54 61 300.00 0.285207
51 54 300.00 0.703890
51 243 300.00 0.068877
51 245 300.00 0.087903
243 51 300.00 0.068877
243 241 300.00 0.160923
243 242 300.00 0.588463
58 53 300.00 0.239783
58 54 300.00 0.678997
58 60 300.00 0.241533
58 69 300.00 0.287787
61 54 300.00 0.285207
61 55 300.00 0.701257
61 69 300.00 0.680677
61 71 300.00 0.235333
55 61 300.00 0.701257
55 239 300.00 0.106233
55 241 300.00 0.045700
239 55 300.00 0.106233
239 63 300.00 0.136793
239 238 300.00 0.346867
241 55 300.00 0.045700
241 240 300.00 0.497500
241 243 300.00 0.160923
56 306 300.00 0.136417
56 57 300.00 0.213360
306 57 300.00 0.317743
306 262 300.00 0.137463
57 56 300.00 0.213360
57 263 300.00 0.048000
57 306 300.00 0.317743
263 57 300.00 0.048000
263 62 300.00 0.189540
263 262 300.00 0.476930
263 264 300.00 0.210480
69 58 300.00 0.287787
69 61 300.00 0.680677
69 76 300.00 0.238990
66 59 300.00 0.606447
66 64 300.00 0.044113
66 70 300.00 0.116947
68 59 300.00 0.212147
68 65 300.00 0.218547
68 74 300.00 0.779220
68 75 300.00 0.237057
71 61 300.00 0.235333
71 63 300.00 0.698787
71 76 300.00 0.678343
71 78 300.00 0.248787
64 62 300.00 0.135203
64 66 300.00 0.044113
64 265 300.00 0.122847
62 64 300.00 0.135203
62 264 300.00 0.221593
62 263 300.00 0.189540
264 62 300.00 0.221593
264 263 300.00 0.210480
264 309 300.00 0.085797
264 268 300.00 0.099063
63 71 300.00 0.698787
63 237 300.00 0.026440
63 239 300.00 0.136793
237 63 300.00 0.026440
237 236 300.00 0.219720
237 339 300.00 0.228347
265 64 300.00 0.122847
265 266 300.00 0.182150
265 281 300.00 0.373537
70 66 300.00 0.116947
70 308 300.00 0.179110
70 73 300.00 0.131040
67 72 300.00 0.114930
67 308 300.00 0.431613
72 311 300.00 0.123980
72 79 300.00 0.571900
308 67 300.00 0.431613
308 70 300.00 0.179110
308 307 300.00 0.073193
74 68 300.00 0.779220
74 73 300.00 0.031330
74 80 300.00 0.235140
75 68 300.00 0.237057
75 80 300.00 0.772757
75 81 300.00 0.236857
76 69 300.00 0.238990
76 71 300.00 0.678343
76 82 300.00 0.233047
73 70 300.00 0.131040
73 74 300.00 0.031330
73 79 300.00 0.173033
78 71 300.00 0.248787
78 146 300.00 0.213277
78 144 300.00 0.177163
311 77 300.00 0.110710
79 72 300.00 0.571900
79 73 300.00 0.173033
79 84 300.00 0.234927
80 74 300.00 0.235140
80 75 300.00 0.772757
80 85 300.00 0.236090
81 75 300.00 0.236857
81 85 300.00 0.776323
81 350 300.00 0.277677
77 297 300.00 0.142033
77 84 300.00 0.569820
297 83 300.00 0.093233
84 77 300.00 0.569820
84 79 300.00 0.234927
84 87 300.00 0.334020
84 88 300.00 0.240980
146 78 300.00 0.213277
146 149 300.00 0.175770
146 148 300.00 0.283867
144 78 300.00 0.177163
144 147 300.00 0.168713
144 339 300.00 0.519113
85 80 300.00 0.236090
85 81 300.00 0.776323
85 87 300.00 0.027950
148 82 300.00 0.189580
148 146 300.00 0.283867
148 152 300.00 0.178343
83 348 300.00 0.230797
83 88 300.00 0.568217
348 346 300.00 0.035617
348 347 300.00 0.026623
88 83 300.00 0.568217
88 84 300.00 0.240980
88 91 300.00 0.710630
88 90 300.00 0.233320
90 88 300.00 0.233320
90 93 300.00 0.704570
90 346 300.00 0.532320
90 92 300.00 0.250580
89 298 300.00 0.137930
89 92 300.00 0.570503
298 5 300.00 0.179507
93 90 300.00 0.704570
93 91 300.00 0.227333
93 95 300.00 0.251573
93 170 300.00 0.266440
346 90 300.00 0.532320
346 347 300.00 0.035577
95 92 300.00 0.703727
95 93 300.00 0.251573
95 174 300.00 0.172050
170 93 300.00 0.266440
170 173 300.00 0.221223
170 172 300.00 0.405297
170 335 300.00 0.387647
96 351 300.00 0.027273
96 100 300.00 0.308933
261 94 300.00 0.271453
261 100 300.00 0.167747
261 360 300.00 0.189460
100 96 300.00 0.308933
100 98 300.00 0.187310
100 261 300.00 0.167747
360 97 300.00 0.118640
360 98 300.00 0.094560
360 261 300.00 0.189460
99 97 300.00 0.082093
99 98 300.00 0.102510
99 102 300.00 0.695123
99 101 300.00 0.110550
98 99 300.00 0.102510
98 100 300.00 0.187310
98 360 300.00 0.094560
103 101 300.00 0.701400
103 102 300.00 0.130967
103 334 300.00 0.188960
330 104 300.00 0.032497
330 1 300.00 0.169433
106 107 300.00 0.094667
106 295 300.00 0.033830
106 318 300.00 0.227550
118 104 300.00 0.470213
118 117 300.00 0.067033
118 119 300.00 0.134653
105 320 300.00 0.076750
105 328 300.00 0.025527
328 105 300.00 0.025527
328 329 300.00 0.226627
107 106 300.00 0.094667
107 111 300.00 0.513667
107 110 300.00 0.086247
295 106 300.00 0.033830
295 330 300.00 0.177137
318 109 300.00 0.262233
318 319 300.00 0.037327
111 107 300.00 0.513667
111 109 300.00 0.090093
111 115 300.00 0.546277
111 113 300.00 0.089037
110 107 300.00 0.086247
110 113 300.00 0.518403
110 112 300.00 0.089220
329 108 300.00 0.026390
329 324 300.00 0.229097
108 329 300.00 0.026390
108 105 300.00 0.222250
294 109 300.00 0.040213
294 319 300.00 0.259693
109 294 300.00 0.040213
109 111 300.00 0.090093
109 331 300.00 0.272737
331 15 300.00 0.273910
113 110 300.00 0.518403
113 111 300.00 0.089037
113 120 300.00 0.545823
113 116 300.00 0.086150
112 110 300.00 0.089220
112 116 300.00 0.517207
112 114 300.00 0.084350
116 112 300.00 0.517207
116 113 300.00 0.086150
116 123 300.00 0.545287
116 121 300.00 0.087607
114 112 300.00 0.084350
114 121 300.00 0.521030
114 117 300.00 0.084677
121 114 300.00 0.521030
121 116 300.00 0.087607
121 127 300.00 0.544860
121 125 300.00 0.081897
117 114 300.00 0.084677
117 118 300.00 0.067033
117 125 300.00 0.526713
117 122 300.00 0.091603
125 117 300.00 0.526713
125 121 300.00 0.081897
125 129 300.00 0.544293
125 128 300.00 0.086187
122 117 300.00 0.091603
122 128 300.00 0.520057
122 126 300.00 0.117987
119 118 300.00 0.134653
119 324 300.00 0.022383
119 108 300.00 0.225303
324 119 300.00 0.022383
324 325 300.00 0.123857
128 122 300.00 0.520057
128 125 300.00 0.086187
128 132 300.00 0.543867
128 130 300.00 0.089423
126 122 300.00 0.117987
126 326 300.00 0.024053
126 321 300.00 0.118583
287 124 300.00 0.102157
287 130 300.00 0.326447
287 286 300.00 0.072173
124 287 300.00 0.102157
326 126 300.00 0.024053
326 131 300.00 0.193547
321 325 300.00 0.025910
321 119 300.00 0.117890
132 128 300.00 0.543867
132 129 300.00 0.089103
132 133 300.00 0.077387
130 128 300.00 0.089423
130 287 300.00 0.326447
130 133 300.00 0.543403
130 285 300.00 0.090047
285 130 300.00 0.090047
285 134 300.00 0.106067
285 286 300.00 0.340907
322 131 300.00 0.027137
322 286 300.00 0.039313
322 126 300.00 0.198693
131 322 300.00 0.027137
131 323 300.00 0.109967
323 131 300.00 0.109967
323 134 300.00 0.376967
323 136 300.00 0.522170
134 285 300.00 0.106067
134 323 300.00 0.376967
134 305 300.00 0.475320
250 135 300.00 0.107893
250 248 300.00 0.106060
250 249 300.00 0.454550
135 250 300.00 0.107893
135 302 300.00 0.157273
135 249 300.00 0.556537
249 135 300.00 0.556537
249 247 300.00 0.099317
249 250 300.00 0.454550
252 136 300.00 0.158890
252 137 300.00 0.145440
252 251 300.00 0.217373
136 252 300.00 0.158890
136 323 300.00 0.522170
136 362 300.00 0.787697
362 136 300.00 0.787697
362 240 300.00 0.181753
362 242 300.00 0.013420
251 137 300.00 0.090143
251 246 300.00 0.067617
251 252 300.00 0.217373
137 251 300.00 0.090143
137 300 300.00 0.125720
137 138 300.00 0.453830
137 252 300.00 0.145440
300 137 300.00 0.125720
300 247 300.00 0.105207
300 301 300.00 0.465847
138 137 300.00 0.453830
138 301 300.00 0.106913
138 139 300.00 0.136037
301 138 300.00 0.106913
301 248 300.00 0.115520
301 300 300.00 0.465847
275 358 300.00 0.027590
275 359 300.00 0.226910
141 140 300.00 0.213700
141 142 300.00 0.384663
141 359 300.00 0.138293
141 284 300.00 0.385590
142 141 300.00 0.384663
142 143 300.00 0.117953
142 280 300.00 0.092530
359 141 300.00 0.138293
359 275 300.00 0.226910
359 277 300.00 0.055683
359 280 300.00 0.398833
284 141 300.00 0.385590
284 143 300.00 0.086420
284 283 300.00 0.180493
143 142 300.00 0.117953
143 284 300.00 0.086420
143 357 300.00 0.168407
143 281 300.00 0.165073
280 142 300.00 0.092530
280 276 300.00 0.198760
280 278 300.00 0.107183
280 359 300.00 0.398833
357 143 300.00 0.168407
357 266 300.00 0.293467
357 282 300.00 0.106523
281 143 300.00 0.165073
281 265 300.00 0.373537
281 283 300.00 0.144877
147 144 300.00 0.168713
147 145 300.00 0.371810
147 151 300.00 0.177820
147 149 300.00 0.392787
150 145 300.00 0.239537
150 151 300.00 0.216783
150 155 300.00 0.268343
149 146 300.00 0.175770
149 147 300.00 0.392787
149 349 300.00 0.011420
151 147 300.00 0.177820
151 150 300.00 0.216783
151 153 300.00 0.384557
152 148 300.00 0.178343
152 349 300.00 0.282913
152 154 300.00 0.453530
152 156 300.00 0.166830
349 149 300.00 0.011420
349 152 300.00 0.282913
349 153 300.00 0.149273
155 150 300.00 0.268343
155 161 300.00 0.439230
155 157 300.00 0.387670
153 151 300.00 0.384557
153 157 300.00 0.176260
153 349 300.00 0.149273
156 152 300.00 0.166830
156 336 300.00 0.161317
156 231 300.00 0.445043
157 153 300.00 0.176260
157 155 300.00 0.387670
157 336 300.00 0.294597
157 235 300.00 0.157673
231 156 300.00 0.445043
231 228 300.00 0.045377
231 162 300.00 0.164603
161 155 300.00 0.439230
161 235 300.00 0.045097
161 168 300.00 0.324573
336 156 300.00 0.161317
336 157 300.00 0.294597
336 159 300.00 0.011787
235 157 300.00 0.157673
235 161 300.00 0.045097
235 163 300.00 0.295970
160 158 300.00 0.171950
160 164 300.00 0.146577
160 228 300.00 0.479190
160 335 300.00 0.243473
289 158 300.00 0.473073
289 9 300.00 0.172680
162 159 300.00 0.454050
162 229 300.00 0.041020
162 291 300.00 0.164873
159 162 300.00 0.454050
159 163 300.00 0.157650
159 336 300.00 0.011787
163 159 300.00 0.157650
163 235 300.00 0.295970
163 166 300.00 0.157197
163 291 300.00 0.450573
164 160 300.00 0.146577
164 165 300.00 0.025777
164 167 300.00 0.242807
228 160 300.00 0.479190
228 231 300.00 0.045377
228 289 300.00 0.171987
335 160 300.00 0.243473
335 167 300.00 0.140993
335 170 300.00 0.387647
168 161 300.00 0.324573
168 166 300.00 0.029160
168 344 300.00 0.288697
229 162 300.00 0.041020
229 165 300.00 0.468490
229 228 300.00 0.163433
291 163 300.00 0.450573
291 230 300.00 0.044320
291 232 300.00 0.160293
166 163 300.00 0.157197
166 234 300.00 0.247077
166 168 300.00 0.029160
165 164 300.00 0.025777
165 226 300.00 0.110230
165 229 300.00 0.468490
167 164 300.00 0.242807
167 227 300.00 0.123613
167 335 300.00 0.140993
226 165 300.00 0.110230
226 169 300.00 0.053343
226 227 300.00 0.248043
234 166 300.00 0.247077
234 232 300.00 0.206110
234 344 300.00 0.161893
227 167 300.00 0.123613
227 172 300.00 0.188643
227 226 300.00 0.248043
344 168 300.00 0.288697
344 234 300.00 0.161893
344 338 300.00 0.007770
169 226 300.00 0.053343
169 230 300.00 0.464140
169 171 300.00 0.158150
230 169 300.00 0.464140
230 229 300.00 0.165717
230 291 300.00 0.044320
173 170 300.00 0.221223
173 175 300.00 0.209987
173 176 300.00 0.554920
172 170 300.00 0.405297
172 176 300.00 0.212113
172 227 300.00 0.188643
288 171 300.00 0.476290
288 232 300.00 0.044957
288 230 300.00 0.159260
176 172 300.00 0.212113
176 173 300.00 0.554920
176 197 300.00 0.014320
175 173 300.00 0.209987
175 174 300.00 0.270007
175 177 300.00 0.221647
175 199 300.00 0.512270
199 175 300.00 0.512270
199 181 300.00 0.077553
199 198 300.00 0.228650
197 176 300.00 0.014320
197 198 300.00 0.183900
197 345 300.00 0.212003
208 177 300.00 0.458580
208 181 300.00 0.151263
208 206 300.00 0.422773
179 178 300.00 0.184733
179 180 300.00 0.166433
179 193 300.00 0.254503
178 179 300.00 0.184733
178 182 300.00 0.480093
178 195 300.00 0.225000
182 178 300.00 0.480093
182 183 300.00 0.189830
182 190 300.00 0.495333
182 189 300.00 0.461920
195 178 300.00 0.225000
195 337 300.00 0.249143
195 196 300.00 0.577513
180 179 300.00 0.166433
180 191 300.00 0.228127
180 338 300.00 0.592150
193 179 300.00 0.254503
193 183 300.00 0.235690
193 192 300.00 0.079560
191 180 300.00 0.228127
191 184 300.00 0.271513
191 192 300.00 0.125310
338 180 300.00 0.592150
338 233 300.00 0.190357
338 344 300.00 0.007770
203 181 300.00 0.034043
203 202 300.00 0.187460
203 205 300.00 0.052123
181 203 300.00 0.034043
181 199 300.00 0.077553
181 208 300.00 0.151263
183 182 300.00 0.189830
183 193 300.00 0.235690
183 194 300.00 0.106057
190 182 300.00 0.495333
190 201 300.00 0.078397
190 352 300.00 0.311990
189 182 300.00 0.461920
189 354 300.00 0.433910
189 352 300.00 0.553450
194 183 300.00 0.106057
194 184 300.00 0.149420
194 192 300.00 0.247700
184 194 300.00 0.149420
184 191 300.00 0.271513
184 185 300.00 0.372040
184 353 300.00 0.887230
185 184 300.00 0.372040
353 184 300.00 0.887230
353 187 300.00 0.540593
353 354 300.00 0.501767
201 186 300.00 0.025670
201 190 300.00 0.078397
201 210 300.00 0.147603
186 201 300.00 0.025670
186 209 300.00 0.138357
186 343 300.00 0.345893
209 186 300.00 0.138357
209 211 300.00 0.129107
209 210 300.00 0.052050
343 186 300.00 0.345893
343 342 300.00 0.136303
343 352 300.00 0.179010
188 187 300.00 0.116597
187 188 300.00 0.116597
187 354 300.00 1.045193
187 353 300.00 0.540593
354 187 300.00 1.045193
354 189 300.00 0.433910
354 353 300.00 0.501767
352 189 300.00 0.553450
352 190 300.00 0.311990
352 343 300.00 0.179010
192 191 300.00 0.125310
192 193 300.00 0.079560
192 194 300.00 0.247700
196 195 300.00 0.577513
196 198 300.00 0.057657
196 345 300.00 0.306403
196 202 300.00 0.062477
198 196 300.00 0.057657
198 197 300.00 0.183900
198 199 300.00 0.228650
202 196 300.00 0.062477
202 200 300.00 0.083393
202 203 300.00 0.187460
205 200 300.00 0.126617
205 203 300.00 0.052123
205 212 300.00 0.108687
200 205 300.00 0.126617
200 210 300.00 0.164863
200 202 300.00 0.083393
210 200 300.00 0.164863
210 201 300.00 0.147603
210 209 300.00 0.052050
221 204 300.00 0.280487
221 206 300.00 0.146050
221 340 300.00 0.266787
221 224 300.00 0.058880
204 221 300.00 0.280487
204 212 300.00 0.170360
204 214 300.00 0.097753
212 204 300.00 0.170360
212 205 300.00 0.108687
212 211 300.00 0.116460
214 204 300.00 0.097753
214 213 300.00 0.172313
214 215 300.00 0.035137
214 220 300.00 0.126380
225 206 300.00 0.095007
206 225 300.00 0.095007
206 221 300.00 0.146050
206 207 300.00 0.074770
206 208 300.00 0.422773
207 206 300.00 0.074770
211 209 300.00 0.129107
211 212 300.00 0.116460
211 213 300.00 0.025477
213 211 300.00 0.025477
213 216 300.00 0.144420
213 214 300.00 0.172313
216 213 300.00 0.144420
216 215 300.00 0.100450
216 356 300.00 0.079173
215 214 300.00 0.035137
215 216 300.00 0.100450
215 218 300.00 0.173147
220 214 300.00 0.126380
220 224 300.00 0.113927
220 223 300.00 0.148730
218 215 300.00 0.173147
218 217 300.00 0.077557
218 341 300.00 0.082463
218 219 300.00 0.110193
356 216 300.00 0.079173
356 217 300.00 0.122980
356 333 300.00 0.153873
342 217 300.00 0.069560
342 341 300.00 0.071547
342 343 300.00 0.136303
217 342 300.00 0.069560
217 356 300.00 0.122980
217 218 300.00 0.077557
341 218 300.00 0.082463
341 222 300.00 0.113437
341 342 300.00 0.071547
219 218 300.00 0.110193
219 222 300.00 0.068057
219 223 300.00 0.010433
222 219 300.00 0.068057
222 340 300.00 0.358490
222 341 300.00 0.113437
223 219 300.00 0.010433
223 220 300.00 0.148730
223 224 300.00 0.137170
224 220 300.00 0.113927
224 221 300.00 0.058880
224 223 300.00 0.137170
340 221 300.00 0.266787
340 222 300.00 0.358490
340 355 300.00 0.320447
232 234 300.00 0.206110
232 288 300.00 0.044957
232 233 300.00 0.167440
233 338 300.00 0.190357
233 337 300.00 0.054840
238 236 300.00 0.198587
238 240 300.00 0.218907
238 239 300.00 0.346867
240 238 300.00 0.218907
240 241 300.00 0.497500
240 362 300.00 0.181753
242 362 300.00 0.013420
242 244 300.00 0.155023
242 243 300.00 0.588463
244 242 300.00 0.155023
244 246 300.00 0.149073
244 304 300.00 0.287960
246 244 300.00 0.149073
246 251 300.00 0.067617
246 303 300.00 0.289170
304 244 300.00 0.287960
304 245 300.00 0.294690
304 303 300.00 0.151807
247 300 300.00 0.105207
247 249 300.00 0.099317
247 248 300.00 0.465997
248 247 300.00 0.465997
248 301 300.00 0.115520
248 250 300.00 0.106060
255 253 300.00 0.134427
255 254 300.00 0.105050
255 257 300.00 0.100613
254 255 300.00 0.105050
257 255 300.00 0.100613
257 256 300.00 0.306077
257 258 300.00 0.105230
258 257 300.00 0.105230
262 67 300.00 0.042630
262 263 300.00 0.476930
309 264 300.00 0.085797
309 266 300.00 0.076253
309 271 300.00 0.292243
268 264 300.00 0.099063
268 267 300.00 0.303627
268 269 300.00 0.068807
266 265 300.00 0.182150
266 309 300.00 0.076253
266 357 300.00 0.293467
267 56 300.00 0.160737
267 268 300.00 0.303627
269 268 300.00 0.068807
272 270 300.00 0.223463
272 271 300.00 0.118777
272 361 300.00 0.103110
272 273 300.00 0.263770
270 272 300.00 0.223463
276 271 300.00 0.076980
276 273 300.00 0.081450
276 280 300.00 0.198760
271 276 300.00 0.076980
271 309 300.00 0.292243
271 272 300.00 0.118777
361 272 300.00 0.103110
273 272 300.00 0.263770
273 276 300.00 0.081450
273 274 300.00 0.107997
358 277 300.00 0.231513
358 310 300.00 0.048950
278 277 300.00 0.407183
278 279 300.00 0.099853
278 280 300.00 0.107183
282 357 300.00 0.106523
286 285 300.00 0.340907
286 287 300.00 0.072173
286 322 300.00 0.039313
293 22 300.00 0.266530
319 318 300.00 0.037327
319 295 300.00 0.225283
314 313 300.00 0.044583
314 50 300.00 0.123423
307 308 300.00 0.073193
316 21 300.00 0.330070
327 320 300.00 0.029407
327 328 300.00 0.078790
325 321 300.00 0.025910
325 326 300.00 0.130387
333 356 300.00 0.153873
347 89 300.00 0.233357
