492 0 300.00 0.141420
492 491 300.00 0.054220
492 493 300.00 0.308447
0 492 300.00 0.141420
0 487 300.00 0.316943
487 493 300.00 0.133930
487 90 300.00 0.314910
26 2 300.00 0.156350
26 714 300.00 0.060450
26 623 300.00 0.336563
2 26 300.00 0.156350
2 645 300.00 0.212920
2 622 300.00 0.255600
2 541 300.00 0.418163
645 2 300.00 0.212920
645 22 300.00 0.620247
645 544 300.00 0.149123
622 2 300.00 0.255600
622 23 300.00 0.067467
622 623 300.00 0.168827
541 2 300.00 0.418163
541 542 300.00 0.173707
541 621 300.00 0.211770
639 3 300.00 0.222547
639 25 300.00 0.060190
639 720 300.00 0.069440
3 639 300.00 0.222547
3 24 300.00 0.278413
3 21 300.00 0.429317
24 3 300.00 0.278413
24 17 300.00 0.537050
24 23 300.00 0.254473
24 28 300.00 0.202447
21 3 300.00 0.429317
21 17 300.00 0.311643
21 20 300.00 0.299973
5 600 300.00 0.310583
600 6 300.00 0.044587
600 599 300.00 0.067060
14 6 300.00 0.275700
14 17 300.00 0.208753
14 19 300.00 0.559247
6 14 300.00 0.275700
6 13 300.00 0.557020
6 600 300.00 0.044587
13 7 300.00 0.277377
13 19 300.00 0.246927
7 13 300.00 0.277377
7 5 300.00 0.274530
9 598 300.00 0.132270
23 10 300.00 0.931403
23 24 300.00 0.254473
23 622 300.00 0.067467
10 23 300.00 0.931403
10 6 300.00 0.452420
11 597 300.00 0.286690
597 15 300.00 0.165143
597 10 300.00 0.326010
16 12 300.00 0.128470
16 15 300.00 0.765193
16 18 300.00 0.113450
16 563 300.00 0.330057
12 16 300.00 0.128470
12 721 300.00 0.470820
721 11 300.00 0.033100
19 13 300.00 0.246927
19 14 300.00 0.559247
19 20 300.00 0.076277
17 14 300.00 0.208753
17 712 300.00 0.122703
17 24 300.00 0.537050
17 21 300.00 0.311643
545 15 300.00 0.071647
545 18 300.00 0.756367
545 654 300.00 0.105847
15 545 300.00 0.071647
15 597 300.00 0.165143
15 16 300.00 0.765193
18 16 300.00 0.113450
18 564 300.00 0.065393
18 545 300.00 0.756367
563 16 300.00 0.330057
563 540 300.00 0.150113
563 564 300.00 0.186097
712 17 300.00 0.122703
564 18 300.00 0.065393
564 543 300.00 0.048023
564 563 300.00 0.186097
20 19 300.00 0.076277
20 21 300.00 0.299973
540 22 300.00 0.199320
540 563 300.00 0.150113
540 713 300.00 0.416897
22 540 300.00 0.199320
22 542 300.00 0.087277
22 543 300.00 0.111277
22 645 300.00 0.620247
542 22 300.00 0.087277
542 538 300.00 0.365010
542 541 300.00 0.173707
543 22 300.00 0.111277
543 564 300.00 0.048023
543 544 300.00 0.689857
28 24 300.00 0.202447
28 518 300.00 0.167407
28 30 300.00 0.457097
25 639 300.00 0.060190
25 29 300.00 0.216160
29 25 300.00 0.216160
29 30 300.00 0.056810
714 26 300.00 0.060450
714 27 300.00 0.020060
714 621 300.00 0.388457
623 26 300.00 0.336563
623 518 300.00 0.080050
623 622 300.00 0.168827
516 27 300.00 0.423627
516 32 300.00 0.571850
516 34 300.00 0.248817
516 518 300.00 0.101553
27 516 300.00 0.423627
27 714 300.00 0.020060
27 31 300.00 0.148753
31 27 300.00 0.148753
31 34 300.00 0.416853
31 548 300.00 0.150830
518 28 300.00 0.167407
518 516 300.00 0.101553
518 623 300.00 0.080050
30 28 300.00 0.457097
30 29 300.00 0.056810
30 32 300.00 0.204977
32 30 300.00 0.204977
32 35 300.00 0.111320
32 516 300.00 0.571850
32 36 300.00 0.594783
34 31 300.00 0.416853
34 516 300.00 0.248817
34 40 300.00 0.309880
34 39 300.00 0.558507
548 31 300.00 0.150830
548 37 300.00 0.183710
548 547 300.00 0.341010
35 32 300.00 0.111320
35 33 300.00 0.346843
35 39 300.00 0.262000
36 32 300.00 0.594783
33 35 300.00 0.346843
40 34 300.00 0.309880
40 37 300.00 0.354267
40 43 300.00 0.566557
40 517 300.00 0.215380
39 34 300.00 0.558507
39 35 300.00 0.262000
39 43 300.00 0.303677
39 41 300.00 0.553247
37 40 300.00 0.354267
37 527 300.00 0.207863
37 519 300.00 0.293443
37 548 300.00 0.183710
527 37 300.00 0.207863
527 38 300.00 0.293277
527 517 300.00 0.332597
527 528 300.00 0.170820
519 37 300.00 0.293443
519 521 300.00 0.069987
519 547 300.00 0.183907
38 527 300.00 0.293277
38 521 300.00 0.088967
38 561 300.00 0.403193
38 525 300.00 0.142157
521 38 300.00 0.088967
521 519 300.00 0.069987
561 38 300.00 0.403193
561 539 300.00 0.094107
525 38 300.00 0.142157
525 520 300.00 0.584813
525 524 300.00 0.148480
43 39 300.00 0.303677
43 40 300.00 0.566557
43 44 300.00 0.189130
41 39 300.00 0.553247
517 40 300.00 0.215380
517 42 300.00 0.132817
517 527 300.00 0.332597
42 517 300.00 0.132817
42 44 300.00 0.433050
42 680 300.00 0.158783
44 42 300.00 0.433050
44 43 300.00 0.189130
44 49 300.00 1.104813
44 45 300.00 0.137520
680 42 300.00 0.158783
680 45 300.00 0.450367
680 46 300.00 0.335163
49 44 300.00 1.104813
49 57 300.00 0.131903
45 44 300.00 0.137520
45 680 300.00 0.450367
45 57 300.00 1.080717
57 45 300.00 1.080717
57 49 300.00 0.131903
57 72 300.00 0.331960
496 46 300.00 0.104127
496 498 300.00 0.110240
496 497 300.00 0.283640
496 674 300.00 0.101153
46 496 300.00 0.104127
46 499 300.00 0.104763
46 680 300.00 0.335163
46 497 300.00 0.402833
499 46 300.00 0.104763
499 47 300.00 0.281803
499 498 300.00 0.117847
497 46 300.00 0.402833
497 496 300.00 0.283640
497 675 300.00 0.107760
51 47 300.00 0.141220
51 55 300.00 0.102427
51 500 300.00 0.198550
51 498 300.00 0.274307
47 51 300.00 0.141220
47 499 300.00 0.281803
47 50 300.00 0.279097
50 47 300.00 0.279097
50 54 300.00 0.062567
50 58 300.00 0.279643
52 48 300.00 0.217300
52 64 300.00 0.348593
52 61 300.00 0.224063
52 674 300.00 0.153083
48 52 300.00 0.217300
48 562 300.00 0.075260
48 675 300.00 0.105977
562 48 300.00 0.075260
562 53 300.00 0.127917
562 526 300.00 0.097693
675 48 300.00 0.105977
675 497 300.00 0.107760
675 674 300.00 0.234853
54 50 300.00 0.062567
54 60 300.00 0.097423
54 62 300.00 0.278353
58 50 300.00 0.279643
58 62 300.00 0.088633
58 63 300.00 0.200447
55 51 300.00 0.102427
55 674 300.00 0.413053
55 65 300.00 0.297257
55 66 300.00 0.180787
500 51 300.00 0.198550
500 60 300.00 0.093340
500 501 300.00 0.081750
498 51 300.00 0.274307
498 496 300.00 0.110240
498 499 300.00 0.117847
64 52 300.00 0.348593
64 73 300.00 0.238757
64 66 300.00 0.086463
61 52 300.00 0.224063
61 53 300.00 0.250777
61 73 300.00 0.318820
674 52 300.00 0.153083
674 55 300.00 0.413053
674 496 300.00 0.101153
674 675 300.00 0.234853
53 61 300.00 0.250777
53 56 300.00 0.109027
53 562 300.00 0.127917
56 53 300.00 0.109027
56 70 300.00 0.316203
56 76 300.00 0.578080
60 54 300.00 0.097423
60 65 300.00 0.090843
60 67 300.00 0.251640
60 500 300.00 0.093340
62 54 300.00 0.278353
62 58 300.00 0.088633
62 68 300.00 0.096127
62 515 300.00 0.197397
65 55 300.00 0.297257
65 60 300.00 0.090843
65 69 300.00 0.217607
66 55 300.00 0.180787
66 64 300.00 0.086463
66 78 300.00 0.476027
66 74 300.00 0.243547
70 56 300.00 0.316203
70 122 300.00 0.346027
70 79 300.00 0.335807
70 81 300.00 0.576953
76 56 300.00 0.578080
76 73 300.00 0.171567
76 486 300.00 0.133963
76 81 300.00 0.313820
72 57 300.00 0.331960
72 63 300.00 0.355540
72 75 300.00 0.125110
63 58 300.00 0.200447
63 72 300.00 0.355540
63 515 300.00 0.095277
67 60 300.00 0.251640
67 71 300.00 0.088523
67 68 300.00 0.027653
73 61 300.00 0.318820
73 64 300.00 0.238757
73 76 300.00 0.171567
73 74 300.00 0.108830
68 62 300.00 0.096127
68 67 300.00 0.027653
68 514 300.00 0.192803
515 62 300.00 0.197397
515 63 300.00 0.095277
515 75 300.00 0.331797
515 514 300.00 0.098487
69 65 300.00 0.217607
69 71 300.00 0.034590
69 78 300.00 0.280470
78 66 300.00 0.476027
78 69 300.00 0.280470
78 511 300.00 0.173973
78 80 300.00 0.240590
74 66 300.00 0.243547
74 73 300.00 0.108830
74 80 300.00 0.449203
71 67 300.00 0.088523
71 69 300.00 0.034590
71 677 300.00 0.258280
514 68 300.00 0.192803
514 77 300.00 0.310690
514 515 300.00 0.098487
514 677 300.00 0.057120
122 70 300.00 0.346027
122 118 300.00 0.190167
122 128 300.00 0.320040
79 70 300.00 0.335807
79 128 300.00 0.362803
79 84 300.00 0.545963
79 484 300.00 0.314740
81 70 300.00 0.576953
81 76 300.00 0.313820
81 84 300.00 0.340070
81 485 300.00 0.123817
677 71 300.00 0.258280
677 514 300.00 0.057120
677 676 300.00 0.293060
75 72 300.00 0.125110
75 77 300.00 0.103337
75 515 300.00 0.331797
80 74 300.00 0.449203
80 78 300.00 0.240590
80 83 300.00 0.237480
80 510 300.00 0.185723
77 75 300.00 0.103337
77 676 300.00 0.068907
77 514 300.00 0.310690
486 76 300.00 0.133963
486 83 300.00 0.417927
486 485 300.00 0.316367
676 77 300.00 0.068907
676 504 300.00 0.115040
676 677 300.00 0.293060
511 78 300.00 0.173973
511 508 300.00 0.085983
511 512 300.00 0.106030
128 79 300.00 0.362803
128 122 300.00 0.320040
128 124 300.00 0.184623
84 79 300.00 0.545963
84 81 300.00 0.340070
84 669 300.00 0.553800
84 644 300.00 0.272550
484 79 300.00 0.314740
484 673 300.00 0.042443
484 578 300.00 1.392403
83 80 300.00 0.237480
83 86 300.00 0.314930
83 87 300.00 0.553127
83 486 300.00 0.417927
510 80 300.00 0.185723
510 509 300.00 0.106213
510 512 300.00 0.139467
485 81 300.00 0.123817
485 86 300.00 0.433737
485 486 300.00 0.316367
85 82 300.00 0.243280
85 509 300.00 0.250163
85 494 300.00 0.302230
85 87 300.00 0.298343
82 85 300.00 0.243280
82 88 300.00 0.622410
82 504 300.00 0.249283
82 507 300.00 0.243623
88 82 300.00 0.622410
88 0 300.00 0.224403
504 82 300.00 0.249283
504 676 300.00 0.115040
504 505 300.00 0.642337
504 678 300.00 0.205977
507 82 300.00 0.243623
507 506 300.00 0.225147
507 508 300.00 0.026073
86 83 300.00 0.314930
86 669 300.00 0.341783
86 485 300.00 0.433737
86 503 300.00 0.205400
87 83 300.00 0.553127
87 85 300.00 0.298343
87 89 300.00 0.319170
87 488 300.00 0.355410
669 84 300.00 0.553800
669 86 300.00 0.341783
669 502 300.00 0.224207
669 736 300.00 0.537837
644 84 300.00 0.272550
644 643 300.00 0.492677
644 726 300.00 0.207130
509 85 300.00 0.250163
509 510 300.00 0.106213
509 513 300.00 0.132417
494 85 300.00 0.302230
494 491 300.00 0.108850
494 495 300.00 0.086607
503 86 300.00 0.205400
503 89 300.00 0.350373
503 502 300.00 0.343657
89 87 300.00 0.319170
89 503 300.00 0.350373
89 90 300.00 0.591607
488 87 300.00 0.355410
488 490 300.00 0.048223
488 489 300.00 0.157813
90 89 300.00 0.591607
90 91 300.00 0.312893
91 502 300.00 0.934277
91 587 300.00 0.370660
502 91 300.00 0.934277
502 503 300.00 0.343657
502 669 300.00 0.224207
587 586 300.00 0.169257
92 550 300.00 0.530723
384 93 300.00 0.254077
384 363 300.00 0.263307
384 624 300.00 0.780007
384 457 300.00 0.669737
93 384 300.00 0.254077
93 386 300.00 0.268580
93 455 300.00 0.112453
93 650 300.00 0.785390
386 93 300.00 0.268580
386 609 300.00 0.025050
386 456 300.00 0.108707
455 93 300.00 0.112453
455 355 300.00 0.667427
455 456 300.00 0.258627
650 93 300.00 0.785390
650 401 300.00 0.803083
650 624 300.00 0.258070
650 651 300.00 0.270157
646 94 300.00 0.244970
646 624 300.00 0.019407
646 739 300.00 0.171913
94 646 300.00 0.244970
94 289 300.00 0.787597
94 740 300.00 0.180363
94 95 300.00 0.270137
289 94 300.00 0.787597
289 96 300.00 0.263240
289 363 300.00 0.119317
289 295 300.00 0.772227
740 94 300.00 0.180363
740 737 300.00 0.156430
740 739 300.00 0.217967
95 94 300.00 0.270137
95 292 300.00 0.799667
95 96 300.00 0.797460
95 97 300.00 0.266233
292 95 300.00 0.799667
292 287 300.00 0.270863
292 291 300.00 0.499553
292 729 300.00 0.261267
96 95 300.00 0.797460
96 469 300.00 0.072810
96 289 300.00 0.263240
96 99 300.00 0.279160
97 95 300.00 0.266233
97 100 300.00 0.261307
97 729 300.00 0.791770
97 99 300.00 0.792820
469 96 300.00 0.072810
469 468 300.00 0.275047
469 471 300.00 0.115607
99 96 300.00 0.279160
99 97 300.00 0.792820
99 468 300.00 0.077823
99 103 300.00 0.263653
100 97 300.00 0.261307
100 103 300.00 0.794267
100 104 300.00 0.265897
100 730 300.00 0.787350
729 97 300.00 0.791770
729 292 300.00 0.261267
729 686 300.00 0.387440
729 730 300.00 0.270253
479 98 300.00 0.134987
479 477 300.00 0.104590
479 478 300.00 0.261493
98 479 300.00 0.134987
98 102 300.00 0.266543
98 295 300.00 0.261403
98 101 300.00 0.773940
102 98 300.00 0.266543
102 478 300.00 0.126527
102 106 300.00 0.785030
102 107 300.00 0.260650
295 98 300.00 0.261403
295 289 300.00 0.772227
295 293 300.00 0.780210
295 394 300.00 0.204257
101 98 300.00 0.773940
101 105 300.00 0.779060
101 294 300.00 0.236057
101 106 300.00 0.273420
468 99 300.00 0.077823
468 470 300.00 0.111790
468 469 300.00 0.275047
103 99 300.00 0.263653
103 100 300.00 0.794267
103 108 300.00 0.255840
103 107 300.00 0.773687
104 100 300.00 0.265897
104 108 300.00 0.796490
104 109 300.00 0.269867
104 731 300.00 0.784107
730 100 300.00 0.787350
730 284 300.00 1.011273
730 729 300.00 0.270253
730 731 300.00 0.269267
105 101 300.00 0.779060
105 724 300.00 0.286107
105 288 300.00 0.261910
105 311 300.00 0.228120
294 101 300.00 0.236057
294 290 300.00 0.791817
294 293 300.00 0.024490
106 101 300.00 0.273420
106 102 300.00 0.785030
106 288 300.00 0.782273
106 110 300.00 0.259823
478 102 300.00 0.126527
478 476 300.00 0.116963
478 479 300.00 0.261493
107 102 300.00 0.260650
107 103 300.00 0.773687
107 112 300.00 0.254440
107 110 300.00 0.777777
108 103 300.00 0.255840
108 104 300.00 0.796490
108 112 300.00 0.767047
108 113 300.00 0.264177
109 104 300.00 0.269867
109 113 300.00 0.800170
109 731 300.00 1.030767
731 104 300.00 0.784107
731 109 300.00 1.030767
731 284 300.00 0.769057
731 730 300.00 0.269267
724 105 300.00 0.286107
724 126 300.00 0.993167
724 690 300.00 0.168230
288 105 300.00 0.261910
288 106 300.00 0.782273
288 114 300.00 0.274603
311 105 300.00 0.228120
311 290 300.00 0.032883
311 691 300.00 0.299843
110 106 300.00 0.259823
110 107 300.00 0.777777
110 117 300.00 0.268127
110 114 300.00 0.797107
112 107 300.00 0.254440
112 108 300.00 0.767047
112 117 300.00 0.777443
112 119 300.00 0.272133
113 108 300.00 0.264177
113 109 300.00 0.800170
113 444 300.00 0.161020
113 448 300.00 0.396503
117 110 300.00 0.268127
117 112 300.00 0.777443
117 125 300.00 0.249860
117 630 300.00 0.680673
114 110 300.00 0.797107
114 630 300.00 0.290167
114 288 300.00 0.274603
663 111 300.00 0.362070
111 663 300.00 0.362070
111 118 300.00 0.332707
111 661 300.00 0.105980
118 111 300.00 0.332707
118 122 300.00 0.190167
118 124 300.00 0.321930
661 111 300.00 0.105980
661 660 300.00 0.673643
661 662 300.00 0.418883
119 112 300.00 0.272133
119 244 300.00 0.527860
119 408 300.00 0.134120
119 447 300.00 0.350860
444 113 300.00 0.161020
444 115 300.00 0.148123
444 449 300.00 0.399073
448 113 300.00 0.396503
448 447 300.00 0.028773
448 449 300.00 0.146500
630 114 300.00 0.290167
630 117 300.00 0.680673
630 629 300.00 0.150110
115 444 300.00 0.148123
370 116 300.00 0.083887
370 351 300.00 0.507263
370 403 300.00 0.166437
116 370 300.00 0.083887
125 117 300.00 0.249860
125 244 300.00 0.256253
125 629 300.00 0.644507
124 118 300.00 0.321930
124 123 300.00 0.114657
124 128 300.00 0.184623
244 119 300.00 0.527860
244 125 300.00 0.256253
244 247 300.00 0.119450
408 119 300.00 0.134120
408 247 300.00 0.524697
408 446 300.00 0.349097
447 119 300.00 0.350860
447 448 300.00 0.028773
127 120 300.00 0.247220
127 121 300.00 0.869890
127 453 300.00 0.880527
120 127 300.00 0.247220
120 450 300.00 0.877723
120 285 300.00 1.984680
450 120 300.00 0.877723
450 445 300.00 0.027290
450 453 300.00 0.239203
285 120 300.00 1.984680
285 121 300.00 0.867137
121 285 300.00 0.867137
121 286 300.00 0.112203
121 127 300.00 0.869890
286 121 300.00 0.112203
123 124 300.00 0.114657
123 375 300.00 0.083960
123 383 300.00 0.394983
375 123 300.00 0.083960
375 351 300.00 0.165470
375 376 300.00 0.397833
383 123 300.00 0.394983
383 376 300.00 0.119113
383 387 300.00 0.430557
629 125 300.00 0.644507
629 126 300.00 0.143830
629 630 300.00 0.150110
129 126 300.00 0.274767
129 131 300.00 0.268717
129 247 300.00 0.930577
126 129 300.00 0.274767
126 629 300.00 0.143830
126 270 300.00 0.213093
126 724 300.00 0.993167
270 126 300.00 0.213093
270 277 300.00 0.212663
270 274 300.00 0.615650
453 127 300.00 0.880527
453 451 300.00 0.023767
131 129 300.00 0.268717
131 263 300.00 0.041783
131 240 300.00 0.816450
247 129 300.00 0.930577
247 240 300.00 0.245817
247 244 300.00 0.119450
247 408 300.00 0.524697
351 130 300.00 0.263693
351 370 300.00 0.507263
351 375 300.00 0.165470
130 351 300.00 0.263693
263 131 300.00 0.041783
263 245 300.00 0.243163
263 274 300.00 0.213283
240 131 300.00 0.816450
240 132 300.00 0.246830
240 247 300.00 0.245817
240 445 300.00 0.873770
245 132 300.00 0.709660
245 250 300.00 0.242923
245 263 300.00 0.243163
132 245 300.00 0.709660
132 451 300.00 0.864363
132 265 300.00 0.240393
132 240 300.00 0.246830
451 132 300.00 0.864363
451 453 300.00 0.023767
451 445 300.00 0.239503
265 132 300.00 0.240393
265 133 300.00 0.253383
265 250 300.00 0.602650
265 452 300.00 0.859490
454 133 300.00 0.863897
454 452 300.00 0.246283
133 454 300.00 0.863897
133 241 300.00 0.493253
133 135 300.00 0.241863
133 265 300.00 0.253383
241 133 300.00 0.493253
241 249 300.00 0.267093
241 271 300.00 0.229353
135 133 300.00 0.241863
135 136 300.00 0.241107
135 582 300.00 0.861107
135 249 300.00 0.372600
410 134 300.00 0.204100
410 421 300.00 0.125120
410 416 300.00 0.575193
410 411 300.00 0.507370
134 410 300.00 0.204100
134 137 300.00 0.508837
134 414 300.00 0.609670
137 134 300.00 0.508837
137 411 300.00 0.280697
137 138 300.00 0.240853
414 134 300.00 0.609670
414 416 300.00 0.205580
414 423 300.00 0.736540
136 135 300.00 0.241107
136 140 300.00 0.249007
136 583 300.00 0.867980
136 239 300.00 0.238823
582 135 300.00 0.861107
582 454 300.00 0.242397
249 135 300.00 0.372600
249 241 300.00 0.267093
249 260 300.00 0.178987
140 136 300.00 0.249007
140 584 300.00 0.864600
140 242 300.00 0.138350
583 136 300.00 0.867980
583 582 300.00 0.250480
239 136 300.00 0.238823
239 248 300.00 0.171090
239 260 300.00 0.089310
411 137 300.00 0.280697
411 410 300.00 0.507370
411 415 300.00 0.125073
138 137 300.00 0.240853
138 141 300.00 0.118140
138 667 300.00 0.194003
141 138 300.00 0.118140
141 147 300.00 0.504933
141 142 300.00 0.205187
667 138 300.00 0.194003
667 734 300.00 0.311690
667 733 300.00 0.371847
422 139 300.00 0.205463
422 413 300.00 0.215140
422 417 300.00 0.568247
422 418 300.00 0.511100
139 422 300.00 0.205463
139 440 300.00 0.407553
139 417 300.00 0.779940
440 139 300.00 0.407553
440 419 300.00 0.133503
440 442 300.00 0.220433
417 139 300.00 0.779940
417 412 300.00 0.197873
417 422 300.00 0.568247
584 140 300.00 0.864600
584 583 300.00 0.242550
242 140 300.00 0.138350
242 146 300.00 0.531770
242 248 300.00 0.131573
242 722 300.00 0.210900
147 141 300.00 0.504933
147 157 300.00 0.457523
147 735 300.00 0.210060
147 652 300.00 0.214053
142 141 300.00 0.205187
142 144 300.00 0.206230
142 652 300.00 0.508447
144 142 300.00 0.206230
144 151 300.00 0.509730
144 415 300.00 0.206223
144 145 300.00 0.207843
652 142 300.00 0.508447
652 147 300.00 0.214053
652 151 300.00 0.202643
652 162 300.00 0.470443
251 143 300.00 0.162323
251 268 300.00 0.066603
251 264 300.00 0.139340
143 251 300.00 0.162323
143 243 300.00 0.093643
143 631 300.00 0.614303
243 143 300.00 0.093643
243 146 300.00 0.147110
243 248 300.00 0.525307
631 143 300.00 0.614303
631 158 300.00 0.619330
631 246 300.00 0.241773
151 144 300.00 0.509730
151 665 300.00 0.479230
151 152 300.00 0.206790
151 652 300.00 0.202643
415 144 300.00 0.206223
415 411 300.00 0.125073
415 420 300.00 0.209580
415 421 300.00 0.509930
145 144 300.00 0.207843
145 152 300.00 0.514953
145 148 300.00 0.203453
152 145 300.00 0.514953
152 151 300.00 0.206790
152 170 300.00 0.484660
152 159 300.00 0.206300
148 145 300.00 0.203453
148 159 300.00 0.509613
148 149 300.00 0.248837
146 243 300.00 0.147110
146 246 300.00 0.613757
146 242 300.00 0.531770
246 146 300.00 0.613757
246 160 300.00 0.244340
246 166 300.00 0.634000
246 631 300.00 0.241773
157 147 300.00 0.457523
157 723 300.00 0.177713
157 162 300.00 0.201273
735 147 300.00 0.210060
735 153 300.00 0.439290
735 734 300.00 0.028210
159 148 300.00 0.509613
159 152 300.00 0.206300
159 176 300.00 0.502507
159 163 300.00 0.250633
149 148 300.00 0.248837
149 150 300.00 0.022980
149 419 300.00 0.209367
150 149 300.00 0.022980
150 155 300.00 0.684243
150 154 300.00 0.221550
419 149 300.00 0.209367
419 418 300.00 0.244673
419 440 300.00 0.133503
155 150 300.00 0.684243
155 164 300.00 0.207993
155 161 300.00 0.505297
154 150 300.00 0.221550
154 164 300.00 0.736273
154 664 300.00 0.227253
665 151 300.00 0.479230
665 162 300.00 0.212833
665 167 300.00 0.043083
170 152 300.00 0.484660
170 167 300.00 0.164033
170 176 300.00 0.199223
723 153 300.00 0.032553
723 157 300.00 0.177713
723 158 300.00 0.166453
153 723 300.00 0.032553
153 735 300.00 0.439290
153 733 300.00 0.719560
733 153 300.00 0.719560
733 667 300.00 0.371847
733 734 300.00 0.178990
164 154 300.00 0.736273
164 155 300.00 0.207993
164 173 300.00 0.220637
164 581 300.00 0.550303
664 154 300.00 0.227253
664 163 300.00 0.031817
664 173 300.00 0.785277
161 155 300.00 0.505297
174 156 300.00 0.834780
174 168 300.00 0.226057
174 679 300.00 0.192133
156 174 300.00 0.834780
156 165 300.00 0.219990
156 168 300.00 1.057547
165 156 300.00 0.219990
165 178 300.00 0.835967
165 171 300.00 0.217167
168 156 300.00 1.057547
168 559 300.00 0.316807
168 174 300.00 0.226057
168 570 300.00 0.267003
162 157 300.00 0.201273
162 652 300.00 0.470443
162 665 300.00 0.212833
172 158 300.00 0.635167
172 167 300.00 0.197950
172 179 300.00 0.226543
172 184 300.00 0.587350
158 172 300.00 0.635167
158 631 300.00 0.619330
158 723 300.00 0.166453
158 166 300.00 0.252170
166 158 300.00 0.252170
166 179 300.00 0.630340
166 175 300.00 0.238780
166 246 300.00 0.634000
176 159 300.00 0.502507
176 170 300.00 0.199223
176 181 300.00 0.221777
163 159 300.00 0.250633
163 169 300.00 0.180280
163 664 300.00 0.031817
160 246 300.00 0.244340
160 175 300.00 0.641257
175 160 300.00 0.641257
175 166 300.00 0.238780
169 163 300.00 0.180280
169 236 300.00 0.841047
169 182 300.00 0.226377
173 164 300.00 0.220637
173 236 300.00 0.213380
173 664 300.00 0.785277
173 188 300.00 0.925207
581 164 300.00 0.550303
178 165 300.00 0.835967
178 183 300.00 0.221040
178 679 300.00 0.025847
171 165 300.00 0.217167
171 180 300.00 0.556930
171 186 300.00 0.625183
179 166 300.00 0.630340
179 172 300.00 0.226543
179 238 300.00 0.597583
167 172 300.00 0.197950
167 665 300.00 0.043083
167 170 300.00 0.164033
559 168 300.00 0.316807
559 177 300.00 0.289427
559 576 300.00 0.252327
570 168 300.00 0.267003
570 571 300.00 0.390680
570 576 300.00 0.319907
236 169 300.00 0.841047
236 173 300.00 0.213380
236 187 300.00 0.211683
236 188 300.00 0.758873
182 169 300.00 0.226377
182 438 300.00 0.036823
180 171 300.00 0.556930
180 186 300.00 0.215600
180 183 300.00 0.223090
186 171 300.00 0.625183
186 180 300.00 0.215600
186 435 300.00 0.435990
184 172 300.00 0.587350
184 181 300.00 0.199133
184 190 300.00 0.214163
188 173 300.00 0.925207
188 236 300.00 0.758873
188 193 300.00 0.239050
679 174 300.00 0.192133
679 178 300.00 0.025847
181 176 300.00 0.221777
181 184 300.00 0.199133
181 655 300.00 0.028937
177 559 300.00 0.289427
177 192 300.00 0.678340
192 183 300.00 0.607557
192 585 300.00 0.476623
183 178 300.00 0.221040
183 180 300.00 0.223090
183 192 300.00 0.607557
183 199 300.00 0.613193
238 179 300.00 0.597583
238 190 300.00 0.039647
238 194 300.00 0.137737
655 181 300.00 0.028937
655 438 300.00 0.092253
655 656 300.00 0.171310
438 182 300.00 0.036823
438 281 300.00 0.315693
438 655 300.00 0.092253
199 183 300.00 0.613193
199 435 300.00 0.209770
190 184 300.00 0.214163
190 657 300.00 0.042450
190 238 300.00 0.039647
279 185 300.00 0.172317
279 195 300.00 0.214980
279 256 300.00 0.491157
185 279 300.00 0.172317
185 189 300.00 0.274257
189 198 300.00 0.367573
189 681 300.00 0.196737
435 186 300.00 0.435990
435 437 300.00 0.035430
435 193 300.00 0.329513
187 236 300.00 0.211683
187 439 300.00 0.396680
439 182 300.00 0.501227
439 628 300.00 0.037133
193 188 300.00 0.239050
193 436 300.00 0.540993
193 627 300.00 0.035447
198 189 300.00 0.367573
198 195 300.00 0.294117
198 200 300.00 0.252323
681 436 300.00 0.033443
681 640 300.00 0.051377
657 190 300.00 0.042450
657 254 300.00 0.320083
657 656 300.00 0.220423
191 627 300.00 0.227350
191 201 300.00 0.329670
627 193 300.00 0.035447
627 437 300.00 0.314853
201 191 300.00 0.329670
201 200 300.00 0.269457
201 206 300.00 0.336313
585 203 300.00 0.039773
585 199 300.00 0.551043
436 187 300.00 0.330833
436 681 300.00 0.033443
196 194 300.00 0.115350
196 204 300.00 0.230713
194 196 300.00 0.115350
194 238 300.00 0.137737
194 197 300.00 0.374360
197 194 300.00 0.374360
197 205 300.00 0.253740
197 254 300.00 0.212117
197 202 300.00 0.556733
202 195 300.00 0.270420
202 197 300.00 0.556733
202 207 300.00 0.554897
202 209 300.00 0.273347
195 202 300.00 0.270420
195 279 300.00 0.214980
195 198 300.00 0.294117
195 254 300.00 0.544073
254 195 300.00 0.544073
254 197 300.00 0.212117
254 256 300.00 0.235810
254 657 300.00 0.320083
204 196 300.00 0.230713
204 283 300.00 0.162140
204 427 300.00 0.239273
205 197 300.00 0.253740
205 262 300.00 0.132620
205 282 300.00 0.187660
200 198 300.00 0.252323
200 207 300.00 0.320907
200 640 300.00 0.350213
200 201 300.00 0.269457
207 200 300.00 0.320907
207 202 300.00 0.554897
207 210 300.00 0.545753
640 200 300.00 0.350213
640 191 300.00 0.278650
206 201 300.00 0.336313
206 433 300.00 0.189333
206 210 300.00 0.252170
209 202 300.00 0.273347
209 282 300.00 0.384613
209 215 300.00 0.782093
209 213 300.00 0.264763
203 434 300.00 0.237407
434 211 300.00 0.285070
434 728 300.00 0.634090
283 204 300.00 0.162140
283 208 300.00 0.092197
283 426 300.00 0.229617
427 204 300.00 0.239273
427 262 300.00 0.195503
427 426 300.00 0.179060
262 205 300.00 0.132620
262 212 300.00 0.223437
262 261 300.00 0.181820
262 427 300.00 0.195503
282 205 300.00 0.187660
282 209 300.00 0.384613
282 261 300.00 0.134990
433 206 300.00 0.189333
433 211 300.00 0.567603
433 728 300.00 0.232530
210 206 300.00 0.252170
210 207 300.00 0.545753
210 218 300.00 0.408623
210 214 300.00 0.643323
208 283 300.00 0.092197
208 666 300.00 0.022117
666 208 300.00 0.022117
666 216 300.00 0.609127
215 209 300.00 0.782093
215 218 300.00 0.314490
215 220 300.00 0.219033
213 209 300.00 0.264763
213 220 300.00 0.691937
213 432 300.00 0.130110
218 210 300.00 0.408623
218 215 300.00 0.314490
218 221 300.00 0.441590
218 222 300.00 0.208950
214 210 300.00 0.643323
214 221 300.00 0.486983
211 214 300.00 0.281233
211 433 300.00 0.567603
212 262 300.00 0.223437
212 426 300.00 0.202150
212 258 300.00 0.172820
426 212 300.00 0.202150
426 283 300.00 0.229617
426 427 300.00 0.179060
258 212 300.00 0.172820
258 216 300.00 0.241067
258 425 300.00 0.263100
258 276 300.00 0.203917
220 213 300.00 0.691937
220 215 300.00 0.219033
220 223 300.00 0.199007
220 222 300.00 0.315830
432 213 300.00 0.130110
432 217 300.00 0.115903
432 431 300.00 0.655203
221 218 300.00 0.441590
221 226 300.00 0.212797
216 258 300.00 0.241067
216 219 300.00 0.198327
216 424 300.00 0.214780
216 666 300.00 0.609127
219 216 300.00 0.198327
424 216 300.00 0.214780
424 237 300.00 0.199493
424 425 300.00 0.268513
425 217 300.00 0.137070
425 258 300.00 0.263100
425 424 300.00 0.268513
217 425 300.00 0.137070
217 432 300.00 0.115903
217 224 300.00 0.485527
217 237 300.00 0.315083
224 217 300.00 0.485527
224 225 300.00 0.165500
224 430 300.00 0.091073
237 217 300.00 0.315083
237 424 300.00 0.199493
222 218 300.00 0.208950
222 220 300.00 0.315830
222 226 300.00 0.413403
223 220 300.00 0.199007
223 431 300.00 0.034203
223 229 300.00 0.730977
226 222 300.00 0.413403
226 229 300.00 0.201630
431 223 300.00 0.034203
431 225 300.00 0.125020
431 432 300.00 0.655203
229 223 300.00 0.730977
229 231 300.00 0.261930
225 224 300.00 0.165500
225 227 300.00 0.109013
225 431 300.00 0.125020
225 231 300.00 0.693967
430 224 300.00 0.091073
430 227 300.00 0.156000
430 228 300.00 0.253557
227 225 300.00 0.109013
227 430 300.00 0.156000
227 230 300.00 0.253973
231 225 300.00 0.693967
231 233 300.00 0.260240
230 227 300.00 0.253973
230 232 300.00 0.264370
230 233 300.00 0.423310
228 430 300.00 0.253557
228 232 300.00 0.410807
228 429 300.00 0.374607
232 228 300.00 0.410807
232 230 300.00 0.264370
232 234 300.00 0.418393
429 228 300.00 0.374607
233 230 300.00 0.423310
233 234 300.00 0.257740
234 232 300.00 0.418393
234 235 300.00 0.266760
248 239 300.00 0.171090
248 242 300.00 0.131573
248 243 300.00 0.525307
260 239 300.00 0.089310
260 249 300.00 0.178987
260 252 300.00 0.254173
445 240 300.00 0.873770
445 450 300.00 0.027290
445 446 300.00 0.226893
271 241 300.00 0.229353
271 250 300.00 0.035273
271 257 300.00 0.222853
722 242 300.00 0.210900
250 245 300.00 0.242923
250 271 300.00 0.035273
250 265 300.00 0.602650
268 251 300.00 0.066603
268 252 300.00 0.209290
268 266 300.00 0.639123
264 251 300.00 0.139340
264 253 300.00 0.613803
264 255 300.00 0.786943
257 252 300.00 0.659650
257 274 300.00 0.512070
257 271 300.00 0.222853
257 266 300.00 0.206720
252 257 300.00 0.659650
252 260 300.00 0.254173
252 268 300.00 0.209290
266 253 300.00 0.200147
266 257 300.00 0.206720
266 268 300.00 0.639123
266 278 300.00 0.513023
253 266 300.00 0.200147
253 255 300.00 0.202787
253 269 300.00 0.520960
253 264 300.00 0.613803
255 253 300.00 0.202787
255 272 300.00 0.515713
255 275 300.00 0.708650
255 264 300.00 0.786943
269 253 300.00 0.520960
269 272 300.00 0.208333
269 278 300.00 0.202973
269 280 300.00 0.614983
256 254 300.00 0.235810
256 281 300.00 0.214903
256 279 300.00 0.491157
256 656 300.00 0.332490
272 255 300.00 0.515713
272 267 300.00 0.614453
272 269 300.00 0.208333
272 275 300.00 0.274107
275 255 300.00 0.708650
275 272 300.00 0.274107
275 273 300.00 0.618897
281 256 300.00 0.214903
281 628 300.00 0.193677
656 256 300.00 0.332490
656 655 300.00 0.171310
656 657 300.00 0.220423
274 257 300.00 0.512070
274 263 300.00 0.213283
274 270 300.00 0.615650
274 278 300.00 0.211213
276 258 300.00 0.203917
276 261 300.00 0.057037
276 428 300.00 0.251443
614 259 300.00 0.250630
614 280 300.00 0.212160
614 309 300.00 0.323913
259 614 300.00 0.250630
259 267 300.00 0.340023
259 273 300.00 0.687183
267 259 300.00 0.340023
267 280 300.00 0.211677
267 273 300.00 0.223140
267 272 300.00 0.614453
273 259 300.00 0.687183
273 267 300.00 0.223140
273 275 300.00 0.618897
261 262 300.00 0.181820
261 276 300.00 0.057037
261 282 300.00 0.134990
452 265 300.00 0.859490
452 451 300.00 0.255977
278 266 300.00 0.513023
278 269 300.00 0.202973
278 274 300.00 0.211213
278 277 300.00 0.612547
280 267 300.00 0.211677
280 269 300.00 0.614983
280 277 300.00 0.203137
280 614 300.00 0.212160
277 270 300.00 0.212663
277 280 300.00 0.203137
277 278 300.00 0.612547
428 276 300.00 0.251443
628 439 300.00 0.037133
628 185 300.00 0.255240
378 284 300.00 0.562717
378 357 300.00 0.190390
284 378 300.00 0.562717
284 730 300.00 1.011273
284 357 300.00 0.739387
284 731 300.00 0.769057
357 284 300.00 0.739387
357 378 300.00 0.190390
350 287 300.00 0.128167
350 738 300.00 0.467310
350 398 300.00 0.283267
350 401 300.00 0.261287
287 350 300.00 0.128167
287 292 300.00 0.270863
287 737 300.00 0.464797
737 287 300.00 0.464797
737 740 300.00 0.156430
737 738 300.00 0.193950
363 289 300.00 0.119317
363 384 300.00 0.263307
363 394 300.00 0.789123
290 294 300.00 0.791817
290 311 300.00 0.032883
290 332 300.00 0.236197
332 290 300.00 0.236197
332 312 300.00 0.279237
332 343 300.00 0.135337
332 705 300.00 0.723553
291 292 300.00 0.499553
342 293 300.00 0.109097
342 319 300.00 0.274180
342 324 300.00 0.152183
293 342 300.00 0.109097
293 294 300.00 0.024490
293 295 300.00 0.780210
394 295 300.00 0.204257
394 361 300.00 0.312697
394 363 300.00 0.789123
619 296 300.00 0.853993
619 306 300.00 0.032277
619 618 300.00 0.165370
296 619 300.00 0.853993
296 617 300.00 0.234293
296 302 300.00 0.586477
617 296 300.00 0.234293
617 299 300.00 0.317597
617 616 300.00 0.599607
617 618 300.00 0.583303
302 296 300.00 0.586477
302 615 300.00 0.196640
302 616 300.00 0.180193
690 297 300.00 0.029137
690 691 300.00 0.110180
690 724 300.00 0.168230
297 690 300.00 0.029137
297 315 300.00 0.086710
297 305 300.00 0.340447
315 297 300.00 0.086710
315 300 300.00 0.550757
315 691 300.00 0.135167
305 297 300.00 0.340447
305 299 300.00 0.611163
305 620 300.00 0.287603
615 298 300.00 0.239103
615 302 300.00 0.196640
615 404 300.00 0.124233
298 615 300.00 0.239103
298 703 300.00 0.050983
703 298 300.00 0.050983
703 704 300.00 0.333273
303 299 300.00 0.623897
303 616 300.00 0.331067
303 304 300.00 0.336147
299 303 300.00 0.623897
299 305 300.00 0.611163
299 300 300.00 0.337583
299 617 300.00 0.317597
300 299 300.00 0.337583
300 705 300.00 0.043460
300 315 300.00 0.550757
300 304 300.00 0.650967
705 300 300.00 0.043460
705 332 300.00 0.723553
705 700 300.00 0.126930
304 300 300.00 0.650967
304 303 300.00 0.336147
304 706 300.00 0.041413
309 301 300.00 0.229470
309 308 300.00 0.581690
309 614 300.00 0.323913
301 309 300.00 0.229470
301 306 300.00 0.489013
306 301 300.00 0.489013
306 619 300.00 0.032277
306 308 300.00 0.205607
616 302 300.00 0.180193
616 303 300.00 0.331067
616 617 300.00 0.599607
706 304 300.00 0.041413
706 348 300.00 0.100683
706 707 300.00 0.425067
620 305 300.00 0.287603
620 308 300.00 0.029643
620 618 300.00 0.041847
308 306 300.00 0.205607
308 309 300.00 0.581690
308 620 300.00 0.029643
348 307 300.00 0.265170
348 330 300.00 0.244320
348 706 300.00 0.100683
307 348 300.00 0.265170
307 634 300.00 0.259697
634 635 300.00 0.032387
634 636 300.00 0.059183
335 310 300.00 0.138573
335 326 300.00 0.184923
335 337 300.00 0.128743
335 689 300.00 0.164647
310 335 300.00 0.138573
310 312 300.00 0.135947
310 340 300.00 0.250223
312 310 300.00 0.135947
312 700 300.00 0.696313
312 337 300.00 0.152727
312 332 300.00 0.279237
340 310 300.00 0.250223
340 322 300.00 0.143550
340 338 300.00 0.340173
691 311 300.00 0.299843
691 315 300.00 0.135167
691 690 300.00 0.110180
700 312 300.00 0.696313
700 705 300.00 0.126930
700 707 300.00 0.105740
337 312 300.00 0.152727
337 328 300.00 0.134917
337 335 300.00 0.128743
337 343 300.00 0.280167
322 313 300.00 0.249927
322 340 300.00 0.143550
322 339 300.00 0.338307
313 322 300.00 0.249927
313 604 300.00 0.029783
313 608 300.00 0.796977
604 313 300.00 0.029783
604 605 300.00 0.780980
604 638 300.00 0.261030
608 330 300.00 0.263950
608 307 300.00 0.365530
602 314 300.00 0.033873
314 602 300.00 0.033873
314 396 300.00 0.169603
396 391 300.00 0.255707
396 400 300.00 0.296470
338 316 300.00 0.136937
338 339 300.00 0.133557
338 340 300.00 0.340173
316 338 300.00 0.136937
316 317 300.00 0.103203
316 689 300.00 0.107490
317 316 300.00 0.103203
317 336 300.00 0.279717
317 321 300.00 0.077903
689 316 300.00 0.107490
689 318 300.00 0.203880
689 335 300.00 0.164647
336 317 300.00 0.279717
336 325 300.00 0.107437
336 339 300.00 0.116273
321 317 300.00 0.077903
321 318 300.00 0.087537
321 329 300.00 0.040240
318 689 300.00 0.203880
318 331 300.00 0.145867
318 321 300.00 0.087537
331 318 300.00 0.145867
331 333 300.00 0.126750
331 347 300.00 0.131007
331 346 300.00 0.278737
320 319 300.00 0.213983
320 344 300.00 0.110983
320 323 300.00 0.313233
319 320 300.00 0.213983
319 347 300.00 0.132423
319 342 300.00 0.274180
347 319 300.00 0.132423
347 324 300.00 0.275163
347 331 300.00 0.131007
344 320 300.00 0.110983
344 329 300.00 0.118327
344 334 300.00 0.304543
323 320 300.00 0.313233
323 372 300.00 0.248977
323 334 300.00 0.105710
329 321 300.00 0.040240
329 325 300.00 0.294417
329 344 300.00 0.118327
339 322 300.00 0.338307
339 336 300.00 0.116273
339 338 300.00 0.133557
372 323 300.00 0.248977
372 605 300.00 0.032990
372 313 300.00 0.787230
334 323 300.00 0.105710
334 325 300.00 0.113213
334 344 300.00 0.304543
324 342 300.00 0.152183
324 346 300.00 0.138390
324 347 300.00 0.275163
346 324 300.00 0.138390
346 327 300.00 0.122913
346 331 300.00 0.278737
325 329 300.00 0.294417
325 334 300.00 0.113213
325 336 300.00 0.107437
326 335 300.00 0.184923
327 346 300.00 0.122913
327 341 300.00 0.113373
327 333 300.00 0.276170
341 327 300.00 0.113373
341 328 300.00 0.278027
341 343 300.00 0.133220
333 327 300.00 0.276170
333 328 300.00 0.111680
333 331 300.00 0.126750
328 337 300.00 0.134917
328 333 300.00 0.111680
328 341 300.00 0.278027
330 348 300.00 0.244320
330 608 300.00 0.263950
330 345 300.00 0.256493
345 330 300.00 0.256493
345 707 300.00 0.188853
345 697 300.00 0.376963
343 332 300.00 0.135337
343 337 300.00 0.280167
343 341 300.00 0.133220
707 345 300.00 0.188853
707 700 300.00 0.105740
707 706 300.00 0.425067
697 345 300.00 0.376963
369 349 300.00 0.210827
369 390 300.00 0.023910
369 402 300.00 0.581107
349 369 300.00 0.210827
349 356 300.00 0.744703
349 395 300.00 0.125987
356 349 300.00 0.744703
356 352 300.00 0.073053
356 371 300.00 0.142883
395 349 300.00 0.125987
395 389 300.00 0.519110
395 704 300.00 0.651320
738 350 300.00 0.467310
738 737 300.00 0.193950
738 739 300.00 0.159613
398 350 300.00 0.283267
401 350 300.00 0.261287
401 364 300.00 0.282090
401 650 300.00 0.803083
352 356 300.00 0.073053
352 373 300.00 0.294530
352 385 300.00 0.213633
373 352 300.00 0.294530
373 404 300.00 0.227603
373 374 300.00 0.194083
385 352 300.00 0.213633
385 704 300.00 0.027180
385 404 300.00 0.290840
400 353 300.00 0.245963
400 377 300.00 0.605077
353 400 300.00 0.245963
353 391 300.00 0.301723
353 379 300.00 0.223290
391 353 300.00 0.301723
391 358 300.00 0.213100
391 396 300.00 0.255707
379 353 300.00 0.223290
379 358 300.00 0.297257
379 371 300.00 0.214003
407 354 300.00 0.269347
407 406 300.00 0.773247
407 692 300.00 0.258237
354 407 300.00 0.269347
354 381 300.00 0.781987
354 687 300.00 0.267130
381 354 300.00 0.781987
381 406 300.00 0.262900
381 382 300.00 0.268433
687 354 300.00 0.267130
687 382 300.00 0.776373
687 399 300.00 0.267700
361 355 300.00 0.255273
361 457 300.00 0.112880
361 394 300.00 0.312697
355 361 300.00 0.255273
355 362 300.00 0.269250
355 455 300.00 0.667427
362 355 300.00 0.269250
362 606 300.00 0.036333
362 372 300.00 0.759863
371 356 300.00 0.142883
371 374 300.00 0.302760
371 379 300.00 0.214003
374 358 300.00 0.219067
374 371 300.00 0.302760
374 373 300.00 0.194083
358 374 300.00 0.219067
358 391 300.00 0.213100
358 379 300.00 0.297257
683 359 300.00 0.027773
683 405 300.00 0.778463
683 682 300.00 0.275197
359 683 300.00 0.027773
359 694 300.00 0.257697
359 367 300.00 0.773887
694 693 300.00 0.775170
367 359 300.00 0.773887
367 397 300.00 0.266423
367 693 300.00 0.264413
403 360 300.00 0.072860
403 370 300.00 0.166437
403 376 300.00 0.149673
360 403 300.00 0.072860
457 361 300.00 0.112880
457 384 300.00 0.669737
457 458 300.00 0.216320
606 362 300.00 0.036333
606 399 300.00 0.250463
606 609 300.00 0.779270
651 364 300.00 0.773390
651 368 300.00 0.245103
651 649 300.00 0.284900
651 650 300.00 0.270157
364 651 300.00 0.773390
364 401 300.00 0.282090
364 393 300.00 0.286500
393 364 300.00 0.286500
393 388 300.00 0.264057
393 480 300.00 0.163897
393 649 300.00 0.783477
382 365 300.00 0.266073
382 381 300.00 0.268433
382 687 300.00 0.776373
365 382 300.00 0.266073
365 605 300.00 0.253660
365 399 300.00 0.771607
365 638 300.00 0.784143
605 365 300.00 0.253660
605 372 300.00 0.032990
605 606 300.00 0.769363
399 365 300.00 0.771607
399 606 300.00 0.250463
399 687 300.00 0.267700
638 365 300.00 0.784143
638 604 300.00 0.261030
609 366 300.00 0.259507
609 386 300.00 0.025050
609 610 300.00 0.127443
366 609 300.00 0.259507
366 558 300.00 0.126830
366 688 300.00 0.269950
558 366 300.00 0.126830
558 459 300.00 0.265003
558 557 300.00 0.116350
558 610 300.00 0.257030
688 366 300.00 0.269950
688 459 300.00 0.128647
688 467 300.00 0.128427
397 367 300.00 0.266423
397 467 300.00 0.140887
397 460 300.00 0.235840
693 367 300.00 0.264413
693 692 300.00 0.768950
368 651 300.00 0.245103
368 685 300.00 0.071540
685 463 300.00 0.028750
685 386 300.00 0.482613
390 369 300.00 0.023910
390 387 300.00 0.658810
390 402 300.00 1.389587
402 369 300.00 0.581107
402 377 300.00 0.523057
402 390 300.00 1.389587
404 373 300.00 0.227603
404 385 300.00 0.290840
404 615 300.00 0.124233
376 375 300.00 0.397833
376 403 300.00 0.149673
376 383 300.00 0.119113
607 377 300.00 0.034800
607 592 300.00 0.070360
377 607 300.00 0.034800
377 402 300.00 0.523057
377 711 300.00 0.300987
711 710 300.00 0.029523
711 632 300.00 0.055800
696 380 300.00 0.715570
696 695 300.00 0.052320
380 696 300.00 0.715570
380 482 300.00 0.253467
380 405 300.00 0.273260
482 380 300.00 0.253467
405 380 300.00 0.273260
405 392 300.00 0.271240
405 481 300.00 0.594137
405 683 300.00 0.778463
406 381 300.00 0.262900
406 698 300.00 0.272817
406 407 300.00 0.773247
387 383 300.00 0.430557
387 390 300.00 0.658810
387 389 300.00 0.243417
624 384 300.00 0.780007
624 646 300.00 0.019407
624 650 300.00 0.258070
704 385 300.00 0.027180
704 395 300.00 0.651320
704 703 300.00 0.333273
456 455 300.00 0.258627
456 362 300.00 0.670267
389 387 300.00 0.243417
389 395 300.00 0.519110
389 423 300.00 1.838010
684 388 300.00 0.778030
684 647 300.00 0.027830
684 649 300.00 0.270190
388 684 300.00 0.778030
388 393 300.00 0.264057
388 392 300.00 0.255343
392 388 300.00 0.255343
392 613 300.00 0.578483
392 682 300.00 0.784183
392 405 300.00 0.271240
423 389 300.00 1.838010
423 414 300.00 0.736540
423 668 300.00 0.526180
613 392 300.00 0.578483
682 392 300.00 0.784183
682 648 300.00 0.028777
682 684 300.00 0.253333
480 393 300.00 0.163897
649 393 300.00 0.783477
649 464 300.00 0.210050
649 684 300.00 0.270190
649 651 300.00 0.284900
467 397 300.00 0.140887
467 466 300.00 0.239070
467 688 300.00 0.128427
460 397 300.00 0.235840
460 461 300.00 0.126073
460 466 300.00 0.134123
481 405 300.00 0.594137
698 406 300.00 0.272817
698 699 300.00 0.772347
692 407 300.00 0.258237
692 698 300.00 0.782577
446 408 300.00 0.349097
446 449 300.00 0.030613
446 447 300.00 0.145503
421 409 300.00 0.571200
421 410 300.00 0.125120
421 413 300.00 0.198743
421 415 300.00 0.509930
409 421 300.00 0.571200
409 412 300.00 0.212120
409 416 300.00 0.124427
409 668 300.00 0.373240
412 409 300.00 0.212120
412 413 300.00 0.572600
412 417 300.00 0.197873
416 409 300.00 0.124427
416 410 300.00 0.575193
416 414 300.00 0.205580
668 409 300.00 0.373240
668 423 300.00 0.526180
668 483 300.00 0.378273
413 412 300.00 0.572600
413 421 300.00 0.198743
413 422 300.00 0.215140
413 420 300.00 0.509540
420 413 300.00 0.509540
420 415 300.00 0.209580
420 418 300.00 0.208297
418 420 300.00 0.208297
418 419 300.00 0.244673
418 422 300.00 0.511100
728 433 300.00 0.232530
728 434 300.00 0.634090
728 732 300.00 0.214323
437 435 300.00 0.035430
437 732 300.00 0.055020
732 728 300.00 0.214323
732 203 300.00 0.686850
442 440 300.00 0.220433
442 441 300.00 0.688710
442 443 300.00 0.264203
441 442 300.00 0.688710
443 442 300.00 0.264203
449 444 300.00 0.399073
449 446 300.00 0.030613
449 450 300.00 0.226397
458 457 300.00 0.216320
554 459 300.00 0.116730
554 466 300.00 0.132073
554 553 300.00 0.115193
554 557 300.00 0.267950
459 554 300.00 0.116730
459 688 300.00 0.128647
459 558 300.00 0.265003
461 460 300.00 0.126073
461 462 300.00 0.122523
461 553 300.00 0.265323
466 460 300.00 0.134123
466 554 300.00 0.132073
466 467 300.00 0.239070
462 461 300.00 0.122523
462 552 300.00 0.266340
462 648 300.00 0.289327
553 461 300.00 0.265323
553 552 300.00 0.120387
553 554 300.00 0.115193
553 556 300.00 0.270427
552 462 300.00 0.266340
552 553 300.00 0.120387
552 555 300.00 0.269850
552 647 300.00 0.292703
648 462 300.00 0.289327
648 682 300.00 0.028777
648 359 300.00 0.271420
463 685 300.00 0.028750
463 555 300.00 0.255757
463 368 300.00 0.075897
555 463 300.00 0.255757
555 464 300.00 0.112727
555 552 300.00 0.269850
555 556 300.00 0.117480
464 555 300.00 0.112727
464 465 300.00 0.210993
464 649 300.00 0.210050
465 464 300.00 0.210993
470 468 300.00 0.111790
470 472 300.00 0.113533
470 471 300.00 0.276213
471 469 300.00 0.115607
471 470 300.00 0.276213
471 473 300.00 0.105007
472 470 300.00 0.113533
472 474 300.00 0.115607
472 473 300.00 0.274147
473 471 300.00 0.105007
473 472 300.00 0.274147
473 475 300.00 0.126833
474 472 300.00 0.115607
474 476 300.00 0.113207
474 475 300.00 0.274603
475 473 300.00 0.126833
475 474 300.00 0.274603
475 477 300.00 0.117193
476 474 300.00 0.113207
476 478 300.00 0.116963
476 477 300.00 0.261650
477 475 300.00 0.117193
477 476 300.00 0.261650
477 479 300.00 0.104590
672 483 300.00 0.590093
483 672 300.00 0.590093
483 668 300.00 0.378273
483 673 300.00 1.661810
673 483 300.00 1.661810
673 484 300.00 0.042443
673 671 300.00 0.532863
578 484 300.00 1.392403
578 572 300.00 0.532657
578 641 300.00 0.257133
493 487 300.00 0.133930
493 490 300.00 0.058137
493 492 300.00 0.308447
490 488 300.00 0.048223
490 493 300.00 0.058137
490 491 300.00 0.309587
489 488 300.00 0.157813
491 490 300.00 0.309587
491 494 300.00 0.108850
491 492 300.00 0.054220
495 494 300.00 0.086607
501 500 300.00 0.081750
505 504 300.00 0.642337
505 88 300.00 0.260620
678 504 300.00 0.205977
506 507 300.00 0.225147
508 507 300.00 0.026073
508 511 300.00 0.085983
508 513 300.00 0.112840
513 508 300.00 0.112840
513 509 300.00 0.132417
513 512 300.00 0.091823
512 510 300.00 0.139467
512 511 300.00 0.106030
512 513 300.00 0.091823
547 519 300.00 0.183907
547 546 300.00 0.062427
547 548 300.00 0.341010
660 520 300.00 0.040940
660 661 300.00 0.673643
660 662 300.00 0.483903
520 660 300.00 0.040940
520 565 300.00 0.255640
520 525 300.00 0.584813
565 520 300.00 0.255640
565 522 300.00 0.138707
565 566 300.00 0.491337
522 565 300.00 0.138707
522 526 300.00 0.127767
522 523 300.00 0.508600
526 522 300.00 0.127767
526 567 300.00 0.524077
526 562 300.00 0.097693
523 522 300.00 0.508600
523 566 300.00 0.110513
523 567 300.00 0.104500
566 523 300.00 0.110513
566 524 300.00 0.135070
566 565 300.00 0.491337
567 523 300.00 0.104500
567 526 300.00 0.524077
567 528 300.00 0.159540
524 525 300.00 0.148480
524 566 300.00 0.135070
524 528 300.00 0.192863
528 524 300.00 0.192863
528 527 300.00 0.170820
528 567 300.00 0.159540
535 529 300.00 0.105367
535 537 300.00 0.129953
529 535 300.00 0.105367
529 532 300.00 0.110783
529 533 300.00 0.603270
532 529 300.00 0.110783
532 531 300.00 0.114483
532 533 300.00 0.466063
533 529 300.00 0.603270
533 532 300.00 0.466063
533 708 300.00 0.066160
537 530 300.00 0.159670
537 535 300.00 0.129953
537 536 300.00 0.218943
530 537 300.00 0.159670
530 12 300.00 0.336937
709 531 300.00 0.470987
709 708 300.00 0.013950
531 709 300.00 0.470987
531 534 300.00 0.119483
531 532 300.00 0.114483
534 531 300.00 0.119483
534 536 300.00 0.118910
534 535 300.00 0.224103
708 533 300.00 0.066160
708 561 300.00 0.390753
536 534 300.00 0.118910
536 596 300.00 0.139577
536 537 300.00 0.218943
596 536 300.00 0.139577
596 601 300.00 0.028147
596 530 300.00 0.217617
539 538 300.00 0.328133
539 521 300.00 0.243737
538 539 300.00 0.328133
538 546 300.00 0.160153
538 542 300.00 0.365010
546 538 300.00 0.160153
546 547 300.00 0.062427
546 621 300.00 0.241553
713 540 300.00 0.416897
621 541 300.00 0.211770
621 546 300.00 0.241553
621 714 300.00 0.388457
544 543 300.00 0.689857
544 645 300.00 0.149123
544 654 300.00 0.099623
654 544 300.00 0.099623
654 545 300.00 0.105847
654 653 300.00 0.079920
551 92 300.00 0.357477
647 552 300.00 0.292703
647 684 300.00 0.027830
647 648 300.00 0.256170
556 553 300.00 0.270427
556 555 300.00 0.117480
556 557 300.00 0.119380
556 612 300.00 0.253437
557 554 300.00 0.267950
557 556 300.00 0.119380
557 558 300.00 0.116350
557 611 300.00 0.254437
612 556 300.00 0.253437
612 463 300.00 0.115770
611 557 300.00 0.254437
611 612 300.00 0.119467
610 558 300.00 0.257030
610 611 300.00 0.115193
576 559 300.00 0.252327
576 570 300.00 0.319907
576 574 300.00 0.376683
576 577 300.00 0.309807
580 560 300.00 0.156257
580 574 300.00 0.255413
580 579 300.00 0.315213
560 580 300.00 0.156257
560 573 300.00 0.363367
560 572 300.00 0.318110
573 560 300.00 0.363367
573 575 300.00 0.386903
572 560 300.00 0.318110
572 579 300.00 0.140553
572 578 300.00 0.532657
569 568 300.00 0.637973
568 569 300.00 0.637973
568 596 300.00 0.218290
571 570 300.00 0.390680
571 579 300.00 0.266687
571 574 300.00 0.323653
579 571 300.00 0.266687
579 572 300.00 0.140553
579 580 300.00 0.315213
574 571 300.00 0.323653
574 580 300.00 0.255413
574 576 300.00 0.376683
574 575 300.00 0.338247
575 574 300.00 0.338247
575 577 300.00 0.375933
577 576 300.00 0.309807
577 177 300.00 0.248843
641 578 300.00 0.257133
641 670 300.00 0.533350
641 642 300.00 0.144890
586 573 300.00 0.162963
588 602 300.00 0.192823
589 588 300.00 0.190893
591 590 300.00 0.199107
592 591 300.00 0.133310
593 633 300.00 0.131300
633 632 300.00 0.028773
633 710 300.00 0.055343
594 593 300.00 0.181970
595 594 300.00 0.170760
601 596 300.00 0.028147
601 595 300.00 0.164943
603 701 300.00 0.357940
701 702 300.00 0.028660
618 617 300.00 0.583303
618 620 300.00 0.041847
618 619 300.00 0.165370
625 505 300.00 0.245563
626 625 300.00 0.159623
632 633 300.00 0.028773
632 715 300.00 0.303423
715 658 300.00 0.586330
715 568 300.00 0.121573
710 607 300.00 0.292127
710 711 300.00 0.029523
635 634 300.00 0.032387
635 603 300.00 0.250480
636 637 300.00 0.031300
636 314 300.00 0.576207
637 636 300.00 0.031300
637 635 300.00 0.060543
720 639 300.00 0.069440
720 716 300.00 0.084233
670 641 300.00 0.533350
642 641 300.00 0.144890
642 643 300.00 0.107263
642 725 300.00 0.882537
643 642 300.00 0.107263
643 644 300.00 0.492677
643 727 300.00 0.265607
725 642 300.00 0.882537
727 643 300.00 0.265607
726 644 300.00 0.207130
739 646 300.00 0.171913
739 738 300.00 0.159613
739 740 300.00 0.217967
653 654 300.00 0.079920
658 715 300.00 0.586330
662 659 300.00 0.119927
662 660 300.00 0.483903
662 661 300.00 0.418883
659 662 300.00 0.119927
734 667 300.00 0.311690
734 733 300.00 0.178990
734 735 300.00 0.028210
736 669 300.00 0.537837
671 673 300.00 0.532863
686 729 300.00 0.387440
695 683 300.00 0.260990
695 694 300.00 0.034230
702 604 300.00 0.778223
717 716 300.00 0.030587
717 720 300.00 0.080147
716 717 300.00 0.030587
716 718 300.00 0.061793
718 719 300.00 0.031550
719 718 300.00 0.031550
719 717 300.00 0.061107
