78 1 300.00 0.361297
1 78 300.00 0.361297
2 8 300.00 0.514567
2 3 300.00 0.433570
2 10 300.00 0.332217
8 14 300.00 0.375637
8 104 300.00 0.285047
3 2 300.00 0.433570
3 39 300.00 0.218273
3 4 300.00 0.113563
10 2 300.00 0.332217
10 71 300.00 0.943137
10 13 300.00 0.192830
39 3 300.00 0.218273
39 9 300.00 0.430823
39 70 300.00 0.251177
4 3 300.00 0.113563
4 6 300.00 0.508400
4 105 300.00 0.210090
6 4 300.00 0.508400
6 104 300.00 0.344850
6 101 300.00 0.401510
105 4 300.00 0.210090
105 89 300.00 0.289223
105 106 300.00 0.061763
5 78 300.00 0.699053
5 101 300.00 0.369897
101 6 300.00 0.401510
101 94 300.00 0.449213
104 6 300.00 0.344850
104 8 300.00 0.285047
104 86 300.00 0.158850
32 7 300.00 0.265470
32 13 300.00 0.212357
32 28 300.00 0.432677
7 32 300.00 0.265470
14 34 300.00 0.370463
14 17 300.00 0.324750
14 85 300.00 0.278383
9 39 300.00 0.430823
9 2 300.00 0.226527
71 10 300.00 0.943137
71 34 300.00 0.194623
71 67 300.00 0.197323
71 68 300.00 0.221820
13 10 300.00 0.192830
13 11 300.00 0.318280
13 32 300.00 0.212357
13 84 300.00 0.834697
11 13 300.00 0.318280
11 12 300.00 0.108823
12 11 300.00 0.108823
12 46 300.00 0.309243
12 29 300.00 0.300427
46 12 300.00 0.309243
46 27 300.00 0.209450
46 33 300.00 0.314880
46 40 300.00 0.210097
29 12 300.00 0.300427
29 31 300.00 0.303453
29 33 300.00 0.309193
84 13 300.00 0.834697
84 30 300.00 0.372560
84 67 300.00 0.128783
34 14 300.00 0.370463
34 66 300.00 0.199830
34 71 300.00 0.194623
17 15 300.00 0.039427
17 16 300.00 0.354270
85 14 300.00 0.278383
15 19 300.00 0.070997
15 93 300.00 0.352770
19 18 300.00 0.232463
93 95 300.00 0.430097
16 91 300.00 0.150127
16 66 300.00 0.292570
91 90 300.00 0.035890
91 72 300.00 0.147350
66 16 300.00 0.292570
66 34 300.00 0.199830
66 68 300.00 0.221263
18 96 300.00 0.247527
18 87 300.00 0.198867
18 20 300.00 0.315967
96 97 300.00 0.376850
96 81 300.00 0.446663
87 18 300.00 0.198867
87 75 300.00 0.633973
87 100 300.00 0.305643
20 18 300.00 0.315967
20 75 300.00 0.354587
20 79 300.00 0.192050
75 20 300.00 0.354587
75 88 300.00 0.172130
75 87 300.00 0.633973
79 20 300.00 0.192050
79 15 300.00 0.352030
53 21 300.00 0.406030
53 45 300.00 0.341037
53 107 300.00 0.440263
21 53 300.00 0.406030
21 24 300.00 0.254617
24 47 300.00 0.045093
24 59 300.00 0.629960
22 23 300.00 0.977010
23 73 300.00 0.185517
23 100 300.00 1.123193
73 77 300.00 0.362253
100 87 300.00 0.305643
100 50 300.00 0.973343
47 88 300.00 0.348980
59 60 300.00 0.160983
59 38 300.00 0.177837
64 26 300.00 0.152457
64 57 300.00 0.250520
64 103 300.00 0.227357
26 64 300.00 0.152457
26 24 300.00 0.212213
43 27 300.00 0.169400
27 43 300.00 0.169400
27 28 300.00 0.330270
27 46 300.00 0.209450
28 27 300.00 0.330270
28 32 300.00 0.432677
28 11 300.00 0.223523
31 29 300.00 0.303453
31 30 300.00 0.216193
31 41 300.00 0.308683
33 29 300.00 0.309193
33 44 300.00 0.264100
33 41 300.00 0.328433
33 46 300.00 0.314880
30 84 300.00 0.372560
30 69 300.00 0.243203
30 31 300.00 0.216193
69 30 300.00 0.243203
69 67 300.00 0.432623
69 107 300.00 0.177517
41 31 300.00 0.308683
41 33 300.00 0.328433
41 55 300.00 0.504383
41 42 300.00 0.280790
44 33 300.00 0.264100
44 40 300.00 0.323073
35 5 300.00 0.037147
35 82 300.00 0.187253
82 83 300.00 0.311530
36 37 300.00 0.312103
36 50 300.00 0.158833
37 47 300.00 0.131647
50 36 300.00 0.158833
38 60 300.00 0.266077
38 25 300.00 0.213817
60 56 300.00 0.166423
70 39 300.00 0.251177
40 46 300.00 0.210097
40 43 300.00 0.229277
55 41 300.00 0.504383
55 99 300.00 0.104433
42 41 300.00 0.280790
42 44 300.00 0.356693
49 45 300.00 0.227420
49 48 300.00 0.159457
45 49 300.00 0.227420
45 53 300.00 0.341037
45 62 300.00 0.170497
45 107 300.00 0.221677
62 45 300.00 0.170497
62 58 300.00 0.120963
62 61 300.00 0.084047
107 45 300.00 0.221677
107 48 300.00 0.323547
107 53 300.00 0.440263
107 69 300.00 0.177517
88 75 300.00 0.172130
88 90 300.00 0.270113
48 107 300.00 0.323547
48 55 300.00 0.294047
65 51 300.00 0.046937
65 26 300.00 0.257463
65 52 300.00 0.166227
51 65 300.00 0.046937
51 25 300.00 0.774663
57 52 300.00 0.004403
57 64 300.00 0.250520
57 58 300.00 0.172503
52 57 300.00 0.004403
52 49 300.00 0.508577
61 54 300.00 0.186547
61 103 300.00 0.136730
61 62 300.00 0.084047
54 61 300.00 0.186547
99 42 300.00 0.264053
99 102 300.00 0.047603
63 56 300.00 0.166687
56 63 300.00 0.166687
56 65 300.00 0.151030
58 57 300.00 0.172503
58 62 300.00 0.120963
58 103 300.00 0.080063
103 58 300.00 0.080063
103 61 300.00 0.136730
103 64 300.00 0.227357
68 66 300.00 0.221263
68 71 300.00 0.221820
68 72 300.00 0.467217
67 84 300.00 0.128783
67 69 300.00 0.432623
67 71 300.00 0.197323
72 68 300.00 0.467217
72 21 300.00 0.250387
77 74 300.00 0.308103
77 76 300.00 0.443907
74 35 300.00 0.177030
74 98 300.00 0.454250
98 74 300.00 0.454250
76 19 300.00 0.690537
76 81 300.00 0.205590
81 76 300.00 0.205590
81 73 300.00 0.454550
80 92 300.00 0.036973
80 36 300.00 0.698270
92 38 300.00 0.080917
92 37 300.00 0.775607
83 82 300.00 0.311530
86 104 300.00 0.158850
90 91 300.00 0.035890
90 79 300.00 0.125283
89 105 300.00 0.289223
95 101 300.00 0.038327
95 35 300.00 0.371820
94 93 300.00 0.033153
94 17 300.00 0.336410
97 96 300.00 0.376850
102 99 300.00 0.047603
102 51 300.00 1.215497
106 105 300.00 0.061763
