1 773 300.00 0.833317
773 721 300.00 0.363013
637 2 300.00 0.705757
637 25 300.00 0.167087
2 637 300.00 0.705757
2 1016 300.00 0.825067
1016 787 300.00 0.107423
3 732 300.00 0.041570
3 299 300.00 0.167133
732 735 300.00 0.062280
299 3 300.00 0.167133
299 324 300.00 0.434427
299 301 300.00 0.154300
4 672 300.00 0.423527
4 313 300.00 0.109067
672 671 300.00 0.040710
672 292 300.00 0.114327
313 4 300.00 0.109067
313 292 300.00 0.425070
313 316 300.00 0.205377
313 325 300.00 0.262167
5 727 300.00 0.178487
727 336 300.00 0.039113
727 1021 300.00 0.225127
345 6 300.00 0.096100
345 348 300.00 0.158847
345 643 300.00 0.432373
345 360 300.00 0.356043
6 345 300.00 0.096100
6 566 300.00 0.436040
566 643 300.00 0.130487
566 569 300.00 0.040443
703 7 300.00 0.026430
703 355 300.00 0.164087
703 725 300.00 0.378297
7 703 300.00 0.026430
7 352 300.00 0.153160
7 11 300.00 0.354220
352 7 300.00 0.153160
352 349 300.00 0.156617
352 646 300.00 0.432863
352 365 300.00 0.353823
11 705 300.00 0.028800
11 365 300.00 0.153150
11 650 300.00 0.366367
8 354 300.00 0.151830
8 406 300.00 0.038977
354 337 300.00 0.433697
354 353 300.00 0.155100
406 545 300.00 0.029793
406 12 300.00 0.427490
360 9 300.00 0.046493
360 345 300.00 0.356043
360 361 300.00 0.170600
9 360 300.00 0.046493
9 6 300.00 0.355900
704 10 300.00 0.029697
704 362 300.00 0.164153
704 1026 300.00 0.364550
10 704 300.00 0.029697
10 359 300.00 0.157887
10 706 300.00 0.352820
359 10 300.00 0.157887
359 343 300.00 0.368990
359 357 300.00 0.148393
359 373 300.00 0.349663
706 373 300.00 0.157600
706 707 300.00 0.034217
706 708 300.00 0.364277
705 11 300.00 0.028800
705 369 300.00 0.166523
705 703 300.00 0.355733
365 11 300.00 0.153150
365 352 300.00 0.353823
365 363 300.00 0.156303
365 649 300.00 0.364813
650 652 300.00 0.022163
650 649 300.00 0.151710
979 12 300.00 0.025147
979 545 300.00 0.429163
12 979 300.00 0.025147
12 372 300.00 0.156973
12 13 300.00 0.357800
372 12 300.00 0.156973
372 370 300.00 0.151450
372 384 300.00 0.357747
372 418 300.00 0.427980
13 980 300.00 0.032073
13 384 300.00 0.154723
13 989 300.00 0.354537
980 13 300.00 0.032073
980 979 300.00 0.357490
384 13 300.00 0.154723
384 372 300.00 0.357747
384 382 300.00 0.151890
384 395 300.00 0.360393
989 396 300.00 0.031207
989 395 300.00 0.156277
15 1024 300.00 0.279800
15 595 300.00 0.058667
1024 738 300.00 0.032937
595 15 300.00 0.058667
16 1045 300.00 0.035790
16 1044 300.00 0.036767
1045 570 300.00 0.045540
1045 17 300.00 0.246737
1044 256 300.00 0.440023
639 17 300.00 0.442123
639 1018 300.00 0.293117
17 639 300.00 0.442123
17 734 300.00 0.124917
734 733 300.00 0.062210
640 18 300.00 0.477017
640 639 300.00 0.267083
18 640 300.00 0.477017
18 609 300.00 0.274793
609 608 300.00 0.507540
609 724 300.00 0.119807
19 21 300.00 0.271063
19 642 300.00 0.580590
21 20 300.00 0.611023
21 22 300.00 0.270857
642 19 300.00 0.580590
642 641 300.00 0.265680
20 781 300.00 0.188357
20 21 300.00 0.611023
781 780 300.00 0.029383
22 611 300.00 0.294813
22 1048 300.00 0.234107
611 22 300.00 0.294813
611 638 300.00 0.355460
611 612 300.00 0.281083
1048 983 300.00 0.033680
635 23 300.00 0.761997
635 636 300.00 0.261263
23 635 300.00 0.761997
23 2 300.00 0.601710
607 24 300.00 0.368243
607 635 300.00 0.263637
24 607 300.00 0.368243
25 607 300.00 0.101690
26 637 300.00 0.141723
694 27 300.00 0.335213
694 693 300.00 0.177090
694 695 300.00 0.175357
27 694 300.00 0.335213
27 792 300.00 0.179683
27 795 300.00 0.171660
792 27 300.00 0.179683
792 591 300.00 0.075457
792 693 300.00 0.335043
795 27 300.00 0.171660
795 695 300.00 0.332393
795 794 300.00 0.155460
40 28 300.00 0.322850
40 969 300.00 0.038340
40 36 300.00 0.170570
28 40 300.00 0.322850
28 793 300.00 0.171780
28 794 300.00 0.186497
793 28 300.00 0.171780
793 36 300.00 0.324587
793 591 300.00 0.075550
794 28 300.00 0.186497
794 31 300.00 0.143313
794 795 300.00 0.155460
29 590 300.00 0.407380
590 655 300.00 0.104487
590 585 300.00 0.404390
655 30 300.00 0.401987
655 590 300.00 0.104487
655 656 300.00 0.175210
655 691 300.00 0.404497
30 655 300.00 0.401987
30 29 300.00 0.102827
34 31 300.00 0.168457
34 39 300.00 0.189333
34 696 300.00 0.629370
31 34 300.00 0.168457
31 45 300.00 0.181240
31 794 300.00 0.143313
45 31 300.00 0.181240
45 40 300.00 0.178093
32 35 300.00 0.217930
32 29 300.00 0.051627
35 55 300.00 0.366343
35 970 300.00 0.070103
970 33 300.00 0.038793
970 38 300.00 0.083180
33 970 300.00 0.038793
33 656 300.00 0.405837
33 30 300.00 0.178253
656 33 300.00 0.405837
656 591 300.00 0.177130
656 655 300.00 0.175210
656 692 300.00 0.402203
39 34 300.00 0.189333
39 594 300.00 0.175983
696 34 300.00 0.629370
696 593 300.00 0.178513
696 695 300.00 0.176477
55 35 300.00 0.366343
55 59 300.00 0.155520
36 33 300.00 0.181110
36 793 300.00 0.324587
977 37 300.00 0.029030
977 583 300.00 0.395263
37 977 300.00 0.029030
37 41 300.00 0.180637
37 582 300.00 0.407570
41 37 300.00 0.180637
41 44 300.00 0.177167
41 63 300.00 0.397220
41 697 300.00 0.406133
582 697 300.00 0.173780
582 786 300.00 0.031383
59 38 300.00 0.370503
59 55 300.00 0.155520
59 61 300.00 0.161100
38 59 300.00 0.370503
38 42 300.00 0.157973
42 61 300.00 0.365197
42 969 300.00 0.110633
594 740 300.00 0.189617
594 51 300.00 0.056920
969 40 300.00 0.038340
969 739 300.00 0.350320
44 41 300.00 0.177167
44 47 300.00 0.177977
44 66 300.00 0.403187
44 698 300.00 0.403310
63 41 300.00 0.397220
63 1020 300.00 0.022843
697 41 300.00 0.406133
697 582 300.00 0.173780
697 698 300.00 0.177530
61 42 300.00 0.365197
61 59 300.00 0.161100
61 68 300.00 0.385703
46 43 300.00 0.175773
46 48 300.00 0.177050
46 699 300.00 0.327810
43 46 300.00 0.175773
43 47 300.00 0.077923
43 584 300.00 0.327237
47 43 300.00 0.077923
47 44 300.00 0.177977
47 49 300.00 0.063607
584 43 300.00 0.327237
584 699 300.00 0.181977
584 698 300.00 0.175090
66 44 300.00 0.403187
66 63 300.00 0.178000
66 743 300.00 0.039460
698 44 300.00 0.403310
698 584 300.00 0.175090
698 697 300.00 0.177530
48 46 300.00 0.177050
48 50 300.00 0.074377
48 700 300.00 0.327010
699 46 300.00 0.327810
699 584 300.00 0.181977
699 700 300.00 0.170997
49 47 300.00 0.063607
49 53 300.00 0.174117
49 69 300.00 0.337920
50 48 300.00 0.074377
50 54 300.00 0.175590
50 57 300.00 0.071307
700 48 300.00 0.327010
700 699 300.00 0.170997
700 701 300.00 0.177660
53 49 300.00 0.174117
53 72 300.00 0.336143
53 57 300.00 0.177600
69 49 300.00 0.337920
69 66 300.00 0.177393
54 50 300.00 0.175590
54 58 300.00 0.164900
54 77 300.00 0.402460
54 701 300.00 0.408940
57 50 300.00 0.071307
57 53 300.00 0.177600
57 75 300.00 0.334587
51 52 300.00 0.030983
51 73 300.00 0.369597
52 56 300.00 0.160560
52 741 300.00 0.057727
73 71 300.00 0.155777
73 976 300.00 0.219597
56 92 300.00 0.584370
56 60 300.00 0.152893
741 594 300.00 0.033773
741 971 300.00 0.386030
72 53 300.00 0.336143
72 69 300.00 0.171357
72 744 300.00 0.038400
58 54 300.00 0.164900
58 580 300.00 0.404367
77 54 300.00 0.402460
77 75 300.00 0.186340
77 80 300.00 0.041503
701 54 300.00 0.408940
701 700 300.00 0.177660
701 702 300.00 0.117407
92 56 300.00 0.584370
92 87 300.00 0.157997
92 97 300.00 0.155067
60 97 300.00 0.582887
60 62 300.00 0.156910
75 57 300.00 0.334587
75 72 300.00 0.179727
580 77 300.00 0.159363
580 81 300.00 0.036897
97 60 300.00 0.582887
97 92 300.00 0.155067
97 797 300.00 0.149040
62 797 300.00 0.584947
62 1019 300.00 0.031903
68 61 300.00 0.385703
68 88 300.00 0.360720
68 71 300.00 0.152753
797 62 300.00 0.584947
797 97 300.00 0.149040
797 796 300.00 0.149987
1019 64 300.00 0.126527
1019 581 300.00 0.043150
1020 742 300.00 0.030290
64 65 300.00 0.028000
64 796 300.00 0.589420
65 67 300.00 0.160840
65 1020 300.00 0.042157
796 797 300.00 0.149987
796 121 300.00 0.249863
796 975 300.00 0.038120
67 743 300.00 0.041473
67 90 300.00 0.365153
743 66 300.00 0.039460
743 70 300.00 0.105420
90 67 300.00 0.365153
90 85 300.00 0.159827
90 118 300.00 0.366823
90 95 300.00 0.150147
88 68 300.00 0.360720
88 94 300.00 0.041877
88 0 300.00 0.748740
71 68 300.00 0.152753
71 93 300.00 0.359970
71 73 300.00 0.155777
70 74 300.00 0.159830
70 86 300.00 0.309293
74 91 300.00 0.310200
74 744 300.00 0.078853
86 70 300.00 0.309293
86 91 300.00 0.166873
86 95 300.00 0.054407
93 71 300.00 0.359970
93 88 300.00 0.151250
744 72 300.00 0.038400
744 76 300.00 0.070687
976 87 300.00 0.028087
976 98 300.00 0.140013
91 74 300.00 0.310200
91 86 300.00 0.166873
91 96 300.00 0.141583
76 78 300.00 0.159670
76 96 300.00 0.309370
78 80 300.00 0.149037
78 104 300.00 0.361467
96 76 300.00 0.309370
96 91 300.00 0.141583
96 102 300.00 0.053723
80 77 300.00 0.041503
80 81 300.00 0.149253
80 107 300.00 0.359447
104 78 300.00 0.361467
104 102 300.00 0.154433
104 134 300.00 0.372150
104 107 300.00 0.156033
79 82 300.00 0.282323
79 0 300.00 0.041623
82 110 300.00 0.372670
82 84 300.00 0.150370
81 111 300.00 0.368063
81 83 300.00 0.025190
107 80 300.00 0.359447
107 104 300.00 0.156033
107 139 300.00 0.371450
107 111 300.00 0.144870
111 107 300.00 0.144870
111 143 300.00 0.366380
83 718 300.00 0.038800
83 1051 300.00 0.250407
110 82 300.00 0.372670
110 106 300.00 0.156810
110 115 300.00 0.153730
110 144 300.00 0.370263
84 108 300.00 0.301837
84 89 300.00 0.156807
718 580 300.00 0.028937
718 588 300.00 0.499327
1051 1050 300.00 0.048817
108 84 300.00 0.301837
108 112 300.00 0.149797
108 115 300.00 0.066327
89 112 300.00 0.298247
89 94 300.00 0.155460
85 90 300.00 0.159827
85 65 300.00 0.363063
95 86 300.00 0.054407
95 90 300.00 0.150147
95 100 300.00 0.072017
87 976 300.00 0.028087
87 92 300.00 0.157997
87 52 300.00 0.588580
94 88 300.00 0.041877
94 116 300.00 0.291140
94 99 300.00 0.150713
112 89 300.00 0.298247
112 108 300.00 0.149797
112 116 300.00 0.155243
118 90 300.00 0.366823
118 114 300.00 0.158283
116 94 300.00 0.291140
116 112 300.00 0.155243
116 123 300.00 0.072240
99 127 300.00 0.362227
99 101 300.00 0.159100
100 95 300.00 0.072017
100 103 300.00 0.153777
100 122 300.00 0.294573
102 96 300.00 0.053723
102 104 300.00 0.154433
102 105 300.00 0.073473
98 101 300.00 0.041303
98 93 300.00 0.157890
101 978 300.00 0.069183
127 99 300.00 0.362227
127 123 300.00 0.155233
127 158 300.00 0.363367
127 131 300.00 0.153707
103 100 300.00 0.153777
103 126 300.00 0.292487
103 105 300.00 0.152013
122 100 300.00 0.294573
122 118 300.00 0.151887
122 125 300.00 0.038377
978 798 300.00 0.032077
978 131 300.00 0.298800
105 102 300.00 0.073473
105 103 300.00 0.152013
105 130 300.00 0.293950
126 103 300.00 0.292487
126 122 300.00 0.156880
134 104 300.00 0.372150
134 130 300.00 0.153920
134 137 300.00 0.037993
130 105 300.00 0.293950
130 126 300.00 0.152563
138 106 300.00 0.371500
138 135 300.00 0.099967
106 138 300.00 0.371500
106 110 300.00 0.156810
139 107 300.00 0.371450
139 134 300.00 0.150600
115 108 300.00 0.066327
115 110 300.00 0.153730
115 119 300.00 0.063230
136 109 300.00 0.294730
136 132 300.00 0.163610
136 164 300.00 0.366583
136 141 300.00 0.154563
109 136 300.00 0.294730
109 798 300.00 0.154480
109 113 300.00 0.153007
798 109 300.00 0.154480
798 978 300.00 0.032077
798 87 300.00 0.249217
113 109 300.00 0.153007
113 141 300.00 0.299320
113 799 300.00 0.150237
144 110 300.00 0.370263
144 138 300.00 0.151370
143 147 300.00 0.039607
143 139 300.00 0.146437
141 113 300.00 0.299320
141 136 300.00 0.154563
141 169 300.00 0.363060
141 145 300.00 0.150517
799 113 300.00 0.150237
799 121 300.00 0.154357
799 145 300.00 0.301063
114 975 300.00 0.144410
975 796 300.00 0.038120
975 85 300.00 0.225827
119 115 300.00 0.063230
119 124 300.00 0.155527
119 146 300.00 0.303573
123 116 300.00 0.072240
123 127 300.00 0.155233
123 128 300.00 0.063320
117 114 300.00 0.036393
117 120 300.00 0.163163
120 152 300.00 0.367157
120 125 300.00 0.147110
124 119 300.00 0.155527
124 150 300.00 0.301967
124 128 300.00 0.149527
146 119 300.00 0.303573
146 749 300.00 0.038437
146 144 300.00 0.151303
152 120 300.00 0.367157
152 149 300.00 0.159603
152 157 300.00 0.154217
152 179 300.00 0.361290
125 122 300.00 0.038377
125 151 300.00 0.299883
125 129 300.00 0.157160
121 799 300.00 0.154357
121 148 300.00 0.298913
121 982 300.00 0.036187
148 145 300.00 0.151680
148 176 300.00 0.359073
148 149 300.00 0.037487
982 121 300.00 0.036187
982 117 300.00 0.063627
128 123 300.00 0.063320
128 124 300.00 0.149527
128 154 300.00 0.303857
150 124 300.00 0.301967
150 146 300.00 0.152637
151 125 300.00 0.299883
151 155 300.00 0.151827
151 157 300.00 0.065440
129 155 300.00 0.296003
129 133 300.00 0.154367
158 127 300.00 0.363367
158 161 300.00 0.041397
158 154 300.00 0.153160
131 127 300.00 0.153707
131 132 300.00 0.023783
131 1039 300.00 0.360183
154 128 300.00 0.303857
154 748 300.00 0.038790
154 150 300.00 0.152517
155 129 300.00 0.296003
155 151 300.00 0.151827
155 159 300.00 0.154263
133 159 300.00 0.294173
133 137 300.00 0.150377
132 131 300.00 0.023783
132 136 300.00 0.163610
132 798 300.00 0.298293
1039 1041 300.00 0.005217
159 133 300.00 0.294173
159 155 300.00 0.154263
159 163 300.00 0.073337
137 134 300.00 0.037993
137 167 300.00 0.369097
137 142 300.00 0.150777
135 1024 300.00 0.040047
164 136 300.00 0.366583
164 1038 300.00 0.155030
167 137 300.00 0.369097
167 163 300.00 0.150183
167 189 300.00 0.360647
167 172 300.00 0.154450
142 172 300.00 0.368650
142 147 300.00 0.150807
140 135 300.00 0.033037
140 749 300.00 0.401407
749 146 300.00 0.038437
749 156 300.00 0.215980
169 141 300.00 0.363060
169 746 300.00 0.037317
169 164 300.00 0.145907
145 141 300.00 0.150517
145 173 300.00 0.359850
145 799 300.00 0.301063
145 148 300.00 0.151680
172 142 300.00 0.368650
172 167 300.00 0.154450
172 191 300.00 0.363133
172 174 300.00 0.154670
147 174 300.00 0.365660
147 731 300.00 0.033373
173 145 300.00 0.359850
173 169 300.00 0.155950
174 172 300.00 0.154670
174 194 300.00 0.361707
731 143 300.00 0.034323
731 832 300.00 0.308640
731 83 300.00 0.753233
176 1036 300.00 0.008357
149 148 300.00 0.037487
149 152 300.00 0.159603
149 982 300.00 0.301987
157 151 300.00 0.065440
157 152 300.00 0.154217
157 162 300.00 0.062983
179 152 300.00 0.361290
179 1037 300.00 0.156940
168 153 300.00 0.608973
168 156 300.00 0.166853
168 178 300.00 0.163820
153 168 300.00 0.608973
153 140 300.00 0.159700
748 154 300.00 0.038790
748 160 300.00 0.060937
156 168 300.00 0.166853
156 748 300.00 0.088673
162 157 300.00 0.062983
162 166 300.00 0.150917
162 181 300.00 0.304220
161 158 300.00 0.041397
161 1040 300.00 0.156363
161 401 300.00 0.374823
163 159 300.00 0.073337
163 167 300.00 0.150183
163 170 300.00 0.054620
180 160 300.00 0.332470
180 178 300.00 0.151763
180 182 300.00 0.046337
160 180 300.00 0.332470
160 161 300.00 0.095573
1040 747 300.00 0.018923
401 161 300.00 0.374823
401 182 300.00 0.095307
401 579 300.00 0.222477
166 162 300.00 0.150917
166 184 300.00 0.302653
166 170 300.00 0.154417
181 162 300.00 0.304220
181 800 300.00 0.040460
170 163 300.00 0.054620
170 166 300.00 0.154417
170 187 300.00 0.309280
1038 1042 300.00 0.004960
171 165 300.00 0.218720
171 190 300.00 0.331413
171 175 300.00 0.168667
165 171 300.00 0.218720
165 153 300.00 0.160837
184 166 300.00 0.302653
184 181 300.00 0.147190
189 167 300.00 0.360647
189 187 300.00 0.147283
189 745 300.00 0.045197
178 168 300.00 0.163820
178 175 300.00 0.210703
178 196 300.00 0.327753
178 180 300.00 0.151763
746 169 300.00 0.037317
746 1035 300.00 0.307590
187 170 300.00 0.309280
187 184 300.00 0.161093
190 171 300.00 0.331413
190 186 300.00 0.201653
190 192 300.00 0.177650
175 171 300.00 0.168667
175 192 300.00 0.327043
175 178 300.00 0.210703
191 172 300.00 0.363133
191 189 300.00 0.156393
194 191 300.00 0.148860
194 197 300.00 0.045790
192 175 300.00 0.327043
192 190 300.00 0.177650
192 196 300.00 0.199807
1036 173 300.00 0.154747
1036 1035 300.00 0.043063
177 149 300.00 0.360983
177 176 300.00 0.024167
196 178 300.00 0.327753
196 192 300.00 0.199807
196 202 300.00 0.165753
196 198 300.00 0.148717
1037 177 300.00 0.009450
182 180 300.00 0.046337
182 401 300.00 0.095307
182 578 300.00 0.223490
800 183 300.00 0.041320
800 179 300.00 0.110927
578 182 300.00 0.223490
578 198 300.00 0.061120
578 579 300.00 0.097703
183 185 300.00 0.104683
183 577 300.00 0.370913
183 800 300.00 0.041320
185 188 300.00 0.146393
185 199 300.00 0.317733
577 183 300.00 0.370913
577 575 300.00 0.241300
577 576 300.00 0.098453
188 745 300.00 0.243180
188 195 300.00 0.160267
199 185 300.00 0.317733
199 200 300.00 0.156650
199 576 300.00 0.051120
186 190 300.00 0.201653
186 165 300.00 0.342087
745 189 300.00 0.045197
745 197 300.00 0.302933
195 188 300.00 0.160267
195 201 300.00 0.546010
195 200 300.00 0.157813
193 194 300.00 0.028860
193 830 300.00 1.272413
193 731 300.00 0.746897
830 193 300.00 1.272413
830 720 300.00 0.872350
830 831 300.00 0.246817
197 1047 300.00 0.033323
197 201 300.00 0.151553
201 195 300.00 0.546010
201 206 300.00 0.173527
200 195 300.00 0.157813
200 199 300.00 0.156650
200 203 300.00 0.200503
200 211 300.00 0.337673
202 196 300.00 0.165753
202 207 300.00 0.163120
202 403 300.00 0.570760
198 196 300.00 0.148717
198 402 300.00 0.328720
198 578 300.00 0.061120
1047 193 300.00 0.035590
402 198 300.00 0.328720
402 207 300.00 0.154643
576 199 300.00 0.051120
576 208 300.00 0.241950
576 577 300.00 0.098453
203 200 300.00 0.200503
203 213 300.00 0.332343
203 204 300.00 0.179990
211 200 300.00 0.337673
211 210 300.00 0.151830
211 213 300.00 0.209353
211 217 300.00 0.168050
206 204 300.00 0.164400
206 218 300.00 0.327623
207 202 300.00 0.163120
207 205 300.00 0.564300
403 202 300.00 0.570760
403 186 300.00 0.165047
213 203 300.00 0.332343
213 211 300.00 0.209353
213 410 300.00 0.178280
204 203 300.00 0.179990
204 410 300.00 0.330673
204 206 300.00 0.164400
410 204 300.00 0.330673
410 213 300.00 0.178280
410 218 300.00 0.173333
205 1025 300.00 0.036920
205 403 300.00 0.162947
1025 737 300.00 0.031390
218 410 300.00 0.173333
218 730 300.00 0.024880
218 228 300.00 0.168303
210 208 300.00 0.046703
210 211 300.00 0.151830
210 226 300.00 0.329370
208 210 300.00 0.046703
208 576 300.00 0.241950
208 575 300.00 0.098720
575 208 300.00 0.098720
575 441 300.00 0.373140
575 577 300.00 0.241300
439 209 300.00 0.040937
439 233 300.00 0.431090
439 1056 300.00 0.149223
209 439 300.00 0.040937
209 402 300.00 0.089947
209 579 300.00 0.394423
579 209 300.00 0.394423
579 401 300.00 0.222477
579 578 300.00 0.097703
226 210 300.00 0.329370
226 441 300.00 0.096340
217 211 300.00 0.168050
217 230 300.00 0.167233
217 228 300.00 0.560597
440 212 300.00 0.039540
440 239 300.00 0.433810
440 673 300.00 0.157017
212 440 300.00 0.039540
212 1058 300.00 0.313877
1058 1054 300.00 0.033467
657 214 300.00 0.716080
657 250 300.00 0.215980
657 658 300.00 0.035537
214 657 300.00 0.716080
214 1078 300.00 0.051920
214 409 300.00 0.211910
1078 214 300.00 0.051920
1078 216 300.00 0.159017
1078 1070 300.00 0.018973
409 214 300.00 0.211910
409 250 300.00 0.717770
409 1077 300.00 0.221043
219 215 300.00 0.166367
219 222 300.00 0.149350
219 240 300.00 0.353483
219 687 300.00 0.436127
215 219 300.00 0.166367
215 437 300.00 0.434953
437 205 300.00 0.031487
437 687 300.00 0.197940
659 216 300.00 0.715850
659 657 300.00 0.212090
216 659 300.00 0.715850
216 220 300.00 0.210367
216 1078 300.00 0.159017
220 216 300.00 0.210367
220 661 300.00 0.711403
220 223 300.00 0.221413
220 1071 300.00 0.024380
230 217 300.00 0.167233
230 226 300.00 0.152840
228 217 300.00 0.560597
228 444 300.00 0.168343
730 218 300.00 0.024880
730 408 300.00 0.373683
222 219 300.00 0.149350
222 225 300.00 0.151520
222 242 300.00 0.351990
222 438 300.00 0.438180
240 219 300.00 0.353483
240 238 300.00 0.125140
240 242 300.00 0.149653
240 255 300.00 0.303327
687 219 300.00 0.436127
687 438 300.00 0.154067
661 220 300.00 0.711403
661 659 300.00 0.213043
223 220 300.00 0.221413
223 663 300.00 0.715423
223 231 300.00 0.204830
223 1074 300.00 0.022267
1071 220 300.00 0.024380
221 750 300.00 0.113927
221 246 300.00 0.438097
750 441 300.00 0.040240
750 224 300.00 0.040903
246 221 300.00 0.438097
246 690 300.00 0.166723
246 248 300.00 0.150807
246 268 300.00 0.353667
225 222 300.00 0.151520
225 229 300.00 0.154463
225 244 300.00 0.359673
225 688 300.00 0.431193
242 222 300.00 0.351990
242 240 300.00 0.149653
242 244 300.00 0.154267
242 258 300.00 0.301400
438 222 300.00 0.438180
438 688 300.00 0.151730
663 223 300.00 0.715423
663 661 300.00 0.212833
663 664 300.00 0.035660
231 223 300.00 0.204830
231 1079 300.00 0.173407
231 712 300.00 0.716643
1074 223 300.00 0.022267
248 224 300.00 0.437020
248 246 300.00 0.150807
248 251 300.00 0.150877
248 269 300.00 0.353590
224 248 300.00 0.437020
224 227 300.00 0.150413
227 251 300.00 0.437153
227 232 300.00 0.153180
229 225 300.00 0.154463
229 233 300.00 0.150503
229 247 300.00 0.357977
229 689 300.00 0.432603
244 225 300.00 0.359673
244 242 300.00 0.154267
244 247 300.00 0.154940
244 261 300.00 0.299113
688 225 300.00 0.431193
688 689 300.00 0.155917
441 750 300.00 0.040240
441 1060 300.00 0.274817
441 575 300.00 0.373140
251 227 300.00 0.437153
251 248 300.00 0.150877
251 253 300.00 0.157037
251 271 300.00 0.354270
232 253 300.00 0.435560
232 751 300.00 0.037020
232 442 300.00 0.160257
444 751 300.00 0.472537
444 443 300.00 0.037020
233 229 300.00 0.150503
233 249 300.00 0.356527
233 439 300.00 0.431090
233 235 300.00 0.162697
247 229 300.00 0.357977
247 244 300.00 0.154940
247 249 300.00 0.148130
247 266 300.00 0.298143
689 229 300.00 0.432603
689 439 300.00 0.151020
1079 231 300.00 0.173407
1079 234 300.00 0.044500
1079 1075 300.00 0.017363
712 231 300.00 0.716643
712 663 300.00 0.213760
253 232 300.00 0.435560
253 251 300.00 0.157037
253 257 300.00 0.150017
253 273 300.00 0.353230
751 232 300.00 0.037020
751 230 300.00 0.091093
442 257 300.00 0.436373
442 236 300.00 0.148833
249 233 300.00 0.356527
249 247 300.00 0.148130
249 267 300.00 0.299723
249 565 300.00 0.160750
235 233 300.00 0.162697
235 670 300.00 0.025487
235 565 300.00 0.356740
234 1079 300.00 0.044500
234 1080 300.00 0.106757
234 436 300.00 0.719587
1080 234 300.00 0.106757
1080 1072 300.00 0.017630
1080 1081 300.00 0.241200
436 234 300.00 0.719587
436 712 300.00 0.214130
670 235 300.00 0.025487
670 237 300.00 0.164983
670 1057 300.00 0.431053
565 249 300.00 0.160750
565 676 300.00 0.025877
565 678 300.00 0.300880
260 236 300.00 0.431180
260 257 300.00 0.154097
260 264 300.00 0.157183
260 276 300.00 0.353287
236 260 300.00 0.431180
236 443 300.00 0.160143
443 263 300.00 0.026660
443 1015 300.00 0.177420
237 670 300.00 0.164983
237 239 300.00 0.144633
237 254 300.00 0.348667
237 669 300.00 0.439070
239 237 300.00 0.144633
239 241 300.00 0.159600
239 440 300.00 0.433810
239 259 300.00 0.354333
254 237 300.00 0.348667
254 259 300.00 0.154733
254 676 300.00 0.162473
254 270 300.00 0.300933
669 237 300.00 0.439070
669 440 300.00 0.151353
238 240 300.00 0.125140
238 215 300.00 0.358913
241 239 300.00 0.159600
241 243 300.00 0.153410
241 262 300.00 0.353590
241 673 300.00 0.436567
259 239 300.00 0.354333
259 254 300.00 0.154733
259 262 300.00 0.148650
259 272 300.00 0.299633
255 240 300.00 0.303327
255 252 300.00 0.100340
243 241 300.00 0.153410
243 690 300.00 0.028797
243 265 300.00 0.351967
262 241 300.00 0.353590
262 259 300.00 0.148650
262 265 300.00 0.161727
262 275 300.00 0.296703
673 241 300.00 0.436567
673 1061 300.00 0.150947
258 242 300.00 0.301400
258 255 300.00 0.153730
258 752 300.00 0.033950
690 243 300.00 0.028797
690 246 300.00 0.166723
690 675 300.00 0.428127
265 262 300.00 0.161727
265 677 300.00 0.031057
265 681 300.00 0.301500
261 244 300.00 0.299113
261 258 300.00 0.152920
261 753 300.00 0.033333
1085 245 300.00 0.654043
1085 306 300.00 0.651100
1085 1084 300.00 0.212260
245 1085 300.00 0.654043
245 447 300.00 0.210833
447 658 300.00 0.215210
447 1086 300.00 0.653207
268 246 300.00 0.353667
268 269 300.00 0.155310
268 677 300.00 0.157493
268 278 300.00 0.298253
266 247 300.00 0.298143
266 261 300.00 0.149743
266 754 300.00 0.037523
269 248 300.00 0.353590
269 268 300.00 0.155310
269 271 300.00 0.151317
269 279 300.00 0.298100
267 249 300.00 0.299723
267 266 300.00 0.153897
250 409 300.00 0.717770
250 446 300.00 0.755910
446 444 300.00 0.026413
446 730 300.00 0.338033
271 251 300.00 0.354270
271 269 300.00 0.151317
271 273 300.00 0.154363
271 281 300.00 0.296640
252 238 300.00 0.308917
257 253 300.00 0.150017
257 260 300.00 0.154097
257 274 300.00 0.349927
257 442 300.00 0.436373
273 253 300.00 0.353230
273 271 300.00 0.154363
273 274 300.00 0.152827
273 283 300.00 0.296097
676 254 300.00 0.162473
676 565 300.00 0.025877
676 670 300.00 0.357827
270 254 300.00 0.300933
270 679 300.00 0.161047
256 252 300.00 0.043937
256 752 300.00 0.247420
752 258 300.00 0.033950
752 753 300.00 0.156200
274 257 300.00 0.349927
274 273 300.00 0.152827
274 276 300.00 0.153953
274 285 300.00 0.300183
272 259 300.00 0.299633
272 270 300.00 0.148640
272 755 300.00 0.039597
264 260 300.00 0.157183
264 984 300.00 0.210260
276 260 300.00 0.353287
276 274 300.00 0.153953
276 286 300.00 0.157827
276 289 300.00 0.303273
753 261 300.00 0.033333
753 754 300.00 0.153563
275 262 300.00 0.296703
275 272 300.00 0.162747
263 445 300.00 0.333287
263 446 300.00 0.035060
445 245 300.00 0.213057
445 1084 300.00 0.654383
984 286 300.00 0.146550
677 265 300.00 0.031057
677 268 300.00 0.157493
677 690 300.00 0.354130
681 275 300.00 0.150690
681 683 300.00 0.039920
754 266 300.00 0.037523
754 680 300.00 0.305023
278 268 300.00 0.298253
278 682 300.00 0.167873
278 756 300.00 0.040647
279 269 300.00 0.298100
279 278 300.00 0.151757
679 678 300.00 0.026703
679 676 300.00 0.299463
281 271 300.00 0.296640
281 279 300.00 0.153887
755 272 300.00 0.039597
755 683 300.00 0.313263
283 273 300.00 0.296097
283 281 300.00 0.149723
283 757 300.00 0.043897
285 274 300.00 0.300183
285 283 300.00 0.152047
286 276 300.00 0.157827
286 290 300.00 0.299713
289 276 300.00 0.303273
289 285 300.00 0.155767
289 758 300.00 0.038307
288 277 300.00 0.216313
288 291 300.00 0.207300
288 319 300.00 0.649867
288 660 300.00 0.651687
277 288 300.00 0.216313
277 1086 300.00 0.217150
277 315 300.00 0.647863
1086 311 300.00 0.648643
1086 447 300.00 0.653207
1086 1085 300.00 0.209763
315 277 300.00 0.647863
315 311 300.00 0.211960
315 319 300.00 0.218230
682 681 300.00 0.028090
682 677 300.00 0.299507
756 278 300.00 0.040647
756 757 300.00 0.452873
280 299 300.00 0.432853
280 282 300.00 0.151537
282 301 300.00 0.427830
282 284 300.00 0.153620
301 282 300.00 0.427830
301 299 300.00 0.154300
301 327 300.00 0.431620
301 305 300.00 0.150440
284 305 300.00 0.432903
284 287 300.00 0.158863
757 283 300.00 0.043897
757 758 300.00 0.309460
305 284 300.00 0.432903
305 301 300.00 0.150440
305 645 300.00 0.428760
305 309 300.00 0.156430
287 309 300.00 0.438170
287 563 300.00 0.152417
290 289 300.00 0.156353
290 304 300.00 0.036000
309 287 300.00 0.438170
309 305 300.00 0.156430
309 333 300.00 0.429110
309 1031 300.00 0.157107
563 672 300.00 0.031500
563 1031 300.00 0.436920
291 288 300.00 0.207300
291 295 300.00 0.215033
291 321 300.00 0.662813
291 662 300.00 0.642803
319 288 300.00 0.649867
319 315 300.00 0.218230
319 321 300.00 0.211137
660 288 300.00 0.651687
660 662 300.00 0.212697
758 289 300.00 0.038307
758 304 300.00 0.156990
304 729 300.00 0.027103
304 974 300.00 0.174620
295 291 300.00 0.215033
295 294 300.00 0.215683
295 664 300.00 0.648717
295 317 300.00 0.630650
321 291 300.00 0.662813
321 317 300.00 0.215320
321 319 300.00 0.211137
662 291 300.00 0.642803
662 664 300.00 0.214783
292 313 300.00 0.425070
292 293 300.00 0.196833
293 316 300.00 0.424943
293 296 300.00 0.200477
316 293 300.00 0.424943
316 313 300.00 0.205377
316 320 300.00 0.197877
316 329 300.00 0.260003
296 320 300.00 0.416353
296 684 300.00 0.108403
297 294 300.00 0.196153
297 308 300.00 0.370420
297 434 300.00 0.647527
294 297 300.00 0.196153
294 295 300.00 0.215683
294 711 300.00 0.647797
294 317 300.00 0.745683
711 294 300.00 0.647797
711 434 300.00 0.209997
317 294 300.00 0.745683
317 295 300.00 0.630650
317 321 300.00 0.215320
664 295 300.00 0.648717
664 663 300.00 0.035660
664 711 300.00 0.216237
320 296 300.00 0.416353
320 316 300.00 0.197877
320 1023 300.00 0.110830
320 334 300.00 0.268957
684 1023 300.00 0.415283
684 685 300.00 0.034627
308 297 300.00 0.370420
434 297 300.00 0.647527
434 968 300.00 0.431190
323 298 300.00 0.434907
323 344 300.00 0.428970
323 326 300.00 0.151047
323 686 300.00 0.164053
298 323 300.00 0.434907
298 300 300.00 0.151880
300 326 300.00 0.435967
300 303 300.00 0.153800
324 569 300.00 0.133063
326 300 300.00 0.435967
326 323 300.00 0.151047
326 347 300.00 0.429597
326 328 300.00 0.154877
303 328 300.00 0.436613
303 307 300.00 0.154483
303 573 300.00 0.035763
327 301 300.00 0.431620
327 324 300.00 0.152433
1084 302 300.00 0.644220
1084 789 300.00 0.334793
302 1084 300.00 0.644220
302 306 300.00 0.209700
302 728 300.00 0.335183
306 302 300.00 0.209700
306 1085 300.00 0.651100
306 311 300.00 0.212513
728 302 300.00 0.335183
728 974 300.00 0.024703
728 729 300.00 0.174847
328 303 300.00 0.436613
328 326 300.00 0.154877
328 350 300.00 0.430887
328 332 300.00 0.152430
307 332 300.00 0.435360
307 310 300.00 0.152930
573 303 300.00 0.035763
573 842 300.00 0.462477
729 791 300.00 0.034957
974 728 300.00 0.024703
974 841 300.00 0.306013
645 305 300.00 0.428760
645 327 300.00 0.152547
311 306 300.00 0.212513
311 315 300.00 0.211960
311 1086 300.00 0.648643
332 307 300.00 0.435360
332 328 300.00 0.152430
332 351 300.00 0.427497
332 335 300.00 0.152543
310 335 300.00 0.433390
310 314 300.00 0.153493
333 309 300.00 0.429110
333 645 300.00 0.156700
1031 309 300.00 0.157107
1031 1030 300.00 0.034290
335 310 300.00 0.433390
335 332 300.00 0.152543
335 353 300.00 0.432067
335 337 300.00 0.152043
314 337 300.00 0.432470
314 574 300.00 0.154843
314 759 300.00 0.036163
338 312 300.00 0.512903
338 358 300.00 0.530197
338 340 300.00 0.217213
338 339 300.00 0.250693
312 338 300.00 0.512903
325 313 300.00 0.262167
325 852 300.00 0.098623
325 329 300.00 0.199577
337 314 300.00 0.432470
337 331 300.00 0.159223
337 335 300.00 0.152043
337 354 300.00 0.433697
574 973 300.00 0.031920
574 331 300.00 0.434417
759 314 300.00 0.036163
759 573 300.00 0.463080
329 316 300.00 0.260003
329 325 300.00 0.199577
329 334 300.00 0.198430
340 318 300.00 0.511913
340 338 300.00 0.217213
340 413 300.00 0.215017
340 411 300.00 0.528593
318 340 300.00 0.511913
1023 320 300.00 0.110830
1023 1022 300.00 0.047887
334 320 300.00 0.268957
334 329 300.00 0.198430
334 336 300.00 0.102393
413 322 300.00 0.505153
413 340 300.00 0.215017
413 346 300.00 0.201050
413 412 300.00 0.530147
322 413 300.00 0.505153
344 323 300.00 0.428970
344 5 300.00 0.164103
686 323 300.00 0.164053
686 685 300.00 0.429760
569 724 300.00 0.035893
569 3 300.00 0.427867
852 325 300.00 0.098623
852 726 300.00 0.037820
852 1029 300.00 0.219333
347 326 300.00 0.429597
347 344 300.00 0.153950
347 415 300.00 0.037827
350 328 300.00 0.430887
350 347 300.00 0.151167
349 330 300.00 0.434770
349 348 300.00 0.149307
349 352 300.00 0.156617
349 363 300.00 0.353503
330 349 300.00 0.434770
330 646 300.00 0.154817
646 352 300.00 0.432863
646 567 300.00 0.150120
331 337 300.00 0.159223
331 8 300.00 0.431093
351 332 300.00 0.427497
351 350 300.00 0.159290
336 334 300.00 0.102393
336 727 300.00 0.039113
336 1027 300.00 0.285973
353 335 300.00 0.432067
353 351 300.00 0.151880
1027 343 300.00 0.148687
1027 1026 300.00 0.035820
1027 10 300.00 0.374693
358 338 300.00 0.530197
358 356 300.00 0.251537
339 338 300.00 0.250693
339 973 300.00 0.335323
973 972 300.00 0.035287
411 340 300.00 0.528593
411 358 300.00 0.212277
355 341 300.00 0.374017
355 357 300.00 0.158387
355 703 300.00 0.164087
355 369 300.00 0.351967
341 355 300.00 0.374017
341 342 300.00 0.156363
341 725 300.00 0.152607
342 341 300.00 0.156363
342 357 300.00 0.373947
342 343 300.00 0.149507
725 341 300.00 0.152607
725 1028 300.00 0.038210
725 852 300.00 0.279430
357 342 300.00 0.373947
357 355 300.00 0.158387
357 359 300.00 0.148393
357 371 300.00 0.347387
343 342 300.00 0.149507
343 359 300.00 0.368990
343 1027 300.00 0.148687
348 345 300.00 0.158847
348 349 300.00 0.149307
348 361 300.00 0.352503
348 644 300.00 0.431133
643 345 300.00 0.432373
643 644 300.00 0.156423
790 346 300.00 0.530233
346 790 300.00 0.530233
346 999 300.00 0.344327
346 413 300.00 0.201050
999 346 300.00 0.344327
999 366 300.00 0.187930
999 998 300.00 0.316253
415 347 300.00 0.037827
415 364 300.00 0.429007
415 407 300.00 0.156667
361 348 300.00 0.352503
361 360 300.00 0.170600
361 363 300.00 0.152660
361 647 300.00 0.365857
644 348 300.00 0.431133
644 330 300.00 0.155483
363 349 300.00 0.353503
363 361 300.00 0.152660
363 365 300.00 0.156303
363 648 300.00 0.362337
369 355 300.00 0.351967
369 371 300.00 0.151167
369 705 300.00 0.166523
369 381 300.00 0.364553
356 339 300.00 0.527853
356 8 300.00 0.029290
371 357 300.00 0.347387
371 369 300.00 0.151167
371 373 300.00 0.153750
371 383 300.00 0.363003
373 359 300.00 0.349663
373 371 300.00 0.153750
373 706 300.00 0.157600
373 385 300.00 0.365153
647 361 300.00 0.365857
647 556 300.00 0.183543
364 362 300.00 0.147947
364 367 300.00 0.159067
364 415 300.00 0.429007
364 377 300.00 0.356877
362 364 300.00 0.147947
362 704 300.00 0.164153
362 375 300.00 0.356530
362 414 300.00 0.429910
375 362 300.00 0.356530
375 377 300.00 0.152833
375 707 300.00 0.156927
375 387 300.00 0.363543
414 362 300.00 0.429910
414 415 300.00 0.154297
648 363 300.00 0.362337
648 647 300.00 0.156023
367 364 300.00 0.159067
367 368 300.00 0.149163
367 379 300.00 0.357167
367 407 300.00 0.428320
377 364 300.00 0.356877
377 375 300.00 0.152833
377 379 300.00 0.154873
377 388 300.00 0.366503
649 365 300.00 0.364813
649 648 300.00 0.159157
366 999 300.00 0.187930
366 412 300.00 0.209900
412 413 300.00 0.530147
412 846 300.00 0.116443
368 367 300.00 0.149163
368 370 300.00 0.155403
368 380 300.00 0.356380
368 416 300.00 0.430840
379 367 300.00 0.357167
379 377 300.00 0.154873
379 380 300.00 0.153560
379 391 300.00 0.362540
407 367 300.00 0.428320
407 416 300.00 0.153967
370 368 300.00 0.155403
370 372 300.00 0.151450
370 382 300.00 0.357640
370 417 300.00 0.430410
380 368 300.00 0.356380
380 379 300.00 0.153560
380 382 300.00 0.153413
380 393 300.00 0.365790
416 368 300.00 0.430840
416 417 300.00 0.150473
381 369 300.00 0.364553
381 651 300.00 0.164617
382 370 300.00 0.357640
382 380 300.00 0.153413
382 384 300.00 0.151890
382 394 300.00 0.363457
417 370 300.00 0.430410
417 418 300.00 0.154330
383 371 300.00 0.363003
383 381 300.00 0.150450
418 372 300.00 0.427980
418 406 300.00 0.154837
385 373 300.00 0.365153
385 383 300.00 0.156113
386 374 300.00 0.369747
386 562 300.00 0.159903
374 386 300.00 0.369747
374 376 300.00 0.159513
376 389 300.00 0.368377
376 378 300.00 0.146150
707 375 300.00 0.156927
707 706 300.00 0.034217
707 704 300.00 0.363737
387 375 300.00 0.363543
387 709 300.00 0.162240
389 376 300.00 0.368377
389 386 300.00 0.153780
378 392 300.00 0.367447
378 652 300.00 0.154230
388 377 300.00 0.366503
388 387 300.00 0.142213
392 378 300.00 0.367447
392 389 300.00 0.149470
392 1049 300.00 0.031650
652 653 300.00 0.025317
652 990 300.00 0.348147
391 379 300.00 0.362540
391 388 300.00 0.160210
393 380 300.00 0.365790
393 391 300.00 0.153107
651 705 300.00 0.365783
651 650 300.00 0.025713
394 382 300.00 0.363457
394 393 300.00 0.146147
395 384 300.00 0.360393
395 554 300.00 0.023647
395 394 300.00 0.159563
562 557 300.00 0.384117
709 707 300.00 0.362707
709 708 300.00 0.027500
390 555 300.00 0.137263
390 822 300.00 0.503077
555 404 300.00 0.375243
555 654 300.00 0.306647
822 390 300.00 0.503077
822 398 300.00 0.403833
822 553 300.00 0.256693
822 992 300.00 0.348357
1049 392 300.00 0.031650
1049 844 300.00 0.201517
554 395 300.00 0.023647
554 396 300.00 0.191860
396 980 300.00 0.361857
396 989 300.00 0.031207
396 955 300.00 0.309343
955 396 300.00 0.309343
955 890 300.00 0.205813
955 954 300.00 0.169120
654 397 300.00 0.331163
654 554 300.00 0.147967
397 654 300.00 0.331163
552 398 300.00 0.130840
552 549 300.00 0.622853
552 551 300.00 0.151867
398 552 300.00 0.130840
398 1000 300.00 0.028620
398 822 300.00 0.403833
1000 398 300.00 0.028620
1000 802 300.00 0.464133
1000 816 300.00 0.517330
399 770 300.00 0.035470
770 14 300.00 0.268440
400 773 300.00 0.039977
404 555 300.00 0.375243
405 414 300.00 0.160577
405 5 300.00 0.041077
545 356 300.00 0.039477
545 847 300.00 0.567097
1077 408 300.00 0.545180
1077 409 300.00 0.221043
1077 1073 300.00 0.016923
408 1077 300.00 0.545180
408 1047 300.00 0.289353
846 411 300.00 0.103443
846 847 300.00 0.031510
419 422 300.00 0.498310
422 421 300.00 0.079710
422 423 300.00 0.055870
420 423 300.00 0.080033
420 421 300.00 0.056783
421 426 300.00 1.213780
426 425 300.00 0.101517
426 427 300.00 0.074820
424 427 300.00 0.100233
424 425 300.00 0.078947
427 1009 300.00 0.163543
425 535 300.00 0.397823
535 541 300.00 0.186817
535 762 300.00 0.467520
428 429 300.00 0.068577
428 836 300.00 0.070360
429 431 300.00 1.975700
431 835 300.00 0.101397
431 432 300.00 0.078053
430 429 300.00 0.072850
430 836 300.00 0.085723
835 435 300.00 1.127730
432 430 300.00 1.974990
433 432 300.00 0.102713
433 835 300.00 0.093183
968 435 300.00 0.037900
968 433 300.00 1.126517
435 436 300.00 0.428120
435 968 300.00 0.037900
1056 1055 300.00 0.013323
1060 1059 300.00 0.024977
1015 1014 300.00 0.026160
1015 264 300.00 0.256330
658 657 300.00 0.035537
658 660 300.00 0.209947
658 277 300.00 0.653740
452 448 300.00 0.262423
452 449 300.00 0.294033
452 453 300.00 0.339943
448 452 300.00 0.262423
448 837 300.00 1.011533
837 428 300.00 0.288213
837 871 300.00 1.278623
1011 449 300.00 0.007953
1011 451 300.00 0.353753
1011 1005 300.00 0.174430
449 1011 300.00 0.007953
449 452 300.00 0.294033
449 450 300.00 0.195087
450 449 300.00 0.195087
450 873 300.00 0.169397
450 1005 300.00 0.377970
873 450 300.00 0.169397
1005 450 300.00 0.377970
1005 463 300.00 0.337317
1005 1011 300.00 0.174430
467 451 300.00 0.064493
467 463 300.00 0.096440
467 1004 300.00 0.132383
451 467 300.00 0.064493
451 466 300.00 0.402203
451 1011 300.00 0.353753
451 460 300.00 0.136417
466 451 300.00 0.402203
466 458 300.00 0.118913
466 462 300.00 0.120280
460 451 300.00 0.136417
460 458 300.00 0.352177
460 459 300.00 0.143020
460 461 300.00 0.263417
453 452 300.00 0.339943
453 455 300.00 0.128570
453 459 300.00 0.190933
453 454 300.00 0.246993
455 453 300.00 0.128570
455 461 300.00 0.060930
455 456 300.00 0.197470
459 453 300.00 0.190933
459 457 300.00 0.121713
459 460 300.00 0.143020
454 453 300.00 0.246993
461 455 300.00 0.060930
461 458 300.00 0.359693
461 460 300.00 0.263417
456 455 300.00 0.197470
457 459 300.00 0.121713
458 466 300.00 0.118913
458 460 300.00 0.352177
458 461 300.00 0.359693
462 466 300.00 0.120280
462 473 300.00 0.215197
462 471 300.00 0.201400
473 462 300.00 0.215197
473 472 300.00 0.148763
473 479 300.00 0.232560
471 462 300.00 0.201400
471 1004 300.00 0.111643
471 1010 300.00 0.155277
463 467 300.00 0.096440
463 465 300.00 0.131490
463 1005 300.00 0.337317
465 463 300.00 0.131490
465 464 300.00 0.137123
465 468 300.00 0.010210
464 465 300.00 0.137123
468 465 300.00 0.010210
468 478 300.00 0.259940
468 470 300.00 0.129143
1004 467 300.00 0.132383
1004 470 300.00 0.190910
1004 471 300.00 0.111643
478 468 300.00 0.259940
478 474 300.00 0.262220
478 485 300.00 0.131943
470 468 300.00 0.129143
470 1010 300.00 0.104933
470 1004 300.00 0.190910
472 469 300.00 0.172513
472 473 300.00 0.148763
472 477 300.00 0.099587
469 472 300.00 0.172513
469 1010 300.00 0.060703
469 476 300.00 0.118613
1010 469 300.00 0.060703
1010 470 300.00 0.104933
1010 471 300.00 0.155277
476 469 300.00 0.118613
476 474 300.00 0.090177
476 477 300.00 0.197437
477 472 300.00 0.099587
477 475 300.00 0.118793
477 476 300.00 0.197437
479 473 300.00 0.232560
479 475 300.00 0.167380
479 486 300.00 0.139190
474 476 300.00 0.090177
474 475 300.00 0.227377
474 478 300.00 0.262220
475 474 300.00 0.227377
475 477 300.00 0.118793
475 479 300.00 0.167380
485 478 300.00 0.131943
485 480 300.00 0.241903
485 486 300.00 0.671000
486 479 300.00 0.139190
486 482 300.00 0.120830
486 485 300.00 0.671000
480 485 300.00 0.241903
480 483 300.00 0.124243
480 484 300.00 0.541570
483 480 300.00 0.124243
483 481 300.00 0.121477
483 484 300.00 0.518543
484 480 300.00 0.541570
484 482 300.00 0.134083
484 483 300.00 0.518543
1012 481 300.00 0.058297
1012 482 300.00 0.744033
1012 1013 300.00 0.152257
481 1012 300.00 0.058297
481 483 300.00 0.121477
481 1013 300.00 0.117427
1013 481 300.00 0.117427
1013 516 300.00 0.774253
1013 1012 300.00 0.152257
482 1012 300.00 0.744033
482 486 300.00 0.120830
482 484 300.00 0.134083
489 487 300.00 0.145803
489 488 300.00 0.119320
489 490 300.00 0.128767
487 489 300.00 0.145803
492 488 300.00 0.123407
492 493 300.00 0.086143
492 872 300.00 0.263090
488 492 300.00 0.123407
488 489 300.00 0.119320
488 491 300.00 0.157237
491 488 300.00 0.157237
490 489 300.00 0.128767
493 492 300.00 0.086143
493 494 300.00 0.122220
493 495 300.00 0.201520
872 492 300.00 0.263090
872 499 300.00 0.404537
872 871 300.00 0.566020
494 493 300.00 0.122220
495 493 300.00 0.201520
495 499 300.00 0.035420
495 1003 300.00 0.082190
499 495 300.00 0.035420
499 498 300.00 0.177183
499 872 300.00 0.404537
499 1003 300.00 0.090007
1003 495 300.00 0.082190
1003 496 300.00 0.052960
1003 499 300.00 0.090007
497 496 300.00 0.176983
497 501 300.00 0.082627
497 1008 300.00 0.147920
496 497 300.00 0.176983
496 1003 300.00 0.052960
496 500 300.00 0.186893
500 496 300.00 0.186893
501 497 300.00 0.082627
501 507 300.00 0.126763
501 506 300.00 0.285820
1008 497 300.00 0.147920
498 499 300.00 0.177183
507 501 300.00 0.126763
507 506 300.00 0.186960
507 509 300.00 0.083977
506 501 300.00 0.285820
506 502 300.00 0.034633
506 507 300.00 0.186960
503 502 300.00 0.062387
502 503 300.00 0.062387
502 508 300.00 0.052743
502 506 300.00 0.034633
508 502 300.00 0.052743
508 504 300.00 0.075340
508 509 300.00 0.168077
505 504 300.00 0.089090
504 505 300.00 0.089090
504 522 300.00 0.126520
504 508 300.00 0.075340
522 504 300.00 0.126520
522 517 300.00 0.123433
522 523 300.00 0.105500
509 507 300.00 0.083977
509 508 300.00 0.168077
509 510 300.00 0.035820
510 509 300.00 0.035820
510 512 300.00 0.063573
510 511 300.00 0.171157
512 510 300.00 0.063573
512 513 300.00 0.160643
512 516 300.00 0.153587
511 510 300.00 0.171157
513 512 300.00 0.160643
516 512 300.00 0.153587
516 515 300.00 0.150580
516 1013 300.00 0.774253
515 514 300.00 0.185533
515 524 300.00 0.103660
515 516 300.00 0.150580
514 515 300.00 0.185533
524 515 300.00 0.103660
524 519 300.00 0.106943
524 528 300.00 0.125880
520 517 300.00 0.107683
517 520 300.00 0.107683
517 518 300.00 0.124023
517 522 300.00 0.123433
518 517 300.00 0.124023
518 521 300.00 0.097307
518 519 300.00 0.049073
521 518 300.00 0.097307
519 518 300.00 0.049073
519 524 300.00 0.106943
519 525 300.00 0.121003
525 519 300.00 0.121003
523 522 300.00 0.105500
528 524 300.00 0.125880
528 527 300.00 0.241483
528 543 300.00 0.046953
530 526 300.00 0.129020
530 531 300.00 0.167350
530 533 300.00 0.108570
530 543 300.00 0.105713
526 530 300.00 0.129020
526 534 300.00 0.132310
526 541 300.00 0.133733
534 526 300.00 0.132310
534 532 300.00 0.113197
534 533 300.00 0.126577
541 526 300.00 0.133733
541 531 300.00 0.116703
541 535 300.00 0.186817
541 540 300.00 0.161400
527 528 300.00 0.241483
543 528 300.00 0.046953
543 530 300.00 0.105713
543 544 300.00 0.212097
533 529 300.00 0.142983
533 530 300.00 0.108570
533 534 300.00 0.126577
529 533 300.00 0.142983
531 530 300.00 0.167350
531 537 300.00 0.039793
531 541 300.00 0.116703
537 531 300.00 0.039793
537 544 300.00 0.108687
537 539 300.00 0.140633
532 534 300.00 0.113197
762 761 300.00 0.156260
762 763 300.00 0.133993
544 536 300.00 0.263677
544 537 300.00 0.108687
544 543 300.00 0.212097
536 544 300.00 0.263677
539 537 300.00 0.140633
539 538 300.00 0.174110
539 540 300.00 0.153440
538 539 300.00 0.174110
540 539 300.00 0.153440
540 542 300.00 0.228777
540 541 300.00 0.161400
542 540 300.00 0.228777
847 846 300.00 0.031510
847 946 300.00 0.753083
847 886 300.00 0.197303
550 546 300.00 0.033247
550 547 300.00 0.157590
550 851 300.00 0.582280
546 550 300.00 0.033247
546 1049 300.00 0.115277
547 550 300.00 0.157590
547 548 300.00 0.229217
547 850 300.00 0.565983
548 547 300.00 0.229217
548 858 300.00 0.225953
548 859 300.00 0.348200
850 547 300.00 0.565983
850 549 300.00 0.124630
850 551 300.00 0.582460
850 851 300.00 0.144270
858 548 300.00 0.225953
858 549 300.00 0.294850
858 859 300.00 0.110153
859 548 300.00 0.348200
859 615 300.00 0.674187
859 858 300.00 0.110153
549 850 300.00 0.124630
549 552 300.00 0.622853
549 858 300.00 0.294850
851 550 300.00 0.582280
851 553 300.00 0.543907
851 850 300.00 0.144270
551 850 300.00 0.582460
551 553 300.00 0.145667
551 552 300.00 0.151867
553 551 300.00 0.145667
553 851 300.00 0.543907
553 822 300.00 0.256693
556 1048 300.00 0.035457
556 9 300.00 0.361867
557 374 300.00 0.188787
557 556 300.00 0.027733
558 709 300.00 0.021413
558 390 300.00 0.331290
559 558 300.00 0.027330
560 684 300.00 0.036240
560 671 300.00 0.618933
671 571 300.00 0.031250
671 564 300.00 0.473940
561 562 300.00 0.028993
561 546 300.00 0.343913
564 755 300.00 0.312100
564 679 300.00 0.040480
678 267 300.00 0.156450
678 680 300.00 0.040557
567 1028 300.00 0.052567
1028 725 300.00 0.038210
1028 7 300.00 0.379270
568 333 300.00 0.157863
568 567 300.00 0.038030
724 723 300.00 0.040237
570 280 300.00 0.204427
570 572 300.00 0.046727
572 1044 300.00 0.012400
572 1045 300.00 0.041677
571 563 300.00 0.039273
571 572 300.00 0.824923
842 560 300.00 0.035130
842 843 300.00 0.478907
581 583 300.00 0.031263
581 37 300.00 0.393120
583 741 300.00 0.509047
583 62 300.00 0.043340
786 582 300.00 0.031383
786 592 300.00 0.532537
786 977 300.00 0.405023
691 585 300.00 0.118070
691 655 300.00 0.404497
691 692 300.00 0.175563
585 691 300.00 0.118070
585 1 300.00 0.044033
586 589 300.00 0.536467
589 772 300.00 0.993297
589 713 300.00 0.241547
587 702 300.00 0.040560
587 586 300.00 0.263680
702 1046 300.00 0.325330
1046 588 300.00 0.029650
1046 58 300.00 0.097047
588 1046 300.00 0.029650
588 586 300.00 0.458917
772 771 300.00 0.063373
713 589 300.00 0.241547
713 716 300.00 1.021333
713 717 300.00 0.141073
591 656 300.00 0.177130
591 793 300.00 0.075550
591 792 300.00 0.075457
592 722 300.00 0.043547
592 593 300.00 0.028730
592 786 300.00 0.532537
722 778 300.00 1.209587
593 592 300.00 0.028730
593 981 300.00 0.420483
593 696 300.00 0.178513
981 971 300.00 0.020017
981 39 300.00 0.211623
740 739 300.00 0.037950
740 45 300.00 0.172620
596 737 300.00 0.199447
737 437 300.00 0.036377
737 736 300.00 0.258627
597 785 300.00 0.124020
785 596 300.00 0.131210
598 597 300.00 0.266630
598 599 300.00 0.251787
599 598 300.00 0.251787
599 601 300.00 0.283517
601 600 300.00 0.293977
601 603 300.00 0.274840
600 598 300.00 0.257787
600 601 300.00 0.293977
603 602 300.00 0.337203
603 605 300.00 0.266397
602 603 300.00 0.337203
602 784 300.00 0.067880
784 600 300.00 0.205807
605 604 300.00 0.375817
605 16 300.00 0.250667
604 605 300.00 0.375817
604 602 300.00 0.276787
606 638 300.00 0.254173
638 611 300.00 0.355460
638 782 300.00 0.182160
608 609 300.00 0.507540
608 779 300.00 0.123213
779 640 300.00 0.136860
641 610 300.00 0.545147
641 783 300.00 0.176043
610 641 300.00 0.545147
610 19 300.00 0.265937
612 611 300.00 0.281083
612 634 300.00 0.350717
612 983 300.00 0.332647
634 612 300.00 0.350717
634 606 300.00 0.038470
983 612 300.00 0.332647
983 557 300.00 0.035783
983 1017 300.00 0.281107
986 613 300.00 0.030110
986 987 300.00 0.223273
613 986 300.00 0.030110
613 618 300.00 0.147733
613 985 300.00 0.224140
618 613 300.00 0.147733
618 630 300.00 0.203547
618 620 300.00 0.128613
985 613 300.00 0.224140
985 617 300.00 0.546337
985 788 300.00 0.065450
801 614 300.00 0.036400
801 615 300.00 0.163230
801 854 300.00 0.214533
614 801 300.00 0.036400
614 628 300.00 0.133057
614 632 300.00 0.314270
628 614 300.00 0.133057
628 626 300.00 0.129727
628 631 300.00 0.169170
632 614 300.00 0.314270
615 801 300.00 0.163230
615 853 300.00 0.188810
615 857 300.00 0.319363
615 859 300.00 0.674187
853 615 300.00 0.188810
853 855 300.00 0.206820
853 854 300.00 0.226950
857 615 300.00 0.319363
857 617 300.00 0.121583
857 856 300.00 0.184763
624 616 300.00 0.022367
624 667 300.00 0.178533
624 856 300.00 0.087267
616 624 300.00 0.022367
616 617 300.00 0.190777
616 622 300.00 0.127173
617 616 300.00 0.190777
617 857 300.00 0.121583
617 985 300.00 0.546337
622 616 300.00 0.127173
622 620 300.00 0.130550
622 666 300.00 0.178487
630 618 300.00 0.203547
630 619 300.00 0.172613
630 665 300.00 0.124960
620 618 300.00 0.128613
620 665 300.00 0.189863
620 622 300.00 0.130550
619 630 300.00 0.172613
665 620 300.00 0.189863
665 621 300.00 0.169807
665 630 300.00 0.124960
665 666 300.00 0.136190
621 665 300.00 0.169807
666 622 300.00 0.178487
666 623 300.00 0.168297
666 665 300.00 0.136190
666 667 300.00 0.132167
623 666 300.00 0.168297
667 624 300.00 0.178533
667 625 300.00 0.177700
667 666 300.00 0.132167
667 668 300.00 0.131380
856 624 300.00 0.087267
856 626 300.00 0.037183
856 857 300.00 0.184763
625 667 300.00 0.177700
626 856 300.00 0.037183
626 668 300.00 0.170690
626 628 300.00 0.129727
668 626 300.00 0.170690
668 627 300.00 0.182503
668 631 300.00 0.129460
668 667 300.00 0.131380
627 668 300.00 0.182503
631 628 300.00 0.169170
631 629 300.00 0.164663
631 668 300.00 0.129460
629 631 300.00 0.164663
633 400 300.00 0.491827
636 634 300.00 0.260960
636 1017 300.00 0.728457
1017 636 300.00 0.728457
1017 23 300.00 0.268947
782 20 300.00 0.084663
1018 604 300.00 0.240233
1018 16 300.00 0.405740
783 608 300.00 0.109910
653 651 300.00 0.021503
653 559 300.00 0.633487
990 844 300.00 0.023930
990 392 300.00 0.168277
692 656 300.00 0.402203
692 691 300.00 0.175563
692 693 300.00 0.176260
1057 1043 300.00 0.003427
1061 674 300.00 0.006967
674 243 300.00 0.429693
674 675 300.00 0.032580
675 1062 300.00 0.010270
1062 221 300.00 0.149767
1062 1060 300.00 0.048903
680 564 300.00 0.025783
680 571 300.00 0.473980
683 843 300.00 0.027747
683 560 300.00 0.479467
843 756 300.00 0.169323
843 682 300.00 0.041527
685 842 300.00 0.037553
685 298 300.00 0.157380
693 692 300.00 0.176260
693 792 300.00 0.335043
693 694 300.00 0.177090
695 694 300.00 0.175357
695 795 300.00 0.332393
695 696 300.00 0.176477
1026 405 300.00 0.058710
1026 1027 300.00 0.035820
708 559 300.00 0.022593
708 385 300.00 0.163377
710 1002 300.00 0.048767
710 1032 300.00 0.710400
1002 1007 300.00 0.546057
1032 765 300.00 0.494887
716 713 300.00 1.021333
716 718 300.00 0.042513
717 713 300.00 0.141073
717 775 300.00 0.579697
717 838 300.00 0.310417
720 714 300.00 0.028537
720 830 300.00 0.872350
714 720 300.00 0.028537
714 776 300.00 0.745437
714 861 300.00 0.397840
776 775 300.00 0.270433
776 1052 300.00 0.346280
861 714 300.00 0.397840
861 838 300.00 0.232523
861 860 300.00 0.395270
715 1051 300.00 0.040990
715 716 300.00 0.203677
775 717 300.00 0.579697
775 776 300.00 0.270433
775 1053 300.00 0.246503
838 717 300.00 0.310417
838 862 300.00 0.386770
838 861 300.00 0.232523
719 865 300.00 0.211727
719 832 300.00 0.758363
865 864 300.00 0.387610
865 833 300.00 0.564853
832 719 300.00 0.758363
832 731 300.00 0.308640
832 831 300.00 0.381880
721 593 300.00 0.043030
721 722 300.00 0.029570
778 587 300.00 0.535877
723 566 300.00 0.035653
723 610 300.00 0.111943
726 568 300.00 0.174850
726 852 300.00 0.037820
1021 686 300.00 0.031917
1021 1022 300.00 0.028397
791 789 300.00 0.445987
791 290 300.00 0.027990
735 734 300.00 0.034403
735 570 300.00 0.345673
733 732 300.00 0.034080
733 18 300.00 0.073180
736 597 300.00 0.217173
736 599 300.00 0.251007
738 140 300.00 0.039193
738 840 300.00 0.658713
840 839 300.00 0.179233
840 1025 300.00 0.331203
739 51 300.00 0.230890
739 740 300.00 0.037950
971 592 300.00 0.419963
971 981 300.00 0.020017
742 581 300.00 0.124357
742 64 300.00 0.038977
1035 1034 300.00 0.037820
747 746 300.00 0.318567
747 1038 300.00 0.051720
760 777 300.00 0.098820
760 761 300.00 0.125547
777 763 300.00 0.054473
764 824 300.00 0.344883
764 827 300.00 0.488943
824 419 300.00 0.176090
824 825 300.00 0.180840
827 826 300.00 0.072637
765 766 300.00 0.043320
765 768 300.00 0.065443
766 848 300.00 0.031763
768 399 300.00 0.304723
848 849 300.00 0.490987
848 1065 300.00 0.132323
767 766 300.00 0.066357
767 768 300.00 0.043317
769 770 300.00 0.040530
769 767 300.00 0.342307
771 1068 300.00 0.124277
1068 1066 300.00 0.194560
1068 1069 300.00 0.905970
774 587 300.00 0.043537
1053 775 300.00 0.246503
1053 715 300.00 0.034447
1052 1053 300.00 0.021213
780 642 300.00 0.037313
787 26 300.00 0.192110
788 561 300.00 0.674470
788 985 300.00 0.065450
789 984 300.00 0.026383
789 1014 300.00 0.468820
1014 1015 300.00 0.026160
1014 263 300.00 0.178293
854 801 300.00 0.214533
854 802 300.00 0.615967
854 853 300.00 0.226950
804 802 300.00 0.109110
804 803 300.00 0.299697
804 807 300.00 0.168423
802 804 300.00 0.109110
802 1000 300.00 0.464133
802 854 300.00 0.615967
803 804 300.00 0.299697
807 804 300.00 0.168423
807 811 300.00 0.165483
807 808 300.00 0.310057
806 805 300.00 0.180020
806 815 300.00 0.210913
806 994 300.00 0.258617
805 806 300.00 0.180020
805 811 300.00 0.168967
805 813 300.00 0.343497
805 814 300.00 0.304897
811 805 300.00 0.168967
811 807 300.00 0.165483
811 810 300.00 0.430330
811 812 300.00 0.333423
813 805 300.00 0.343497
814 805 300.00 0.304897
814 816 300.00 0.285710
814 815 300.00 0.176730
815 806 300.00 0.210913
815 814 300.00 0.176730
815 819 300.00 0.252813
994 806 300.00 0.258617
994 991 300.00 0.082403
808 807 300.00 0.310057
808 809 300.00 0.133890
808 810 300.00 0.166403
809 808 300.00 0.133890
810 808 300.00 0.166403
810 811 300.00 0.430330
810 816 300.00 0.122163
816 810 300.00 0.122163
816 814 300.00 0.285710
816 818 300.00 0.172997
816 1000 300.00 0.517330
812 811 300.00 0.333423
819 815 300.00 0.252813
819 818 300.00 0.304853
819 821 300.00 0.254870
818 816 300.00 0.172997
818 817 300.00 0.085307
818 819 300.00 0.304853
817 818 300.00 0.085307
817 821 300.00 0.175683
817 988 300.00 0.163743
821 817 300.00 0.175683
821 819 300.00 0.254870
821 820 300.00 0.306993
988 817 300.00 0.163743
820 821 300.00 0.306993
992 822 300.00 0.348357
823 366 300.00 0.428640
823 946 300.00 0.032550
946 823 300.00 0.032550
946 945 300.00 0.189310
946 880 300.00 0.136503
825 878 300.00 0.052190
825 827 300.00 0.206073
878 825 300.00 0.052190
878 829 300.00 0.775753
878 419 300.00 0.190837
826 878 300.00 0.274580
826 828 300.00 0.206557
828 874 300.00 1.603893
828 829 300.00 0.647467
874 876 300.00 0.037287
874 877 300.00 0.416190
829 828 300.00 0.647467
829 1006 300.00 0.470047
829 878 300.00 0.775753
1006 829 300.00 0.470047
1006 875 300.00 0.041000
1006 874 300.00 0.373220
831 830 300.00 0.246817
831 832 300.00 0.381880
831 869 300.00 0.152943
869 831 300.00 0.152943
869 867 300.00 0.279777
869 868 300.00 0.239523
833 720 300.00 0.291467
833 834 300.00 0.213900
834 833 300.00 0.213900
834 1082 300.00 0.187370
834 867 300.00 0.186197
1082 834 300.00 0.187370
1082 863 300.00 0.163857
1082 1083 300.00 0.100920
867 834 300.00 0.186197
867 866 300.00 0.219100
867 869 300.00 0.279777
871 837 300.00 1.278623
871 870 300.00 0.051513
871 872 300.00 0.566020
862 838 300.00 0.386770
839 840 300.00 0.179233
839 596 300.00 0.359673
841 759 300.00 0.154537
841 574 300.00 0.036140
844 653 300.00 0.358267
844 845 300.00 0.752127
844 990 300.00 0.023930
845 844 300.00 0.752127
886 847 300.00 0.197303
886 885 300.00 0.131187
886 887 300.00 0.445403
849 1002 300.00 0.704377
849 1064 300.00 0.380853
1065 848 300.00 0.132323
1064 849 300.00 0.380853
1029 4 300.00 0.048030
1029 1030 300.00 0.029960
855 853 300.00 0.206820
860 861 300.00 0.395270
863 1082 300.00 0.163857
864 865 300.00 0.387610
866 867 300.00 0.219100
868 869 300.00 0.239523
870 871 300.00 0.051513
870 877 300.00 0.244610
870 1007 300.00 3.548913
877 870 300.00 0.244610
877 875 300.00 1.388010
877 876 300.00 0.422823
1007 870 300.00 3.548913
1007 764 300.00 0.078357
876 874 300.00 0.037287
876 875 300.00 0.339773
875 1006 300.00 0.041000
875 877 300.00 1.388010
881 879 300.00 0.391030
881 880 300.00 0.271687
881 952 300.00 0.356900
879 881 300.00 0.391030
995 880 300.00 0.029863
995 823 300.00 0.135303
880 995 300.00 0.029863
880 881 300.00 0.271687
952 881 300.00 0.356900
952 997 300.00 0.448927
952 953 300.00 0.301757
945 882 300.00 0.256100
945 944 300.00 0.173830
945 946 300.00 0.189310
882 945 300.00 0.256100
944 883 300.00 0.347207
944 953 300.00 0.293567
944 945 300.00 0.173830
883 944 300.00 0.347207
885 884 300.00 0.283240
885 886 300.00 0.131187
885 889 300.00 0.248447
884 885 300.00 0.283240
889 885 300.00 0.248447
889 888 300.00 0.312613
889 962 300.00 0.145387
887 886 300.00 0.445403
888 889 300.00 0.312613
962 889 300.00 0.145387
962 956 300.00 0.131493
962 961 300.00 0.268347
890 955 300.00 0.205813
954 891 300.00 0.311223
954 956 300.00 0.198613
954 955 300.00 0.169120
891 954 300.00 0.311223
957 892 300.00 0.033033
957 916 300.00 0.212923
957 951 300.00 0.939040
957 956 300.00 0.355450
892 957 300.00 0.033033
892 993 300.00 0.540567
993 892 300.00 0.540567
993 948 300.00 0.342480
937 893 300.00 0.059343
937 960 300.00 0.317927
937 936 300.00 0.360587
893 937 300.00 0.059343
893 894 300.00 0.213277
893 939 300.00 0.956207
894 893 300.00 0.213277
939 899 300.00 0.102150
939 938 300.00 0.053290
896 895 300.00 0.095293
896 897 300.00 0.091900
896 898 300.00 0.086470
896 899 300.00 0.401493
895 896 300.00 0.095293
897 896 300.00 0.091900
898 896 300.00 0.086470
899 896 300.00 0.401493
899 900 300.00 0.339280
899 939 300.00 0.102150
900 899 300.00 0.339280
938 901 300.00 0.609230
938 939 300.00 0.053290
938 937 300.00 0.919700
938 941 300.00 0.384217
901 938 300.00 0.609230
932 902 300.00 0.414447
932 959 300.00 0.373113
932 942 300.00 0.412367
902 932 300.00 0.414447
904 903 300.00 0.314563
904 959 300.00 0.193947
904 926 300.00 0.206093
903 904 300.00 0.314563
959 904 300.00 0.193947
959 914 300.00 0.151263
959 921 300.00 0.389383
959 932 300.00 0.373113
926 904 300.00 0.206093
926 925 300.00 0.403747
926 960 300.00 0.146570
947 905 300.00 0.487987
947 996 300.00 0.201340
947 948 300.00 0.444313
905 947 300.00 0.487987
907 906 300.00 0.336227
906 907 300.00 0.336227
906 943 300.00 0.066963
906 911 300.00 0.195310
943 906 300.00 0.066963
943 908 300.00 0.121813
943 913 300.00 0.422077
911 906 300.00 0.195310
911 910 300.00 0.377993
911 964 300.00 0.118863
911 942 300.00 0.202237
909 908 300.00 0.259963
908 909 300.00 0.259963
908 943 300.00 0.121813
908 948 300.00 0.300850
948 908 300.00 0.300850
948 947 300.00 0.444313
948 953 300.00 0.290170
948 993 300.00 0.342480
910 911 300.00 0.377993
964 911 300.00 0.118863
964 912 300.00 0.282697
964 963 300.00 0.069757
942 911 300.00 0.202237
942 932 300.00 0.412367
942 934 300.00 0.394300
942 941 300.00 0.322917
912 964 300.00 0.282697
913 943 300.00 0.422077
915 914 300.00 0.347003
914 915 300.00 0.347003
914 958 300.00 0.035837
914 959 300.00 0.151263
958 914 300.00 0.035837
958 918 300.00 0.210720
958 920 300.00 0.269783
917 916 300.00 0.393743
916 917 300.00 0.393743
916 957 300.00 0.212923
916 949 300.00 0.158137
949 916 300.00 0.158137
949 918 300.00 0.104690
949 950 300.00 0.177977
919 918 300.00 0.400777
918 919 300.00 0.400777
918 958 300.00 0.210720
918 949 300.00 0.104690
920 958 300.00 0.269783
922 921 300.00 0.404333
921 922 300.00 0.404333
921 931 300.00 0.176320
921 959 300.00 0.389383
931 921 300.00 0.176320
931 924 300.00 0.199957
931 930 300.00 0.370207
966 923 300.00 0.092280
966 924 300.00 0.224520
966 965 300.00 0.084803
923 966 300.00 0.092280
924 966 300.00 0.224520
924 929 300.00 0.211620
924 931 300.00 0.199957
929 924 300.00 0.211620
929 927 300.00 0.087177
929 930 300.00 0.345857
925 926 300.00 0.403747
960 926 300.00 0.146570
960 937 300.00 0.317927
960 941 300.00 0.682903
936 927 300.00 0.218340
936 940 300.00 0.054823
936 935 300.00 0.387370
927 936 300.00 0.218340
927 929 300.00 0.087177
927 928 300.00 0.353267
928 927 300.00 0.353267
928 935 300.00 0.302150
928 930 300.00 0.172050
935 928 300.00 0.302150
935 994 300.00 0.023677
935 991 300.00 0.062050
930 928 300.00 0.172050
930 929 300.00 0.345857
930 931 300.00 0.370207
934 933 300.00 0.279843
934 942 300.00 0.394300
934 941 300.00 0.520037
933 934 300.00 0.279843
941 934 300.00 0.520037
941 938 300.00 0.384217
941 960 300.00 0.682903
941 942 300.00 0.322917
991 935 300.00 0.062050
991 940 300.00 0.402260
940 936 300.00 0.054823
940 893 300.00 0.337717
953 944 300.00 0.293567
953 948 300.00 0.290170
953 952 300.00 0.301757
953 956 300.00 0.836297
996 947 300.00 0.201340
950 949 300.00 0.177977
951 957 300.00 0.939040
997 952 300.00 0.448927
956 953 300.00 0.836297
956 954 300.00 0.198613
956 962 300.00 0.131493
956 957 300.00 0.355450
961 962 300.00 0.268347
963 964 300.00 0.069757
965 966 300.00 0.084803
987 967 300.00 0.185127
987 986 300.00 0.223273
967 987 300.00 0.185127
967 788 300.00 0.465140
972 728 300.00 0.306317
972 841 300.00 0.031690
998 999 300.00 0.316253
1081 1001 300.00 0.057600
1081 1076 300.00 0.023597
1081 1080 300.00 0.241200
1001 1081 300.00 0.057600
1022 1021 300.00 0.028397
1022 336 300.00 0.226557
1030 1029 300.00 0.029960
1030 726 300.00 0.220117
1033 1016 300.00 0.028467
1033 967 300.00 0.484110
1034 183 300.00 0.274793
1034 1037 300.00 0.047267
1042 132 300.00 0.364930
1042 1039 300.00 0.042007
1041 1040 300.00 0.047307
1041 158 300.00 0.151970
1043 669 300.00 0.156790
1043 1058 300.00 0.044010
1050 719 300.00 0.022610
1050 1052 300.00 0.039170
1054 209 300.00 0.154140
1054 1056 300.00 0.049123
1055 235 300.00 0.424397
1055 1057 300.00 0.028623
1059 212 300.00 0.316620
1059 1061 300.00 0.051957
1063 79 300.00 0.098180
1066 1067 300.00 0.191607
1067 769 300.00 0.097980
1067 1066 300.00 0.191607
1069 1068 300.00 0.905970
1070 1078 300.00 0.018973
1072 1080 300.00 0.017630
1073 1077 300.00 0.016923
1075 1079 300.00 0.017363
1076 1081 300.00 0.023597
1083 1082 300.00 0.100920
