0 99 300.00 0.299740
99 93 300.00 0.456647
99 105 300.00 0.464103
99 98 300.00 0.310707
1 2 300.00 0.451007
2 140 300.00 0.041617
2 25 300.00 0.284603
140 523 300.00 0.026507
25 117 300.00 0.301120
25 93 300.00 0.457487
55 3 300.00 0.462973
55 37 300.00 0.312213
55 419 300.00 0.099397
55 142 300.00 0.305237
3 55 300.00 0.462973
3 141 300.00 0.313720
141 4 300.00 0.030220
141 142 300.00 0.461823
4 5 300.00 0.300863
5 6 300.00 0.365967
5 433 300.00 0.141163
6 57 300.00 0.138883
6 53 300.00 0.121683
433 5 300.00 0.141163
433 432 300.00 0.302463
433 435 300.00 0.158900
57 528 300.00 0.167280
57 381 300.00 0.222250
53 6 300.00 0.121683
53 426 300.00 0.428470
53 637 300.00 0.238373
7 458 300.00 0.413173
7 182 300.00 0.480620
458 457 300.00 0.098497
458 608 300.00 0.028193
182 7 300.00 0.480620
182 180 300.00 0.447460
182 539 300.00 0.263800
8 461 300.00 0.223160
461 459 300.00 0.697567
461 460 300.00 0.082127
9 194 300.00 0.298730
9 208 300.00 0.924407
194 654 300.00 0.089210
194 205 300.00 0.307133
208 9 300.00 0.924407
208 69 300.00 0.630323
208 152 300.00 0.318353
208 193 300.00 0.458473
142 10 300.00 0.028380
142 55 300.00 0.305237
142 375 300.00 0.099493
10 142 300.00 0.028380
10 434 300.00 0.165257
10 48 300.00 0.291643
434 435 300.00 0.303263
434 432 300.00 0.153887
48 10 300.00 0.291643
48 11 300.00 0.408980
48 376 300.00 0.144817
48 426 300.00 0.044223
48 56 300.00 0.330283
11 10 300.00 0.268413
11 143 300.00 0.030783
11 48 300.00 0.408980
11 49 300.00 0.301673
143 11 300.00 0.030783
143 51 300.00 0.306837
143 144 300.00 0.193380
49 11 300.00 0.301673
49 35 300.00 0.184463
49 376 300.00 0.151563
49 52 300.00 0.315863
144 12 300.00 0.031693
144 223 300.00 0.167757
144 430 300.00 0.114227
12 144 300.00 0.031693
12 11 300.00 0.193077
12 35 300.00 0.304340
35 12 300.00 0.304340
35 34 300.00 0.314283
35 438 300.00 0.114677
35 49 300.00 0.184463
13 440 300.00 0.187893
13 44 300.00 0.304630
13 145 300.00 0.032583
440 437 300.00 0.156120
440 441 300.00 0.305727
44 13 300.00 0.304630
44 444 300.00 0.178647
44 441 300.00 0.188463
44 45 300.00 0.308170
145 13 300.00 0.032583
145 43 300.00 0.301730
145 515 300.00 0.457727
14 139 300.00 0.032237
14 17 300.00 0.453870
139 413 300.00 0.032543
139 360 300.00 0.302400
17 18 300.00 0.304980
17 515 300.00 0.035823
17 445 300.00 0.136063
146 15 300.00 0.031193
146 118 300.00 0.305237
146 147 300.00 0.461453
15 146 300.00 0.031193
15 510 300.00 0.086960
15 575 300.00 0.458673
510 15 300.00 0.086960
510 91 300.00 0.221133
510 574 300.00 0.012160
575 14 300.00 0.032630
575 27 300.00 0.306497
16 15 300.00 0.462260
16 147 300.00 0.028280
16 96 300.00 0.302980
147 16 300.00 0.028280
147 97 300.00 0.310110
147 148 300.00 0.463450
96 16 300.00 0.302980
96 91 300.00 0.459343
96 95 300.00 0.308350
96 101 300.00 0.467523
18 17 300.00 0.304980
18 19 300.00 0.306170
18 138 300.00 0.460227
18 446 300.00 0.131877
515 17 300.00 0.035823
515 516 300.00 0.305843
515 139 300.00 0.454877
445 443 300.00 0.151683
445 446 300.00 0.307080
19 18 300.00 0.306170
19 20 300.00 0.310413
19 562 300.00 0.222640
19 447 300.00 0.239400
138 18 300.00 0.460227
138 27 300.00 0.030187
138 14 300.00 0.306870
446 18 300.00 0.131877
446 444 300.00 0.156737
446 445 300.00 0.307080
20 19 300.00 0.310413
20 21 300.00 0.308763
20 448 300.00 0.242030
20 563 300.00 0.172563
562 19 300.00 0.222640
562 137 300.00 0.236810
562 656 300.00 0.018643
447 19 300.00 0.239400
447 45 300.00 0.217070
447 604 300.00 0.030803
21 20 300.00 0.308763
21 22 300.00 0.308260
21 136 300.00 0.456977
21 47 300.00 0.462790
448 20 300.00 0.242030
448 46 300.00 0.217997
448 603 300.00 0.020487
563 20 300.00 0.172563
563 561 300.00 0.048290
563 605 300.00 0.021510
22 21 300.00 0.308260
22 363 300.00 0.031063
22 135 300.00 0.462257
136 21 300.00 0.456977
136 59 300.00 0.025103
136 361 300.00 0.309123
47 21 300.00 0.462790
47 33 300.00 0.448843
47 46 300.00 0.308587
47 544 300.00 0.297333
363 22 300.00 0.031063
363 364 300.00 0.467177
135 136 300.00 0.303077
135 29 300.00 0.020387
421 23 300.00 0.431117
421 355 300.00 0.138743
421 359 300.00 0.033677
23 421 300.00 0.431117
23 358 300.00 0.333460
358 359 300.00 0.314913
358 356 300.00 0.155100
368 24 300.00 0.238977
368 36 300.00 0.228893
368 367 300.00 0.303057
24 368 300.00 0.238977
24 572 300.00 0.076950
24 571 300.00 0.087653
24 38 300.00 0.909470
24 133 300.00 0.449323
24 43 300.00 0.307297
572 421 300.00 0.351187
571 24 300.00 0.087653
571 420 300.00 0.227947
571 572 300.00 0.063630
38 24 300.00 0.909470
38 26 300.00 0.036757
38 140 300.00 0.907037
133 427 300.00 0.131680
133 134 300.00 0.141030
133 429 300.00 0.031297
43 24 300.00 0.307297
43 516 300.00 0.457293
43 427 300.00 0.196607
43 145 300.00 0.301730
117 26 300.00 0.322103
93 92 300.00 0.307757
93 99 300.00 0.456647
93 1 300.00 0.292973
39 26 300.00 0.453423
39 92 300.00 0.311703
39 118 300.00 0.314300
39 40 300.00 0.464413
26 39 300.00 0.453423
26 119 300.00 0.311893
26 38 300.00 0.036757
119 118 300.00 0.453467
119 413 300.00 0.301703
91 27 300.00 0.458843
91 90 300.00 0.298827
91 510 300.00 0.221133
91 96 300.00 0.459343
27 91 300.00 0.458843
27 138 300.00 0.030187
27 28 300.00 0.307023
28 137 300.00 0.028947
28 414 300.00 0.305917
28 450 300.00 0.290147
137 28 300.00 0.028947
137 562 300.00 0.236810
137 138 300.00 0.306203
414 361 300.00 0.026807
414 59 300.00 0.310033
450 28 300.00 0.290147
450 90 300.00 0.169080
450 599 300.00 0.022980
29 362 300.00 0.026147
362 411 300.00 0.021943
362 352 300.00 0.314293
350 30 300.00 0.139050
350 422 300.00 0.100387
350 509 300.00 0.051607
30 350 300.00 0.139050
30 60 300.00 0.316907
30 343 300.00 0.101517
30 464 300.00 0.633747
60 30 300.00 0.316907
60 61 300.00 0.460803
60 531 300.00 0.193667
60 186 300.00 0.480847
343 30 300.00 0.101517
343 422 300.00 0.140763
343 345 300.00 0.074127
464 30 300.00 0.633747
464 452 300.00 0.045827
464 580 300.00 0.823517
180 31 300.00 0.327727
180 536 300.00 0.138230
180 454 300.00 0.147360
180 182 300.00 0.447460
31 180 300.00 0.327727
31 455 300.00 0.137140
31 453 300.00 0.439827
455 31 300.00 0.137140
455 206 300.00 0.170153
455 456 300.00 0.346320
453 31 300.00 0.439827
453 54 300.00 0.122490
453 454 300.00 0.329260
567 32 300.00 0.130090
567 529 300.00 0.052990
567 610 300.00 0.027190
32 567 300.00 0.130090
32 365 300.00 0.296213
32 526 300.00 0.351367
32 535 300.00 0.186240
365 32 300.00 0.296213
365 33 300.00 0.014650
365 527 300.00 0.488403
526 32 300.00 0.351367
526 544 300.00 0.112893
535 32 300.00 0.186240
535 529 300.00 0.235147
535 536 300.00 0.027280
33 47 300.00 0.448843
33 365 300.00 0.014650
33 378 300.00 0.319467
378 33 300.00 0.319467
378 34 300.00 0.308603
378 379 300.00 0.201713
439 34 300.00 0.123057
439 438 300.00 0.314303
439 442 300.00 0.155247
34 439 300.00 0.123057
34 35 300.00 0.314283
34 52 300.00 0.168703
34 378 300.00 0.308603
52 34 300.00 0.168703
52 49 300.00 0.315863
52 377 300.00 0.156260
438 35 300.00 0.114677
438 437 300.00 0.305847
438 441 300.00 0.152613
438 439 300.00 0.314303
36 368 300.00 0.228893
36 50 300.00 0.195627
36 134 300.00 0.318160
36 367 300.00 0.539883
50 36 300.00 0.195627
50 374 300.00 0.166707
50 51 300.00 0.309130
134 36 300.00 0.318160
134 51 300.00 0.194137
134 133 300.00 0.141030
134 223 300.00 0.133837
367 36 300.00 0.539883
367 420 300.00 0.233950
367 368 300.00 0.303057
374 37 300.00 0.102413
374 50 300.00 0.166707
374 419 300.00 0.312623
37 374 300.00 0.102413
37 55 300.00 0.312213
37 373 300.00 0.103847
37 58 300.00 0.458540
373 37 300.00 0.103847
373 372 300.00 0.099537
373 617 300.00 0.024337
58 37 300.00 0.458540
58 3 300.00 0.304830
92 39 300.00 0.311703
92 98 300.00 0.454997
92 93 300.00 0.307757
92 117 300.00 0.457580
118 39 300.00 0.314300
118 97 300.00 0.466880
118 146 300.00 0.305237
118 119 300.00 0.453467
40 39 300.00 0.464413
40 41 300.00 0.463563
40 98 300.00 0.304080
40 97 300.00 0.315757
41 40 300.00 0.463563
41 112 300.00 0.459383
41 104 300.00 0.305053
41 103 300.00 0.314967
98 40 300.00 0.304080
98 92 300.00 0.454997
98 104 300.00 0.467863
97 40 300.00 0.315757
97 103 300.00 0.460330
97 118 300.00 0.466880
97 147 300.00 0.310110
112 41 300.00 0.459383
112 42 300.00 0.465920
112 111 300.00 0.308687
112 278 300.00 0.087900
104 41 300.00 0.305053
104 98 300.00 0.467863
104 105 300.00 0.309423
104 113 300.00 0.463607
103 41 300.00 0.314967
103 97 300.00 0.460330
103 148 300.00 0.304960
103 635 300.00 0.292777
42 112 300.00 0.465920
42 82 300.00 0.307607
82 113 300.00 0.458570
82 83 300.00 0.310810
516 43 300.00 0.457293
516 513 300.00 0.053370
516 515 300.00 0.305843
427 43 300.00 0.196607
427 133 300.00 0.131680
427 428 300.00 0.302380
444 44 300.00 0.178647
444 443 300.00 0.307147
444 446 300.00 0.156737
441 44 300.00 0.188463
441 438 300.00 0.152613
441 440 300.00 0.305727
441 442 300.00 0.314247
45 44 300.00 0.308170
45 447 300.00 0.217070
45 416 300.00 0.121157
45 46 300.00 0.316680
416 45 300.00 0.121157
416 442 300.00 0.072997
416 602 300.00 0.025130
46 45 300.00 0.316680
46 448 300.00 0.217997
46 47 300.00 0.308587
544 47 300.00 0.297333
544 364 300.00 0.035250
544 564 300.00 0.353460
376 48 300.00 0.144817
376 49 300.00 0.151563
376 377 300.00 0.316990
426 48 300.00 0.044223
426 53 300.00 0.428470
426 435 300.00 0.108227
56 48 300.00 0.330283
56 377 300.00 0.131500
56 436 300.00 0.099683
56 380 300.00 0.302267
51 50 300.00 0.309130
51 143 300.00 0.306837
51 134 300.00 0.194137
51 419 300.00 0.165390
419 51 300.00 0.165390
419 55 300.00 0.099397
419 374 300.00 0.312623
419 375 300.00 0.305523
377 52 300.00 0.156260
377 56 300.00 0.131500
377 376 300.00 0.316990
637 53 300.00 0.238373
637 436 300.00 0.019300
637 658 300.00 0.018157
54 453 300.00 0.122490
54 186 300.00 0.455520
54 452 300.00 0.382867
54 364 300.00 0.638100
186 54 300.00 0.455520
186 60 300.00 0.480847
186 518 300.00 0.218443
452 54 300.00 0.382867
452 570 300.00 0.068873
452 464 300.00 0.045827
364 54 300.00 0.638100
364 544 300.00 0.035250
364 526 300.00 0.109357
436 56 300.00 0.099683
436 637 300.00 0.019300
436 659 300.00 0.018167
380 56 300.00 0.302267
380 528 300.00 0.333620
380 527 300.00 0.335033
528 57 300.00 0.167280
528 380 300.00 0.333620
528 527 300.00 0.460430
381 382 300.00 0.527257
59 136 300.00 0.025103
59 29 300.00 0.303200
61 60 300.00 0.460803
61 640 300.00 0.091313
61 86 300.00 0.313043
61 64 300.00 0.311223
531 60 300.00 0.193667
531 415 300.00 0.115477
640 61 300.00 0.091313
640 62 300.00 0.369470
640 641 300.00 0.145977
86 61 300.00 0.313043
86 352 300.00 0.454927
86 534 300.00 0.305780
86 87 300.00 0.459467
64 61 300.00 0.311223
64 542 300.00 0.308970
64 65 300.00 0.461887
64 339 300.00 0.138040
62 640 300.00 0.369470
62 87 300.00 0.309043
62 65 300.00 0.311540
62 63 300.00 0.957780
87 62 300.00 0.309043
87 86 300.00 0.459467
87 88 300.00 0.444397
87 228 300.00 0.302783
65 62 300.00 0.311540
65 64 300.00 0.461887
65 67 300.00 0.305637
65 289 300.00 0.890790
63 62 300.00 0.957780
63 75 300.00 0.433943
63 88 300.00 0.802357
75 63 300.00 0.433943
75 217 300.00 0.318497
88 63 300.00 0.802357
88 85 300.00 0.311417
88 87 300.00 0.444397
542 64 300.00 0.308970
542 327 300.00 0.306187
542 336 300.00 0.202643
542 340 300.00 0.123610
339 64 300.00 0.138040
339 349 300.00 0.142267
339 347 300.00 0.082140
67 65 300.00 0.305637
67 330 300.00 0.146610
67 334 300.00 0.201190
67 71 300.00 0.314190
289 65 300.00 0.890790
289 66 300.00 0.485447
289 290 300.00 0.314950
66 75 300.00 0.310967
66 289 300.00 0.485447
330 67 300.00 0.146610
330 290 300.00 0.747960
330 331 300.00 0.095300
334 67 300.00 0.201190
334 336 300.00 0.059357
334 335 300.00 0.312673
71 67 300.00 0.314190
71 465 300.00 0.127503
71 229 300.00 0.461487
71 538 300.00 0.185940
68 291 300.00 0.221450
68 290 300.00 0.486753
291 66 300.00 0.083543
291 577 300.00 0.018127
290 68 300.00 0.486753
290 289 300.00 0.314950
290 330 300.00 0.747960
463 69 300.00 0.366840
463 206 300.00 0.237240
463 568 300.00 0.397197
69 463 300.00 0.366840
69 208 300.00 0.630323
69 70 300.00 0.455113
70 69 300.00 0.455113
70 201 300.00 0.304543
70 530 300.00 0.472580
201 70 300.00 0.304543
201 170 300.00 0.464520
201 193 300.00 0.310040
530 70 300.00 0.472580
530 170 300.00 0.309823
530 623 300.00 0.423970
465 71 300.00 0.127503
465 325 300.00 0.181790
465 466 300.00 0.457720
229 71 300.00 0.461487
229 216 300.00 0.465607
229 466 300.00 0.123250
538 329 300.00 0.267650
538 540 300.00 0.150170
72 68 300.00 0.311387
72 216 300.00 0.450563
216 72 300.00 0.450563
216 229 300.00 0.465607
216 230 300.00 0.326827
265 73 300.00 0.342710
265 74 300.00 0.295507
265 218 300.00 0.471073
73 265 300.00 0.342710
73 296 300.00 0.450867
73 276 300.00 0.125023
296 73 300.00 0.450867
296 188 300.00 0.287257
296 295 300.00 0.026743
276 73 300.00 0.125023
276 267 300.00 0.229813
276 275 300.00 0.158080
74 265 300.00 0.295507
74 219 300.00 0.132850
74 277 300.00 0.022293
74 230 300.00 0.462697
219 72 300.00 0.194153
277 74 300.00 0.022293
277 266 300.00 0.139013
230 74 300.00 0.462697
230 216 300.00 0.326827
230 218 300.00 0.291730
230 222 300.00 0.158060
217 76 300.00 0.276203
76 264 300.00 0.040173
76 85 300.00 0.914693
264 231 300.00 0.318687
85 76 300.00 0.914693
85 228 300.00 0.468487
85 88 300.00 0.311417
107 77 300.00 0.451907
107 508 300.00 0.127600
107 108 300.00 0.301287
107 283 300.00 0.221690
77 107 300.00 0.451907
77 281 300.00 0.155517
281 78 300.00 0.148423
281 573 300.00 0.014027
108 78 300.00 0.453940
108 107 300.00 0.301287
108 280 300.00 0.240203
108 109 300.00 0.308980
78 108 300.00 0.453940
78 79 300.00 0.309450
79 506 300.00 0.308987
79 109 300.00 0.459440
506 80 300.00 0.011863
109 79 300.00 0.459440
109 101 300.00 0.459840
109 108 300.00 0.308980
109 110 300.00 0.306617
80 110 300.00 0.441297
80 279 300.00 0.034897
110 109 300.00 0.306617
110 149 300.00 0.041577
110 102 300.00 0.464057
279 505 300.00 0.012867
81 42 300.00 0.307883
81 111 300.00 0.458940
111 81 300.00 0.458940
111 112 300.00 0.308687
111 149 300.00 0.304740
111 635 300.00 0.175580
113 82 300.00 0.458570
113 104 300.00 0.463607
113 114 300.00 0.307500
113 278 300.00 0.219877
83 114 300.00 0.454947
83 84 300.00 0.293653
114 83 300.00 0.454947
114 105 300.00 0.466120
114 113 300.00 0.307500
114 115 300.00 0.305383
84 115 300.00 0.458780
115 114 300.00 0.305383
115 106 300.00 0.465907
228 87 300.00 0.302783
228 638 300.00 0.157040
228 532 300.00 0.036797
352 86 300.00 0.454927
352 415 300.00 0.021313
352 531 300.00 0.116070
534 86 300.00 0.305780
534 533 300.00 0.035437
90 89 300.00 0.311837
90 354 300.00 0.181367
90 450 300.00 0.169080
90 91 300.00 0.298827
89 90 300.00 0.311837
89 232 300.00 0.308307
89 449 300.00 0.213007
232 89 300.00 0.308307
232 533 300.00 0.302750
232 233 300.00 0.461200
449 89 300.00 0.213007
354 90 300.00 0.181367
354 95 300.00 0.283320
354 598 300.00 0.019080
353 94 300.00 0.233773
94 353 300.00 0.233773
94 512 300.00 0.090000
94 511 300.00 0.090833
94 508 300.00 0.799130
512 94 300.00 0.090000
512 95 300.00 0.218797
512 601 300.00 0.019060
511 94 300.00 0.090833
511 233 300.00 0.217650
511 600 300.00 0.018067
508 94 300.00 0.799130
508 107 300.00 0.127600
508 507 300.00 0.148647
95 354 300.00 0.283320
95 96 300.00 0.308350
95 512 300.00 0.218797
95 100 300.00 0.457707
100 95 300.00 0.457707
100 280 300.00 0.232073
100 101 300.00 0.307373
101 96 300.00 0.467523
101 100 300.00 0.307373
101 109 300.00 0.459840
101 102 300.00 0.306380
105 99 300.00 0.464103
105 104 300.00 0.309423
105 114 300.00 0.466120
105 106 300.00 0.294953
280 100 300.00 0.232073
280 108 300.00 0.240203
280 597 300.00 0.021603
102 101 300.00 0.306380
102 148 300.00 0.033937
102 16 300.00 0.463683
148 102 300.00 0.033937
148 103 300.00 0.304960
148 149 300.00 0.465120
635 103 300.00 0.292777
635 111 300.00 0.175580
635 634 300.00 0.017290
106 105 300.00 0.294953
106 0 300.00 0.464637
283 107 300.00 0.221690
283 221 300.00 0.090353
283 282 300.00 0.325573
149 110 300.00 0.041577
149 111 300.00 0.304740
149 279 300.00 0.440363
278 112 300.00 0.087900
278 113 300.00 0.219877
278 576 300.00 0.026123
420 116 300.00 0.310940
420 357 300.00 0.111140
420 367 300.00 0.233950
420 571 300.00 0.227947
116 420 300.00 0.310940
116 366 300.00 0.369170
366 116 300.00 0.369170
366 225 300.00 0.405690
366 616 300.00 0.022517
413 146 300.00 0.460760
413 575 300.00 0.033047
121 120 300.00 0.540500
121 262 300.00 0.108830
121 124 300.00 0.497927
121 125 300.00 0.300157
120 121 300.00 0.540500
262 121 300.00 0.108830
262 260 300.00 0.096250
262 261 300.00 0.296447
124 121 300.00 0.497927
125 121 300.00 0.300157
125 126 300.00 0.297007
125 261 300.00 0.111550
125 549 300.00 0.410080
126 125 300.00 0.297007
126 255 300.00 0.278070
126 550 300.00 0.397017
261 125 300.00 0.111550
261 259 300.00 0.095593
261 262 300.00 0.296447
549 125 300.00 0.410080
549 548 300.00 0.157497
549 550 300.00 0.292760
255 126 300.00 0.278070
255 131 300.00 0.400763
255 254 300.00 0.021483
550 126 300.00 0.397017
550 524 300.00 0.056980
550 549 300.00 0.292760
128 127 300.00 0.291847
128 129 300.00 0.489680
128 132 300.00 0.413593
128 249 300.00 0.573783
127 128 300.00 0.291847
127 248 300.00 0.405743
127 660 300.00 0.297373
127 254 300.00 0.289387
248 127 300.00 0.405743
248 131 300.00 0.318450
248 132 300.00 0.284447
660 127 300.00 0.297373
660 247 300.00 0.137507
660 661 300.00 0.023630
254 127 300.00 0.289387
254 253 300.00 0.267867
254 255 300.00 0.021483
129 128 300.00 0.489680
129 246 300.00 0.260727
132 128 300.00 0.413593
132 215 300.00 0.302430
132 248 300.00 0.284447
249 128 300.00 0.573783
246 244 300.00 0.069223
246 247 300.00 0.970130
257 130 300.00 0.108200
257 259 300.00 0.098247
257 258 300.00 0.291140
130 257 300.00 0.108200
130 263 300.00 0.282050
130 256 300.00 0.224610
130 131 300.00 0.571090
263 130 300.00 0.282050
263 258 300.00 0.130013
263 553 300.00 0.284303
256 130 300.00 0.224610
131 130 300.00 0.571090
131 255 300.00 0.400763
131 248 300.00 0.318450
215 132 300.00 0.302430
215 501 300.00 0.142673
429 223 300.00 0.162690
429 430 300.00 0.282100
223 134 300.00 0.133837
223 144 300.00 0.167757
361 137 300.00 0.307507
361 561 300.00 0.235500
361 414 300.00 0.026807
360 514 300.00 0.295377
360 38 300.00 0.313557
523 23 300.00 0.410330
375 143 300.00 0.167793
375 419 300.00 0.305523
430 429 300.00 0.282100
430 428 300.00 0.152187
317 150 300.00 0.171153
317 158 300.00 0.151430
317 319 300.00 0.162927
150 317 300.00 0.171153
150 314 300.00 0.027717
150 156 300.00 0.469280
314 150 300.00 0.027717
314 313 300.00 0.187023
314 315 300.00 0.272080
156 150 300.00 0.469280
156 154 300.00 0.291170
156 316 300.00 0.325937
156 295 300.00 0.432293
160 151 300.00 0.470213
160 203 300.00 0.457580
160 210 300.00 0.322563
160 187 300.00 0.302827
151 160 300.00 0.470213
151 410 300.00 0.230713
151 525 300.00 0.315913
151 191 300.00 0.304557
410 151 300.00 0.230713
410 202 300.00 0.233210
410 596 300.00 0.025097
525 151 300.00 0.315913
525 209 300.00 0.026193
525 210 300.00 0.455957
191 151 300.00 0.304557
191 153 300.00 0.314740
191 187 300.00 0.472683
191 409 300.00 0.097787
504 152 300.00 0.101413
504 169 300.00 0.354527
504 609 300.00 0.023613
152 504 300.00 0.101413
152 479 300.00 0.258827
152 208 300.00 0.318353
152 565 300.00 0.359727
479 152 300.00 0.258827
479 173 300.00 0.223223
479 652 300.00 0.025857
565 152 300.00 0.359727
565 593 300.00 0.019947
565 592 300.00 0.059493
482 153 300.00 0.137700
482 185 300.00 0.332683
482 615 300.00 0.024310
153 482 300.00 0.137700
153 167 300.00 0.462023
153 191 300.00 0.314740
153 159 300.00 0.306730
167 153 300.00 0.462023
167 397 300.00 0.180537
167 190 300.00 0.311770
167 196 300.00 0.306013
159 153 300.00 0.306730
159 190 300.00 0.463270
159 387 300.00 0.085090
159 198 300.00 0.462700
307 154 300.00 0.308867
307 308 300.00 0.024053
307 309 300.00 0.092763
154 307 300.00 0.308867
154 157 300.00 0.459387
154 312 300.00 0.202610
154 156 300.00 0.291170
157 154 300.00 0.459387
157 313 300.00 0.088057
157 306 300.00 0.313027
312 154 300.00 0.202610
312 310 300.00 0.134473
312 643 300.00 0.019057
308 155 300.00 0.282947
308 307 300.00 0.024053
308 546 300.00 0.259547
155 308 300.00 0.282947
155 300 300.00 0.453333
155 305 300.00 0.770873
155 197 300.00 0.511860
300 155 300.00 0.453333
300 663 300.00 0.041333
300 301 300.00 0.148130
305 155 300.00 0.770873
197 155 300.00 0.511860
197 306 300.00 0.256843
197 490 300.00 0.131890
316 156 300.00 0.325937
316 158 300.00 0.461513
316 293 300.00 0.297733
295 156 300.00 0.432293
295 220 300.00 0.329120
295 296 300.00 0.026743
313 157 300.00 0.088057
313 314 300.00 0.187023
313 662 300.00 0.013177
306 157 300.00 0.313027
306 197 300.00 0.256843
306 309 300.00 0.361647
325 158 300.00 0.327417
325 465 300.00 0.181790
325 326 300.00 0.460933
158 325 300.00 0.327417
158 317 300.00 0.151430
158 316 300.00 0.461513
158 622 300.00 1.194273
622 158 300.00 1.194273
622 627 300.00 0.036023
190 159 300.00 0.463270
190 161 300.00 0.457780
190 167 300.00 0.311770
190 647 300.00 0.078597
387 159 300.00 0.085090
387 389 300.00 0.310917
198 159 300.00 0.462700
198 185 300.00 0.309583
198 212 300.00 0.294730
203 160 300.00 0.457580
203 176 300.00 0.330430
203 189 300.00 0.498543
203 403 300.00 0.098810
210 160 300.00 0.322563
210 476 300.00 0.099613
210 477 300.00 0.131963
210 525 300.00 0.455957
187 160 300.00 0.302827
187 177 300.00 0.454673
187 191 300.00 0.472683
161 190 300.00 0.457780
161 204 300.00 0.339580
204 195 300.00 0.454890
211 162 300.00 0.609103
211 163 300.00 0.617687
211 164 300.00 0.245937
211 183 300.00 0.252047
162 211 300.00 0.609103
163 211 300.00 0.617687
163 213 300.00 0.245713
213 499 300.00 0.221577
213 168 300.00 0.493783
492 164 300.00 0.077233
492 491 300.00 0.125940
492 493 300.00 0.325900
164 492 300.00 0.077233
164 494 300.00 0.055683
164 211 300.00 0.245937
494 164 300.00 0.055683
494 495 300.00 0.113440
494 636 300.00 0.416593
165 8 300.00 0.305180
475 166 300.00 0.087290
475 476 300.00 0.131807
475 612 300.00 0.021477
166 475 300.00 0.087290
166 174 300.00 0.464790
166 169 300.00 0.313370
174 166 300.00 0.464790
174 469 300.00 0.126460
174 470 300.00 0.082847
174 467 300.00 0.568430
169 166 300.00 0.313370
169 473 300.00 0.099893
169 193 300.00 0.307040
169 504 300.00 0.354527
397 167 300.00 0.180537
397 399 300.00 0.087747
397 588 300.00 0.018200
196 167 300.00 0.306013
196 400 300.00 0.274580
196 396 300.00 0.186007
196 202 300.00 0.318233
385 168 300.00 0.060783
385 649 300.00 0.076023
385 386 300.00 0.242943
168 385 300.00 0.060783
168 163 300.00 0.253707
168 183 300.00 0.641737
168 386 300.00 0.289573
183 168 300.00 0.641737
183 211 300.00 0.252047
183 189 300.00 0.620597
386 168 300.00 0.289573
386 181 300.00 0.456630
386 385 300.00 0.242943
473 169 300.00 0.099893
473 472 300.00 0.138060
473 611 300.00 0.020050
193 169 300.00 0.307040
193 171 300.00 0.454840
193 208 300.00 0.458473
193 201 300.00 0.310040
170 530 300.00 0.309823
170 171 300.00 0.297223
170 201 300.00 0.464520
171 170 300.00 0.297223
171 193 300.00 0.454840
171 172 300.00 0.321020
172 171 300.00 0.321020
172 474 300.00 0.089977
172 468 300.00 0.123953
474 172 300.00 0.089977
474 472 300.00 0.135883
474 651 300.00 0.022587
468 172 300.00 0.123953
468 469 300.00 0.059423
468 584 300.00 0.036087
653 173 300.00 0.072330
653 481 300.00 0.022510
653 654 300.00 0.273047
173 653 300.00 0.072330
173 479 300.00 0.223223
173 200 300.00 0.309030
200 173 300.00 0.309030
200 175 300.00 0.304083
200 205 300.00 0.445800
469 174 300.00 0.126460
469 468 300.00 0.059423
469 583 300.00 0.044900
470 174 300.00 0.082847
470 471 300.00 0.135467
470 645 300.00 0.013730
467 174 300.00 0.568430
467 189 300.00 0.552297
467 582 300.00 0.037850
175 200 300.00 0.304083
175 209 300.00 0.469350
175 202 300.00 0.341373
209 175 300.00 0.469350
209 566 300.00 0.088883
209 525 300.00 0.026193
202 175 300.00 0.341373
202 192 300.00 0.459800
202 196 300.00 0.318233
202 410 300.00 0.233210
471 176 300.00 0.097727
471 470 300.00 0.135467
471 646 300.00 0.018053
176 471 300.00 0.097727
176 203 300.00 0.330430
176 477 300.00 0.334943
477 176 300.00 0.334943
477 210 300.00 0.131963
477 478 300.00 0.297480
178 177 300.00 0.312093
178 489 300.00 0.321600
178 614 300.00 0.100087
178 179 300.00 0.304157
177 178 300.00 0.312093
177 187 300.00 0.454673
177 402 300.00 0.328113
177 403 300.00 0.207640
402 177 300.00 0.328113
403 177 300.00 0.207640
403 203 300.00 0.098810
403 407 300.00 0.106310
489 178 300.00 0.321600
614 178 300.00 0.100087
614 483 300.00 0.219983
614 488 300.00 0.141073
179 178 300.00 0.304157
179 391 300.00 0.170843
179 212 300.00 0.178000
179 214 300.00 0.342117
391 179 300.00 0.170843
391 392 300.00 0.341590
391 393 300.00 0.407267
212 179 300.00 0.178000
212 198 300.00 0.294730
212 394 300.00 0.153720
214 179 300.00 0.342117
214 392 300.00 0.177597
214 384 300.00 0.270570
536 180 300.00 0.138230
536 454 300.00 0.197603
536 535 300.00 0.027280
454 180 300.00 0.147360
454 453 300.00 0.329260
454 536 300.00 0.197603
181 386 300.00 0.456630
539 182 300.00 0.263800
189 183 300.00 0.620597
189 203 300.00 0.498543
189 467 300.00 0.552297
303 184 300.00 0.067983
303 297 300.00 0.382213
303 304 300.00 0.161920
184 303 300.00 0.067983
488 185 300.00 0.218137
488 487 300.00 0.219033
488 614 300.00 0.141073
185 488 300.00 0.218137
185 482 300.00 0.332683
185 198 300.00 0.309583
518 186 300.00 0.218443
518 415 300.00 0.551143
518 517 300.00 0.200863
310 188 300.00 0.139543
310 312 300.00 0.134473
310 311 300.00 0.244523
188 310 300.00 0.139543
188 296 300.00 0.287257
188 298 300.00 0.364977
298 188 300.00 0.364977
298 297 300.00 0.232983
298 299 300.00 0.070317
647 190 300.00 0.078597
647 195 300.00 0.258867
647 648 300.00 0.158717
409 191 300.00 0.097787
409 400 300.00 0.089847
409 595 300.00 0.024767
192 202 300.00 0.459800
192 522 300.00 0.104913
522 519 300.00 0.024273
522 586 300.00 0.032747
654 194 300.00 0.089210
654 480 300.00 0.025033
654 653 300.00 0.273047
205 200 300.00 0.445800
205 192 300.00 0.646827
195 647 300.00 0.258867
195 204 300.00 0.454890
400 196 300.00 0.274580
400 594 300.00 0.023593
400 409 300.00 0.089847
396 196 300.00 0.186007
396 199 300.00 0.282287
396 589 300.00 0.023280
490 197 300.00 0.131890
490 491 300.00 0.696703
199 396 300.00 0.282287
199 207 300.00 0.312867
207 399 300.00 0.199897
207 520 300.00 0.164693
206 455 300.00 0.170153
206 463 300.00 0.237240
206 633 300.00 0.435057
633 206 300.00 0.435057
399 207 300.00 0.199897
399 397 300.00 0.087747
399 398 300.00 0.265863
520 161 300.00 0.142017
566 209 300.00 0.088883
566 592 300.00 0.097877
566 590 300.00 0.021090
476 210 300.00 0.099613
476 475 300.00 0.131807
476 613 300.00 0.021823
394 212 300.00 0.153720
499 213 300.00 0.221577
499 497 300.00 0.122527
499 500 300.00 0.366590
392 214 300.00 0.177597
392 391 300.00 0.341590
392 393 300.00 0.074147
384 214 300.00 0.270570
501 129 300.00 0.204700
220 218 300.00 0.022907
220 222 300.00 0.425190
220 295 300.00 0.329120
218 220 300.00 0.022907
218 265 300.00 0.471073
218 230 300.00 0.291730
222 220 300.00 0.425190
222 230 300.00 0.158060
222 292 300.00 0.150123
286 221 300.00 0.184440
286 231 300.00 0.257377
286 412 300.00 0.035607
221 286 300.00 0.184440
221 283 300.00 0.090353
221 288 300.00 0.222580
288 221 300.00 0.222580
292 222 300.00 0.150123
292 293 300.00 0.153787
292 294 300.00 0.279683
224 417 300.00 0.309753
224 371 300.00 0.597430
417 58 300.00 0.312923
417 431 300.00 0.232230
371 224 300.00 0.597430
371 369 300.00 0.138723
371 642 300.00 0.019863
225 366 300.00 0.405690
638 534 300.00 0.304233
638 639 300.00 0.140177
532 228 300.00 0.036797
532 233 300.00 0.303503
532 85 300.00 0.472640
466 229 300.00 0.123250
466 326 300.00 0.203013
466 465 300.00 0.457720
231 286 300.00 0.257377
231 77 300.00 0.305193
533 232 300.00 0.302750
533 532 300.00 0.460613
533 534 300.00 0.035437
233 232 300.00 0.461200
233 234 300.00 0.440683
233 511 300.00 0.217650
233 532 300.00 0.303503
234 233 300.00 0.440683
235 251 300.00 2.580240
251 250 300.00 0.183623
251 252 300.00 1.831803
239 237 300.00 0.268600
237 239 300.00 0.268600
425 238 300.00 0.361777
238 425 300.00 0.361777
241 240 300.00 0.603117
240 241 300.00 0.603117
244 243 300.00 0.176217
244 245 300.00 1.013970
245 244 300.00 1.013970
245 247 300.00 0.084197
245 543 300.00 0.680920
247 245 300.00 0.084197
247 246 300.00 0.970130
247 660 300.00 0.137507
543 245 300.00 0.680920
547 250 300.00 0.110713
250 547 300.00 0.110713
250 502 300.00 0.189967
502 215 300.00 0.046913
502 503 300.00 0.101050
252 251 300.00 1.831803
253 254 300.00 0.267867
259 257 300.00 0.098247
259 261 300.00 0.095593
259 260 300.00 0.293657
258 257 300.00 0.291140
258 260 300.00 0.096880
258 263 300.00 0.130013
260 258 300.00 0.096880
260 259 300.00 0.293657
260 262 300.00 0.096250
553 263 300.00 0.284303
266 277 300.00 0.139013
266 267 300.00 0.523260
266 560 300.00 1.920587
267 266 300.00 0.523260
267 269 300.00 0.078013
267 276 300.00 0.229813
560 266 300.00 1.920587
560 559 300.00 0.244600
269 267 300.00 0.078013
269 271 300.00 0.044997
269 274 300.00 0.114317
272 268 300.00 0.055520
272 271 300.00 0.114380
272 273 300.00 0.419017
268 272 300.00 0.055520
271 269 300.00 0.044997
271 270 300.00 0.381613
271 272 300.00 0.114380
274 269 300.00 0.114317
270 271 300.00 0.381613
273 272 300.00 0.419017
275 276 300.00 0.158080
576 278 300.00 0.026123
505 81 300.00 0.295377
597 280 300.00 0.021603
573 281 300.00 0.014027
282 283 300.00 0.325573
412 284 300.00 0.345847
412 285 300.00 0.626850
412 286 300.00 0.035607
412 287 300.00 0.235167
284 412 300.00 0.345847
285 412 300.00 0.626850
287 412 300.00 0.235167
577 291 300.00 0.018127
293 292 300.00 0.153787
293 326 300.00 0.014953
293 316 300.00 0.297733
294 292 300.00 0.279683
326 293 300.00 0.014953
326 325 300.00 0.460933
326 466 300.00 0.203013
663 297 300.00 0.018383
663 300 300.00 0.041333
663 302 300.00 0.347557
297 663 300.00 0.018383
297 303 300.00 0.382213
297 298 300.00 0.232983
299 298 300.00 0.070317
301 300 300.00 0.148130
302 663 300.00 0.347557
304 303 300.00 0.161920
309 306 300.00 0.361647
309 307 300.00 0.092763
309 644 300.00 0.021933
546 308 300.00 0.259547
644 309 300.00 0.021933
311 310 300.00 0.244523
643 312 300.00 0.019057
662 313 300.00 0.013177
315 314 300.00 0.272080
319 317 300.00 0.162927
319 321 300.00 0.016280
319 320 300.00 0.073160
321 318 300.00 0.176430
321 319 300.00 0.016280
321 322 300.00 0.053427
318 321 300.00 0.176430
320 319 300.00 0.073160
322 321 300.00 0.053427
322 324 300.00 0.089053
322 323 300.00 0.232537
324 322 300.00 0.089053
323 322 300.00 0.232537
327 542 300.00 0.306187
327 537 300.00 0.035120
327 337 300.00 0.189347
537 327 300.00 0.035120
537 541 300.00 0.065583
337 336 300.00 0.309710
337 335 300.00 0.072733
540 328 300.00 0.263207
540 537 300.00 0.145667
328 540 300.00 0.263207
329 538 300.00 0.267650
331 330 300.00 0.095300
331 333 300.00 0.115550
331 332 300.00 0.113990
333 331 300.00 0.115550
332 331 300.00 0.113990
336 334 300.00 0.059357
336 542 300.00 0.202643
335 71 300.00 0.197790
344 338 300.00 0.096750
344 346 300.00 0.069180
344 422 300.00 0.170490
338 344 300.00 0.096750
338 509 300.00 0.121360
338 581 300.00 0.262007
509 338 300.00 0.121360
509 350 300.00 0.051607
509 585 300.00 0.416553
581 338 300.00 0.262007
581 628 300.00 0.025913
349 339 300.00 0.142267
349 340 300.00 0.171687
349 424 300.00 0.086933
347 339 300.00 0.082140
347 345 300.00 0.066763
347 424 300.00 0.140930
348 340 300.00 0.091447
348 346 300.00 0.071137
348 424 300.00 0.169657
340 348 300.00 0.091447
340 341 300.00 0.119757
340 349 300.00 0.171687
340 542 300.00 0.123610
341 340 300.00 0.119757
341 342 300.00 0.188193
341 351 300.00 0.294147
342 341 300.00 0.188193
342 541 300.00 0.052540
342 351 300.00 0.144277
351 341 300.00 0.294147
351 342 300.00 0.144277
351 545 300.00 0.181060
541 342 300.00 0.052540
541 327 300.00 0.054223
422 343 300.00 0.140763
422 344 300.00 0.170490
422 350 300.00 0.100387
422 423 300.00 0.073013
345 343 300.00 0.074127
345 423 300.00 0.141227
345 347 300.00 0.066763
346 344 300.00 0.069180
346 348 300.00 0.071137
346 423 300.00 0.170007
423 345 300.00 0.141227
423 346 300.00 0.170007
423 422 300.00 0.073013
423 424 300.00 0.068633
424 347 300.00 0.140930
424 348 300.00 0.169657
424 349 300.00 0.086933
424 423 300.00 0.068633
545 351 300.00 0.181060
545 624 300.00 0.033177
415 352 300.00 0.021313
415 411 300.00 0.315183
415 518 300.00 0.551143
598 354 300.00 0.019080
355 421 300.00 0.138743
357 356 300.00 0.308597
357 420 300.00 0.111140
357 359 300.00 0.152647
356 357 300.00 0.308597
356 116 300.00 0.113813
359 357 300.00 0.152647
359 358 300.00 0.314913
359 421 300.00 0.033677
514 360 300.00 0.295377
514 513 300.00 0.104560
561 361 300.00 0.235500
561 563 300.00 0.048290
561 606 300.00 0.018883
411 135 300.00 0.025310
411 363 300.00 0.462133
527 365 300.00 0.488403
527 380 300.00 0.335033
527 529 300.00 0.437670
527 528 300.00 0.460430
616 366 300.00 0.022517
418 369 300.00 0.016610
418 372 300.00 0.106843
418 431 300.00 0.224637
369 418 300.00 0.016610
369 371 300.00 0.138723
369 370 300.00 0.448247
370 369 300.00 0.448247
642 371 300.00 0.019863
618 372 300.00 0.021760
372 618 300.00 0.021760
372 373 300.00 0.099537
372 418 300.00 0.106843
617 373 300.00 0.024337
379 378 300.00 0.201713
382 7 300.00 0.324590
382 383 300.00 0.338693
383 382 300.00 0.338693
649 385 300.00 0.076023
649 551 300.00 0.040373
649 650 300.00 0.054563
389 387 300.00 0.310917
389 388 300.00 0.127060
389 390 300.00 0.191987
388 389 300.00 0.127060
390 389 300.00 0.191987
393 391 300.00 0.407267
393 392 300.00 0.074147
393 551 300.00 0.093077
551 393 300.00 0.093077
551 649 300.00 0.040373
551 579 300.00 0.024077
578 395 300.00 0.045617
395 578 300.00 0.045617
589 396 300.00 0.023280
588 397 300.00 0.018200
398 399 300.00 0.265863
594 400 300.00 0.023593
483 401 300.00 0.057717
483 487 300.00 0.145427
483 614 300.00 0.219983
401 483 300.00 0.057717
407 403 300.00 0.106310
407 405 300.00 0.136740
407 408 300.00 0.146913
405 404 300.00 0.302443
405 407 300.00 0.136740
405 406 300.00 0.177027
404 405 300.00 0.302443
406 405 300.00 0.177027
408 407 300.00 0.146913
595 409 300.00 0.024767
596 410 300.00 0.025097
442 416 300.00 0.072997
442 439 300.00 0.155247
442 441 300.00 0.314247
602 416 300.00 0.025130
431 417 300.00 0.232230
431 418 300.00 0.224637
431 619 300.00 0.024560
431 620 300.00 0.024353
435 426 300.00 0.108227
435 433 300.00 0.158900
435 434 300.00 0.303263
428 427 300.00 0.302380
428 145 300.00 0.198977
619 431 300.00 0.024560
620 431 300.00 0.024353
432 433 300.00 0.302463
432 4 300.00 0.142040
659 436 300.00 0.018167
437 438 300.00 0.305847
437 12 300.00 0.114510
443 13 300.00 0.178137
443 444 300.00 0.307147
604 447 300.00 0.030803
603 448 300.00 0.020487
599 450 300.00 0.022980
570 451 300.00 0.193240
570 452 300.00 0.068873
570 569 300.00 0.506353
451 570 300.00 0.193240
456 455 300.00 0.346320
607 457 300.00 0.026937
457 607 300.00 0.026937
457 165 300.00 0.127310
608 458 300.00 0.028193
459 461 300.00 0.697567
460 521 300.00 0.027143
521 462 300.00 0.433590
462 9 300.00 0.175867
462 587 300.00 0.033460
587 462 300.00 0.033460
568 463 300.00 0.397197
580 464 300.00 0.823517
580 631 300.00 0.027850
582 467 300.00 0.037850
584 468 300.00 0.036087
583 469 300.00 0.044900
645 470 300.00 0.013730
646 471 300.00 0.018053
472 474 300.00 0.135883
472 473 300.00 0.138060
472 655 300.00 0.021463
655 472 300.00 0.021463
611 473 300.00 0.020050
651 474 300.00 0.022587
612 475 300.00 0.021477
613 476 300.00 0.021823
478 477 300.00 0.297480
652 479 300.00 0.025857
480 654 300.00 0.025033
481 653 300.00 0.022510
615 482 300.00 0.024310
487 483 300.00 0.145427
487 485 300.00 0.140457
487 488 300.00 0.219033
485 484 300.00 0.056023
485 487 300.00 0.140457
485 486 300.00 0.171510
484 485 300.00 0.056023
486 485 300.00 0.171510
491 490 300.00 0.696703
491 492 300.00 0.125940
493 492 300.00 0.325900
495 494 300.00 0.113440
495 497 300.00 0.126970
495 496 300.00 0.277210
636 494 300.00 0.416593
497 495 300.00 0.126970
497 499 300.00 0.122527
497 498 300.00 0.288673
496 495 300.00 0.277210
498 497 300.00 0.288673
500 499 300.00 0.366590
609 504 300.00 0.023613
507 508 300.00 0.148647
585 509 300.00 0.416553
574 510 300.00 0.012160
600 511 300.00 0.018067
601 512 300.00 0.019060
513 514 300.00 0.104560
513 516 300.00 0.053370
517 518 300.00 0.200863
519 199 300.00 0.183510
586 522 300.00 0.032747
524 550 300.00 0.056980
529 527 300.00 0.437670
529 535 300.00 0.235147
529 567 300.00 0.052990
623 530 300.00 0.423970
623 625 300.00 0.028583
564 22 300.00 0.112203
564 657 300.00 0.016033
624 621 300.00 0.007120
548 549 300.00 0.157497
579 551 300.00 0.024077
555 554 300.00 0.430657
555 557 300.00 0.024463
555 556 300.00 0.674883
554 555 300.00 0.430657
557 555 300.00 0.024463
557 558 300.00 0.186490
556 555 300.00 0.674883
558 557 300.00 0.186490
559 560 300.00 0.244600
606 561 300.00 0.018883
656 562 300.00 0.018643
605 563 300.00 0.021510
657 564 300.00 0.016033
593 565 300.00 0.019947
592 565 300.00 0.059493
592 566 300.00 0.097877
592 591 300.00 0.017053
590 566 300.00 0.021090
610 567 300.00 0.027190
569 570 300.00 0.506353
631 629 300.00 0.014167
628 630 300.00 0.007097
591 592 300.00 0.017053
621 622 300.00 0.025920
621 627 300.00 0.014267
627 626 300.00 0.007123
625 632 300.00 0.007163
632 580 300.00 0.023930
632 631 300.00 0.021277
626 623 300.00 0.037713
626 625 300.00 0.021377
630 545 300.00 0.030233
630 624 300.00 0.014303
629 581 300.00 0.023850
629 628 300.00 0.021293
634 635 300.00 0.017290
658 637 300.00 0.018157
639 638 300.00 0.140177
641 640 300.00 0.145977
648 647 300.00 0.158717
650 649 300.00 0.054563
661 660 300.00 0.023630
