0 167 300.00 0.364597
0 243 300.00 0.200647
167 125 300.00 0.329843
167 168 300.00 0.092453
243 232 300.00 0.342570
243 164 300.00 0.021697
1 124 300.00 0.136920
1 28 300.00 0.278573
124 27 300.00 0.101930
124 123 300.00 0.221927
124 2 300.00 0.356063
28 168 300.00 0.339610
28 48 300.00 0.166203
2 3 300.00 0.362530
2 113 300.00 0.262767
3 4 300.00 0.334377
3 88 300.00 0.286920
113 2 300.00 0.262767
113 7 300.00 0.252123
113 88 300.00 0.365477
113 123 300.00 0.360210
4 5 300.00 0.334793
4 8 300.00 0.358797
88 129 300.00 0.333227
88 113 300.00 0.365477
88 179 300.00 0.281773
5 6 300.00 0.326440
5 136 300.00 0.350140
8 228 300.00 0.117500
6 227 300.00 0.169503
136 5 300.00 0.350140
136 85 300.00 0.326377
136 255 300.00 0.209277
136 175 300.00 0.329860
227 6 300.00 0.169503
227 85 300.00 0.211403
227 226 300.00 0.370877
7 179 300.00 0.355043
7 113 300.00 0.252123
7 112 300.00 0.278597
179 176 300.00 0.336297
179 189 300.00 0.305463
112 7 300.00 0.278597
112 242 300.00 0.024690
9 76 300.00 0.255687
9 10 300.00 0.527317
76 72 300.00 0.612957
76 75 300.00 0.526897
76 80 300.00 0.271950
10 81 300.00 0.496587
10 75 300.00 0.265123
81 74 300.00 0.257777
81 11 300.00 0.649183
75 10 300.00 0.265123
75 74 300.00 0.493953
75 79 300.00 0.264617
75 76 300.00 0.526897
11 73 300.00 0.261357
11 12 300.00 0.380293
73 59 300.00 0.257447
73 74 300.00 0.651123
73 77 300.00 0.264777
12 59 300.00 0.292127
12 172 300.00 0.158157
59 12 300.00 0.292127
59 58 300.00 0.296083
59 73 300.00 0.257447
231 13 300.00 0.219310
231 85 300.00 0.312223
231 230 300.00 0.374793
13 231 300.00 0.219310
13 206 300.00 0.079310
206 205 300.00 0.128723
158 14 300.00 0.080500
158 15 300.00 0.251073
14 158 300.00 0.080500
14 84 300.00 0.630860
84 83 300.00 0.314377
84 185 300.00 0.299190
84 174 300.00 0.362500
249 15 300.00 0.317177
249 83 300.00 0.396373
249 250 300.00 0.094340
15 249 300.00 0.317177
15 157 300.00 0.454710
157 247 300.00 0.161727
86 16 300.00 1.221500
86 133 300.00 0.361723
86 91 300.00 0.416107
16 86 300.00 1.221500
16 235 300.00 0.085160
235 17 300.00 0.432110
17 155 300.00 0.415413
17 18 300.00 0.310053
155 181 300.00 0.309863
155 131 300.00 0.808153
18 222 300.00 0.452557
222 223 300.00 0.148943
222 19 300.00 0.422010
19 218 300.00 0.176293
218 219 300.00 0.209297
218 220 300.00 0.153493
20 244 300.00 0.215357
244 29 300.00 0.230463
244 210 300.00 0.333773
21 22 300.00 0.347867
21 141 300.00 0.378203
22 212 300.00 0.263637
22 43 300.00 0.328040
141 142 300.00 0.348393
141 194 300.00 0.227690
212 23 300.00 0.113633
43 118 300.00 0.314220
43 44 300.00 0.350520
23 221 300.00 0.145220
23 55 300.00 0.376117
221 24 300.00 0.262127
55 23 300.00 0.376117
55 32 300.00 0.472290
55 142 300.00 0.341970
55 152 300.00 0.425973
24 25 300.00 0.265067
24 40 300.00 0.317037
25 153 300.00 0.370197
25 26 300.00 0.264190
40 115 300.00 0.326050
40 41 300.00 0.266503
153 140 300.00 0.259993
153 152 300.00 0.284263
153 34 300.00 0.490723
26 38 300.00 0.315547
26 208 300.00 0.269160
38 39 300.00 0.281657
38 137 300.00 0.177200
208 207 300.00 0.376137
27 1 300.00 0.172000
27 124 300.00 0.101930
168 170 300.00 0.262187
168 20 300.00 0.228023
48 1 300.00 0.228757
29 180 300.00 0.371257
29 164 300.00 0.252463
180 20 300.00 0.124733
180 167 300.00 0.115930
164 173 300.00 0.338220
30 49 300.00 0.276173
30 32 300.00 0.415170
30 31 300.00 0.254577
49 52 300.00 0.038047
49 53 300.00 0.291530
32 55 300.00 0.472290
32 177 300.00 0.309640
31 30 300.00 0.254577
31 69 300.00 0.143237
31 204 300.00 0.240197
69 31 300.00 0.143237
69 52 300.00 0.032000
69 68 300.00 0.470297
204 31 300.00 0.240197
204 203 300.00 0.192170
204 256 300.00 0.079577
177 30 300.00 0.492977
177 142 300.00 0.476883
177 196 300.00 0.145183
33 32 300.00 0.393030
33 256 300.00 0.123457
256 33 300.00 0.123457
256 204 300.00 0.079577
256 257 300.00 0.014247
34 82 300.00 0.301610
34 203 300.00 0.265517
82 33 300.00 0.048073
82 203 300.00 0.133147
82 152 300.00 0.475953
203 34 300.00 0.265517
203 68 300.00 0.257650
203 82 300.00 0.133147
203 204 300.00 0.192170
35 140 300.00 0.507610
35 34 300.00 0.266073
140 207 300.00 0.268483
140 153 300.00 0.259993
140 26 300.00 0.377207
36 66 300.00 0.075417
36 188 300.00 0.444433
66 65 300.00 0.608180
66 191 300.00 0.263100
188 67 300.00 0.209340
188 252 300.00 0.248147
188 207 300.00 0.530627
37 38 300.00 0.410483
39 40 300.00 0.261237
39 25 300.00 0.320343
137 234 300.00 0.176023
137 199 300.00 0.154700
115 114 300.00 0.265930
115 105 300.00 0.312817
115 116 300.00 0.264450
41 42 300.00 0.259810
41 221 300.00 0.309440
42 43 300.00 0.270333
42 212 300.00 0.317913
118 117 300.00 0.267230
118 119 300.00 0.350997
118 108 300.00 0.322187
44 45 300.00 0.335813
44 21 300.00 0.323807
45 46 300.00 0.361417
45 120 300.00 0.327743
46 47 300.00 0.225707
46 244 300.00 0.335790
120 119 300.00 0.352327
120 121 300.00 0.347877
120 110 300.00 0.330687
47 20 300.00 0.320143
47 170 300.00 0.241553
170 178 300.00 0.358547
170 241 300.00 0.198080
52 49 300.00 0.038047
52 69 300.00 0.032000
52 63 300.00 0.242050
53 49 300.00 0.291530
53 159 300.00 0.193193
53 63 300.00 0.236647
50 183 300.00 0.067340
50 53 300.00 0.373213
50 30 300.00 0.419077
183 163 300.00 0.326963
183 162 300.00 0.378350
171 51 300.00 0.414273
171 201 300.00 0.109743
51 171 300.00 0.414273
51 50 300.00 0.364813
51 159 300.00 0.224320
159 51 300.00 0.224320
159 53 300.00 0.193193
159 54 300.00 0.205170
63 52 300.00 0.242050
63 53 300.00 0.236647
63 60 300.00 0.270543
63 64 300.00 0.495513
57 54 300.00 0.167027
57 253 300.00 0.040253
54 57 300.00 0.167027
54 159 300.00 0.205170
54 60 300.00 0.517363
60 54 300.00 0.517363
60 78 300.00 0.265557
60 63 300.00 0.270543
60 61 300.00 0.493947
142 55 300.00 0.341970
142 141 300.00 0.348393
142 22 300.00 0.376823
152 55 300.00 0.425973
152 153 300.00 0.284263
152 24 300.00 0.370653
56 209 300.00 0.286530
56 207 300.00 0.210960
209 36 300.00 0.305340
207 56 300.00 0.210960
207 140 300.00 0.268483
207 188 300.00 0.530627
207 208 300.00 0.376137
253 58 300.00 0.247277
253 51 300.00 0.276460
58 59 300.00 0.296083
58 253 300.00 0.247277
58 77 300.00 0.127183
77 58 300.00 0.127183
77 57 300.00 0.156417
77 78 300.00 0.650133
78 60 300.00 0.265557
78 74 300.00 0.258150
78 77 300.00 0.650133
78 79 300.00 0.494967
61 60 300.00 0.493947
61 64 300.00 0.263740
61 79 300.00 0.259167
61 62 300.00 0.529550
64 61 300.00 0.263740
64 63 300.00 0.495513
64 65 300.00 0.523313
64 68 300.00 0.265930
79 61 300.00 0.259167
79 75 300.00 0.264617
79 78 300.00 0.494967
79 80 300.00 0.526553
62 61 300.00 0.529550
62 65 300.00 0.264323
62 191 300.00 0.610347
65 64 300.00 0.523313
65 67 300.00 0.260907
65 66 300.00 0.608180
191 62 300.00 0.610347
68 64 300.00 0.265930
68 67 300.00 0.526870
68 69 300.00 0.470297
68 203 300.00 0.257650
67 68 300.00 0.526870
67 188 300.00 0.209340
67 252 300.00 0.123970
252 35 300.00 0.018877
229 70 300.00 0.033610
229 161 300.00 0.080403
229 165 300.00 0.161290
70 229 300.00 0.033610
70 163 300.00 0.112557
70 193 300.00 0.700860
163 70 300.00 0.112557
163 162 300.00 0.371773
163 183 300.00 0.326963
193 70 300.00 0.700860
193 184 300.00 0.576357
193 194 300.00 0.026063
71 72 300.00 0.261270
71 80 300.00 0.614133
72 76 300.00 0.612957
80 71 300.00 0.614133
80 79 300.00 0.526553
80 62 300.00 0.262517
74 73 300.00 0.651123
74 75 300.00 0.493953
74 78 300.00 0.258150
74 81 300.00 0.257777
83 84 300.00 0.314377
83 134 300.00 0.325320
83 238 300.00 0.370803
83 249 300.00 0.396373
134 83 300.00 0.325320
134 89 300.00 0.401553
134 185 300.00 0.312780
238 83 300.00 0.370803
238 133 300.00 0.341920
238 245 300.00 0.073977
185 135 300.00 0.028750
174 84 300.00 0.362500
174 85 300.00 0.354897
174 230 300.00 0.301227
85 227 300.00 0.211403
85 174 300.00 0.354897
85 136 300.00 0.326377
85 231 300.00 0.312223
133 90 300.00 0.407163
133 134 300.00 0.356280
133 238 300.00 0.341920
91 86 300.00 0.416107
91 90 300.00 0.359437
91 92 300.00 0.351643
91 98 300.00 0.317573
87 166 300.00 0.359460
87 0 300.00 0.262180
129 88 300.00 0.333227
129 255 300.00 0.125143
129 4 300.00 0.326220
96 89 300.00 0.329813
96 111 300.00 0.331753
96 97 300.00 0.351070
89 96 300.00 0.329813
89 134 300.00 0.401553
89 90 300.00 0.352370
89 186 300.00 0.287447
90 89 300.00 0.352370
90 91 300.00 0.359437
90 133 300.00 0.407163
90 97 300.00 0.317483
186 89 300.00 0.287447
186 189 300.00 0.286263
97 90 300.00 0.317483
97 98 300.00 0.366047
97 110 300.00 0.338110
92 91 300.00 0.351643
92 93 300.00 0.285247
92 132 300.00 0.416683
92 99 300.00 0.316790
98 91 300.00 0.317573
98 99 300.00 0.349383
98 109 300.00 0.330820
93 92 300.00 0.285247
93 94 300.00 0.256433
93 100 300.00 0.316860
93 131 300.00 0.418903
132 92 300.00 0.416683
132 86 300.00 0.354963
99 92 300.00 0.316790
99 100 300.00 0.271150
99 108 300.00 0.333293
94 93 300.00 0.256433
94 101 300.00 0.323927
94 95 300.00 0.253983
94 130 300.00 0.418073
100 93 300.00 0.316860
100 101 300.00 0.264557
100 107 300.00 0.336557
131 93 300.00 0.418903
131 132 300.00 0.282990
101 94 300.00 0.323927
101 102 300.00 0.261153
101 106 300.00 0.327120
95 94 300.00 0.253983
95 145 300.00 0.070013
95 102 300.00 0.346530
130 94 300.00 0.418073
130 131 300.00 0.264340
145 95 300.00 0.070013
145 144 300.00 0.172643
145 225 300.00 0.216410
102 95 300.00 0.346530
102 103 300.00 0.216297
102 105 300.00 0.324480
111 110 300.00 0.348400
111 121 300.00 0.328770
111 242 300.00 0.261717
110 97 300.00 0.338110
110 109 300.00 0.349667
110 111 300.00 0.348400
109 98 300.00 0.330820
109 108 300.00 0.361783
109 110 300.00 0.349667
109 119 300.00 0.328770
108 99 300.00 0.333293
108 107 300.00 0.273103
108 109 300.00 0.361783
107 100 300.00 0.336557
107 106 300.00 0.257923
107 108 300.00 0.273103
107 117 300.00 0.309667
106 101 300.00 0.327120
106 105 300.00 0.262307
106 116 300.00 0.318750
106 107 300.00 0.257923
103 126 300.00 0.054347
105 102 300.00 0.324480
105 104 300.00 0.268757
105 106 300.00 0.262307
126 127 300.00 0.439073
126 145 300.00 0.344547
126 144 300.00 0.302470
104 114 300.00 0.320243
104 105 300.00 0.268757
104 233 300.00 0.029040
114 39 300.00 0.311317
114 115 300.00 0.265930
114 197 300.00 0.214537
233 104 300.00 0.029040
233 138 300.00 0.075087
233 154 300.00 0.153487
116 115 300.00 0.264450
116 41 300.00 0.325477
116 117 300.00 0.264620
117 116 300.00 0.264620
117 42 300.00 0.323603
117 118 300.00 0.267230
119 118 300.00 0.350997
119 120 300.00 0.352327
119 44 300.00 0.326377
121 120 300.00 0.347877
121 46 300.00 0.330370
121 122 300.00 0.243693
242 111 300.00 0.261717
242 122 300.00 0.339847
123 113 300.00 0.360210
123 124 300.00 0.221927
123 178 300.00 0.227620
123 241 300.00 0.365397
197 114 300.00 0.214537
197 138 300.00 0.353737
122 121 300.00 0.243693
122 47 300.00 0.342897
122 178 300.00 0.264133
178 122 300.00 0.264133
178 123 300.00 0.227620
178 7 300.00 0.361640
241 123 300.00 0.365397
241 28 300.00 0.028283
125 87 300.00 0.363273
125 48 300.00 0.366367
127 128 300.00 0.353447
144 126 300.00 0.302470
144 143 300.00 0.670630
144 146 300.00 0.191573
144 145 300.00 0.172643
255 129 300.00 0.125143
255 136 300.00 0.209277
255 254 300.00 0.188463
135 187 300.00 0.335407
135 175 300.00 0.333643
187 176 300.00 0.321023
187 186 300.00 0.042177
175 136 300.00 0.329860
175 174 300.00 0.331570
234 199 300.00 0.085887
234 197 300.00 0.020507
199 198 300.00 0.414510
199 234 300.00 0.085887
199 139 300.00 0.335213
138 154 300.00 0.169203
138 139 300.00 0.268907
138 233 300.00 0.075087
154 103 300.00 0.158803
154 233 300.00 0.153487
139 138 300.00 0.268907
139 127 300.00 0.341207
194 193 300.00 0.026063
194 160 300.00 0.420627
143 144 300.00 0.670630
143 240 300.00 0.054173
240 128 300.00 0.261063
146 144 300.00 0.191573
146 151 300.00 0.209703
146 225 300.00 0.274220
225 146 300.00 0.274220
225 149 300.00 0.222687
151 146 300.00 0.209703
151 182 300.00 0.209587
151 149 300.00 0.383913
182 147 300.00 0.484720
182 151 300.00 0.209587
147 182 300.00 0.484720
147 214 300.00 0.290300
214 217 300.00 0.194843
214 181 300.00 0.318800
148 130 300.00 0.060760
148 147 300.00 0.207413
149 148 300.00 0.091727
150 151 300.00 0.536657
181 155 300.00 0.309863
181 216 300.00 0.162520
181 18 300.00 0.400010
224 156 300.00 0.072680
156 224 300.00 0.072680
156 216 300.00 0.292447
156 223 300.00 0.254813
216 156 300.00 0.292447
216 181 300.00 0.162520
216 217 300.00 0.310873
223 156 300.00 0.254813
223 220 300.00 0.546647
223 222 300.00 0.148943
247 246 300.00 0.050363
247 16 300.00 0.422190
160 211 300.00 0.047717
160 29 300.00 0.354217
211 210 300.00 0.369500
211 141 300.00 0.336160
161 229 300.00 0.080403
161 165 300.00 0.178560
165 169 300.00 0.166103
162 163 300.00 0.371773
162 177 300.00 0.278437
173 184 300.00 0.194840
173 161 300.00 0.795130
169 50 300.00 0.406243
169 171 300.00 0.354483
201 200 300.00 0.107810
184 160 300.00 0.190067
184 193 300.00 0.576357
230 231 300.00 0.374793
230 239 300.00 0.275297
176 175 300.00 0.326820
176 129 300.00 0.303847
196 195 300.00 0.221983
196 194 300.00 0.286177
189 190 300.00 0.045543
190 96 300.00 0.268457
190 112 300.00 0.310240
192 6 300.00 0.545490
192 13 300.00 0.428517
195 196 300.00 0.221983
198 199 300.00 0.414510
198 37 300.00 0.343420
205 239 300.00 0.177367
239 14 300.00 0.372233
210 21 300.00 0.350733
210 45 300.00 0.332067
248 213 300.00 0.431553
213 248 300.00 0.431553
217 214 300.00 0.194843
217 215 300.00 0.275623
217 216 300.00 0.310873
215 217 300.00 0.275623
219 218 300.00 0.209297
220 223 300.00 0.546647
220 213 300.00 0.259837
226 227 300.00 0.370877
232 243 300.00 0.342570
236 3 300.00 0.186960
236 237 300.00 0.266670
237 236 300.00 0.266670
245 238 300.00 0.073977
246 247 300.00 0.050363
250 249 300.00 0.094340
251 27 300.00 0.442360
251 2 300.00 0.357223
254 255 300.00 0.188463
257 256 300.00 0.014247
