290 0 300.00 0.313850
290 206 300.00 0.339937
290 279 300.00 0.341147
0 290 300.00 0.313850
0 287 300.00 0.352010
287 288 300.00 0.310530
287 284 300.00 0.334583
1 35 300.00 0.090003
35 31 300.00 0.329557
12 2 300.00 0.191533
12 5 300.00 0.198133
12 16 300.00 0.283260
2 12 300.00 0.191533
2 27 300.00 0.351040
2 25 300.00 0.428303
27 23 300.00 0.404480
27 14 300.00 0.263403
25 2 300.00 0.428303
25 648 300.00 0.032730
25 719 300.00 0.113447
696 3 300.00 0.044120
696 10 300.00 0.148173
696 695 300.00 0.031400
3 696 300.00 0.044120
3 692 300.00 0.107400
3 19 300.00 0.091097
692 3 300.00 0.107400
692 647 300.00 0.057433
692 691 300.00 0.042877
19 7 300.00 0.481447
19 21 300.00 0.439387
4 8 300.00 0.595757
4 29 300.00 0.479537
8 387 300.00 0.116180
8 677 300.00 0.487837
8 389 300.00 0.489680
29 4 300.00 0.479537
29 24 300.00 0.446633
22 5 300.00 0.256013
22 7 300.00 0.592563
22 20 300.00 0.269300
22 28 300.00 0.550867
5 22 300.00 0.256013
5 18 300.00 0.210907
5 462 300.00 0.552900
5 12 300.00 0.198133
18 5 300.00 0.210907
18 16 300.00 0.025277
18 21 300.00 0.655993
462 5 300.00 0.552900
462 6 300.00 0.031163
462 28 300.00 0.266717
6 462 300.00 0.031163
6 2 300.00 0.519873
7 19 300.00 0.481447
7 22 300.00 0.592563
387 386 300.00 0.352980
387 388 300.00 0.473127
677 8 300.00 0.487837
677 21 300.00 0.367103
677 647 300.00 0.169410
389 218 300.00 0.444807
389 293 300.00 0.676117
9 528 300.00 0.123297
528 13 300.00 0.187023
10 696 300.00 0.148173
10 690 300.00 0.033367
690 10 300.00 0.033367
690 695 300.00 0.135210
690 697 300.00 0.128247
11 26 300.00 0.410057
11 581 300.00 0.406703
26 4 300.00 0.219200
581 221 300.00 0.398040
581 381 300.00 0.338020
16 12 300.00 0.283260
16 18 300.00 0.025277
16 17 300.00 0.149837
28 13 300.00 0.253593
28 22 300.00 0.550867
28 462 300.00 0.266717
13 28 300.00 0.253593
13 6 300.00 0.351693
23 14 300.00 0.619733
23 17 300.00 0.124927
23 27 300.00 0.404480
14 23 300.00 0.619733
14 24 300.00 0.469203
24 26 300.00 0.192767
17 15 300.00 0.531413
17 16 300.00 0.149837
17 23 300.00 0.124927
15 17 300.00 0.531413
15 29 300.00 0.299220
21 18 300.00 0.655993
21 677 300.00 0.367103
21 15 300.00 0.143697
20 22 300.00 0.269300
648 25 300.00 0.032730
648 259 300.00 0.278597
719 718 300.00 0.430517
719 244 300.00 0.401237
429 30 300.00 0.263683
429 394 300.00 0.486623
429 422 300.00 0.335853
429 427 300.00 0.188680
30 429 300.00 0.263683
30 395 300.00 0.488120
395 394 300.00 0.314817
395 269 300.00 0.384543
31 318 300.00 1.028500
318 319 300.00 0.778030
318 155 300.00 0.420453
33 531 300.00 0.376760
531 1 300.00 0.275073
34 532 300.00 0.395667
532 684 300.00 0.255650
36 30 300.00 0.239113
37 378 300.00 0.444397
378 219 300.00 0.988530
378 277 300.00 0.562457
256 38 300.00 0.560363
256 253 300.00 0.261203
256 260 300.00 0.201697
256 512 300.00 0.237433
38 256 300.00 0.560363
38 257 300.00 0.572430
38 43 300.00 0.270157
257 38 300.00 0.572430
257 460 300.00 0.263000
257 258 300.00 0.553960
43 470 300.00 0.290280
43 642 300.00 0.265053
261 39 300.00 0.475530
261 472 300.00 0.032937
261 514 300.00 0.357870
39 261 300.00 0.475530
39 38 300.00 0.263047
39 460 300.00 0.573167
460 39 300.00 0.573167
460 262 300.00 0.261707
460 714 300.00 0.443717
230 40 300.00 0.563597
230 229 300.00 0.554640
230 234 300.00 0.270527
40 230 300.00 0.563597
40 231 300.00 0.563760
40 225 300.00 0.253507
231 40 300.00 0.563760
231 511 300.00 0.168230
231 237 300.00 0.804430
225 224 300.00 0.561703
225 610 300.00 0.417287
225 639 300.00 0.085080
514 41 300.00 0.241197
514 261 300.00 0.357870
514 565 300.00 0.338810
41 514 300.00 0.241197
41 518 300.00 0.121423
41 42 300.00 0.100773
518 41 300.00 0.121423
518 264 300.00 0.150850
518 517 300.00 0.333007
42 39 300.00 0.267920
42 262 300.00 0.573940
262 42 300.00 0.573940
262 715 300.00 0.023983
470 247 300.00 0.283410
470 254 300.00 0.276153
642 249 300.00 0.023350
44 240 300.00 0.562427
44 235 300.00 0.269763
240 239 300.00 0.559070
240 246 300.00 0.272150
235 234 300.00 0.565233
235 40 300.00 0.265703
235 236 300.00 0.564730
296 45 300.00 0.416783
296 50 300.00 0.424410
296 708 300.00 0.227617
45 296 300.00 0.416783
45 46 300.00 0.294883
46 45 300.00 0.294883
46 47 300.00 0.130617
46 48 300.00 0.315900
47 46 300.00 0.130617
47 49 300.00 0.130833
48 46 300.00 0.315900
48 50 300.00 0.195557
48 49 300.00 0.294273
49 47 300.00 0.130833
49 48 300.00 0.294273
49 676 300.00 0.012950
50 48 300.00 0.195557
50 270 300.00 0.407747
50 54 300.00 0.409743
50 296 300.00 0.424410
676 49 300.00 0.012950
676 622 300.00 0.269630
676 675 300.00 0.216370
270 50 300.00 0.407747
270 671 300.00 0.189880
270 273 300.00 0.024607
54 50 300.00 0.409743
54 276 300.00 0.413633
54 59 300.00 0.413860
51 52 300.00 0.396997
51 55 300.00 0.422917
55 51 300.00 0.422917
55 60 300.00 0.414767
55 53 300.00 0.413440
298 53 300.00 0.418683
298 56 300.00 0.401397
298 60 300.00 0.417893
298 63 300.00 0.404177
53 298 300.00 0.418683
53 273 300.00 0.407840
53 680 300.00 0.228470
273 53 300.00 0.407840
273 270 300.00 0.024607
273 670 300.00 0.221040
680 53 300.00 0.228470
680 739 300.00 0.020403
276 54 300.00 0.413633
276 56 300.00 0.021877
276 669 300.00 0.196490
59 54 300.00 0.413860
59 57 300.00 0.417603
59 673 300.00 0.403813
59 557 300.00 0.253570
60 55 300.00 0.414767
60 298 300.00 0.417893
60 67 300.00 0.407983
60 61 300.00 0.401567
56 298 300.00 0.401397
56 276 300.00 0.021877
56 627 300.00 0.212583
627 496 300.00 0.022953
627 674 300.00 0.189833
622 57 300.00 0.412817
622 272 300.00 0.342680
622 676 300.00 0.269630
57 622 300.00 0.412817
57 271 300.00 0.144280
57 558 300.00 0.336607
57 59 300.00 0.417603
271 57 300.00 0.144280
271 58 300.00 0.124227
558 57 300.00 0.336607
459 58 300.00 0.097923
459 453 300.00 0.121497
58 459 300.00 0.097923
58 271 300.00 0.124227
673 59 300.00 0.403813
673 674 300.00 0.021573
673 496 300.00 0.189670
557 59 300.00 0.253570
557 64 300.00 0.161327
557 473 300.00 0.418017
67 60 300.00 0.407983
67 63 300.00 0.408373
67 679 300.00 0.249333
61 337 300.00 0.409587
61 62 300.00 0.025907
337 55 300.00 0.400447
337 52 300.00 0.420297
62 61 300.00 0.025907
62 66 300.00 0.237210
66 663 300.00 0.178897
66 78 300.00 0.751653
63 298 300.00 0.404177
63 68 300.00 0.324687
63 674 300.00 0.406633
63 67 300.00 0.408373
68 63 300.00 0.324687
68 704 300.00 0.289227
68 74 300.00 0.291763
674 63 300.00 0.406633
674 673 300.00 0.021573
674 297 300.00 0.046823
69 64 300.00 0.260363
69 65 300.00 0.275723
69 75 300.00 0.423753
69 76 300.00 0.264990
64 69 300.00 0.260363
64 557 300.00 0.161327
64 556 300.00 0.469003
64 65 300.00 0.663433
556 64 300.00 0.469003
556 75 300.00 0.074837
556 473 300.00 0.336057
65 64 300.00 0.663433
65 69 300.00 0.275723
65 667 300.00 0.850757
667 65 300.00 0.850757
667 71 300.00 0.392617
667 480 300.00 0.074540
667 678 300.00 0.090293
663 70 300.00 0.027683
663 72 300.00 0.027447
78 66 300.00 0.751653
78 499 300.00 0.064967
78 84 300.00 0.216597
679 67 300.00 0.249333
679 74 300.00 0.237550
679 732 300.00 0.021597
704 68 300.00 0.289227
704 473 300.00 0.130873
704 705 300.00 0.220147
74 68 300.00 0.291763
74 86 300.00 0.443500
74 679 300.00 0.237550
75 69 300.00 0.423753
75 83 300.00 0.266360
75 556 300.00 0.074837
75 86 300.00 0.612593
76 69 300.00 0.264990
76 83 300.00 0.428003
76 88 300.00 0.561500
76 706 300.00 0.279557
70 61 300.00 0.413177
70 67 300.00 0.406970
71 667 300.00 0.392617
71 568 300.00 1.315940
71 483 300.00 0.118347
568 71 300.00 1.315940
568 321 300.00 0.389293
483 71 300.00 0.118347
483 322 300.00 0.124840
483 482 300.00 0.168773
72 662 300.00 0.025603
72 299 300.00 1.140703
662 70 300.00 0.029067
299 103 300.00 0.029557
299 114 300.00 0.225043
80 73 300.00 0.234757
80 85 300.00 0.269130
80 744 300.00 0.126773
73 80 300.00 0.234757
86 74 300.00 0.443500
86 75 300.00 0.612593
86 97 300.00 0.510050
83 75 300.00 0.266360
83 76 300.00 0.428003
83 706 300.00 0.689970
88 76 300.00 0.561500
88 100 300.00 0.408407
88 706 300.00 0.081267
706 76 300.00 0.279557
706 83 300.00 0.689970
706 88 300.00 0.081267
79 77 300.00 0.054577
79 489 300.00 0.365497
79 487 300.00 0.165683
77 79 300.00 0.054577
499 78 300.00 0.064967
499 702 300.00 0.122157
84 78 300.00 0.216597
84 72 300.00 0.690713
84 116 300.00 1.153340
489 79 300.00 0.365497
489 90 300.00 0.066327
489 101 300.00 0.373827
489 488 300.00 0.167417
487 79 300.00 0.165683
487 485 300.00 0.172077
487 488 300.00 0.336513
85 80 300.00 0.269130
85 82 300.00 0.096690
85 89 300.00 0.161693
744 80 300.00 0.126773
322 81 300.00 0.368040
322 328 300.00 0.155850
322 483 300.00 0.124840
81 322 300.00 0.368040
81 478 300.00 0.125390
81 485 300.00 0.153480
81 480 300.00 0.154427
478 81 300.00 0.125390
478 91 300.00 0.166683
478 479 300.00 0.352070
485 81 300.00 0.153480
485 559 300.00 0.303533
485 487 300.00 0.172077
480 81 300.00 0.154427
480 481 300.00 0.080843
480 667 300.00 0.074540
82 85 300.00 0.096690
82 498 300.00 0.215150
498 82 300.00 0.215150
498 87 300.00 0.079277
498 702 300.00 0.213577
116 84 300.00 1.153340
116 114 300.00 0.480603
89 85 300.00 0.161693
89 93 300.00 0.310687
89 98 300.00 0.278660
97 86 300.00 0.510050
97 99 300.00 0.219317
97 103 300.00 0.218630
87 498 300.00 0.079277
100 88 300.00 0.408407
100 104 300.00 0.132403
100 101 300.00 0.153817
93 89 300.00 0.310687
98 89 300.00 0.278660
98 96 300.00 0.159863
98 591 300.00 1.094610
90 489 300.00 0.066327
559 91 300.00 0.161373
559 485 300.00 0.303533
559 486 300.00 0.383187
559 488 300.00 0.161037
91 559 300.00 0.161373
91 92 300.00 0.350247
91 94 300.00 0.164147
91 478 300.00 0.166683
92 91 300.00 0.350247
92 326 300.00 0.101337
92 323 300.00 0.056463
94 91 300.00 0.164147
94 476 300.00 0.184180
94 102 300.00 0.222620
326 92 300.00 0.101337
326 95 300.00 0.070677
326 327 300.00 0.266183
323 92 300.00 0.056463
323 479 300.00 0.108760
323 325 300.00 0.280200
476 94 300.00 0.184180
476 95 300.00 0.168153
476 107 300.00 0.248293
102 94 300.00 0.222620
102 109 300.00 0.089707
102 486 300.00 0.174897
102 107 300.00 0.172360
95 476 300.00 0.168153
95 329 300.00 0.089403
95 326 300.00 0.070677
329 95 300.00 0.089403
329 324 300.00 0.185463
329 330 300.00 0.265770
96 98 300.00 0.159863
99 97 300.00 0.219317
99 104 300.00 1.171533
99 665 300.00 0.194760
103 97 300.00 0.218630
103 299 300.00 0.029557
103 662 300.00 1.133093
591 98 300.00 1.094610
591 127 300.00 0.182263
591 132 300.00 0.044340
591 585 300.00 0.305293
104 99 300.00 1.171533
104 100 300.00 0.132403
104 113 300.00 0.185160
665 99 300.00 0.194760
665 112 300.00 0.331037
665 664 300.00 0.127863
101 100 300.00 0.153817
101 491 300.00 0.083587
101 489 300.00 0.373827
101 484 300.00 0.170057
491 101 300.00 0.083587
491 105 300.00 0.165423
491 125 300.00 0.527627
484 101 300.00 0.170057
484 105 300.00 0.089297
484 488 300.00 0.388023
484 486 300.00 0.169730
109 102 300.00 0.089707
109 105 300.00 0.357097
109 130 300.00 0.534450
109 110 300.00 0.163367
486 102 300.00 0.174897
486 484 300.00 0.169730
486 559 300.00 0.383187
107 102 300.00 0.172360
107 476 300.00 0.248293
107 324 300.00 0.170087
113 104 300.00 0.185160
113 736 300.00 0.112453
113 119 300.00 0.118240
126 105 300.00 0.515447
126 125 300.00 0.163967
126 130 300.00 0.356617
105 126 300.00 0.515447
105 484 300.00 0.089297
105 109 300.00 0.357097
105 491 300.00 0.165423
544 106 300.00 0.318643
544 547 300.00 0.095493
544 545 300.00 0.196997
106 544 300.00 0.318643
324 107 300.00 0.170087
324 108 300.00 0.198687
324 329 300.00 0.185463
108 324 300.00 0.198687
130 109 300.00 0.534450
130 126 300.00 0.356617
130 477 300.00 0.163393
130 144 300.00 0.398247
110 109 300.00 0.163367
110 111 300.00 0.167113
110 477 300.00 0.527727
111 110 300.00 0.167113
111 117 300.00 0.148020
111 490 300.00 0.203930
477 110 300.00 0.527727
477 130 300.00 0.163393
477 332 300.00 0.210090
117 111 300.00 0.148020
117 332 300.00 0.309743
117 331 300.00 0.506903
490 111 300.00 0.203930
112 665 300.00 0.331037
112 103 300.00 0.114697
736 113 300.00 0.112453
736 734 300.00 0.097900
736 737 300.00 0.067123
119 113 300.00 0.118240
119 120 300.00 0.567523
119 122 300.00 0.115427
114 300 300.00 0.030690
114 121 300.00 0.163830
300 112 300.00 0.125577
121 129 300.00 0.623767
121 405 300.00 0.551347
120 115 300.00 0.110840
120 119 300.00 0.567523
120 136 300.00 0.437817
115 120 300.00 0.110840
115 588 300.00 0.015333
115 551 300.00 0.099640
588 115 300.00 0.015333
588 547 300.00 0.087480
588 549 300.00 0.121687
551 115 300.00 0.099640
551 550 300.00 0.146000
551 553 300.00 0.099797
332 117 300.00 0.309743
332 331 300.00 0.243190
332 477 300.00 0.210090
331 117 300.00 0.506903
331 738 300.00 0.114293
331 332 300.00 0.243190
129 118 300.00 0.263987
129 133 300.00 0.562970
129 502 300.00 0.265293
118 129 300.00 0.263987
118 116 300.00 0.169997
122 119 300.00 0.115427
122 124 300.00 0.300620
122 658 300.00 0.081753
136 120 300.00 0.437817
136 135 300.00 0.110467
405 140 300.00 0.038057
405 651 300.00 0.021977
405 603 300.00 0.650273
124 122 300.00 0.300620
658 122 300.00 0.081753
658 125 300.00 0.181597
658 659 300.00 0.025043
135 123 300.00 0.320967
135 134 300.00 0.329813
123 135 300.00 0.320967
125 491 300.00 0.527627
125 126 300.00 0.163967
125 658 300.00 0.181597
127 591 300.00 0.182263
127 137 300.00 0.256980
127 131 300.00 0.586307
137 127 300.00 0.256980
137 333 300.00 0.265483
137 131 300.00 0.467810
131 127 300.00 0.586307
131 408 300.00 0.093347
659 128 300.00 0.258147
659 658 300.00 0.025043
659 661 300.00 0.107313
128 659 300.00 0.258147
133 406 300.00 0.262110
133 407 300.00 0.564863
133 587 300.00 0.433253
502 129 300.00 0.265293
502 138 300.00 0.059643
502 503 300.00 0.153000
144 130 300.00 0.398247
144 310 300.00 0.239977
144 573 300.00 0.022307
408 407 300.00 0.261300
408 406 300.00 0.565263
132 591 300.00 0.044340
132 73 300.00 1.625573
406 133 300.00 0.262110
406 118 300.00 0.554677
407 590 300.00 0.291533
407 408 300.00 0.261300
587 133 300.00 0.433253
587 138 300.00 0.430873
587 162 300.00 0.672600
661 134 300.00 0.117447
661 659 300.00 0.107313
661 660 300.00 0.245787
134 661 300.00 0.117447
134 139 300.00 0.153763
139 134 300.00 0.153763
139 569 300.00 0.017200
333 137 300.00 0.265483
333 334 300.00 0.260470
333 586 300.00 0.557740
603 138 300.00 0.046217
603 405 300.00 0.650273
603 646 300.00 0.861593
138 603 300.00 0.046217
138 502 300.00 0.059643
138 587 300.00 0.430873
569 139 300.00 0.017200
569 141 300.00 0.025207
569 570 300.00 0.173347
140 405 300.00 0.038057
140 589 300.00 0.574940
140 538 300.00 0.314790
589 121 300.00 0.025730
589 300 300.00 0.157557
538 541 300.00 0.071150
538 539 300.00 0.245160
303 141 300.00 0.257277
303 145 300.00 0.197850
303 302 300.00 0.290937
141 303 300.00 0.257277
141 569 300.00 0.025207
141 153 300.00 0.356203
153 141 300.00 0.356203
153 304 300.00 0.280347
153 154 300.00 0.141223
153 302 300.00 0.259213
142 571 300.00 0.023150
142 657 300.00 0.242243
571 156 300.00 0.382803
571 572 300.00 0.033107
657 570 300.00 0.016657
657 139 300.00 0.175887
143 585 300.00 0.047727
143 132 300.00 0.313307
585 137 300.00 0.380310
585 591 300.00 0.305293
585 586 300.00 0.300523
310 142 300.00 0.033153
573 144 300.00 0.022307
573 157 300.00 0.386273
573 574 300.00 0.237170
145 303 300.00 0.197850
146 144 300.00 0.238833
146 574 300.00 0.026703
574 146 300.00 0.026703
574 158 300.00 0.384707
574 575 300.00 0.995900
575 147 300.00 0.022907
575 161 300.00 0.384880
575 576 300.00 0.237350
147 575 300.00 0.022907
147 146 300.00 0.993873
148 687 300.00 0.134487
148 576 300.00 0.025130
687 686 300.00 0.628143
687 147 300.00 0.102230
576 148 300.00 0.025130
576 163 300.00 0.383287
576 577 300.00 0.233530
149 148 300.00 0.234813
149 577 300.00 0.024963
149 686 300.00 0.275423
577 149 300.00 0.024963
577 164 300.00 0.382613
577 578 300.00 0.240303
686 149 300.00 0.275423
686 685 300.00 0.756480
686 688 300.00 0.113513
686 687 300.00 0.628143
150 149 300.00 0.239783
150 578 300.00 0.026060
578 150 300.00 0.026060
578 165 300.00 0.382003
578 579 300.00 0.237370
151 342 300.00 0.033120
342 579 300.00 0.022520
342 150 300.00 0.237773
152 143 300.00 0.309907
304 153 300.00 0.280347
304 167 300.00 0.124480
304 302 300.00 0.509520
154 153 300.00 0.141223
154 169 300.00 0.403490
154 570 300.00 0.383523
154 156 300.00 0.243427
302 153 300.00 0.259213
302 301 300.00 0.542393
302 304 300.00 0.509520
169 154 300.00 0.403490
169 167 300.00 0.135927
169 183 300.00 0.387580
169 170 300.00 0.243003
570 154 300.00 0.383523
570 657 300.00 0.016657
570 571 300.00 0.243663
156 154 300.00 0.243427
156 170 300.00 0.400113
156 311 300.00 0.030957
155 168 300.00 0.386850
168 448 300.00 0.311223
168 182 300.00 0.398760
170 169 300.00 0.243003
170 184 300.00 0.393163
170 312 300.00 0.027100
311 156 300.00 0.030957
311 157 300.00 0.237187
311 572 300.00 0.384930
157 573 300.00 0.386273
157 172 300.00 0.401950
157 311 300.00 0.237187
157 158 300.00 0.238670
172 157 300.00 0.401950
172 186 300.00 0.381417
172 312 300.00 0.242203
172 173 300.00 0.243060
158 157 300.00 0.238670
158 173 300.00 0.395093
158 574 300.00 0.384707
158 159 300.00 0.248100
173 158 300.00 0.395093
173 172 300.00 0.243060
173 187 300.00 0.393403
173 593 300.00 0.237093
159 158 300.00 0.248100
159 593 300.00 0.402147
159 160 300.00 0.253407
159 583 300.00 0.183600
593 159 300.00 0.402147
593 173 300.00 0.237093
593 175 300.00 0.243730
593 595 300.00 0.064900
160 159 300.00 0.253407
160 354 300.00 0.246350
160 175 300.00 0.398100
583 159 300.00 0.183600
354 160 300.00 0.246350
354 161 300.00 0.236077
354 355 300.00 0.398727
175 160 300.00 0.398100
175 189 300.00 0.393160
175 593 300.00 0.243730
175 355 300.00 0.255173
176 161 300.00 0.397993
176 190 300.00 0.392823
176 177 300.00 0.238067
176 535 300.00 0.112327
161 176 300.00 0.397993
161 575 300.00 0.384880
161 354 300.00 0.236077
161 163 300.00 0.233913
163 161 300.00 0.233913
163 177 300.00 0.397007
163 576 300.00 0.383287
163 164 300.00 0.244507
560 162 300.00 0.315780
560 501 300.00 0.359693
560 681 300.00 0.340683
162 560 300.00 0.315780
162 727 300.00 0.270267
162 587 300.00 0.672600
727 162 300.00 0.270267
727 281 300.00 0.151903
727 646 300.00 0.401243
177 163 300.00 0.397007
177 176 300.00 0.238067
177 191 300.00 0.392863
177 178 300.00 0.241050
164 163 300.00 0.244507
164 577 300.00 0.382613
164 165 300.00 0.250833
164 178 300.00 0.398840
165 164 300.00 0.250833
165 179 300.00 0.397660
165 578 300.00 0.382003
165 341 300.00 0.234653
178 164 300.00 0.398840
178 177 300.00 0.241050
178 192 300.00 0.392947
178 179 300.00 0.241607
179 165 300.00 0.397660
179 178 300.00 0.241607
179 193 300.00 0.393010
179 340 300.00 0.237137
341 165 300.00 0.234653
341 166 300.00 0.029703
341 635 300.00 0.217427
166 632 300.00 0.178680
166 341 300.00 0.029703
166 359 300.00 0.238057
632 580 300.00 0.196630
632 633 300.00 0.031717
359 166 300.00 0.238057
359 316 300.00 0.388227
359 364 300.00 0.242937
359 584 300.00 0.402070
167 304 300.00 0.124480
167 169 300.00 0.135927
167 171 300.00 0.136233
171 167 300.00 0.136233
171 306 300.00 0.294373
171 180 300.00 0.333930
448 168 300.00 0.311223
448 370 300.00 0.242703
448 447 300.00 0.382430
448 449 300.00 0.403890
182 449 300.00 0.280310
182 195 300.00 0.397510
183 169 300.00 0.387580
183 306 300.00 0.237393
183 184 300.00 0.237293
183 204 300.00 0.713407
184 183 300.00 0.237293
184 601 300.00 0.382137
184 313 300.00 0.030060
312 170 300.00 0.027100
312 172 300.00 0.242203
312 311 300.00 0.397277
306 171 300.00 0.294373
306 180 300.00 0.164463
306 183 300.00 0.237393
306 307 300.00 0.394633
180 171 300.00 0.333930
180 306 300.00 0.164463
180 185 300.00 0.122457
186 172 300.00 0.381417
186 198 300.00 0.385990
186 313 300.00 0.242073
186 187 300.00 0.247670
187 173 300.00 0.393403
187 186 300.00 0.247670
187 351 300.00 0.384600
187 188 300.00 0.242623
681 174 300.00 0.235097
681 560 300.00 0.340683
681 746 300.00 0.018710
174 681 300.00 0.235097
174 730 300.00 0.261940
174 335 300.00 0.075913
730 174 300.00 0.261940
730 286 300.00 0.398373
730 641 300.00 0.130780
335 174 300.00 0.075913
335 281 300.00 0.726453
335 286 300.00 0.420567
189 175 300.00 0.393160
189 188 300.00 0.237590
189 197 300.00 0.387230
189 356 300.00 0.241800
355 175 300.00 0.255173
355 354 300.00 0.398727
355 535 300.00 0.129843
355 356 300.00 0.390210
190 176 300.00 0.392823
190 349 300.00 0.385317
190 534 300.00 0.119613
190 191 300.00 0.238333
535 176 300.00 0.112327
535 355 300.00 0.129843
535 534 300.00 0.393300
191 177 300.00 0.392863
191 190 300.00 0.238333
191 348 300.00 0.383703
191 192 300.00 0.238600
192 178 300.00 0.392947
192 191 300.00 0.238600
192 347 300.00 0.387410
192 193 300.00 0.241690
193 179 300.00 0.393010
193 192 300.00 0.241690
193 346 300.00 0.383150
193 339 300.00 0.237213
340 179 300.00 0.237137
340 181 300.00 0.032177
340 624 300.00 0.197647
185 180 300.00 0.122457
185 305 300.00 0.029163
185 301 300.00 0.905473
181 634 300.00 0.188667
181 340 300.00 0.032177
181 584 300.00 0.237393
634 166 300.00 0.217953
634 635 300.00 0.031023
584 181 300.00 0.237393
584 359 300.00 0.402070
584 360 300.00 0.393127
584 365 300.00 0.238070
449 182 300.00 0.280310
449 371 300.00 0.243063
449 448 300.00 0.403890
449 450 300.00 0.393307
195 450 300.00 0.224387
195 343 300.00 0.386547
204 183 300.00 0.713407
204 467 300.00 0.022337
204 309 300.00 0.222043
601 352 300.00 0.030327
601 205 300.00 0.280580
601 652 300.00 0.133190
313 184 300.00 0.030060
313 186 300.00 0.242073
313 312 300.00 0.394210
305 185 300.00 0.029163
305 379 300.00 0.819963
301 621 300.00 0.027823
301 140 300.00 0.455463
198 186 300.00 0.385990
198 352 300.00 0.230773
198 351 300.00 0.248207
198 314 300.00 0.452283
351 187 300.00 0.384600
351 198 300.00 0.248207
351 203 300.00 0.528673
351 350 300.00 0.249787
188 187 300.00 0.242623
188 189 300.00 0.237590
188 350 300.00 0.387593
188 594 300.00 0.155917
350 188 300.00 0.387593
350 197 300.00 0.240707
350 536 300.00 0.381027
350 351 300.00 0.249787
594 188 300.00 0.155917
197 189 300.00 0.387230
197 563 300.00 0.386513
197 350 300.00 0.240707
197 357 300.00 0.242947
356 189 300.00 0.241800
356 355 300.00 0.390210
356 534 300.00 0.131437
356 357 300.00 0.385383
349 190 300.00 0.385317
349 348 300.00 0.247687
349 537 300.00 0.378537
349 357 300.00 0.235937
534 190 300.00 0.119613
534 356 300.00 0.131437
534 535 300.00 0.393300
348 191 300.00 0.383703
348 199 300.00 0.433377
348 347 300.00 0.238880
348 349 300.00 0.247687
347 192 300.00 0.387410
347 200 300.00 0.374633
347 346 300.00 0.237117
347 348 300.00 0.238880
346 193 300.00 0.383150
346 345 300.00 0.236610
346 650 300.00 0.349060
346 347 300.00 0.237117
339 193 300.00 0.237213
339 194 300.00 0.026923
339 628 300.00 0.195640
194 623 300.00 0.194137
194 339 300.00 0.026923
194 360 300.00 0.239710
623 181 300.00 0.198973
623 624 300.00 0.028383
360 194 300.00 0.239710
360 366 300.00 0.235467
360 362 300.00 0.383127
360 584 300.00 0.393127
450 195 300.00 0.224387
450 372 300.00 0.243520
450 449 300.00 0.393307
450 451 300.00 0.381297
343 451 300.00 0.186510
343 376 300.00 0.121183
537 196 300.00 0.149807
537 349 300.00 0.378537
537 564 300.00 0.243183
196 537 300.00 0.149807
196 442 300.00 0.169810
442 358 300.00 0.103653
442 527 300.00 0.173487
563 197 300.00 0.386513
563 353 300.00 0.380840
563 536 300.00 0.242103
563 564 300.00 0.240643
357 197 300.00 0.242947
357 349 300.00 0.235937
357 356 300.00 0.385383
357 564 300.00 0.381553
352 198 300.00 0.230773
352 313 300.00 0.380543
352 601 300.00 0.030327
314 198 300.00 0.452283
314 205 300.00 0.035997
314 352 300.00 0.272647
199 348 300.00 0.433377
199 446 300.00 0.056217
446 196 300.00 0.196380
446 655 300.00 0.462643
200 347 300.00 0.374633
200 199 300.00 0.249047
201 630 300.00 0.147170
201 413 300.00 0.203793
201 338 300.00 0.033567
630 344 300.00 0.176770
630 631 300.00 0.028503
413 201 300.00 0.203793
413 361 300.00 0.033690
413 425 300.00 0.135023
338 201 300.00 0.033567
338 650 300.00 0.233130
650 202 300.00 0.010927
650 338 300.00 0.233130
650 346 300.00 0.349060
202 650 300.00 0.010927
202 582 300.00 0.149830
582 200 300.00 0.081257
203 351 300.00 0.528673
203 267 300.00 0.282230
203 618 300.00 0.434833
267 203 300.00 0.282230
267 536 300.00 0.216740
267 268 300.00 0.321483
618 203 300.00 0.434833
618 315 300.00 0.051470
618 620 300.00 0.563940
467 204 300.00 0.022337
467 205 300.00 0.215783
467 466 300.00 0.105710
309 204 300.00 0.222043
309 307 300.00 0.363780
309 465 300.00 0.124007
205 314 300.00 0.035997
205 467 300.00 0.215783
205 308 300.00 0.102587
308 315 300.00 0.075330
308 466 300.00 0.182160
206 290 300.00 0.339937
206 208 300.00 0.353917
206 289 300.00 0.345980
208 206 300.00 0.353917
208 504 300.00 0.336717
208 213 300.00 0.331460
289 206 300.00 0.345980
289 285 300.00 0.339707
289 288 300.00 0.334500
289 709 300.00 1.040387
620 207 300.00 0.313067
620 618 300.00 0.563940
620 619 300.00 0.070423
207 620 300.00 0.313067
207 266 300.00 0.684910
266 379 300.00 0.029473
266 185 300.00 0.838147
266 465 300.00 0.030493
504 506 300.00 0.349253
504 215 300.00 0.334807
504 597 300.00 0.307873
213 208 300.00 0.331460
213 278 300.00 0.343250
213 596 300.00 0.342837
209 211 300.00 0.132963
209 210 300.00 0.532697
211 210 300.00 0.426417
211 217 300.00 0.377623
210 209 300.00 0.532697
210 216 300.00 0.393747
216 210 300.00 0.393747
216 217 300.00 0.454720
216 404 300.00 0.275070
217 381 300.00 0.409037
217 468 300.00 0.234307
277 212 300.00 0.338833
277 613 300.00 0.213037
212 277 300.00 0.338833
212 509 300.00 0.976043
509 212 300.00 0.976043
509 615 300.00 0.078760
509 722 300.00 0.968753
278 410 300.00 0.338243
596 213 300.00 0.342837
596 411 300.00 0.341487
214 382 300.00 0.346283
214 380 300.00 0.417543
382 293 300.00 0.340167
382 743 300.00 0.522090
380 211 300.00 0.411747
380 207 300.00 0.381920
215 411 300.00 0.342490
215 213 300.00 0.340627
411 219 300.00 0.158843
404 216 300.00 0.275070
404 220 300.00 0.163060
404 468 300.00 0.489597
381 380 300.00 0.359003
381 382 300.00 0.404007
468 221 300.00 0.140933
218 390 300.00 0.344020
218 396 300.00 0.346263
390 391 300.00 0.384630
390 444 300.00 0.332083
396 445 300.00 0.322800
396 388 300.00 0.498317
219 600 300.00 0.027957
600 292 300.00 0.881070
220 404 300.00 0.163060
220 383 300.00 0.792910
383 640 300.00 0.039183
383 609 300.00 0.177210
221 682 300.00 0.345450
221 220 300.00 0.499160
682 649 300.00 0.028930
682 683 300.00 0.031960
223 222 300.00 0.765847
223 229 300.00 0.266360
223 224 300.00 0.554753
222 223 300.00 0.765847
222 566 300.00 0.586947
566 291 300.00 0.160457
566 729 300.00 0.098580
229 223 300.00 0.266360
229 228 300.00 0.651560
229 233 300.00 0.264123
229 230 300.00 0.554640
224 223 300.00 0.554753
224 225 300.00 0.561703
224 230 300.00 0.255947
610 611 300.00 0.049683
639 37 300.00 0.024887
639 610 300.00 0.426883
226 231 300.00 0.259533
226 612 300.00 0.280720
612 384 300.00 0.826150
227 699 300.00 0.157530
699 700 300.00 0.028337
699 243 300.00 0.616283
228 222 300.00 0.237540
228 229 300.00 0.651560
233 229 300.00 0.264123
233 232 300.00 0.509587
233 234 300.00 0.553510
233 239 300.00 0.265747
234 233 300.00 0.553510
234 235 300.00 0.565233
234 240 300.00 0.264390
511 236 300.00 0.097790
511 720 300.00 0.022423
237 231 300.00 0.804430
237 236 300.00 0.550930
237 385 300.00 0.372030
237 242 300.00 0.262940
232 233 300.00 0.509587
232 228 300.00 0.306923
239 233 300.00 0.265747
239 238 300.00 0.366600
239 245 300.00 0.276577
236 235 300.00 0.564730
236 241 300.00 0.260653
236 237 300.00 0.550930
241 250 300.00 0.278657
241 469 300.00 0.305990
385 237 300.00 0.372030
242 237 300.00 0.262940
242 251 300.00 0.275987
242 241 300.00 0.547110
238 232 300.00 0.308970
245 239 300.00 0.276577
245 248 300.00 0.230663
245 644 300.00 0.022787
246 245 300.00 0.553680
246 645 300.00 0.028740
250 247 300.00 0.287587
250 254 300.00 0.280393
250 251 300.00 0.553987
469 247 300.00 0.273913
469 44 300.00 0.260960
251 242 300.00 0.275987
251 250 300.00 0.553987
251 252 300.00 0.695603
251 461 300.00 0.276320
243 252 300.00 0.263530
243 242 300.00 0.702673
252 251 300.00 0.695603
252 648 300.00 0.262800
244 243 300.00 0.033303
244 700 300.00 0.614720
700 699 300.00 0.028337
700 683 300.00 0.199143
248 238 300.00 0.295073
644 245 300.00 0.022787
644 645 300.00 0.551733
645 246 300.00 0.028740
645 253 300.00 0.259733
645 642 300.00 0.567037
247 250 300.00 0.287587
247 470 300.00 0.283410
247 469 300.00 0.273913
249 246 300.00 0.566203
249 44 300.00 0.267213
254 257 300.00 0.269800
254 461 300.00 0.558447
461 251 300.00 0.276320
461 258 300.00 0.262447
461 648 300.00 0.691350
253 43 300.00 0.562763
253 256 300.00 0.261203
253 645 300.00 0.259733
255 643 300.00 0.296313
255 253 300.00 0.648220
643 248 300.00 0.029000
643 644 300.00 0.220460
260 256 300.00 0.201697
260 512 300.00 0.289590
260 472 300.00 0.079427
512 256 300.00 0.237433
512 260 300.00 0.289590
512 510 300.00 0.385363
512 513 300.00 0.266610
258 257 300.00 0.553960
258 259 300.00 0.689230
258 461 300.00 0.262447
258 714 300.00 0.356670
259 258 300.00 0.689230
259 464 300.00 0.183993
714 258 300.00 0.356670
714 460 300.00 0.443717
714 712 300.00 0.366397
464 463 300.00 0.028490
464 717 300.00 0.089037
472 260 300.00 0.079427
472 261 300.00 0.032937
472 516 300.00 0.332353
715 710 300.00 0.068590
715 263 300.00 0.206120
264 263 300.00 0.378320
264 518 300.00 0.150850
263 264 300.00 0.378320
265 32 300.00 0.368593
379 266 300.00 0.029473
379 209 300.00 0.589613
465 266 300.00 0.030493
465 309 300.00 0.124007
465 617 300.00 0.154090
536 267 300.00 0.216740
536 350 300.00 0.381027
536 563 300.00 0.242103
268 267 300.00 0.321483
268 214 300.00 0.709023
428 269 300.00 0.345923
428 394 300.00 0.376903
428 402 300.00 0.358147
428 423 300.00 0.338183
269 428 300.00 0.345923
269 403 300.00 0.362910
403 525 300.00 0.200003
671 672 300.00 0.022130
671 275 300.00 0.230133
666 272 300.00 0.098640
272 666 300.00 0.098640
272 622 300.00 0.342680
670 669 300.00 0.023157
670 56 300.00 0.196593
274 672 300.00 0.229640
274 275 300.00 0.022403
672 671 300.00 0.022130
672 273 300.00 0.190137
275 274 300.00 0.022403
275 708 300.00 0.178223
708 275 300.00 0.178223
708 296 300.00 0.227617
669 270 300.00 0.221313
669 670 300.00 0.023157
613 614 300.00 0.367423
613 505 300.00 0.331607
410 278 300.00 0.338243
410 291 300.00 0.045717
410 596 300.00 0.346743
279 208 300.00 0.337370
279 278 300.00 0.338883
561 280 300.00 0.292563
561 286 300.00 0.337313
561 562 300.00 0.336553
280 561 300.00 0.292563
280 500 300.00 0.098047
500 336 300.00 0.245180
500 152 300.00 0.296447
722 281 300.00 0.033777
722 509 300.00 0.968753
722 728 300.00 0.357030
281 722 300.00 0.033777
281 727 300.00 0.151903
281 335 300.00 0.726453
562 282 300.00 0.297297
562 283 300.00 0.337750
562 409 300.00 0.340020
282 562 300.00 0.297297
282 280 300.00 0.334127
283 562 300.00 0.337750
283 285 300.00 0.337473
283 286 300.00 0.344403
285 283 300.00 0.337473
285 409 300.00 0.334823
285 289 300.00 0.339707
286 283 300.00 0.344403
286 335 300.00 0.420567
286 561 300.00 0.337313
286 730 300.00 0.398373
409 284 300.00 0.308543
409 285 300.00 0.334823
409 288 300.00 0.337267
284 409 300.00 0.308543
284 282 300.00 0.344637
288 287 300.00 0.310530
288 290 300.00 0.358333
288 289 300.00 0.334500
709 289 300.00 1.040387
291 410 300.00 0.045717
291 566 300.00 0.160457
291 729 300.00 0.109330
729 291 300.00 0.109330
292 639 300.00 0.559657
292 224 300.00 0.071283
293 26 300.00 0.403823
293 581 300.00 0.412823
294 388 300.00 0.349300
294 740 300.00 0.239323
388 387 300.00 0.473127
388 389 300.00 0.346263
740 741 300.00 0.185380
740 397 300.00 0.329263
567 295 300.00 0.683143
567 495 300.00 1.119543
295 567 300.00 0.683143
295 321 300.00 0.337903
321 295 300.00 0.337903
321 320 300.00 0.520883
321 568 300.00 0.389293
297 673 300.00 0.044080
297 473 300.00 0.227207
473 297 300.00 0.227207
473 557 300.00 0.418017
473 704 300.00 0.130873
473 556 300.00 0.336057
621 305 300.00 0.911380
307 306 300.00 0.394633
307 309 300.00 0.363780
307 592 300.00 0.120483
592 307 300.00 0.120483
315 308 300.00 0.075330
315 314 300.00 0.097040
315 618 300.00 0.051470
466 308 300.00 0.182160
466 467 300.00 0.105710
466 617 300.00 0.123867
572 310 300.00 0.023377
572 573 300.00 0.239023
685 316 300.00 0.297887
685 317 300.00 0.121750
685 686 300.00 0.756480
316 685 300.00 0.297887
316 359 300.00 0.388227
316 363 300.00 0.250387
316 151 300.00 0.242393
363 364 300.00 0.390680
363 369 300.00 0.232803
319 317 300.00 0.199143
319 318 300.00 0.778030
317 319 300.00 0.199143
317 685 300.00 0.121750
320 321 300.00 0.520883
320 668 300.00 0.589097
668 31 300.00 0.396540
328 322 300.00 0.155850
328 479 300.00 0.073447
328 475 300.00 0.278290
479 323 300.00 0.108760
479 328 300.00 0.073447
479 478 300.00 0.352070
325 323 300.00 0.280200
327 326 300.00 0.266183
475 328 300.00 0.278290
330 329 300.00 0.265770
738 331 300.00 0.114293
334 333 300.00 0.260470
334 641 300.00 0.143130
334 336 300.00 0.558930
586 585 300.00 0.300523
586 152 300.00 0.061917
586 336 300.00 0.272683
641 334 300.00 0.143130
641 745 300.00 0.025660
641 730 300.00 0.130780
336 334 300.00 0.558930
336 561 300.00 0.218850
336 500 300.00 0.245180
628 345 300.00 0.185403
628 629 300.00 0.029917
624 623 300.00 0.028383
624 339 300.00 0.195397
635 634 300.00 0.031023
635 340 300.00 0.188077
579 633 300.00 0.195750
579 580 300.00 0.033147
451 450 300.00 0.381297
451 373 300.00 0.241777
451 452 300.00 0.179803
376 36 300.00 0.066477
376 452 300.00 0.186773
344 629 300.00 0.185683
344 345 300.00 0.025550
344 362 300.00 0.244423
629 628 300.00 0.029917
629 194 300.00 0.195393
345 344 300.00 0.025550
345 631 300.00 0.175300
345 346 300.00 0.236610
362 344 300.00 0.244423
362 360 300.00 0.383127
362 367 300.00 0.241240
631 630 300.00 0.028503
631 338 300.00 0.151793
353 563 300.00 0.380840
353 268 300.00 0.338290
564 357 300.00 0.381553
564 358 300.00 0.265857
564 537 300.00 0.243183
564 563 300.00 0.240643
358 564 300.00 0.265857
358 353 300.00 0.277933
364 359 300.00 0.242937
364 363 300.00 0.390680
364 370 300.00 0.238967
364 365 300.00 0.400853
366 360 300.00 0.235467
366 365 300.00 0.393190
366 372 300.00 0.249070
366 367 300.00 0.379740
361 413 300.00 0.033690
361 362 300.00 0.294370
361 421 300.00 0.312687
421 374 300.00 0.024200
421 426 300.00 0.017627
367 362 300.00 0.241240
367 366 300.00 0.379740
367 373 300.00 0.241970
367 368 300.00 0.252703
369 447 300.00 0.242213
369 370 300.00 0.389590
370 364 300.00 0.238967
370 369 300.00 0.389590
370 448 300.00 0.242703
370 371 300.00 0.399307
365 364 300.00 0.400853
365 584 300.00 0.238070
365 371 300.00 0.245187
365 366 300.00 0.393190
371 365 300.00 0.245187
371 370 300.00 0.399307
371 449 300.00 0.243063
371 372 300.00 0.393217
372 366 300.00 0.249070
372 371 300.00 0.393217
372 450 300.00 0.243520
372 373 300.00 0.379267
373 367 300.00 0.241970
373 372 300.00 0.379267
373 608 300.00 0.214947
368 367 300.00 0.252703
368 361 300.00 0.255807
447 448 300.00 0.382430
447 155 300.00 0.287503
608 373 300.00 0.214947
608 368 300.00 0.243477
374 368 300.00 0.082667
375 582 300.00 0.073507
375 202 300.00 0.134603
452 451 300.00 0.179803
452 608 300.00 0.246497
743 742 300.00 0.168510
743 218 300.00 0.172987
640 226 300.00 0.109990
640 612 300.00 0.310703
609 37 300.00 0.427807
384 649 300.00 0.164500
384 227 300.00 0.168823
649 227 300.00 0.041397
649 683 300.00 0.028427
386 294 300.00 0.542083
386 530 300.00 0.131820
530 386 300.00 0.131820
530 605 300.00 0.144900
530 693 300.00 0.097733
391 526 300.00 0.092930
391 443 300.00 0.335057
444 390 300.00 0.332083
444 656 300.00 0.337743
444 396 300.00 0.336583
526 353 300.00 0.033397
526 527 300.00 0.342773
443 391 300.00 0.335057
443 655 300.00 0.342117
443 444 300.00 0.384287
393 392 300.00 0.341670
393 394 300.00 0.335807
393 422 300.00 0.489720
393 423 300.00 0.379213
392 393 300.00 0.341670
392 418 300.00 0.326210
392 412 300.00 0.376193
392 425 300.00 0.495327
418 392 300.00 0.326210
418 653 300.00 0.397123
418 419 300.00 0.378260
418 523 300.00 0.266447
412 392 300.00 0.376193
412 400 300.00 0.344360
412 423 300.00 0.337080
412 419 300.00 0.334310
425 392 300.00 0.495327
425 413 300.00 0.135023
425 422 300.00 0.337590
394 393 300.00 0.335807
394 429 300.00 0.486623
394 428 300.00 0.376903
394 395 300.00 0.314817
422 393 300.00 0.489720
422 429 300.00 0.335853
422 425 300.00 0.337590
422 426 300.00 0.151200
423 393 300.00 0.379213
423 401 300.00 0.350293
423 412 300.00 0.337080
423 428 300.00 0.338183
445 656 300.00 0.331387
445 397 300.00 0.131250
397 398 300.00 0.243413
397 654 300.00 0.332813
398 416 300.00 0.328643
398 415 300.00 0.560790
398 399 300.00 0.338990
654 416 300.00 0.148183
654 656 300.00 0.206540
654 653 300.00 0.396810
416 398 300.00 0.328643
416 419 300.00 0.339133
416 654 300.00 0.148183
415 398 300.00 0.560790
415 521 300.00 0.123640
399 420 300.00 0.562193
399 419 300.00 0.329220
399 400 300.00 0.336080
420 399 300.00 0.562193
420 415 300.00 0.335857
419 399 300.00 0.329220
419 412 300.00 0.334310
419 416 300.00 0.339133
419 418 300.00 0.378260
400 412 300.00 0.344360
400 401 300.00 0.336830
400 414 300.00 0.560957
401 402 300.00 0.333680
401 424 300.00 0.561970
401 423 300.00 0.350293
414 400 300.00 0.560957
414 438 300.00 0.164440
402 403 300.00 0.354003
402 428 300.00 0.358147
402 524 300.00 0.167960
424 414 300.00 0.341160
524 402 300.00 0.167960
524 525 300.00 0.351603
525 524 300.00 0.351603
651 140 300.00 0.029353
651 621 300.00 0.455677
590 333 300.00 0.268213
590 747 300.00 0.028130
438 420 300.00 0.177243
438 441 300.00 0.204277
521 441 300.00 0.867107
521 294 300.00 0.244560
523 417 300.00 0.200520
523 418 300.00 0.266447
523 522 300.00 0.322753
417 523 300.00 0.200520
653 418 300.00 0.397123
653 522 300.00 0.327380
653 655 300.00 0.286203
426 421 300.00 0.017627
426 422 300.00 0.151200
426 427 300.00 0.334657
427 36 300.00 0.269527
427 429 300.00 0.188680
440 430 300.00 0.204273
440 441 300.00 0.738233
430 440 300.00 0.204273
430 435 300.00 0.368510
430 436 300.00 0.232113
435 430 300.00 0.368510
435 439 300.00 0.301590
435 437 300.00 0.125197
436 430 300.00 0.232113
436 431 300.00 0.198380
436 437 300.00 0.344657
434 431 300.00 0.339903
434 433 300.00 0.345290
434 437 300.00 0.183880
431 434 300.00 0.339903
431 436 300.00 0.198380
604 432 300.00 0.025917
604 433 300.00 0.198543
604 605 300.00 0.582630
432 604 300.00 0.025917
433 434 300.00 0.345290
433 604 300.00 0.198543
433 626 300.00 0.508443
626 433 300.00 0.508443
626 439 300.00 0.587073
626 625 300.00 0.108657
437 434 300.00 0.183880
437 435 300.00 0.125197
437 436 300.00 0.344657
439 435 300.00 0.301590
439 626 300.00 0.587073
439 441 300.00 0.188493
441 438 300.00 0.204277
441 439 300.00 0.188493
441 440 300.00 0.738233
441 521 300.00 0.867107
527 526 300.00 0.342773
527 443 300.00 0.133327
655 443 300.00 0.342117
655 446 300.00 0.462643
655 653 300.00 0.286203
655 656 300.00 0.385127
656 444 300.00 0.337743
656 445 300.00 0.331387
656 654 300.00 0.206540
656 655 300.00 0.385127
703 453 300.00 0.055897
703 494 300.00 0.122293
453 703 300.00 0.055897
453 459 300.00 0.121497
453 454 300.00 0.138207
454 453 300.00 0.138207
454 456 300.00 0.245787
454 457 300.00 0.125897
456 454 300.00 0.245787
456 455 300.00 0.142600
456 492 300.00 0.096403
457 454 300.00 0.125897
493 455 300.00 0.096173
493 492 300.00 0.140777
493 495 300.00 0.485850
455 493 300.00 0.096173
455 494 300.00 0.072217
455 456 300.00 0.142600
494 455 300.00 0.072217
494 703 300.00 0.122293
492 456 300.00 0.096403
492 458 300.00 0.093277
492 493 300.00 0.140777
458 492 300.00 0.093277
463 464 300.00 0.028490
463 25 300.00 0.474077
717 716 300.00 0.257953
617 465 300.00 0.154090
617 466 300.00 0.123867
617 616 300.00 0.182273
516 471 300.00 0.117920
516 472 300.00 0.332353
516 565 300.00 0.383213
471 516 300.00 0.117920
471 513 300.00 0.435230
513 512 300.00 0.266610
513 510 300.00 0.370807
678 474 300.00 0.057300
678 667 300.00 0.090293
678 707 300.00 0.016307
474 678 300.00 0.057300
481 480 300.00 0.080843
482 483 300.00 0.168773
488 484 300.00 0.388023
488 487 300.00 0.336513
488 489 300.00 0.167417
488 559 300.00 0.161037
495 493 300.00 0.485850
495 567 300.00 1.119543
496 276 300.00 0.215083
496 497 300.00 0.317027
496 627 300.00 0.022953
497 496 300.00 0.317027
702 498 300.00 0.213577
702 499 300.00 0.122157
702 701 300.00 0.158583
501 560 300.00 0.359693
503 502 300.00 0.153000
506 505 300.00 0.336947
506 507 300.00 0.125163
597 504 300.00 0.307873
505 506 300.00 0.336947
505 215 300.00 0.334820
507 508 300.00 0.721023
508 212 300.00 0.222187
508 507 300.00 0.721023
615 509 300.00 0.078760
510 255 300.00 0.155687
510 512 300.00 0.385363
720 511 300.00 0.022423
565 514 300.00 0.338810
565 516 300.00 0.383213
565 517 300.00 0.378090
565 599 300.00 0.249467
599 515 300.00 0.042993
599 565 300.00 0.249467
599 598 300.00 0.414293
515 599 300.00 0.042993
515 471 300.00 0.419990
517 565 300.00 0.378090
517 598 300.00 0.437830
517 518 300.00 0.333007
598 517 300.00 0.437830
598 519 300.00 0.050297
598 599 300.00 0.414293
519 598 300.00 0.050297
519 515 300.00 0.430983
520 519 300.00 0.733837
522 636 300.00 0.119383
522 523 300.00 0.322753
636 375 300.00 0.072037
636 637 300.00 0.268687
647 529 300.00 0.096670
647 692 300.00 0.057433
647 677 300.00 0.169410
529 647 300.00 0.096670
529 693 300.00 0.249627
529 691 300.00 0.157280
693 529 300.00 0.249627
693 530 300.00 0.097733
693 694 300.00 0.858340
691 529 300.00 0.157280
691 692 300.00 0.042877
691 695 300.00 0.129817
605 530 300.00 0.144900
605 432 300.00 0.576917
684 533 300.00 0.186507
533 33 300.00 0.417343
541 540 300.00 0.216323
541 543 300.00 0.079753
539 538 300.00 0.245160
540 541 300.00 0.216323
543 542 300.00 0.221563
543 136 300.00 0.089590
542 543 300.00 0.221563
547 544 300.00 0.095493
547 588 300.00 0.087480
547 548 300.00 0.123360
545 544 300.00 0.196997
548 546 300.00 0.059800
548 547 300.00 0.123360
548 549 300.00 0.085127
546 548 300.00 0.059800
549 548 300.00 0.085127
549 733 300.00 0.040293
549 588 300.00 0.121687
733 549 300.00 0.040293
550 551 300.00 0.146000
553 551 300.00 0.099797
553 552 300.00 0.135613
553 555 300.00 0.100593
552 553 300.00 0.135613
555 553 300.00 0.100593
555 554 300.00 0.110550
555 734 300.00 0.098867
554 555 300.00 0.110550
734 555 300.00 0.098867
734 736 300.00 0.097900
734 735 300.00 0.087820
633 632 300.00 0.031717
633 341 300.00 0.180750
580 151 300.00 0.022180
580 316 300.00 0.241743
747 590 300.00 0.028130
595 593 300.00 0.064900
652 601 300.00 0.133190
646 602 300.00 0.529920
646 603 300.00 0.861593
646 721 300.00 0.223730
646 727 300.00 0.401243
602 646 300.00 0.529920
606 607 300.00 0.157820
607 604 300.00 0.108487
611 226 300.00 0.098223
611 609 300.00 0.174223
614 613 300.00 0.367423
614 614 300.00 0.208920
616 617 300.00 0.182273
619 620 300.00 0.070423
625 626 300.00 0.108657
637 636 300.00 0.268687
745 641 300.00 0.025660
721 646 300.00 0.223730
683 11 300.00 0.341387
660 661 300.00 0.245787
664 665 300.00 0.127863
675 676 300.00 0.216370
707 678 300.00 0.016307
732 679 300.00 0.021597
739 680 300.00 0.020403
746 681 300.00 0.018710
688 686 300.00 0.113513
698 689 300.00 0.318093
698 697 300.00 0.110667
689 698 300.00 0.318093
695 690 300.00 0.135210
695 691 300.00 0.129817
695 696 300.00 0.031400
697 690 300.00 0.128247
697 698 300.00 0.110667
694 693 300.00 0.858340
701 702 300.00 0.158583
705 704 300.00 0.220147
713 710 300.00 0.023180
713 711 300.00 0.015533
713 712 300.00 0.104697
710 713 300.00 0.023180
710 711 300.00 0.020730
710 715 300.00 0.068590
711 710 300.00 0.020730
711 713 300.00 0.015533
711 712 300.00 0.167570
712 711 300.00 0.167570
712 713 300.00 0.104697
712 714 300.00 0.366397
716 717 300.00 0.257953
718 719 300.00 0.430517
728 722 300.00 0.357030
728 723 300.00 0.027890
728 724 300.00 0.130693
723 728 300.00 0.027890
726 724 300.00 0.104507
724 726 300.00 0.104507
724 725 300.00 0.019477
724 728 300.00 0.130693
725 724 300.00 0.019477
735 734 300.00 0.087820
737 736 300.00 0.067123
741 740 300.00 0.185380
742 743 300.00 0.168510
