37 0 300.00 0.293940
37 1 300.00 0.308073
37 32 300.00 0.664557
37 84 300.00 0.629360
0 37 300.00 0.293940
0 22 300.00 0.376267
0 26 300.00 0.707277
0 33 300.00 0.437420
22 0 300.00 0.376267
22 25 300.00 0.373733
26 0 300.00 0.707277
26 23 300.00 0.226457
26 98 300.00 0.212800
33 0 300.00 0.437420
33 25 300.00 0.339350
33 34 300.00 0.133603
33 84 300.00 0.252703
49 1 300.00 0.135317
49 51 300.00 0.171180
49 83 300.00 0.134367
1 49 300.00 0.135317
1 37 300.00 0.308073
1 38 300.00 0.614763
38 1 300.00 0.614763
38 32 300.00 0.296623
38 36 300.00 0.538070
38 48 300.00 0.301660
3 2 300.00 0.143067
3 53 300.00 0.520693
3 78 300.00 0.302167
2 3 300.00 0.143067
2 51 300.00 0.162247
2 63 300.00 0.616777
51 2 300.00 0.162247
51 48 300.00 0.570283
51 49 300.00 0.171180
63 2 300.00 0.616777
63 60 300.00 0.346260
63 95 300.00 0.323643
63 69 300.00 0.340813
53 3 300.00 0.520693
53 48 300.00 0.295913
53 89 300.00 0.300777
78 3 300.00 0.302167
78 79 300.00 0.306767
78 89 300.00 0.478660
78 88 300.00 0.402403
23 4 300.00 0.311417
23 20 300.00 0.380193
23 26 300.00 0.226457
4 23 300.00 0.311417
74 5 300.00 0.348437
74 71 300.00 0.355147
74 72 300.00 0.313123
5 74 300.00 0.348437
5 81 300.00 0.458333
5 73 300.00 0.369447
81 73 300.00 0.276353
81 7 300.00 0.263447
73 5 300.00 0.369447
73 69 300.00 0.342030
73 71 300.00 0.345473
73 81 300.00 0.276353
18 6 300.00 0.034853
6 18 300.00 0.034853
6 90 300.00 0.300747
90 6 300.00 0.300747
90 79 300.00 0.423897
90 89 300.00 0.299227
7 80 300.00 0.153760
80 82 300.00 0.416367
80 95 300.00 0.562373
96 8 300.00 0.058327
96 44 300.00 0.085993
96 97 300.00 0.128923
8 96 300.00 0.058327
8 59 300.00 0.624623
8 57 300.00 0.522273
59 8 300.00 0.624623
59 56 300.00 0.186057
59 70 300.00 0.764840
57 8 300.00 0.522273
57 60 300.00 0.321997
57 61 300.00 0.344650
45 9 300.00 0.078833
45 43 300.00 0.207133
45 52 300.00 0.347567
9 45 300.00 0.078833
9 46 300.00 0.126577
9 39 300.00 0.234467
46 9 300.00 0.126577
46 47 300.00 0.202163
46 54 300.00 0.443367
39 9 300.00 0.234467
39 34 300.00 0.334350
39 35 300.00 0.339483
39 44 300.00 0.333490
41 10 300.00 0.191090
41 12 300.00 0.356967
41 40 300.00 0.202493
10 41 300.00 0.191090
10 42 300.00 0.125540
10 11 300.00 0.421660
42 10 300.00 0.125540
42 35 300.00 0.395473
42 43 300.00 0.072547
11 10 300.00 0.421660
11 12 300.00 0.189650
11 16 300.00 0.183240
11 13 300.00 0.522707
12 11 300.00 0.189650
12 58 300.00 0.512353
12 41 300.00 0.356967
16 11 300.00 0.183240
16 62 300.00 0.523973
16 50 300.00 0.243007
13 11 300.00 0.522707
13 92 300.00 0.176513
13 58 300.00 0.183397
58 12 300.00 0.512353
58 13 300.00 0.183397
58 14 300.00 0.182070
92 13 300.00 0.176513
92 62 300.00 0.010850
55 14 300.00 0.021403
55 40 300.00 0.762000
14 55 300.00 0.021403
14 58 300.00 0.182070
14 17 300.00 0.230830
17 14 300.00 0.230830
15 93 300.00 0.283220
93 75 300.00 0.042353
62 16 300.00 0.523973
62 64 300.00 0.187780
62 92 300.00 0.010850
50 16 300.00 0.243007
50 43 300.00 0.250753
50 52 300.00 0.184373
76 19 300.00 0.106210
76 77 300.00 0.211093
19 76 300.00 0.106210
19 20 300.00 0.337773
20 19 300.00 0.337773
20 21 300.00 0.164687
20 23 300.00 0.380193
21 20 300.00 0.164687
25 22 300.00 0.373733
25 27 300.00 0.326517
25 33 300.00 0.339350
31 24 300.00 0.343567
31 28 300.00 0.119100
31 35 300.00 0.340953
24 31 300.00 0.343567
24 30 300.00 0.336970
30 24 300.00 0.336970
30 27 300.00 0.070280
30 35 300.00 0.332653
30 34 300.00 0.337120
27 25 300.00 0.326517
27 30 300.00 0.070280
98 26 300.00 0.212800
98 32 300.00 0.090687
98 99 300.00 0.021117
28 31 300.00 0.119100
32 29 300.00 0.535833
32 37 300.00 0.664557
32 98 300.00 0.090687
32 38 300.00 0.296623
29 32 300.00 0.535833
35 30 300.00 0.332653
35 31 300.00 0.340953
35 39 300.00 0.339483
35 42 300.00 0.395473
34 30 300.00 0.337120
34 33 300.00 0.133603
34 39 300.00 0.334350
84 33 300.00 0.252703
84 37 300.00 0.629360
84 85 300.00 0.123210
36 29 300.00 0.298613
36 38 300.00 0.538070
48 38 300.00 0.301660
48 51 300.00 0.570283
48 53 300.00 0.295913
44 39 300.00 0.333490
44 85 300.00 0.173227
44 96 300.00 0.085993
44 97 300.00 0.078900
40 41 300.00 0.202493
40 55 300.00 0.762000
43 42 300.00 0.072547
43 45 300.00 0.207133
43 50 300.00 0.250753
85 44 300.00 0.173227
85 84 300.00 0.123210
85 86 300.00 0.252907
97 44 300.00 0.078900
97 47 300.00 0.033327
97 96 300.00 0.128923
52 45 300.00 0.347567
52 50 300.00 0.184373
52 64 300.00 0.763440
52 54 300.00 0.184227
47 46 300.00 0.202163
47 97 300.00 0.033327
47 56 300.00 0.529183
54 46 300.00 0.443367
54 52 300.00 0.184227
54 56 300.00 0.182177
54 66 300.00 0.763617
56 47 300.00 0.529183
56 54 300.00 0.182177
56 59 300.00 0.186057
56 68 300.00 0.771220
83 49 300.00 0.134367
83 60 300.00 0.651000
83 94 300.00 0.011067
64 52 300.00 0.763440
64 62 300.00 0.187780
64 66 300.00 0.184757
89 53 300.00 0.300777
89 78 300.00 0.478660
89 90 300.00 0.299227
66 54 300.00 0.763617
66 64 300.00 0.184757
66 68 300.00 0.179540
68 56 300.00 0.771220
68 66 300.00 0.179540
68 70 300.00 0.192190
60 57 300.00 0.321997
60 63 300.00 0.346260
60 65 300.00 0.343553
60 83 300.00 0.651000
61 57 300.00 0.344650
61 67 300.00 0.352083
61 65 300.00 0.325217
70 59 300.00 0.764840
70 68 300.00 0.192190
70 72 300.00 0.205367
65 60 300.00 0.343553
65 61 300.00 0.325217
65 69 300.00 0.340013
65 71 300.00 0.346860
67 61 300.00 0.352083
67 72 300.00 0.349890
67 71 300.00 0.321263
95 63 300.00 0.323643
95 80 300.00 0.562373
95 88 300.00 0.011790
69 63 300.00 0.340813
69 65 300.00 0.340013
69 73 300.00 0.342030
71 65 300.00 0.346860
71 67 300.00 0.321263
71 73 300.00 0.345473
71 74 300.00 0.355147
72 67 300.00 0.349890
72 70 300.00 0.205367
72 74 300.00 0.313123
75 93 300.00 0.042353
75 5 300.00 0.325750
77 76 300.00 0.211093
79 78 300.00 0.306767
79 90 300.00 0.423897
79 87 300.00 0.303670
88 78 300.00 0.402403
88 82 300.00 0.479797
88 95 300.00 0.011790
87 79 300.00 0.303670
87 6 300.00 0.370327
82 87 300.00 0.175763
82 88 300.00 0.479797
94 83 300.00 0.011067
86 85 300.00 0.252907
91 4 300.00 0.128347
99 98 300.00 0.021117
