0 2 300.00 0.085217
0 1 300.00 1.058427
2 3 300.00 1.043813
1 0 300.00 1.058427
1 8 300.00 0.091593
1 3 300.00 0.081450
8 1 300.00 0.091593
8 6 300.00 0.083703
8 7 300.00 1.070637
3 1 300.00 0.081450
3 2 300.00 1.043813
3 9 300.00 0.107963
9 3 300.00 0.107963
9 86 300.00 0.229730
4 84 300.00 0.085417
4 50 300.00 1.122113
84 42 300.00 1.109050
84 38 300.00 0.085910
50 4 300.00 1.122113
50 10 300.00 0.090123
50 42 300.00 0.080687
5 7 300.00 0.085017
5 6 300.00 1.082820
7 0 300.00 0.087047
7 8 300.00 1.070637
6 5 300.00 1.082820
6 55 300.00 0.089773
6 8 300.00 0.083703
55 6 300.00 0.089773
55 38 300.00 1.094273
55 91 300.00 0.049853
86 9 300.00 0.229730
64 10 300.00 0.084867
64 11 300.00 0.089357
64 102 300.00 1.144603
10 64 300.00 0.084867
10 50 300.00 0.090123
10 13 300.00 1.136187
13 10 300.00 1.136187
13 4 300.00 0.086153
11 64 300.00 0.089357
11 49 300.00 0.156760
11 96 300.00 1.143590
49 11 300.00 0.156760
49 94 300.00 0.196210
49 21 300.00 0.038490
96 11 300.00 1.143590
96 33 300.00 0.108447
96 95 300.00 0.014710
12 13 300.00 0.052407
15 14 300.00 0.081787
15 16 300.00 0.085600
15 74 300.00 1.143697
14 15 300.00 0.081787
14 19 300.00 0.084643
14 32 300.00 1.137060
19 14 300.00 0.084643
19 18 300.00 0.086250
19 35 300.00 1.138003
32 14 300.00 1.137060
32 35 300.00 0.085253
16 15 300.00 0.085600
16 52 300.00 1.151090
16 17 300.00 0.089023
74 15 300.00 1.143697
74 32 300.00 0.086673
52 16 300.00 1.151090
52 74 300.00 0.083827
17 16 300.00 0.089023
17 57 300.00 1.164600
17 33 300.00 0.097660
57 17 300.00 1.164600
57 52 300.00 0.087997
33 17 300.00 0.097660
33 21 300.00 1.215110
33 96 300.00 0.108447
18 19 300.00 0.086250
18 97 300.00 0.091367
18 73 300.00 1.144627
97 18 300.00 0.091367
97 93 300.00 1.209703
97 98 300.00 0.110863
73 18 300.00 1.144627
73 93 300.00 0.091677
35 19 300.00 1.138003
35 73 300.00 0.086157
20 67 300.00 0.219220
67 48 300.00 1.145250
67 99 300.00 0.076173
21 57 300.00 0.083110
21 33 300.00 1.215110
21 26 300.00 0.201617
26 21 300.00 0.201617
26 25 300.00 1.174470
26 94 300.00 0.037903
22 23 300.00 0.087397
22 34 300.00 1.353613
23 85 300.00 0.028877
23 101 300.00 0.105777
23 40 300.00 1.351180
34 22 300.00 1.353613
34 20 300.00 0.104803
85 23 300.00 0.028877
101 98 300.00 0.028347
101 95 300.00 0.750390
40 23 300.00 1.351180
40 34 300.00 0.089307
70 24 300.00 1.132280
70 26 300.00 0.086683
24 70 300.00 1.132280
24 53 300.00 0.083553
24 25 300.00 0.090717
53 24 300.00 0.083553
53 37 300.00 1.124883
53 66 300.00 0.087397
25 24 300.00 0.090717
25 27 300.00 0.112843
25 26 300.00 1.174470
27 25 300.00 0.112843
27 63 300.00 0.017757
27 79 300.00 0.475227
94 49 300.00 0.196210
94 65 300.00 0.337400
63 27 300.00 0.017757
63 46 300.00 0.082087
63 65 300.00 0.938350
79 27 300.00 0.475227
28 20 300.00 0.092617
28 82 300.00 0.107050
82 71 300.00 0.084230
29 106 300.00 0.035160
106 48 300.00 0.105083
106 105 300.00 0.010143
31 29 300.00 0.460350
66 36 300.00 1.120737
66 53 300.00 0.087397
66 81 300.00 0.083817
36 66 300.00 1.120737
36 74 300.00 0.213980
36 37 300.00 0.084043
37 70 300.00 0.087097
37 53 300.00 1.124883
38 5 300.00 0.084693
38 55 300.00 1.094273
76 39 300.00 0.088820
76 77 300.00 0.625360
39 76 300.00 0.088820
39 44 300.00 0.095607
39 78 300.00 0.659233
44 39 300.00 0.095607
44 104 300.00 0.067567
78 39 300.00 0.659233
78 77 300.00 0.083817
54 41 300.00 0.089837
54 104 300.00 0.026647
41 54 300.00 0.089837
41 56 300.00 0.058150
56 41 300.00 0.058150
56 61 300.00 0.033627
56 89 300.00 0.346987
42 50 300.00 0.080687
42 91 300.00 0.034770
42 84 300.00 1.109050
91 42 300.00 0.034770
91 55 300.00 0.049853
91 87 300.00 0.321273
92 43 300.00 1.185010
92 59 300.00 0.086523
92 100 300.00 0.126417
43 92 300.00 1.185010
43 80 300.00 0.101873
80 59 300.00 1.104703
80 47 300.00 0.085250
104 44 300.00 0.067567
104 54 300.00 0.026647
104 103 300.00 0.031013
100 45 300.00 1.278550
100 92 300.00 0.126417
45 100 300.00 1.278550
45 43 300.00 0.098443
46 63 300.00 0.082087
46 69 300.00 0.906200
69 46 300.00 0.906200
69 65 300.00 0.091357
69 75 300.00 0.092290
47 60 300.00 0.083317
47 51 300.00 1.110877
60 36 300.00 0.088133
60 81 300.00 1.113183
51 47 300.00 1.110877
51 59 300.00 0.088207
51 81 300.00 0.084023
48 22 300.00 0.085890
48 67 300.00 1.145250
59 51 300.00 0.088207
59 92 300.00 0.086523
59 80 300.00 1.104703
81 51 300.00 0.084023
81 60 300.00 1.113183
81 66 300.00 0.083817
61 56 300.00 0.033627
61 72 300.00 0.091990
89 56 300.00 0.346987
89 87 300.00 0.185177
89 90 300.00 0.323380
58 40 300.00 0.085040
58 98 300.00 1.329000
98 58 300.00 1.329000
98 97 300.00 0.110863
98 101 300.00 0.028347
72 61 300.00 0.091990
72 68 300.00 0.834593
72 75 300.00 0.092510
62 28 300.00 0.208570
65 63 300.00 0.938350
65 69 300.00 0.091357
65 94 300.00 0.337400
102 64 300.00 1.144603
102 12 300.00 0.028530
99 30 300.00 0.173327
99 31 300.00 0.566530
68 72 300.00 0.834593
75 69 300.00 0.092290
75 72 300.00 0.092510
71 45 300.00 0.085657
93 58 300.00 0.101363
93 43 300.00 0.117690
93 97 300.00 1.209703
77 76 300.00 0.625360
77 78 300.00 0.083817
83 62 300.00 0.117187
83 30 300.00 0.512087
87 89 300.00 0.185177
87 91 300.00 0.321273
87 88 300.00 0.298820
88 87 300.00 0.298820
90 89 300.00 0.323380
95 96 300.00 0.014710
95 102 300.00 0.085720
103 104 300.00 0.031013
105 107 300.00 0.010180
