33 0 300.00 0.810243
33 19 300.00 0.330967
33 69 300.00 0.304673
0 33 300.00 0.810243
1 0 300.00 0.250343
1 31 300.00 0.402073
31 1 300.00 0.402073
31 2 300.00 0.403063
31 29 300.00 0.313387
2 31 300.00 0.403063
2 69 300.00 0.007950
2 28 300.00 0.289563
69 2 300.00 0.007950
69 33 300.00 0.304673
69 64 300.00 0.085200
28 2 300.00 0.289563
28 49 300.00 0.122290
28 29 300.00 0.405450
4 3 300.00 0.261703
3 4 300.00 0.261703
3 16 300.00 0.513643
16 3 300.00 0.513643
16 68 300.00 0.236117
14 5 300.00 0.249850
14 6 300.00 0.288800
14 27 300.00 0.213977
5 14 300.00 0.249850
5 7 300.00 0.222893
5 15 300.00 0.489640
7 5 300.00 0.222893
7 17 300.00 0.209080
7 53 300.00 0.527820
15 5 300.00 0.489640
15 53 300.00 0.215927
15 22 300.00 0.294847
6 14 300.00 0.288800
6 51 300.00 0.503123
51 6 300.00 0.503123
51 19 300.00 0.219003
17 7 300.00 0.209080
53 7 300.00 0.527820
53 15 300.00 0.215927
24 8 300.00 0.137080
24 56 300.00 0.128387
8 24 300.00 0.137080
8 59 300.00 0.235737
59 8 300.00 0.235737
59 22 300.00 0.159290
9 62 300.00 0.025200
9 37 300.00 0.190010
62 30 300.00 0.216830
37 25 300.00 0.024613
37 39 300.00 0.138333
37 26 300.00 0.554643
10 12 300.00 0.187547
10 67 300.00 1.019960
12 13 300.00 0.447500
12 41 300.00 0.105993
11 10 300.00 0.445857
13 11 300.00 0.188407
13 34 300.00 0.193127
41 40 300.00 0.064000
34 13 300.00 0.193127
27 14 300.00 0.213977
27 60 300.00 0.160837
22 15 300.00 0.294847
22 27 300.00 0.244467
22 59 300.00 0.159290
68 61 300.00 0.025047
18 58 300.00 0.200140
18 8 300.00 0.249630
58 48 300.00 0.343883
58 50 300.00 0.126133
58 28 300.00 0.183043
19 33 300.00 0.330967
19 18 300.00 0.615067
20 51 300.00 0.213747
21 45 300.00 0.104607
21 66 300.00 0.112443
45 43 300.00 0.436090
45 66 300.00 0.049183
66 65 300.00 0.447710
66 22 300.00 0.167157
23 54 300.00 0.244740
23 42 300.00 0.048550
54 9 300.00 0.221237
42 13 300.00 0.100757
42 41 300.00 0.445403
56 65 300.00 0.256930
56 35 300.00 0.050970
25 1 300.00 0.453467
25 62 300.00 0.194610
25 37 300.00 0.024613
26 52 300.00 0.177180
52 63 300.00 0.216140
60 18 300.00 0.192110
60 59 300.00 0.248830
49 28 300.00 0.122290
49 32 300.00 0.125223
49 50 300.00 0.181047
29 30 300.00 0.187750
30 54 300.00 0.026147
30 55 300.00 0.331003
55 32 300.00 0.080927
55 56 300.00 0.203370
32 49 300.00 0.125223
32 47 300.00 0.178997
47 24 300.00 0.064080
47 50 300.00 0.122427
35 23 300.00 0.239820
36 67 300.00 0.297410
39 37 300.00 0.138333
39 38 300.00 0.068683
39 40 300.00 0.195367
38 39 300.00 0.068683
40 9 300.00 0.117403
43 11 300.00 0.518227
43 44 300.00 0.527577
44 46 300.00 0.077680
44 45 300.00 0.113643
46 44 300.00 0.077680
50 47 300.00 0.122427
50 49 300.00 0.181047
50 58 300.00 0.126133
48 58 300.00 0.343883
63 36 300.00 0.251893
65 43 300.00 0.185693
65 66 300.00 0.447710
65 35 300.00 0.300570
57 0 300.00 0.512837
61 17 300.00 0.157423
61 6 300.00 0.663507
64 69 300.00 0.085200
