40 0 300.00 0.581533
40 29 300.00 0.499573
40 43 300.00 0.327997
0 40 300.00 0.581533
0 1 300.00 0.207987
1 3 300.00 0.153273
1 71 300.00 0.162777
71 36 300.00 0.370213
2 71 300.00 0.148500
2 3 300.00 0.134367
79 5 300.00 0.311880
79 11 300.00 0.296737
79 80 300.00 0.628960
5 79 300.00 0.311880
5 157 300.00 1.625197
5 6 300.00 0.597520
157 5 300.00 1.625197
157 159 300.00 0.573040
6 5 300.00 0.597520
6 7 300.00 0.123260
7 6 300.00 0.123260
7 9 300.00 0.306403
7 80 300.00 0.331863
9 7 300.00 0.306403
80 7 300.00 0.331863
80 14 300.00 0.328913
80 79 300.00 0.628960
12 8 300.00 0.246187
12 10 300.00 0.486960
12 16 300.00 0.243470
12 17 300.00 0.700410
8 12 300.00 0.246187
8 11 300.00 0.251020
8 10 300.00 0.718167
11 8 300.00 0.251020
11 79 300.00 0.296737
11 14 300.00 0.549393
10 8 300.00 0.718167
10 15 300.00 0.249020
10 12 300.00 0.486960
15 10 300.00 0.249020
15 142 300.00 0.247057
15 16 300.00 0.488180
14 11 300.00 0.549393
14 93 300.00 0.169880
14 80 300.00 0.328913
14 17 300.00 0.247023
16 12 300.00 0.243470
16 15 300.00 0.488180
16 144 300.00 0.170943
17 12 300.00 0.700410
17 14 300.00 0.247023
17 23 300.00 0.185710
137 13 300.00 0.169687
137 136 300.00 0.136603
137 152 300.00 0.275043
13 137 300.00 0.169687
13 139 300.00 0.084830
13 138 300.00 0.386230
139 13 300.00 0.084830
139 140 300.00 0.356207
138 13 300.00 0.386230
93 14 300.00 0.169880
93 21 300.00 0.341800
93 27 300.00 0.400137
142 15 300.00 0.247057
142 18 300.00 0.275683
142 165 300.00 0.271500
144 16 300.00 0.170943
144 141 300.00 0.080420
144 143 300.00 0.275820
23 17 300.00 0.185710
23 24 300.00 0.079403
23 167 300.00 0.417713
23 27 300.00 0.343183
18 142 300.00 0.275683
18 22 300.00 0.149613
18 143 300.00 0.324187
22 18 300.00 0.149613
22 26 300.00 0.140317
22 28 300.00 0.325403
143 18 300.00 0.324187
143 151 300.00 0.063630
143 144 300.00 0.275820
160 20 300.00 0.025163
160 74 300.00 0.220823
20 160 300.00 0.025163
21 93 300.00 0.341800
21 30 300.00 0.408033
21 136 300.00 0.092323
21 25 300.00 0.331657
30 21 300.00 0.408033
30 27 300.00 0.337983
30 34 300.00 0.334413
30 172 300.00 0.268640
136 21 300.00 0.092323
136 137 300.00 0.136603
136 174 300.00 0.278497
25 21 300.00 0.331657
25 34 300.00 0.414203
25 38 300.00 0.751147
26 22 300.00 0.140317
26 31 300.00 0.179253
26 32 300.00 0.295663
28 22 300.00 0.325403
28 32 300.00 0.140310
28 151 300.00 0.168213
24 23 300.00 0.079403
24 141 300.00 0.307323
24 29 300.00 0.383837
167 23 300.00 0.417713
167 29 300.00 0.212767
167 43 300.00 0.478830
167 168 300.00 0.332717
27 23 300.00 0.343183
27 168 300.00 0.404657
27 93 300.00 0.400137
27 30 300.00 0.337983
141 24 300.00 0.307323
141 144 300.00 0.080420
141 151 300.00 0.298997
29 24 300.00 0.383837
29 167 300.00 0.212767
29 40 300.00 0.499573
29 151 300.00 0.255433
34 25 300.00 0.414203
34 30 300.00 0.334413
34 38 300.00 0.337523
38 25 300.00 0.751147
38 34 300.00 0.337523
38 41 300.00 0.228220
31 26 300.00 0.179253
31 35 300.00 0.146810
31 33 300.00 0.259673
32 26 300.00 0.295663
32 28 300.00 0.140310
32 33 300.00 0.136557
168 27 300.00 0.404657
168 45 300.00 0.465817
168 167 300.00 0.332717
168 169 300.00 0.337613
151 28 300.00 0.168213
151 29 300.00 0.255433
151 141 300.00 0.298997
151 143 300.00 0.063630
172 30 300.00 0.268640
172 169 300.00 0.136270
172 173 300.00 0.164330
35 31 300.00 0.146810
35 37 300.00 0.225290
35 39 300.00 0.173853
33 31 300.00 0.259673
33 32 300.00 0.136557
33 37 300.00 0.178630
37 33 300.00 0.178630
37 35 300.00 0.225290
37 39 300.00 0.382067
39 35 300.00 0.173853
39 37 300.00 0.382067
39 78 300.00 0.215920
78 36 300.00 0.069997
78 39 300.00 0.215920
78 149 300.00 0.086680
36 78 300.00 0.069997
36 72 300.00 3.335130
72 73 300.00 0.231143
41 38 300.00 0.228220
41 42 300.00 0.408870
41 74 300.00 0.947180
43 40 300.00 0.327997
43 167 300.00 0.478830
43 45 300.00 0.332187
42 41 300.00 0.408870
42 147 300.00 0.506180
42 48 300.00 0.214110
74 41 300.00 0.947180
74 160 300.00 0.220823
147 42 300.00 0.506180
147 146 300.00 0.216753
147 169 300.00 0.424373
48 42 300.00 0.214110
48 146 300.00 0.522597
48 145 300.00 0.706103
45 43 300.00 0.332187
45 168 300.00 0.465817
45 46 300.00 0.336603
146 44 300.00 0.427943
146 48 300.00 0.522597
146 145 300.00 0.214667
146 147 300.00 0.216753
44 146 300.00 0.427943
44 46 300.00 0.233397
44 169 300.00 0.217763
46 44 300.00 0.233397
46 45 300.00 0.336603
46 145 300.00 0.432553
169 44 300.00 0.217763
169 147 300.00 0.424373
169 168 300.00 0.337613
169 172 300.00 0.136270
145 46 300.00 0.432553
145 48 300.00 0.706103
145 146 300.00 0.214667
56 47 300.00 0.308657
56 55 300.00 0.123887
56 57 300.00 0.168207
47 56 300.00 0.308657
47 54 300.00 0.393853
47 49 300.00 0.204817
54 47 300.00 0.393853
54 51 300.00 0.144043
54 55 300.00 0.035583
49 47 300.00 0.204817
49 57 300.00 0.271610
49 135 300.00 0.108247
57 49 300.00 0.271610
57 56 300.00 0.168207
57 133 300.00 0.082637
135 49 300.00 0.108247
135 0 300.00 0.231220
52 50 300.00 0.132410
52 53 300.00 0.172823
52 60 300.00 0.342947
50 52 300.00 0.132410
50 61 300.00 0.386960
50 51 300.00 0.176283
61 50 300.00 0.386960
61 60 300.00 0.123280
61 62 300.00 0.168170
51 50 300.00 0.176283
51 54 300.00 0.144043
51 62 300.00 0.394090
62 51 300.00 0.394090
62 61 300.00 0.168170
62 63 300.00 0.184320
53 52 300.00 0.172823
53 59 300.00 0.277580
53 58 300.00 0.373813
60 52 300.00 0.342947
60 59 300.00 0.160057
60 61 300.00 0.123280
59 53 300.00 0.277580
59 58 300.00 0.158517
59 60 300.00 0.160057
58 53 300.00 0.373813
58 59 300.00 0.158517
58 126 300.00 0.385043
55 54 300.00 0.035583
55 56 300.00 0.123887
55 134 300.00 0.082333
134 55 300.00 0.082333
134 132 300.00 0.069337
134 133 300.00 0.281047
133 57 300.00 0.082637
133 131 300.00 0.074490
133 134 300.00 0.281047
126 58 300.00 0.385043
63 62 300.00 0.184320
63 128 300.00 0.090013
63 64 300.00 0.208237
128 63 300.00 0.090013
128 127 300.00 0.230017
128 130 300.00 0.071920
64 63 300.00 0.208237
64 65 300.00 0.112943
64 154 300.00 0.031480
64 124 300.00 0.070037
65 64 300.00 0.112943
65 66 300.00 0.171050
154 64 300.00 0.031480
154 125 300.00 0.054047
154 127 300.00 0.057340
124 64 300.00 0.070037
124 125 300.00 0.067923
66 65 300.00 0.171050
66 123 300.00 0.063070
123 66 300.00 0.063070
123 124 300.00 0.237627
67 69 300.00 0.282210
69 68 300.00 0.107330
69 155 300.00 0.277607
68 70 300.00 0.174380
155 123 300.00 0.602693
75 161 300.00 0.022917
161 84 300.00 0.490463
76 77 300.00 0.330053
76 86 300.00 0.197007
77 162 300.00 1.222573
86 76 300.00 0.197007
86 101 300.00 0.893700
162 179 300.00 0.011517
162 19 300.00 1.361780
149 78 300.00 0.086680
149 165 300.00 0.408253
149 150 300.00 0.215517
116 81 300.00 0.301617
116 112 300.00 0.135407
116 177 300.00 0.052477
81 116 300.00 0.301617
81 75 300.00 0.401663
90 82 300.00 0.144860
90 83 300.00 0.218123
90 91 300.00 0.399497
82 90 300.00 0.144860
82 112 300.00 0.142630
112 82 300.00 0.142630
112 116 300.00 0.135407
83 90 300.00 0.218123
83 92 300.00 0.310607
92 83 300.00 0.310607
92 91 300.00 0.233763
92 114 300.00 0.395917
115 84 300.00 0.261453
115 85 300.00 0.460903
115 177 300.00 0.732107
84 115 300.00 0.261453
84 161 300.00 0.490463
107 85 300.00 0.108493
85 107 300.00 0.108493
85 106 300.00 0.234543
85 115 300.00 0.460903
106 85 300.00 0.234543
106 108 300.00 0.240683
101 86 300.00 0.893700
101 87 300.00 0.314573
101 100 300.00 0.268150
89 87 300.00 0.264510
89 94 300.00 0.259413
87 89 300.00 0.264510
87 101 300.00 0.314573
87 179 300.00 0.812170
179 87 300.00 0.812170
179 88 300.00 0.268307
179 162 300.00 0.011517
96 88 300.00 0.288333
96 94 300.00 0.266923
96 98 300.00 0.182627
88 96 300.00 0.288333
88 179 300.00 0.268307
94 89 300.00 0.259413
94 95 300.00 0.225597
94 96 300.00 0.266923
91 90 300.00 0.399497
91 92 300.00 0.233763
91 113 300.00 0.099233
113 91 300.00 0.099233
114 92 300.00 0.395917
95 94 300.00 0.225597
98 96 300.00 0.182627
98 97 300.00 0.103907
98 170 300.00 0.024510
97 98 300.00 0.103907
170 98 300.00 0.024510
100 99 300.00 0.565080
100 101 300.00 0.268150
99 100 300.00 0.565080
105 102 300.00 0.188683
105 103 300.00 0.202717
105 104 300.00 0.099890
102 105 300.00 0.188683
103 105 300.00 0.202717
176 104 300.00 0.266390
176 175 300.00 0.173823
104 176 300.00 0.266390
104 105 300.00 0.099890
108 106 300.00 0.240683
108 110 300.00 0.248550
108 109 300.00 0.315610
110 108 300.00 0.248550
110 111 300.00 0.280957
109 108 300.00 0.315610
111 110 300.00 0.280957
177 115 300.00 0.732107
177 116 300.00 0.052477
177 178 300.00 0.114323
117 81 300.00 0.163320
120 122 300.00 0.158170
120 121 300.00 0.186820
122 121 300.00 0.372707
122 155 300.00 0.057097
121 120 300.00 0.186820
121 158 300.00 0.642637
121 122 300.00 0.372707
158 121 300.00 0.642637
125 154 300.00 0.054047
125 135 300.00 0.631357
127 154 300.00 0.057340
127 129 300.00 0.070800
127 128 300.00 0.230017
129 127 300.00 0.070800
129 131 300.00 0.083310
129 130 300.00 0.247140
130 128 300.00 0.071920
130 129 300.00 0.247140
130 132 300.00 0.078667
131 129 300.00 0.083310
131 133 300.00 0.074490
131 132 300.00 0.268497
132 130 300.00 0.078667
132 131 300.00 0.268497
132 134 300.00 0.069337
174 136 300.00 0.278497
174 152 300.00 0.132520
174 153 300.00 0.062233
152 137 300.00 0.275043
152 163 300.00 0.064620
152 174 300.00 0.132520
140 139 300.00 0.356207
165 142 300.00 0.271500
165 149 300.00 0.408253
165 164 300.00 0.425353
148 171 300.00 0.417870
171 166 300.00 0.520410
150 149 300.00 0.215517
163 152 300.00 0.064620
153 174 300.00 0.062233
156 120 300.00 0.074567
156 70 300.00 0.266960
159 157 300.00 0.573040
164 165 300.00 0.425353
166 67 300.00 0.345860
173 172 300.00 0.164330
175 176 300.00 0.173823
178 177 300.00 0.114323
