4 0 300.00 0.039867
4 32 300.00 0.181307
4 5 300.00 0.308193
0 4 300.00 0.039867
0 1 300.00 0.306447
53 2 300.00 0.193637
53 52 300.00 0.101710
2 53 300.00 0.193637
2 78 300.00 0.332753
78 84 300.00 0.105880
78 79 300.00 0.331670
37 3 300.00 0.191223
37 31 300.00 0.177530
37 32 300.00 0.309413
3 37 300.00 0.191223
3 4 300.00 0.303560
32 4 300.00 0.181307
32 26 300.00 0.186707
32 37 300.00 0.309413
5 15 300.00 0.345570
15 5 300.00 0.345570
15 26 300.00 0.286223
82 6 300.00 0.159373
82 22 300.00 0.696730
82 81 300.00 0.166270
6 82 300.00 0.159373
6 21 300.00 0.175187
6 7 300.00 0.493147
6 18 300.00 0.167877
21 6 300.00 0.175187
21 14 300.00 0.202927
21 81 300.00 0.152183
7 6 300.00 0.493147
7 8 300.00 0.627963
7 20 300.00 0.155097
7 17 300.00 0.159030
18 6 300.00 0.167877
18 16 300.00 0.236423
18 17 300.00 0.468377
18 19 300.00 0.881233
8 7 300.00 0.627963
8 56 300.00 0.031100
8 13 300.00 0.127740
20 7 300.00 0.155097
20 10 300.00 0.251557
20 13 300.00 0.624533
20 14 300.00 0.304690
17 7 300.00 0.159030
17 18 300.00 0.468377
56 8 300.00 0.031100
13 8 300.00 0.127740
13 11 300.00 0.246940
13 20 300.00 0.624533
10 9 300.00 0.312700
10 54 300.00 0.129940
10 20 300.00 0.251557
10 11 300.00 0.637107
9 10 300.00 0.312700
9 14 300.00 0.211890
9 24 300.00 0.477937
14 9 300.00 0.211890
14 21 300.00 0.202927
14 20 300.00 0.304690
24 9 300.00 0.477937
24 65 300.00 0.124983
24 95 300.00 0.578433
54 10 300.00 0.129940
54 25 300.00 0.100053
54 64 300.00 0.375920
11 10 300.00 0.637107
11 13 300.00 0.246940
25 12 300.00 0.355083
25 27 300.00 0.103337
25 54 300.00 0.100053
25 83 300.00 0.369403
12 25 300.00 0.355083
12 26 300.00 0.250800
26 12 300.00 0.250800
26 15 300.00 0.286223
26 32 300.00 0.186707
26 31 300.00 0.327740
60 16 300.00 0.481253
60 97 300.00 0.149717
60 62 300.00 0.122483
16 60 300.00 0.481253
16 96 300.00 0.063580
16 18 300.00 0.236423
96 16 300.00 0.063580
19 18 300.00 0.881233
19 22 300.00 0.129053
19 94 300.00 0.388413
22 19 300.00 0.129053
22 82 300.00 0.696730
22 23 300.00 0.365127
22 63 300.00 0.207253
94 19 300.00 0.388413
94 23 300.00 0.044390
94 92 300.00 0.172963
81 21 300.00 0.152183
81 63 300.00 0.702727
81 82 300.00 0.166270
23 22 300.00 0.365127
23 67 300.00 0.136387
23 94 300.00 0.044390
23 80 300.00 0.196630
63 22 300.00 0.207253
63 95 300.00 0.152287
63 81 300.00 0.702727
63 80 300.00 0.329043
67 23 300.00 0.136387
67 92 300.00 0.037543
67 68 300.00 0.194700
80 23 300.00 0.196630
80 63 300.00 0.329043
80 68 300.00 0.153833
65 24 300.00 0.124983
65 29 300.00 0.149353
65 64 300.00 0.421113
65 66 300.00 0.590353
95 24 300.00 0.578433
95 28 300.00 0.017027
95 63 300.00 0.152287
27 25 300.00 0.103337
27 31 300.00 0.156267
27 30 300.00 0.549013
83 25 300.00 0.369403
83 29 300.00 0.435770
83 64 300.00 0.110987
31 26 300.00 0.327740
31 27 300.00 0.156267
31 37 300.00 0.177530
31 35 300.00 0.810230
30 27 300.00 0.549013
28 95 300.00 0.017027
28 66 300.00 0.084033
28 70 300.00 0.550787
66 28 300.00 0.084033
66 65 300.00 0.590353
66 72 300.00 0.046107
70 28 300.00 0.550787
70 75 300.00 0.563137
70 71 300.00 0.195213
70 74 300.00 0.264283
29 65 300.00 0.149353
29 83 300.00 0.435770
29 35 300.00 0.206800
29 34 300.00 0.601043
35 29 300.00 0.206800
35 31 300.00 0.810230
35 36 300.00 0.039387
34 29 300.00 0.601043
34 74 300.00 0.506433
34 40 300.00 0.196193
34 72 300.00 0.150273
91 33 300.00 0.222970
91 90 300.00 0.058970
91 93 300.00 0.387870
33 91 300.00 0.222970
33 39 300.00 0.400177
33 90 300.00 0.222317
39 33 300.00 0.400177
39 41 300.00 0.144700
90 33 300.00 0.222317
90 69 300.00 0.392903
90 91 300.00 0.058970
74 34 300.00 0.506433
74 70 300.00 0.264283
74 76 300.00 0.550290
40 34 300.00 0.196193
40 36 300.00 0.597627
40 43 300.00 0.143237
40 47 300.00 1.031333
72 34 300.00 0.150273
72 66 300.00 0.046107
72 73 300.00 0.161257
36 35 300.00 0.039387
36 38 300.00 0.139060
36 40 300.00 0.597627
38 36 300.00 0.139060
38 43 300.00 0.600563
38 42 300.00 0.189590
43 38 300.00 0.600563
43 40 300.00 0.143237
43 46 300.00 0.129253
42 38 300.00 0.189590
42 88 300.00 0.424310
41 39 300.00 0.144700
41 44 300.00 0.073127
47 40 300.00 1.031333
47 51 300.00 0.662297
47 77 300.00 0.280870
44 41 300.00 0.073127
44 75 300.00 0.632970
44 45 300.00 0.071260
88 3 300.00 0.460443
46 43 300.00 0.129253
46 86 300.00 0.278217
75 44 300.00 0.632970
75 70 300.00 0.563137
75 76 300.00 0.246457
45 44 300.00 0.071260
45 49 300.00 0.055883
49 45 300.00 0.055883
49 50 300.00 0.042813
86 87 300.00 0.040787
86 42 300.00 0.326940
51 47 300.00 0.662297
51 50 300.00 0.081923
51 79 300.00 0.063137
77 89 300.00 0.523003
50 49 300.00 0.042813
50 51 300.00 0.081923
50 76 300.00 0.647593
76 50 300.00 0.647593
76 74 300.00 0.550290
76 47 300.00 0.163823
79 78 300.00 0.331670
79 52 300.00 0.285777
52 49 300.00 0.413287
52 53 300.00 0.101710
64 54 300.00 0.375920
64 83 300.00 0.110987
64 65 300.00 0.421113
58 57 300.00 0.256127
58 59 300.00 0.163510
58 97 300.00 0.097253
57 58 300.00 0.256127
59 58 300.00 0.163510
59 61 300.00 0.078760
97 58 300.00 0.097253
97 60 300.00 0.149717
61 59 300.00 0.078760
62 60 300.00 0.122483
92 67 300.00 0.037543
92 94 300.00 0.172963
92 93 300.00 0.271623
68 67 300.00 0.194700
68 80 300.00 0.153833
68 71 300.00 0.058713
71 68 300.00 0.058713
71 69 300.00 0.234350
71 70 300.00 0.195213
93 69 300.00 0.123767
93 91 300.00 0.387870
93 92 300.00 0.271623
69 93 300.00 0.123767
69 71 300.00 0.234350
69 90 300.00 0.392903
73 72 300.00 0.161257
89 46 300.00 0.516030
84 85 300.00 0.035837
84 77 300.00 0.550520
85 84 300.00 0.035837
87 86 300.00 0.040787
87 48 300.00 0.285523
