0 122 300.00 0.279070
0 292 300.00 0.355533
122 1 300.00 0.284807
122 164 300.00 0.344390
292 0 300.00 0.355533
292 164 300.00 0.289650
292 165 300.00 0.014797
163 1 300.00 0.900683
163 13 300.00 0.272283
163 293 300.00 0.311610
1 163 300.00 0.900683
1 143 300.00 0.280717
143 162 300.00 0.375647
143 23 300.00 0.289910
2 147 300.00 0.185347
2 313 300.00 0.048550
147 146 300.00 0.022543
147 312 300.00 0.556417
147 150 300.00 1.629557
313 2 300.00 0.048550
3 121 300.00 0.027670
3 152 300.00 0.774267
121 178 300.00 0.296723
121 177 300.00 0.271293
152 151 300.00 0.044993
4 3 300.00 0.414730
6 115 300.00 0.641497
115 146 300.00 0.209563
7 6 300.00 0.614303
148 8 300.00 0.028657
8 148 300.00 0.028657
8 7 300.00 0.472210
9 140 300.00 0.302653
140 130 300.00 0.141240
140 137 300.00 0.678130
10 52 300.00 0.206350
10 240 300.00 0.374660
52 56 300.00 0.395330
52 51 300.00 0.373047
240 54 300.00 0.385407
11 10 300.00 0.375223
12 73 300.00 0.642150
73 76 300.00 0.378670
73 86 300.00 0.568390
34 13 300.00 0.201580
34 30 300.00 0.110043
34 47 300.00 0.739500
13 34 300.00 0.201580
13 163 300.00 0.272283
13 164 300.00 0.470627
164 13 300.00 0.470627
164 122 300.00 0.344390
164 292 300.00 0.289650
15 14 300.00 0.324323
15 117 300.00 0.204933
15 116 300.00 0.201213
14 15 300.00 0.324323
117 15 300.00 0.204933
117 118 300.00 0.253127
117 120 300.00 0.209870
116 15 300.00 0.201213
116 159 300.00 0.062357
116 293 300.00 0.235110
50 16 300.00 0.082733
50 49 300.00 0.326777
16 50 300.00 0.082733
16 47 300.00 0.148550
16 18 300.00 0.902267
47 16 300.00 0.148550
47 34 300.00 0.739500
47 44 300.00 0.228460
18 16 300.00 0.902267
18 249 300.00 0.037860
291 17 300.00 0.476367
291 124 300.00 0.261827
291 321 300.00 0.038243
17 291 300.00 0.476367
249 18 300.00 0.037860
249 120 300.00 0.211067
249 251 300.00 0.213010
19 4 300.00 0.413467
166 20 300.00 0.365463
166 28 300.00 0.306063
166 165 300.00 0.292333
166 167 300.00 0.296383
20 166 300.00 0.365463
20 0 300.00 0.293057
167 21 300.00 0.009077
167 24 300.00 0.263050
167 166 300.00 0.296383
21 167 300.00 0.009077
21 145 300.00 0.325417
21 168 300.00 0.262037
145 21 300.00 0.325417
145 20 300.00 0.298973
168 21 300.00 0.262037
168 22 300.00 0.192897
168 169 300.00 0.324777
170 22 300.00 0.159890
170 173 300.00 0.217497
170 172 300.00 0.484660
170 268 300.00 0.259953
22 170 300.00 0.159890
22 24 300.00 0.276723
22 26 300.00 0.250417
22 168 300.00 0.192897
24 22 300.00 0.276723
24 25 300.00 0.022297
24 167 300.00 0.263050
26 22 300.00 0.250417
26 268 300.00 0.124467
26 29 300.00 0.296517
32 23 300.00 0.348917
32 158 300.00 0.340833
32 162 300.00 0.296087
23 32 300.00 0.348917
23 157 300.00 0.291667
157 111 300.00 0.152747
157 149 300.00 0.497757
25 24 300.00 0.022297
25 28 300.00 0.247437
25 29 300.00 0.249643
28 25 300.00 0.247437
28 35 300.00 0.250153
28 166 300.00 0.306063
29 25 300.00 0.249643
29 26 300.00 0.296517
29 35 300.00 0.267343
268 26 300.00 0.124467
268 27 300.00 0.098110
268 170 300.00 0.259953
191 27 300.00 0.069783
191 33 300.00 0.211310
191 202 300.00 0.182070
27 191 300.00 0.069783
27 268 300.00 0.098110
27 31 300.00 0.432273
31 27 300.00 0.432273
35 28 300.00 0.250153
35 29 300.00 0.267343
35 36 300.00 0.206307
30 34 300.00 0.110043
30 165 300.00 0.345877
30 44 300.00 0.936237
165 30 300.00 0.345877
165 292 300.00 0.014797
165 166 300.00 0.292333
44 30 300.00 0.936237
44 42 300.00 0.236187
44 47 300.00 0.228460
158 32 300.00 0.340833
158 113 300.00 0.628437
158 160 300.00 0.024040
162 32 300.00 0.296087
162 143 300.00 0.375647
162 161 300.00 0.345700
36 33 300.00 0.614000
36 35 300.00 0.206307
36 38 300.00 0.216623
33 36 300.00 0.614000
33 37 300.00 0.238720
33 191 300.00 0.211310
37 33 300.00 0.238720
37 38 300.00 0.599090
37 39 300.00 0.209210
38 36 300.00 0.216623
38 37 300.00 0.599090
38 42 300.00 0.213563
39 37 300.00 0.209210
39 43 300.00 0.224370
39 42 300.00 0.599290
42 38 300.00 0.213563
42 39 300.00 0.599290
42 44 300.00 0.236187
43 39 300.00 0.224370
43 213 300.00 0.477437
43 45 300.00 0.260887
41 40 300.00 0.253740
41 48 300.00 0.201000
41 250 300.00 0.037137
40 41 300.00 0.253740
48 46 300.00 0.256630
48 251 300.00 0.034883
48 18 300.00 0.214020
250 41 300.00 0.037137
250 293 300.00 0.211067
213 43 300.00 0.477437
213 49 300.00 0.260150
45 43 300.00 0.260887
46 48 300.00 0.256630
251 48 300.00 0.034883
251 250 300.00 0.199117
49 213 300.00 0.260150
49 248 300.00 0.230920
49 50 300.00 0.326777
248 49 300.00 0.230920
51 11 300.00 0.183883
56 52 300.00 0.395330
56 59 300.00 0.387067
56 241 300.00 0.371997
53 56 300.00 0.376053
53 51 300.00 0.406613
54 269 300.00 0.110020
54 58 300.00 0.357033
269 136 300.00 0.269590
58 60 300.00 0.387323
58 55 300.00 0.375183
58 287 300.00 0.175593
55 52 300.00 0.366287
55 240 300.00 0.276613
59 56 300.00 0.387067
59 319 300.00 0.331720
59 272 300.00 0.191423
59 239 300.00 0.374193
241 62 300.00 0.369557
241 55 300.00 0.400703
57 53 300.00 0.383447
57 272 300.00 0.178613
272 57 300.00 0.178613
272 59 300.00 0.191423
272 271 300.00 0.023913
60 58 300.00 0.387323
60 136 300.00 0.422370
60 64 300.00 0.352010
60 68 300.00 0.404350
287 286 300.00 0.140447
287 62 300.00 0.221637
319 59 300.00 0.331720
319 66 300.00 0.136590
319 320 300.00 0.012303
239 59 300.00 0.374193
239 69 300.00 0.375090
239 241 300.00 0.380910
136 60 300.00 0.422370
136 141 300.00 0.363440
64 60 300.00 0.352010
64 70 300.00 0.200270
64 141 300.00 0.490770
64 71 300.00 0.341647
68 60 300.00 0.404350
68 252 300.00 0.087477
68 74 300.00 0.351623
61 66 300.00 0.368133
61 57 300.00 0.453653
66 319 300.00 0.136590
66 76 300.00 0.491657
66 246 300.00 0.378403
252 62 300.00 0.295490
252 68 300.00 0.087477
252 253 300.00 0.402957
62 252 300.00 0.295490
62 69 300.00 0.377743
69 239 300.00 0.375090
69 218 300.00 0.382887
69 276 300.00 0.197187
67 63 300.00 0.243677
67 71 300.00 0.193420
67 135 300.00 0.366853
63 67 300.00 0.243677
70 64 300.00 0.200270
70 65 300.00 0.217600
70 74 300.00 0.208060
70 220 300.00 0.343697
141 64 300.00 0.490770
141 135 300.00 0.350413
71 64 300.00 0.341647
71 67 300.00 0.193420
71 220 300.00 0.206690
71 75 300.00 0.170453
65 70 300.00 0.217600
76 66 300.00 0.491657
76 282 300.00 0.268347
76 238 300.00 0.386630
246 78 300.00 0.371537
246 239 300.00 0.479070
135 67 300.00 0.366853
135 131 300.00 0.374777
74 68 300.00 0.351623
74 70 300.00 0.208060
74 80 300.00 0.340910
218 69 300.00 0.382887
218 217 300.00 0.320730
218 253 300.00 0.047660
276 275 300.00 0.148517
276 78 300.00 0.293837
220 70 300.00 0.343697
220 71 300.00 0.206690
220 80 300.00 0.200797
220 81 300.00 0.330130
75 71 300.00 0.170453
75 72 300.00 0.459033
75 77 300.00 0.176217
133 72 300.00 0.035053
133 130 300.00 0.709267
133 266 300.00 0.222520
72 133 300.00 0.035053
72 75 300.00 0.459033
72 304 300.00 0.254893
304 77 300.00 0.020770
86 73 300.00 0.568390
86 274 300.00 0.344000
80 74 300.00 0.340910
80 220 300.00 0.200797
80 299 300.00 0.080317
80 256 300.00 0.060010
77 75 300.00 0.176217
77 81 300.00 0.209557
282 76 300.00 0.268347
282 88 300.00 0.292360
282 281 300.00 0.146323
238 79 300.00 0.020877
81 220 300.00 0.330130
81 134 300.00 0.067330
84 78 300.00 0.280597
84 87 300.00 0.252353
84 92 300.00 0.610107
78 84 300.00 0.280597
78 82 300.00 0.165770
82 79 300.00 0.386763
82 307 300.00 0.023247
79 246 300.00 0.320713
79 82 300.00 0.386763
299 298 300.00 0.952213
256 80 300.00 0.060010
256 295 300.00 0.336063
134 295 300.00 0.187873
134 83 300.00 0.079027
307 278 300.00 0.270340
307 308 300.00 0.229383
89 83 300.00 0.594330
83 89 300.00 0.594330
83 303 300.00 0.196837
303 302 300.00 0.030230
303 304 300.00 0.056923
87 84 300.00 0.252353
92 84 300.00 0.610107
92 219 300.00 0.091917
92 216 300.00 0.206790
302 85 300.00 0.586340
302 133 300.00 0.223463
85 302 300.00 0.586340
274 273 300.00 0.134387
88 282 300.00 0.292360
88 231 300.00 0.469403
88 284 300.00 0.196463
231 88 300.00 0.469403
231 94 300.00 0.105017
231 232 300.00 0.282363
284 283 300.00 0.143560
284 86 300.00 0.184693
236 90 300.00 0.421087
236 214 300.00 0.496293
236 237 300.00 0.107330
90 236 300.00 0.421087
90 295 300.00 0.589423
90 93 300.00 0.248420
295 90 300.00 0.589423
295 134 300.00 0.187873
295 256 300.00 0.336063
93 90 300.00 0.248420
93 130 300.00 0.700780
93 153 300.00 0.828867
91 247 300.00 0.375387
91 310 300.00 0.216333
91 265 300.00 0.350350
247 262 300.00 1.027640
247 280 300.00 0.389333
247 229 300.00 0.185413
310 91 300.00 0.216333
310 219 300.00 0.065447
310 309 300.00 0.151957
265 91 300.00 0.350350
265 262 300.00 0.163010
265 301 300.00 0.331110
219 92 300.00 0.091917
219 310 300.00 0.065447
219 314 300.00 0.022873
216 92 300.00 0.206790
216 215 300.00 0.150477
216 254 300.00 0.248060
130 93 300.00 0.700780
130 133 300.00 0.709267
130 140 300.00 0.141240
153 93 300.00 0.828867
153 260 300.00 0.032640
153 214 300.00 0.247200
94 231 300.00 0.105017
128 95 300.00 0.209180
128 127 300.00 0.646690
128 129 300.00 0.541340
95 128 300.00 0.209180
95 96 300.00 0.248380
95 97 300.00 0.541313
95 125 300.00 0.620177
96 95 300.00 0.248380
96 226 300.00 0.255527
96 98 300.00 0.543143
96 138 300.00 0.566160
97 95 300.00 0.541313
97 129 300.00 0.205540
97 98 300.00 0.248697
97 103 300.00 0.547507
125 138 300.00 0.258963
226 96 300.00 0.255527
226 99 300.00 0.544490
226 227 300.00 0.236527
226 228 300.00 0.517823
98 96 300.00 0.543143
98 97 300.00 0.248697
98 104 300.00 0.546177
98 99 300.00 0.254693
138 96 300.00 0.566160
138 228 300.00 0.259280
129 97 300.00 0.205540
129 126 300.00 0.367067
129 128 300.00 0.541340
103 97 300.00 0.547507
103 102 300.00 0.076930
103 104 300.00 0.246167
104 98 300.00 0.546177
104 103 300.00 0.246167
104 234 300.00 0.078633
99 98 300.00 0.254693
99 100 300.00 0.234267
99 105 300.00 0.542263
99 226 300.00 0.544490
100 99 300.00 0.234267
100 107 300.00 0.543290
105 99 300.00 0.542263
105 234 300.00 0.181570
105 107 300.00 0.228713
107 105 300.00 0.228713
107 244 300.00 0.119540
288 101 300.00 0.056847
288 102 300.00 0.129567
288 126 300.00 0.181730
101 288 300.00 0.056847
101 106 300.00 0.329367
101 126 300.00 0.189360
106 101 300.00 0.329367
106 108 300.00 0.234270
126 101 300.00 0.189360
126 129 300.00 0.367067
126 288 300.00 0.181730
102 288 300.00 0.129567
102 103 300.00 0.076930
102 108 300.00 0.332443
108 102 300.00 0.332443
108 106 300.00 0.234270
108 235 300.00 0.404763
234 104 300.00 0.078633
234 105 300.00 0.181570
234 235 300.00 0.333030
244 243 300.00 0.064300
244 245 300.00 0.046467
235 108 300.00 0.404763
235 109 300.00 0.414033
235 234 300.00 0.333030
109 235 300.00 0.414033
110 296 300.00 0.259740
296 137 300.00 0.156447
113 111 300.00 0.191960
113 114 300.00 0.251610
113 158 300.00 0.628437
111 113 300.00 0.191960
111 114 300.00 0.443783
111 157 300.00 0.152747
114 111 300.00 0.443783
114 113 300.00 0.251610
114 159 300.00 0.892497
112 5 300.00 0.249260
112 261 300.00 0.026420
261 112 300.00 0.026420
261 2 300.00 0.226037
159 114 300.00 0.892497
159 116 300.00 0.062357
159 160 300.00 0.183440
146 147 300.00 0.022543
146 112 300.00 0.413147
293 116 300.00 0.235110
293 161 300.00 0.174197
293 163 300.00 0.311610
293 41 300.00 0.206253
118 117 300.00 0.253127
120 117 300.00 0.209870
120 249 300.00 0.211067
120 124 300.00 0.724580
270 119 300.00 0.032987
119 270 300.00 0.032987
119 312 300.00 0.293877
119 124 300.00 0.567203
312 119 300.00 0.293877
312 147 300.00 0.556417
312 311 300.00 0.022057
124 119 300.00 0.567203
124 120 300.00 0.724580
124 291 300.00 0.261827
178 179 300.00 0.159550
178 180 300.00 0.169660
177 176 300.00 0.275403
177 221 300.00 0.479683
123 154 300.00 0.122003
154 300 300.00 0.026570
127 128 300.00 0.646690
127 125 300.00 0.132097
131 267 300.00 0.099723
131 132 300.00 0.036263
267 266 300.00 0.032317
267 72 300.00 0.220973
132 9 300.00 0.406347
266 132 300.00 0.092887
266 267 300.00 0.032317
137 139 300.00 0.398437
139 110 300.00 0.052127
139 127 300.00 0.297053
228 226 300.00 0.517823
228 290 300.00 0.263410
142 9 300.00 0.028810
142 123 300.00 0.381827
144 156 300.00 0.270923
150 155 300.00 0.259787
150 148 300.00 0.309227
149 261 300.00 0.039847
149 294 300.00 0.373350
294 149 300.00 0.373350
155 150 300.00 0.259787
151 290 300.00 0.027070
290 227 300.00 0.473297
290 289 300.00 0.045497
260 153 300.00 0.032640
260 259 300.00 0.249513
214 153 300.00 0.247200
214 259 300.00 0.032323
214 236 300.00 0.496293
160 158 300.00 0.024040
160 159 300.00 0.183440
160 161 300.00 0.295173
161 160 300.00 0.295173
161 293 300.00 0.174197
161 162 300.00 0.345700
169 168 300.00 0.324777
169 145 300.00 0.262900
173 170 300.00 0.217497
173 175 300.00 0.267267
173 174 300.00 0.476933
172 170 300.00 0.484660
172 169 300.00 0.095063
221 171 300.00 0.265330
221 175 300.00 0.271000
221 177 300.00 0.479683
221 223 300.00 0.446510
171 221 300.00 0.265330
171 222 300.00 0.458257
222 189 300.00 0.138770
222 223 300.00 0.254907
222 225 300.00 0.545027
175 173 300.00 0.267267
175 221 300.00 0.271000
175 176 300.00 0.474017
175 193 300.00 0.443760
174 173 300.00 0.476933
174 172 300.00 0.275733
176 175 300.00 0.474017
176 174 300.00 0.284647
193 175 300.00 0.443760
193 198 300.00 0.207790
193 202 300.00 0.308370
193 223 300.00 0.278497
179 178 300.00 0.159550
180 171 300.00 0.009180
180 183 300.00 0.310263
183 180 300.00 0.310263
183 181 300.00 0.255653
183 182 300.00 0.412727
183 184 300.00 0.532483
185 181 300.00 0.249070
185 289 300.00 0.465930
181 185 300.00 0.249070
181 183 300.00 0.255653
181 187 300.00 0.543287
181 186 300.00 0.420013
187 181 300.00 0.543287
187 184 300.00 0.251630
187 188 300.00 0.255320
187 211 300.00 0.540800
186 181 300.00 0.420013
186 182 300.00 0.252797
182 121 300.00 0.293593
182 183 300.00 0.412727
184 183 300.00 0.532483
184 224 300.00 0.546053
184 189 300.00 0.143210
184 187 300.00 0.251630
224 184 300.00 0.546053
224 190 300.00 0.134710
224 211 300.00 0.255003
189 184 300.00 0.143210
189 222 300.00 0.138770
189 190 300.00 0.545150
289 186 300.00 0.228353
289 152 300.00 0.027060
188 187 300.00 0.255320
188 185 300.00 0.540227
211 187 300.00 0.540800
211 212 300.00 0.255627
211 224 300.00 0.255003
190 189 300.00 0.545150
190 210 300.00 0.181383
190 224 300.00 0.134710
190 225 300.00 0.139157
210 190 300.00 0.181383
225 190 300.00 0.139157
225 208 300.00 0.260900
225 209 300.00 0.266397
225 222 300.00 0.545027
202 191 300.00 0.182070
202 193 300.00 0.308370
202 203 300.00 1.001783
200 192 300.00 0.118417
200 198 300.00 0.218333
200 201 300.00 0.204033
192 200 300.00 0.118417
192 205 300.00 0.090520
192 208 300.00 0.266810
205 192 300.00 0.090520
205 318 300.00 0.173353
205 206 300.00 0.219033
208 192 300.00 0.266810
208 196 300.00 0.180817
208 207 300.00 0.402640
208 225 300.00 0.260900
198 193 300.00 0.207790
198 200 300.00 0.218333
198 199 300.00 0.208127
223 193 300.00 0.278497
223 194 300.00 0.180893
223 221 300.00 0.446510
223 222 300.00 0.254907
194 223 300.00 0.180893
194 195 300.00 0.135007
194 196 300.00 0.183583
195 194 300.00 0.135007
196 194 300.00 0.183583
196 208 300.00 0.180817
196 197 300.00 0.136317
197 196 300.00 0.136317
199 198 300.00 0.208127
201 200 300.00 0.204033
203 202 300.00 1.001783
318 204 300.00 0.116087
318 205 300.00 0.173353
318 317 300.00 0.207347
204 318 300.00 0.116087
206 205 300.00 0.219033
207 208 300.00 0.402640
209 225 300.00 0.266397
212 211 300.00 0.255627
212 188 300.00 0.542920
259 214 300.00 0.032323
259 260 300.00 0.249513
215 216 300.00 0.150477
215 253 300.00 1.095793
253 215 300.00 1.095793
253 218 300.00 0.047660
253 252 300.00 0.402957
254 258 300.00 0.181927
217 218 300.00 0.320730
314 219 300.00 0.022873
227 226 300.00 0.236527
227 100 300.00 0.542423
230 229 300.00 0.345617
229 230 300.00 0.345617
229 88 300.00 0.191163
232 231 300.00 0.282363
237 236 300.00 0.107330
242 245 300.00 0.065223
242 243 300.00 0.043110
245 212 300.00 0.121530
243 109 300.00 0.156150
262 247 300.00 1.027640
262 263 300.00 0.181507
262 265 300.00 0.163010
280 279 300.00 0.153033
280 238 300.00 0.170157
258 264 300.00 0.288093
255 215 300.00 0.266103
255 254 300.00 0.150510
257 255 300.00 0.029700
257 315 300.00 0.747120
315 298 300.00 0.032653
315 297 300.00 0.944700
264 258 300.00 0.288093
263 262 300.00 0.181507
301 265 300.00 0.331110
271 272 300.00 0.023913
273 274 300.00 0.134387
275 276 300.00 0.148517
278 277 300.00 0.170767
278 305 300.00 0.097420
277 278 300.00 0.170767
305 91 300.00 0.183893
305 306 300.00 0.158917
279 280 300.00 0.153033
281 282 300.00 0.146323
283 284 300.00 0.143560
285 61 300.00 0.470207
286 287 300.00 0.140447
321 291 300.00 0.038243
297 299 300.00 0.087997
297 256 300.00 0.077643
298 255 300.00 0.703487
298 315 300.00 0.032653
306 305 300.00 0.158917
308 307 300.00 0.229383
309 310 300.00 0.151957
311 312 300.00 0.022057
317 318 300.00 0.207347
320 319 300.00 0.012303
