64 0 300.00 0.411730
64 182 300.00 0.248540
64 70 300.00 0.209047
0 64 300.00 0.411730
0 185 300.00 0.182403
0 80 300.00 0.026847
185 0 300.00 0.182403
185 89 300.00 0.556683
185 158 300.00 0.188147
80 0 300.00 0.026847
80 1 300.00 0.194547
80 75 300.00 0.266990
82 1 300.00 0.139367
82 140 300.00 0.382763
82 84 300.00 0.230327
1 82 300.00 0.139367
1 80 300.00 0.194547
1 72 300.00 0.427620
72 1 300.00 0.427620
72 60 300.00 0.490680
72 69 300.00 0.190203
72 140 300.00 0.130790
90 2 300.00 0.626997
90 203 300.00 0.685297
90 91 300.00 0.090773
2 90 300.00 0.626997
2 81 300.00 0.158137
2 85 300.00 0.450750
81 2 300.00 0.158137
81 78 300.00 0.439920
81 79 300.00 0.177957
85 2 300.00 0.450750
85 3 300.00 0.061153
85 157 300.00 0.060370
3 85 300.00 0.061153
3 84 300.00 0.077113
3 78 300.00 0.385950
84 3 300.00 0.077113
84 82 300.00 0.230327
84 89 300.00 0.356360
78 3 300.00 0.385950
78 74 300.00 0.278353
78 81 300.00 0.439920
191 4 300.00 0.207427
191 163 300.00 0.030430
191 209 300.00 0.303370
4 191 300.00 0.207427
4 7 300.00 0.061973
7 4 300.00 0.061973
7 5 300.00 0.071613
7 8 300.00 0.833283
5 7 300.00 0.071613
5 6 300.00 0.197013
6 5 300.00 0.197013
6 10 300.00 0.863087
6 196 300.00 0.393673
10 6 300.00 0.863087
10 8 300.00 0.260260
10 11 300.00 0.262817
10 14 300.00 0.625117
196 6 300.00 0.393673
196 120 300.00 0.095020
196 122 300.00 0.589503
8 7 300.00 0.833283
8 10 300.00 0.260260
8 166 300.00 0.620267
166 8 300.00 0.620267
166 9 300.00 0.275783
166 14 300.00 0.262213
166 128 300.00 0.542637
9 166 300.00 0.275783
9 117 300.00 0.638600
117 16 300.00 0.277720
117 20 300.00 0.624357
11 10 300.00 0.262817
11 122 300.00 0.343730
11 15 300.00 0.222167
11 21 300.00 0.584960
14 10 300.00 0.625117
14 19 300.00 0.263083
14 166 300.00 0.262213
14 22 300.00 0.635097
122 11 300.00 0.343730
122 121 300.00 0.106570
122 196 300.00 0.589503
15 11 300.00 0.222167
15 190 300.00 0.100657
15 17 300.00 0.227787
21 11 300.00 0.584960
23 12 300.00 0.636123
23 18 300.00 0.246983
23 39 300.00 0.619443
23 27 300.00 0.240270
12 23 300.00 0.636123
12 13 300.00 0.130847
12 18 300.00 0.769030
13 12 300.00 0.130847
13 27 300.00 0.735267
13 121 300.00 0.127437
18 12 300.00 0.769030
18 23 300.00 0.246983
18 197 300.00 0.235737
18 168 300.00 0.655587
27 13 300.00 0.735267
27 23 300.00 0.240270
27 41 300.00 0.511873
27 32 300.00 0.255687
121 13 300.00 0.127437
121 120 300.00 0.635277
121 122 300.00 0.106570
19 14 300.00 0.263083
19 17 300.00 0.179290
19 28 300.00 0.626337
19 24 300.00 0.186497
22 14 300.00 0.635097
22 16 300.00 0.261500
22 33 300.00 0.627640
22 28 300.00 0.262723
190 15 300.00 0.100657
190 187 300.00 0.285310
190 189 300.00 0.225860
17 15 300.00 0.227787
17 189 300.00 0.102890
17 19 300.00 0.179290
128 16 300.00 0.094630
128 166 300.00 0.542637
128 207 300.00 0.255450
16 128 300.00 0.094630
16 22 300.00 0.261500
16 26 300.00 0.630907
16 117 300.00 0.277720
26 16 300.00 0.630907
26 20 300.00 0.276913
26 38 300.00 0.629910
26 33 300.00 0.265377
189 17 300.00 0.102890
189 186 300.00 0.293217
189 190 300.00 0.225860
197 18 300.00 0.235737
197 111 300.00 0.420833
197 198 300.00 0.651260
168 18 300.00 0.655587
168 35 300.00 0.081547
168 39 300.00 0.251067
28 19 300.00 0.626337
28 22 300.00 0.262723
28 40 300.00 0.634443
28 36 300.00 0.206010
24 19 300.00 0.186497
24 36 300.00 0.647413
24 29 300.00 0.195907
20 26 300.00 0.276913
20 119 300.00 0.278747
20 31 300.00 0.631220
119 20 300.00 0.278747
119 125 300.00 1.029840
119 112 300.00 0.628707
31 38 300.00 0.280257
31 118 300.00 0.215807
33 22 300.00 0.627640
33 26 300.00 0.265377
33 40 300.00 0.261383
33 44 300.00 0.630873
39 23 300.00 0.619443
39 193 300.00 0.063673
39 41 300.00 0.269177
39 168 300.00 0.251067
36 24 300.00 0.647413
36 28 300.00 0.206010
36 42 300.00 0.172223
36 123 300.00 0.583723
29 24 300.00 0.195907
29 42 300.00 0.588240
29 195 300.00 0.153833
32 25 300.00 0.333117
32 27 300.00 0.255687
32 43 300.00 0.401383
32 37 300.00 0.201670
25 32 300.00 0.333117
38 26 300.00 0.629910
38 31 300.00 0.280257
38 48 300.00 0.630963
38 44 300.00 0.262937
41 27 300.00 0.511873
41 39 300.00 0.269177
41 43 300.00 0.274923
40 28 300.00 0.634443
40 33 300.00 0.261383
40 45 300.00 0.296657
40 123 300.00 0.207280
42 29 300.00 0.588240
42 36 300.00 0.172223
42 46 300.00 0.158287
42 50 300.00 0.531883
195 29 300.00 0.153833
195 169 300.00 0.407533
195 194 300.00 0.187763
34 30 300.00 0.243043
34 143 300.00 0.021690
34 145 300.00 0.318290
30 34 300.00 0.243043
30 165 300.00 0.296937
30 187 300.00 0.344490
165 30 300.00 0.296937
165 37 300.00 0.031880
165 145 300.00 0.248880
187 30 300.00 0.344490
187 186 300.00 0.237570
187 190 300.00 0.285310
118 115 300.00 0.412673
118 114 300.00 0.426007
43 32 300.00 0.401383
43 41 300.00 0.274923
43 172 300.00 0.115780
37 32 300.00 0.201670
37 165 300.00 0.031880
37 175 300.00 0.313540
44 33 300.00 0.630873
44 38 300.00 0.262937
44 56 300.00 0.630870
44 51 300.00 0.263450
143 34 300.00 0.021690
143 186 300.00 0.304213
143 144 300.00 0.277007
145 34 300.00 0.318290
145 165 300.00 0.248880
145 181 300.00 0.272280
35 168 300.00 0.081547
35 193 300.00 0.287140
35 192 300.00 0.253643
193 35 300.00 0.287140
193 39 300.00 0.063673
193 184 300.00 0.146077
192 35 300.00 0.253643
192 198 300.00 0.171323
192 199 300.00 0.037453
123 36 300.00 0.583723
123 40 300.00 0.207280
123 50 300.00 0.160260
123 124 300.00 0.189833
175 37 300.00 0.313540
175 172 300.00 0.137697
175 181 300.00 0.254953
48 38 300.00 0.630963
48 56 300.00 0.262297
48 115 300.00 0.276807
45 40 300.00 0.296657
45 51 300.00 0.337687
45 138 300.00 0.174517
46 42 300.00 0.158287
46 169 300.00 0.171213
46 49 300.00 0.165703
46 55 300.00 0.527900
50 42 300.00 0.531883
50 53 300.00 0.159637
50 55 300.00 0.162043
50 123 300.00 0.160260
172 43 300.00 0.115780
172 175 300.00 0.137697
172 176 300.00 0.092033
56 44 300.00 0.630870
56 48 300.00 0.262297
56 63 300.00 0.261360
51 44 300.00 0.263450
51 45 300.00 0.337687
51 63 300.00 0.628113
51 57 300.00 0.247913
138 45 300.00 0.174517
138 139 300.00 0.123780
138 210 300.00 0.131923
169 46 300.00 0.171213
169 170 300.00 0.327860
169 195 300.00 0.407533
49 46 300.00 0.165703
49 54 300.00 0.163877
49 61 300.00 0.525080
55 46 300.00 0.527900
55 50 300.00 0.162043
55 60 300.00 0.220497
55 61 300.00 0.167013
146 47 300.00 0.081097
146 180 300.00 0.079113
146 147 300.00 0.198790
47 146 300.00 0.081097
47 59 300.00 0.579553
47 200 300.00 0.166493
59 47 300.00 0.579553
59 54 300.00 0.167140
59 182 300.00 0.159683
59 69 300.00 0.487250
200 47 300.00 0.166493
200 170 300.00 0.407867
200 194 300.00 0.150033
115 48 300.00 0.276807
115 135 300.00 0.432083
115 118 300.00 0.412673
115 114 300.00 0.127667
54 49 300.00 0.163877
54 59 300.00 0.167140
54 170 300.00 0.172450
54 65 300.00 0.531417
61 49 300.00 0.525080
61 55 300.00 0.167013
61 142 300.00 0.111223
61 65 300.00 0.159340
53 50 300.00 0.159637
63 51 300.00 0.628113
63 56 300.00 0.261360
63 137 300.00 0.238380
63 71 300.00 0.254133
57 51 300.00 0.247913
57 211 300.00 0.259967
57 71 300.00 0.651507
58 52 300.00 0.203040
58 177 300.00 0.198743
58 181 300.00 0.190460
52 58 300.00 0.203040
52 180 300.00 0.170243
52 70 300.00 0.373830
180 52 300.00 0.170243
180 146 300.00 0.079113
180 182 300.00 0.579600
70 52 300.00 0.373830
70 64 300.00 0.209047
70 179 300.00 0.116993
170 54 300.00 0.172450
170 169 300.00 0.327860
170 200 300.00 0.407867
65 54 300.00 0.531417
65 61 300.00 0.159340
65 141 300.00 0.087780
60 55 300.00 0.220497
60 202 300.00 0.129147
60 72 300.00 0.490680
60 210 300.00 0.228660
211 57 300.00 0.259967
211 62 300.00 0.200080
211 210 300.00 0.147557
71 57 300.00 0.651507
71 63 300.00 0.254133
71 76 300.00 0.242067
71 137 300.00 0.286570
177 58 300.00 0.198743
177 66 300.00 0.265700
177 176 300.00 0.570917
177 179 300.00 0.573227
181 58 300.00 0.190460
181 145 300.00 0.272280
181 175 300.00 0.254953
182 59 300.00 0.159683
182 64 300.00 0.248540
182 180 300.00 0.579600
69 59 300.00 0.487250
69 72 300.00 0.190203
69 75 300.00 0.204610
202 60 300.00 0.129147
202 62 300.00 0.019833
202 68 300.00 0.223420
210 60 300.00 0.228660
210 138 300.00 0.131923
210 211 300.00 0.147557
142 61 300.00 0.111223
62 202 300.00 0.019833
62 211 300.00 0.200080
62 76 300.00 0.778023
76 62 300.00 0.778023
76 71 300.00 0.242067
76 79 300.00 0.239483
137 63 300.00 0.238380
137 71 300.00 0.286570
137 91 300.00 1.503113
141 65 300.00 0.087780
73 66 300.00 0.242440
73 178 300.00 0.591743
73 83 300.00 0.578720
66 73 300.00 0.242440
66 174 300.00 0.568530
66 177 300.00 0.265700
66 77 300.00 0.578533
174 66 300.00 0.568530
174 184 300.00 0.581627
174 178 300.00 0.246963
174 176 300.00 0.265813
77 66 300.00 0.578533
77 83 300.00 0.256283
77 179 300.00 0.267290
75 67 300.00 0.300813
75 69 300.00 0.204610
75 80 300.00 0.266990
67 75 300.00 0.300813
74 68 300.00 0.205720
74 140 300.00 0.064520
74 78 300.00 0.278353
68 74 300.00 0.205720
68 79 300.00 0.722640
68 202 300.00 0.223420
79 68 300.00 0.722640
79 76 300.00 0.239483
79 81 300.00 0.177957
179 70 300.00 0.116993
179 77 300.00 0.267290
179 177 300.00 0.573227
140 72 300.00 0.130790
140 74 300.00 0.064520
140 82 300.00 0.382763
178 73 300.00 0.591743
178 173 300.00 0.080780
178 174 300.00 0.246963
83 73 300.00 0.578720
83 77 300.00 0.256283
83 86 300.00 0.255033
83 88 300.00 0.581610
86 83 300.00 0.255033
86 92 300.00 0.576740
88 83 300.00 0.581610
88 92 300.00 0.261183
88 158 300.00 0.183763
88 95 300.00 0.562377
89 84 300.00 0.356360
89 185 300.00 0.556683
89 154 300.00 0.239077
89 95 300.00 0.374000
157 85 300.00 0.060370
157 87 300.00 0.163873
157 156 300.00 0.172183
92 86 300.00 0.576740
92 88 300.00 0.261183
92 94 300.00 0.121930
87 157 300.00 0.163873
87 93 300.00 0.345980
87 203 300.00 0.403027
93 87 300.00 0.345980
93 148 300.00 0.124620
93 153 300.00 0.128913
93 154 300.00 0.121733
203 87 300.00 0.403027
203 90 300.00 0.685297
203 96 300.00 0.238207
158 88 300.00 0.183763
158 185 300.00 0.188147
158 159 300.00 0.368463
95 88 300.00 0.562377
95 89 300.00 0.374000
95 99 300.00 0.381733
95 97 300.00 0.362667
154 89 300.00 0.239077
154 93 300.00 0.121733
154 155 300.00 0.125833
91 90 300.00 0.090773
91 98 300.00 0.565233
91 137 300.00 1.503113
98 91 300.00 0.565233
98 96 300.00 0.378663
98 102 300.00 0.364337
94 92 300.00 0.121930
94 99 300.00 0.566917
148 93 300.00 0.124620
148 150 300.00 0.120197
148 160 300.00 0.129077
153 93 300.00 0.128913
153 96 300.00 0.260653
153 160 300.00 0.132990
99 94 300.00 0.566917
99 95 300.00 0.381733
99 103 300.00 0.760973
99 101 300.00 0.243067
97 95 300.00 0.362667
97 150 300.00 0.128007
97 152 300.00 0.135880
96 153 300.00 0.260653
96 149 300.00 0.126763
96 203 300.00 0.238207
96 98 300.00 0.378663
149 96 300.00 0.126763
149 151 300.00 0.098870
149 160 300.00 0.264810
150 97 300.00 0.128007
150 148 300.00 0.120197
150 161 300.00 0.131897
152 97 300.00 0.135880
152 100 300.00 0.250693
152 161 300.00 0.137627
102 98 300.00 0.364337
102 100 300.00 0.378873
103 99 300.00 0.760973
103 100 300.00 0.376117
101 99 300.00 0.243067
100 103 300.00 0.376117
100 151 300.00 0.154480
100 152 300.00 0.250693
100 102 300.00 0.378873
151 100 300.00 0.154480
151 149 300.00 0.098870
151 161 300.00 0.256127
173 104 300.00 0.157107
173 105 300.00 0.164193
173 178 300.00 0.080780
104 173 300.00 0.157107
104 183 300.00 0.192787
183 104 300.00 0.192787
105 173 300.00 0.164193
105 106 300.00 0.148230
106 105 300.00 0.148230
106 107 300.00 0.152733
107 106 300.00 0.152733
109 108 300.00 0.164070
108 109 300.00 0.164070
120 111 300.00 0.212540
120 196 300.00 0.095020
120 121 300.00 0.635277
111 120 300.00 0.212540
111 197 300.00 0.420833
113 119 300.00 0.630343
113 31 300.00 0.282020
113 164 300.00 0.258623
164 113 300.00 0.258623
164 125 300.00 0.204707
164 129 300.00 0.442863
114 204 300.00 0.058367
114 116 300.00 0.161603
204 136 300.00 0.388557
116 171 300.00 0.154837
116 113 300.00 0.621950
135 115 300.00 0.432083
135 134 300.00 0.246673
135 136 300.00 0.162520
171 116 300.00 0.154837
171 130 300.00 0.079877
171 205 300.00 0.266247
125 119 300.00 1.029840
125 164 300.00 0.204707
125 126 300.00 0.623150
124 123 300.00 0.189833
126 125 300.00 0.623150
126 131 300.00 0.242507
126 130 300.00 0.232070
131 126 300.00 0.242507
131 127 300.00 0.504560
131 132 300.00 0.252140
130 126 300.00 0.232070
130 132 300.00 0.314833
130 171 300.00 0.079877
127 131 300.00 0.504560
127 133 300.00 0.185007
133 127 300.00 0.185007
133 162 300.00 0.226700
207 128 300.00 0.255450
129 164 300.00 0.442863
132 130 300.00 0.314833
132 131 300.00 0.252140
132 162 300.00 0.218477
162 132 300.00 0.218477
134 135 300.00 0.246673
136 135 300.00 0.162520
136 212 300.00 0.319687
212 136 300.00 0.319687
139 138 300.00 0.123780
186 143 300.00 0.304213
186 189 300.00 0.293217
186 187 300.00 0.237570
144 143 300.00 0.277007
144 194 300.00 0.077003
144 188 300.00 0.392110
194 144 300.00 0.077003
194 200 300.00 0.150033
194 195 300.00 0.187763
188 144 300.00 0.392110
147 146 300.00 0.198790
160 148 300.00 0.129077
160 149 300.00 0.264810
160 153 300.00 0.132990
160 161 300.00 0.107547
161 150 300.00 0.131897
161 151 300.00 0.256127
161 152 300.00 0.137627
161 160 300.00 0.107547
155 154 300.00 0.125833
156 157 300.00 0.172183
159 158 300.00 0.368463
163 191 300.00 0.030430
199 167 300.00 0.024247
199 192 300.00 0.037453
167 199 300.00 0.024247
167 206 300.00 0.146870
206 167 300.00 0.146870
205 171 300.00 0.266247
176 172 300.00 0.092033
176 174 300.00 0.265813
176 177 300.00 0.570917
184 174 300.00 0.581627
184 193 300.00 0.146077
209 208 300.00 0.026220
198 192 300.00 0.171323
198 197 300.00 0.651260
201 116 300.00 0.036747
208 209 300.00 0.026220
208 163 300.00 0.299463
