583 0 300.00 0.117100
583 187 300.00 0.120690
583 597 300.00 0.019080
0 583 300.00 0.117100
0 488 300.00 0.608103
0 421 300.00 0.134653
488 0 300.00 0.608103
488 487 300.00 0.028830
488 587 300.00 0.651543
421 0 300.00 0.134653
421 536 300.00 0.878427
421 428 300.00 0.494853
389 1 300.00 0.364530
389 387 300.00 0.187810
389 390 300.00 0.048013
1 389 300.00 0.364530
1 4 300.00 0.359650
1 567 300.00 0.233187
1 341 300.00 0.419837
4 1 300.00 0.359650
4 3 300.00 0.307320
4 340 300.00 0.416817
4 108 300.00 0.507203
567 1 300.00 0.233187
341 1 300.00 0.419837
341 340 300.00 0.362877
258 2 300.00 0.319730
258 69 300.00 0.599707
258 377 300.00 0.344023
2 258 300.00 0.319730
2 108 300.00 0.313467
2 68 300.00 0.346720
2 3 300.00 0.503137
108 2 300.00 0.313467
108 4 300.00 0.507203
108 428 300.00 0.085310
68 2 300.00 0.346720
68 377 300.00 0.310557
68 255 300.00 0.297950
68 423 300.00 0.298977
3 2 300.00 0.503137
3 4 300.00 0.307320
3 624 300.00 0.408577
624 3 300.00 0.408577
624 623 300.00 0.025207
340 4 300.00 0.416817
340 538 300.00 0.303050
651 5 300.00 0.025623
651 180 300.00 0.298397
651 653 300.00 0.173770
5 651 300.00 0.025623
5 180 300.00 0.661387
5 580 300.00 0.377983
180 5 300.00 0.661387
180 212 300.00 0.162950
180 651 300.00 0.298397
580 5 300.00 0.377983
580 578 300.00 0.587897
580 579 300.00 0.306320
9 6 300.00 0.125817
9 8 300.00 0.296950
9 11 300.00 0.177090
6 9 300.00 0.125817
6 213 300.00 0.202453
6 181 300.00 0.305620
213 6 300.00 0.202453
213 7 300.00 0.204847
213 253 300.00 0.389150
181 6 300.00 0.305620
181 8 300.00 0.181077
181 28 300.00 0.310493
212 7 300.00 0.460610
212 180 300.00 0.162950
212 218 300.00 0.049843
7 212 300.00 0.460610
7 213 300.00 0.204847
7 252 300.00 0.274543
252 7 300.00 0.274543
252 216 300.00 0.171817
252 655 300.00 0.370263
252 253 300.00 0.169927
8 9 300.00 0.296950
8 10 300.00 0.180633
8 181 300.00 0.181077
8 27 300.00 0.312403
10 8 300.00 0.180633
10 11 300.00 0.293067
10 196 300.00 0.318493
10 12 300.00 0.445213
27 8 300.00 0.312403
27 28 300.00 0.179360
11 9 300.00 0.177090
11 10 300.00 0.293067
11 211 300.00 0.188273
196 10 300.00 0.318493
196 251 300.00 0.045827
12 10 300.00 0.445213
12 210 300.00 0.297833
12 209 300.00 0.306733
211 11 300.00 0.188273
211 210 300.00 0.261737
211 253 300.00 0.173043
210 12 300.00 0.297833
210 211 300.00 0.261737
210 657 300.00 0.110780
209 12 300.00 0.306733
209 196 300.00 0.458623
13 214 300.00 0.171223
13 657 300.00 0.025143
214 215 300.00 0.174547
214 656 300.00 0.025177
657 13 300.00 0.025143
657 210 300.00 0.110780
657 652 300.00 0.604693
86 14 300.00 0.632857
86 192 300.00 0.611720
14 86 300.00 0.632857
14 15 300.00 0.330230
15 498 300.00 0.489147
498 15 300.00 0.489147
16 205 300.00 2.575143
205 25 300.00 0.466487
242 17 300.00 0.031480
242 243 300.00 0.480693
242 598 300.00 0.220743
17 242 300.00 0.031480
17 16 300.00 1.760660
18 599 300.00 0.673847
18 41 300.00 1.128070
18 39 300.00 0.261740
599 598 300.00 0.034377
599 17 300.00 0.219763
41 18 300.00 1.128070
41 625 300.00 0.996833
41 220 300.00 0.082920
41 626 300.00 0.184637
39 18 300.00 0.261740
39 48 300.00 0.372480
75 19 300.00 0.444557
75 632 300.00 0.007253
75 426 300.00 0.082967
19 75 300.00 0.444557
19 313 300.00 0.455953
313 314 300.00 0.295807
313 66 300.00 0.451980
20 21 300.00 0.204013
20 224 300.00 0.572533
21 226 300.00 0.382490
21 525 300.00 0.052897
21 22 300.00 0.218287
224 19 300.00 0.346893
226 21 300.00 0.382490
226 228 300.00 0.188447
226 227 300.00 0.205053
525 21 300.00 0.052897
525 248 300.00 0.200423
22 63 300.00 0.029937
22 557 300.00 0.038587
22 227 300.00 0.402513
63 22 300.00 0.029937
63 525 300.00 0.210933
557 243 300.00 0.092953
557 63 300.00 0.026717
227 22 300.00 0.402513
227 64 300.00 0.109813
227 226 300.00 0.205053
23 589 300.00 0.061160
23 189 300.00 0.113177
589 190 300.00 0.021180
589 189 300.00 0.100857
189 499 300.00 0.665760
24 26 300.00 0.489173
24 497 300.00 1.037077
26 652 300.00 0.027260
26 13 300.00 0.605707
497 14 300.00 0.242800
25 188 300.00 0.210540
25 395 300.00 1.400863
395 199 300.00 0.127470
652 209 300.00 0.106597
28 181 300.00 0.310493
28 191 300.00 0.110073
191 201 300.00 0.225013
191 182 300.00 0.444267
30 29 300.00 0.388520
30 31 300.00 0.448047
30 49 300.00 0.322117
29 30 300.00 0.388520
29 39 300.00 0.130783
31 30 300.00 0.448047
31 32 300.00 0.468717
31 45 300.00 0.318313
31 44 300.00 0.313647
49 46 300.00 0.458423
49 42 300.00 0.312447
49 82 300.00 0.339750
32 31 300.00 0.468717
32 33 300.00 0.438447
32 45 300.00 0.749157
32 34 300.00 0.604057
45 31 300.00 0.318313
45 32 300.00 0.749157
45 46 300.00 0.020290
44 31 300.00 0.313647
44 34 300.00 0.623277
44 78 300.00 0.388367
44 48 300.00 0.468400
33 32 300.00 0.438447
34 32 300.00 0.604057
34 79 300.00 0.087193
34 601 300.00 0.034463
34 44 300.00 0.623277
79 34 300.00 0.087193
79 78 300.00 0.543573
79 81 300.00 0.206853
601 34 300.00 0.034463
601 382 300.00 1.682233
601 564 300.00 0.336860
645 35 300.00 0.196597
645 237 300.00 0.100320
645 238 300.00 0.403777
35 645 300.00 0.196597
35 234 300.00 0.410797
35 427 300.00 0.444447
234 35 300.00 0.410797
234 38 300.00 0.457887
234 238 300.00 0.200060
427 35 300.00 0.444447
427 427 300.00 0.830627
58 36 300.00 0.475433
58 37 300.00 0.502680
58 57 300.00 0.292883
58 59 300.00 0.334293
36 58 300.00 0.475433
521 37 300.00 0.291000
521 519 300.00 1.266007
521 560 300.00 0.029647
37 521 300.00 0.291000
37 58 300.00 0.502680
37 62 300.00 0.327887
62 37 300.00 0.327887
62 57 300.00 0.486263
62 449 300.00 0.621957
646 38 300.00 0.199560
646 236 300.00 0.093683
646 238 300.00 0.464680
38 646 300.00 0.199560
38 234 300.00 0.457887
38 612 300.00 0.428183
612 38 300.00 0.428183
612 540 300.00 0.045743
612 432 300.00 0.194907
48 39 300.00 0.372480
48 44 300.00 0.468400
48 47 300.00 0.673520
48 30 300.00 0.123413
40 82 300.00 0.304150
40 625 300.00 0.288223
82 49 300.00 0.339750
82 29 300.00 0.352150
625 40 300.00 0.288223
625 41 300.00 0.996833
625 634 300.00 0.145560
220 41 300.00 0.082920
220 221 300.00 0.161863
220 250 300.00 0.737587
626 543 300.00 1.067750
626 590 300.00 3.068940
539 42 300.00 0.209700
539 40 300.00 0.019117
42 539 300.00 0.209700
42 43 300.00 0.445837
42 612 300.00 0.333763
43 42 300.00 0.445837
43 647 300.00 0.045990
43 235 300.00 0.187813
43 46 300.00 0.305050
647 43 300.00 0.045990
235 43 300.00 0.187813
46 43 300.00 0.305050
46 45 300.00 0.020290
46 49 300.00 0.458423
78 44 300.00 0.388367
78 83 300.00 0.095810
78 79 300.00 0.543573
83 47 300.00 0.416160
83 78 300.00 0.095810
83 80 300.00 0.111440
47 83 300.00 0.416160
47 48 300.00 0.673520
47 243 300.00 0.316280
243 47 300.00 0.316280
243 242 300.00 0.480693
243 557 300.00 0.092953
622 50 300.00 0.392787
622 561 300.00 0.065347
622 621 300.00 0.045917
50 622 300.00 0.392787
50 435 300.00 0.221737
435 432 300.00 0.045447
435 605 300.00 0.021477
435 540 300.00 0.200433
318 51 300.00 0.051923
318 52 300.00 0.282180
51 318 300.00 0.051923
51 560 300.00 0.065513
51 56 300.00 0.340323
560 51 300.00 0.065513
560 59 300.00 0.485950
560 521 300.00 0.029647
56 55 300.00 0.552877
56 546 300.00 0.050543
56 118 300.00 0.357823
445 52 300.00 0.927430
445 603 300.00 0.049307
445 520 300.00 0.160730
52 445 300.00 0.927430
52 318 300.00 0.282180
52 619 300.00 0.771777
619 52 300.00 0.771777
520 53 300.00 0.122027
520 445 300.00 0.160730
520 603 300.00 0.186960
53 520 300.00 0.122027
53 542 300.00 1.003340
53 447 300.00 0.770953
542 53 300.00 1.003340
542 54 300.00 0.037490
447 53 300.00 0.770953
447 446 300.00 0.236667
447 448 300.00 1.393390
541 54 300.00 0.037850
541 448 300.00 0.402947
541 542 300.00 0.043677
54 541 300.00 0.037850
54 116 300.00 0.792977
54 120 300.00 0.634513
116 54 300.00 0.792977
116 97 300.00 0.531577
116 545 300.00 1.131677
120 514 300.00 0.034510
120 363 300.00 0.221127
120 364 300.00 0.958787
55 56 300.00 0.552877
55 60 300.00 0.324130
55 59 300.00 0.319167
60 55 300.00 0.324130
60 438 300.00 0.327880
60 118 300.00 0.590510
59 55 300.00 0.319167
59 58 300.00 0.334293
59 561 300.00 0.215827
59 560 300.00 0.485950
546 56 300.00 0.050543
546 318 300.00 0.347817
118 60 300.00 0.590510
118 240 300.00 0.067677
57 58 300.00 0.292883
57 61 300.00 0.284743
57 62 300.00 0.486263
61 57 300.00 0.284743
561 59 300.00 0.215827
561 622 300.00 0.065347
561 620 300.00 0.045657
438 60 300.00 0.327880
438 112 300.00 0.240187
438 439 300.00 0.217507
449 62 300.00 0.621957
449 446 300.00 1.139760
449 562 300.00 1.192947
80 64 300.00 0.207860
80 81 300.00 0.528030
80 83 300.00 0.111440
64 80 300.00 0.207860
64 230 300.00 0.277903
64 227 300.00 0.109813
230 64 300.00 0.277903
230 65 300.00 0.235947
230 229 300.00 0.200753
528 65 300.00 0.025857
528 81 300.00 0.178967
528 527 300.00 0.322463
65 528 300.00 0.025857
65 233 300.00 0.194617
65 230 300.00 0.235947
233 65 300.00 0.194617
233 231 300.00 0.367550
233 638 300.00 0.377020
66 183 300.00 0.476197
183 629 300.00 0.358060
67 76 300.00 0.304180
67 77 300.00 0.668453
76 77 300.00 0.368827
76 255 300.00 0.314177
76 257 300.00 0.297750
77 67 300.00 0.668453
77 76 300.00 0.368827
77 256 300.00 0.284713
377 68 300.00 0.310557
377 254 300.00 0.299247
377 258 300.00 0.344023
255 68 300.00 0.297950
255 76 300.00 0.314177
255 254 300.00 0.311930
255 256 300.00 0.371630
423 68 300.00 0.298977
423 339 300.00 0.625917
423 637 300.00 0.025843
185 69 300.00 0.308930
185 73 300.00 0.531937
185 223 300.00 0.388510
69 185 300.00 0.308930
69 70 300.00 0.437183
69 551 300.00 0.329790
69 258 300.00 0.599707
70 69 300.00 0.437183
70 73 300.00 0.347503
70 88 300.00 1.037947
551 69 300.00 0.329790
551 486 300.00 0.065767
73 70 300.00 0.347503
73 74 300.00 0.276223
73 424 300.00 0.388437
73 185 300.00 0.531937
88 70 300.00 1.037947
223 71 300.00 0.264163
223 72 300.00 0.282453
223 185 300.00 0.388510
223 186 300.00 0.306100
71 223 300.00 0.264163
71 409 300.00 0.460757
71 415 300.00 0.201703
409 71 300.00 0.460757
409 74 300.00 0.458530
409 408 300.00 0.402197
415 71 300.00 0.201703
415 643 300.00 0.062573
72 223 300.00 0.282453
72 473 300.00 0.314003
473 453 300.00 0.037547
473 479 300.00 0.304313
74 73 300.00 0.276223
74 636 300.00 0.027313
74 409 300.00 0.458530
424 73 300.00 0.388437
424 611 300.00 0.263427
636 74 300.00 0.027313
632 75 300.00 0.007253
632 425 300.00 0.019897
632 631 300.00 0.041633
426 75 300.00 0.082967
257 76 300.00 0.297750
257 254 300.00 0.306793
256 77 300.00 0.284713
256 255 300.00 0.371630
256 337 300.00 0.565917
81 79 300.00 0.206853
81 80 300.00 0.528030
81 528 300.00 0.178967
81 600 300.00 0.020893
600 81 300.00 0.020893
378 84 300.00 0.810987
378 379 300.00 0.155847
378 593 300.00 0.017330
84 378 300.00 0.810987
84 66 300.00 1.828943
85 224 300.00 0.051537
85 231 300.00 0.201660
231 85 300.00 0.201660
231 229 300.00 0.161020
231 233 300.00 0.367550
192 617 300.00 0.309997
325 89 300.00 0.225360
325 324 300.00 0.804353
325 493 300.00 0.234003
89 325 300.00 0.225360
89 452 300.00 0.035983
89 96 300.00 0.287993
452 89 300.00 0.035983
452 90 300.00 0.085367
96 114 300.00 0.383863
96 138 300.00 0.624963
96 451 300.00 0.064470
119 90 300.00 0.809787
119 475 300.00 0.071600
90 119 300.00 0.809787
90 89 300.00 0.090213
450 91 300.00 0.204603
91 450 300.00 0.204603
91 135 300.00 0.585470
91 627 300.00 0.031207
135 91 300.00 0.585470
105 92 300.00 0.312143
105 161 300.00 0.228380
105 393 300.00 0.315303
105 537 300.00 0.084333
92 105 300.00 0.312143
92 111 300.00 0.228713
92 440 300.00 0.138380
92 156 300.00 0.513320
111 92 300.00 0.228713
111 156 300.00 0.311670
111 161 300.00 0.313710
111 346 300.00 0.231870
440 92 300.00 0.138380
440 441 300.00 0.085147
440 640 300.00 0.019937
156 92 300.00 0.513320
156 111 300.00 0.311670
156 347 300.00 0.231303
93 456 300.00 0.182233
93 419 300.00 0.992567
456 320 300.00 0.053540
456 420 300.00 0.861027
419 93 300.00 0.992567
419 454 300.00 0.374813
419 420 300.00 0.845797
94 93 300.00 0.218520
94 492 300.00 0.048670
492 94 300.00 0.048670
492 316 300.00 0.329280
492 546 300.00 0.880330
149 95 300.00 0.363587
149 582 300.00 0.120787
149 532 300.00 0.344487
95 149 300.00 0.363587
95 422 300.00 0.268633
95 411 300.00 0.195047
422 95 300.00 0.268633
422 152 300.00 0.450460
422 480 300.00 0.601770
411 95 300.00 0.195047
411 130 300.00 0.232560
411 412 300.00 0.312427
114 99 300.00 0.425750
114 569 300.00 0.071377
138 96 300.00 0.624963
138 131 300.00 0.245793
138 142 300.00 0.242077
138 144 300.00 0.739323
451 96 300.00 0.064470
451 452 300.00 0.264410
97 116 300.00 0.531577
97 317 300.00 1.840667
97 321 300.00 0.917383
317 97 300.00 1.840667
317 122 300.00 0.390773
317 320 300.00 0.928253
321 97 300.00 0.917383
321 319 300.00 2.417007
321 474 300.00 1.515647
385 98 300.00 0.027787
385 139 300.00 0.302360
385 384 300.00 0.232133
98 385 300.00 0.027787
98 151 300.00 0.310760
98 343 300.00 0.227243
151 98 300.00 0.310760
151 392 300.00 0.306807
151 394 300.00 0.225937
151 155 300.00 0.226400
343 394 300.00 0.305670
125 99 300.00 0.246757
125 142 300.00 0.248707
125 614 300.00 0.018247
99 125 300.00 0.246757
99 132 300.00 0.240387
99 114 300.00 0.425750
132 99 300.00 0.240387
132 175 300.00 0.247257
132 137 300.00 0.503027
360 100 300.00 0.195363
360 360 300.00 1.191417
100 360 300.00 0.195363
100 110 300.00 0.247177
100 613 300.00 0.015847
100 106 300.00 0.264227
110 100 300.00 0.247177
110 357 300.00 0.906123
110 145 300.00 0.703950
110 608 300.00 0.214367
613 100 300.00 0.015847
106 100 300.00 0.264227
106 511 300.00 0.506263
106 508 300.00 0.091720
133 101 300.00 0.151253
101 133 300.00 0.151253
101 441 300.00 0.232503
101 443 300.00 0.126187
101 115 300.00 0.173030
441 101 300.00 0.232503
441 440 300.00 0.085147
441 442 300.00 0.213020
443 101 300.00 0.126187
443 566 300.00 0.644693
443 444 300.00 0.165587
115 101 300.00 0.173030
392 102 300.00 0.310410
392 151 300.00 0.306807
392 490 300.00 0.227750
392 400 300.00 0.226083
102 392 300.00 0.310410
102 109 300.00 0.306660
102 136 300.00 0.226470
102 386 300.00 0.230580
109 102 300.00 0.306660
109 107 300.00 0.226133
109 342 300.00 0.230507
136 102 300.00 0.226470
136 107 300.00 0.304943
136 490 300.00 0.314820
136 158 300.00 0.228350
386 102 300.00 0.230580
386 342 300.00 0.313883
348 103 300.00 0.465540
348 504 300.00 0.179410
103 348 300.00 0.465540
103 331 300.00 0.469597
103 148 300.00 0.953150
331 103 300.00 0.469597
331 327 300.00 0.459363
331 332 300.00 0.966760
148 103 300.00 0.953150
148 141 300.00 0.174110
148 336 300.00 0.248593
104 532 300.00 0.174587
104 150 300.00 1.031823
532 149 300.00 0.344487
532 556 300.00 0.044877
532 534 300.00 0.048313
150 104 300.00 1.031823
150 476 300.00 0.582150
161 105 300.00 0.228380
161 111 300.00 0.313710
161 139 300.00 0.311570
161 345 300.00 0.233930
393 105 300.00 0.315303
393 139 300.00 0.233600
393 153 300.00 0.228370
393 384 300.00 0.305120
537 105 300.00 0.084333
511 106 300.00 0.506263
511 507 300.00 1.016280
511 512 300.00 0.196287
508 106 300.00 0.091720
508 507 300.00 0.379033
508 509 300.00 0.781487
107 109 300.00 0.226133
107 147 300.00 0.226750
107 136 300.00 0.304943
147 107 300.00 0.226750
147 535 300.00 0.229843
147 158 300.00 0.306790
428 108 300.00 0.085310
428 421 300.00 0.494853
428 485 300.00 0.874683
342 109 300.00 0.230507
342 502 300.00 0.331933
357 110 300.00 0.906123
357 352 300.00 0.287673
357 354 300.00 0.435403
357 356 300.00 0.769540
145 110 300.00 0.703950
145 361 300.00 0.339530
608 606 300.00 0.022753
608 607 300.00 0.550113
346 111 300.00 0.231870
346 345 300.00 0.310817
112 438 300.00 0.240187
140 113 300.00 0.493513
140 354 300.00 0.320300
140 356 300.00 1.378243
113 140 300.00 0.493513
569 114 300.00 0.071377
569 322 300.00 0.055353
545 116 300.00 1.131677
545 122 300.00 0.496253
545 316 300.00 1.409043
174 117 300.00 0.686553
174 176 300.00 0.251210
174 177 300.00 0.240217
117 174 300.00 0.686553
240 239 300.00 0.654523
240 94 300.00 0.482093
475 478 300.00 0.048433
475 474 300.00 0.514347
514 120 300.00 0.034510
514 372 300.00 0.283107
363 368 300.00 0.276983
364 120 300.00 0.958787
364 607 300.00 0.281397
364 370 300.00 0.420343
350 121 300.00 0.397180
350 128 300.00 0.245410
350 351 300.00 0.687727
121 350 300.00 0.397180
121 495 300.00 0.243903
495 144 300.00 0.635563
495 496 300.00 0.052107
495 349 300.00 0.260763
122 317 300.00 0.390773
122 316 300.00 0.676833
122 545 300.00 0.496253
316 122 300.00 0.676833
316 492 300.00 0.329280
316 545 300.00 1.409043
607 123 300.00 0.021300
607 364 300.00 0.281397
123 607 300.00 0.021300
123 606 300.00 0.552827
123 358 300.00 0.458247
606 608 300.00 0.022753
606 110 300.00 0.212200
358 123 300.00 0.458247
358 356 300.00 0.394723
358 359 300.00 0.261200
412 124 300.00 0.233447
412 410 300.00 0.307310
412 411 300.00 0.312427
124 412 300.00 0.233447
124 158 300.00 0.228567
124 130 300.00 0.314650
124 535 300.00 0.304157
158 124 300.00 0.228567
158 136 300.00 0.228350
158 147 300.00 0.306790
158 160 300.00 0.309877
130 124 300.00 0.314650
130 160 300.00 0.226757
130 411 300.00 0.232560
130 154 300.00 0.306577
535 124 300.00 0.304157
535 147 300.00 0.229843
535 410 300.00 0.235237
535 487 300.00 0.233977
142 125 300.00 0.248707
142 128 300.00 0.740387
142 138 300.00 0.242077
142 179 300.00 0.245017
614 125 300.00 0.018247
351 126 300.00 0.402893
351 177 300.00 0.245017
351 350 300.00 0.687727
126 351 300.00 0.402893
175 127 300.00 0.309917
175 132 300.00 0.247257
175 633 300.00 0.588887
127 175 300.00 0.309917
128 350 300.00 0.245410
128 142 300.00 0.740387
128 177 300.00 0.242647
128 144 300.00 0.244507
177 128 300.00 0.242647
177 174 300.00 0.240217
177 351 300.00 0.245017
144 128 300.00 0.244507
144 138 300.00 0.739323
144 141 300.00 0.250063
144 495 300.00 0.635563
160 130 300.00 0.226757
160 157 300.00 0.307770
160 158 300.00 0.309877
160 490 300.00 0.229970
154 130 300.00 0.306577
154 157 300.00 0.231197
154 581 300.00 0.100310
154 534 300.00 0.306807
131 138 300.00 0.245793
131 330 300.00 0.196597
131 493 300.00 0.046637
330 131 300.00 0.196597
330 329 300.00 0.824113
330 332 300.00 0.236810
493 131 300.00 0.046637
493 325 300.00 0.234003
493 544 300.00 0.825213
137 132 300.00 0.503027
384 134 300.00 0.026597
384 393 300.00 0.305120
384 383 300.00 0.232127
134 384 300.00 0.026597
134 98 300.00 0.232133
134 155 300.00 0.305543
155 134 300.00 0.305543
155 151 300.00 0.226400
155 157 300.00 0.236997
155 490 300.00 0.308027
490 136 300.00 0.314820
490 155 300.00 0.308027
490 160 300.00 0.229970
490 392 300.00 0.227750
139 161 300.00 0.311570
139 385 300.00 0.302360
139 393 300.00 0.233600
139 344 300.00 0.228410
344 139 300.00 0.228410
344 195 300.00 0.305870
354 140 300.00 0.320300
354 355 300.00 0.241343
354 357 300.00 0.435403
356 140 300.00 1.378243
356 358 300.00 0.394723
356 357 300.00 0.769540
141 144 300.00 0.250063
141 333 300.00 0.066743
141 148 300.00 0.174110
333 141 300.00 0.066743
333 332 300.00 0.238020
333 334 300.00 0.647327
179 142 300.00 0.245017
179 143 300.00 0.557550
179 176 300.00 0.245230
143 179 300.00 0.557550
361 577 300.00 0.153123
361 366 300.00 0.115600
361 367 300.00 0.082747
383 146 300.00 0.023743
383 153 300.00 0.305553
383 568 300.00 0.221377
146 383 300.00 0.023743
146 157 300.00 0.311237
146 134 300.00 0.229427
157 146 300.00 0.311237
157 154 300.00 0.231197
157 155 300.00 0.236997
157 160 300.00 0.307770
336 335 300.00 0.773157
336 595 300.00 0.038137
336 349 300.00 0.240620
582 149 300.00 0.120787
582 581 300.00 0.012537
582 610 300.00 0.034343
476 477 300.00 0.054873
476 104 300.00 1.042647
394 151 300.00 0.225937
394 400 300.00 0.305443
413 152 300.00 0.310340
413 429 300.00 0.170590
413 431 300.00 0.226413
152 413 300.00 0.310340
152 533 300.00 0.104433
152 422 300.00 0.450460
533 152 300.00 0.104433
533 481 300.00 0.416667
588 153 300.00 0.067333
153 588 300.00 0.067333
153 383 300.00 0.305553
153 159 300.00 0.046810
153 393 300.00 0.228370
159 153 300.00 0.046810
581 154 300.00 0.100310
581 582 300.00 0.012537
581 609 300.00 0.025073
534 154 300.00 0.306807
534 568 300.00 0.025553
534 146 300.00 0.233563
347 156 300.00 0.231303
347 346 300.00 0.322250
345 161 300.00 0.233930
345 344 300.00 0.304307
298 162 300.00 0.355810
162 298 300.00 0.355810
162 164 300.00 3.284460
164 295 300.00 0.275527
164 494 300.00 0.703013
295 163 300.00 0.047903
295 164 300.00 0.275527
295 296 300.00 0.140337
163 295 300.00 0.047903
163 288 300.00 1.096800
163 294 300.00 0.437940
288 163 300.00 1.096800
288 290 300.00 0.147213
288 491 300.00 0.239033
294 163 300.00 0.437940
294 574 300.00 0.201523
494 289 300.00 0.178327
282 165 300.00 0.450367
282 168 300.00 0.507787
282 281 300.00 0.286143
282 283 300.00 0.126343
165 282 300.00 0.450367
167 166 300.00 0.230623
167 287 300.00 0.135407
166 167 300.00 0.230623
166 280 300.00 0.516440
166 286 300.00 0.138263
280 166 300.00 0.516440
280 169 300.00 0.264150
280 616 300.00 0.360593
286 166 300.00 0.138263
286 290 300.00 0.460853
286 287 300.00 0.227983
287 167 300.00 0.135407
287 286 300.00 0.227983
287 291 300.00 0.465447
172 168 300.00 0.989680
172 169 300.00 0.693737
172 173 300.00 0.257433
168 172 300.00 0.989680
168 282 300.00 0.507787
168 169 300.00 0.269640
169 168 300.00 0.269640
169 170 300.00 0.229347
169 280 300.00 0.264150
169 172 300.00 0.693737
170 169 300.00 0.229347
170 529 300.00 0.564320
170 171 300.00 0.301613
170 173 300.00 0.688650
529 170 300.00 0.564320
171 170 300.00 0.301613
173 170 300.00 0.688650
173 172 300.00 0.257433
176 174 300.00 0.251210
176 178 300.00 0.656347
176 179 300.00 0.245230
633 175 300.00 0.588887
178 176 300.00 0.656347
629 628 300.00 0.050917
629 245 300.00 0.434860
187 184 300.00 0.286847
187 390 300.00 0.223537
187 583 300.00 0.120690
184 187 300.00 0.286847
486 186 300.00 0.035330
486 485 300.00 0.104043
186 486 300.00 0.035330
186 223 300.00 0.306100
186 551 300.00 0.061893
390 187 300.00 0.223537
390 389 300.00 0.048013
390 391 300.00 0.289097
190 201 300.00 0.032083
190 197 300.00 0.059617
201 596 300.00 0.021587
197 192 300.00 0.148927
617 618 300.00 0.129667
617 27 300.00 0.049723
193 190 300.00 0.084020
193 197 300.00 0.111953
194 193 300.00 0.591383
195 343 300.00 0.026963
195 385 300.00 0.227770
251 618 300.00 0.050627
251 27 300.00 0.129467
198 497 300.00 0.532747
199 522 300.00 0.122473
199 204 300.00 0.973833
522 658 300.00 0.011743
204 396 300.00 0.117173
200 207 300.00 0.605163
200 395 300.00 0.164843
207 188 300.00 0.879970
596 589 300.00 0.032087
596 182 300.00 0.199970
202 397 300.00 0.178860
397 522 300.00 1.044080
397 204 300.00 0.162040
649 203 300.00 0.644880
649 648 300.00 0.155513
649 650 300.00 0.161880
203 649 300.00 0.644880
203 515 300.00 0.372420
515 516 300.00 0.036040
515 518 300.00 0.312797
396 208 300.00 0.316063
396 202 300.00 0.164263
206 202 300.00 0.327117
208 205 300.00 1.691260
253 211 300.00 0.173043
253 213 300.00 0.389150
253 252 300.00 0.169927
253 656 300.00 0.369933
218 212 300.00 0.049843
218 216 300.00 0.176043
218 653 300.00 0.357080
215 217 300.00 0.172473
215 655 300.00 0.024283
656 214 300.00 0.025177
656 253 300.00 0.369933
656 657 300.00 0.171707
217 219 300.00 0.174617
217 654 300.00 0.024773
655 215 300.00 0.024283
655 252 300.00 0.370263
655 656 300.00 0.174127
654 216 300.00 0.361770
654 217 300.00 0.024773
654 655 300.00 0.172410
216 654 300.00 0.361770
216 218 300.00 0.176043
216 252 300.00 0.171817
219 5 300.00 0.173927
219 653 300.00 0.025683
653 218 300.00 0.357080
653 219 300.00 0.025683
653 654 300.00 0.174817
221 220 300.00 0.161863
221 222 300.00 0.197030
221 437 300.00 0.050373
250 220 300.00 0.737587
222 221 300.00 0.197030
437 221 300.00 0.050373
225 242 300.00 0.540633
225 247 300.00 0.178937
247 225 300.00 0.178937
247 246 300.00 0.485977
247 248 300.00 0.298170
228 226 300.00 0.188447
228 85 300.00 0.155330
228 229 300.00 0.200943
229 228 300.00 0.200943
229 231 300.00 0.161020
229 230 300.00 0.200753
425 232 300.00 1.163750
425 632 300.00 0.019897
425 602 300.00 0.040223
232 425 300.00 1.163750
638 233 300.00 0.377020
238 234 300.00 0.200060
238 645 300.00 0.403777
238 646 300.00 0.464680
236 646 300.00 0.093683
237 645 300.00 0.100320
239 240 300.00 0.654523
241 16 300.00 0.033230
241 244 300.00 0.744173
244 246 300.00 0.176120
244 225 300.00 0.475367
598 599 300.00 0.034377
598 18 300.00 0.676383
246 247 300.00 0.485977
246 249 300.00 0.299250
249 245 300.00 0.052233
249 628 300.00 0.433890
245 249 300.00 0.052233
245 20 300.00 0.481937
248 20 300.00 0.053763
248 249 300.00 0.485993
628 629 300.00 0.050917
618 198 300.00 0.177833
254 377 300.00 0.299247
254 257 300.00 0.306793
254 255 300.00 0.311930
337 256 300.00 0.565917
337 500 300.00 0.196770
259 408 300.00 1.321617
259 260 300.00 0.031377
408 407 300.00 0.032507
408 405 300.00 0.678133
408 409 300.00 0.402197
260 259 300.00 0.031377
418 261 300.00 0.037593
418 454 300.00 0.507970
418 458 300.00 1.925240
261 418 300.00 0.037593
261 472 300.00 0.281733
472 552 300.00 0.592437
526 262 300.00 0.149320
526 263 300.00 0.228973
526 279 300.00 0.170557
262 526 300.00 0.149320
262 399 300.00 0.389007
399 262 300.00 0.389007
399 265 300.00 0.323930
399 273 300.00 0.164930
399 398 300.00 0.318270
266 263 300.00 0.319823
266 264 300.00 0.214017
266 267 300.00 0.535003
263 266 300.00 0.319823
263 273 300.00 0.213583
263 526 300.00 0.228973
273 263 300.00 0.213583
273 271 300.00 0.331043
273 399 300.00 0.164930
275 264 300.00 0.527610
275 267 300.00 0.290313
275 269 300.00 0.258757
264 275 300.00 0.527610
264 266 300.00 0.214017
271 265 300.00 0.107743
271 267 300.00 0.271403
271 273 300.00 0.331043
271 272 300.00 0.393687
265 271 300.00 0.107743
265 399 300.00 0.323930
265 276 300.00 0.334147
276 265 300.00 0.334147
276 398 300.00 0.335347
276 277 300.00 0.325353
267 266 300.00 0.535003
267 271 300.00 0.271403
267 275 300.00 0.290313
269 268 300.00 0.321783
269 275 300.00 0.258757
268 269 300.00 0.321783
272 271 300.00 0.393687
398 274 300.00 0.282780
398 276 300.00 0.335347
398 399 300.00 0.318270
274 398 300.00 0.282780
277 276 300.00 0.325353
279 526 300.00 0.170557
616 280 300.00 0.360593
281 282 300.00 0.286143
283 282 300.00 0.126343
283 285 300.00 0.671153
283 284 300.00 0.445687
285 283 300.00 0.671153
284 283 300.00 0.445687
290 286 300.00 0.460853
290 288 300.00 0.147213
290 291 300.00 0.225937
291 287 300.00 0.465447
291 290 300.00 0.225937
291 491 300.00 0.149270
491 288 300.00 0.239033
491 291 300.00 0.149270
491 292 300.00 0.083237
491 574 300.00 0.250757
292 289 300.00 0.236173
292 491 300.00 0.083237
292 293 300.00 0.285977
289 292 300.00 0.236173
293 292 300.00 0.285977
574 294 300.00 0.201523
574 491 300.00 0.250757
296 295 300.00 0.140337
299 297 300.00 0.481870
297 299 300.00 0.481870
297 162 300.00 0.317483
301 300 300.00 0.575237
300 301 300.00 0.575237
300 297 300.00 0.265800
304 303 300.00 0.329153
303 304 300.00 0.329153
303 572 300.00 2.365790
572 303 300.00 2.365790
572 306 300.00 0.413207
572 311 300.00 0.430077
306 305 300.00 0.477363
306 572 300.00 0.413207
306 307 300.00 0.347887
305 306 300.00 0.477363
307 306 300.00 0.347887
571 308 300.00 0.192360
571 489 300.00 0.072207
571 570 300.00 0.211983
308 571 300.00 0.192360
570 309 300.00 0.223570
570 310 300.00 0.150200
570 571 300.00 0.211983
309 570 300.00 0.223570
309 489 300.00 0.156057
309 311 300.00 0.169747
489 309 300.00 0.156057
489 571 300.00 0.072207
489 530 300.00 0.503213
489 575 300.00 0.275417
311 309 300.00 0.169747
311 572 300.00 0.430077
311 312 300.00 0.491097
310 570 300.00 0.150200
312 311 300.00 0.491097
314 313 300.00 0.295807
564 315 300.00 0.009017
564 563 300.00 2.274403
564 601 300.00 0.336860
315 564 300.00 0.009017
320 317 300.00 0.928253
320 492 300.00 0.401397
320 456 300.00 0.053540
420 319 300.00 0.058127
420 419 300.00 0.845797
420 470 300.00 0.873227
319 420 300.00 0.058127
319 321 300.00 2.417007
319 320 300.00 0.891600
474 321 300.00 1.515647
474 471 300.00 1.279030
322 451 300.00 0.300893
322 323 300.00 0.530353
323 322 300.00 0.530353
324 325 300.00 0.804353
630 326 300.00 0.182070
630 328 300.00 0.016370
630 641 300.00 0.024000
326 630 300.00 0.182070
327 331 300.00 0.459363
327 328 300.00 0.205403
327 478 300.00 0.498757
327 615 300.00 0.122683
328 327 300.00 0.205403
328 630 300.00 0.016370
328 642 300.00 0.022430
478 327 300.00 0.498757
478 475 300.00 0.048433
478 119 300.00 0.085703
615 327 300.00 0.122683
642 328 300.00 0.022430
329 330 300.00 0.824113
332 330 300.00 0.236810
332 331 300.00 0.966760
332 333 300.00 0.238020
334 333 300.00 0.647327
335 336 300.00 0.773157
595 336 300.00 0.038137
595 148 300.00 0.235080
349 594 300.00 0.325990
349 595 300.00 0.236107
500 338 300.00 0.616790
339 423 300.00 0.625917
339 337 300.00 0.420597
538 623 300.00 0.028287
538 624 300.00 0.011997
502 531 300.00 0.527620
504 503 300.00 0.128847
594 506 300.00 0.142627
353 352 300.00 0.186530
353 353 300.00 0.674120
352 353 300.00 0.186530
352 513 300.00 0.223047
352 357 300.00 0.287673
513 352 300.00 0.223047
513 509 300.00 0.076770
513 510 300.00 1.284350
355 354 300.00 0.241343
355 355 300.00 1.247567
359 358 300.00 0.261200
359 359 300.00 1.192957
577 361 300.00 0.153123
366 365 300.00 0.077733
366 576 300.00 0.462103
367 371 300.00 0.249650
365 362 300.00 0.158470
365 367 300.00 0.115603
365 366 300.00 0.077733
362 365 300.00 0.158470
368 370 300.00 0.127120
368 369 300.00 0.110937
370 364 300.00 0.420343
370 369 300.00 0.202383
576 366 300.00 0.462103
371 363 300.00 0.037190
371 514 300.00 0.210500
369 145 300.00 0.235807
373 372 300.00 0.210127
373 373 300.00 0.763270
372 373 300.00 0.210127
372 541 300.00 0.342377
524 374 300.00 0.423883
524 523 300.00 0.922660
374 524 300.00 0.423883
374 512 300.00 0.876583
374 448 300.00 0.439850
512 374 300.00 0.876583
512 511 300.00 0.196287
512 523 300.00 0.253840
448 374 300.00 0.439850
448 447 300.00 1.393390
448 541 300.00 0.402947
496 375 300.00 0.536217
496 495 300.00 0.052107
496 121 300.00 0.272090
375 496 300.00 0.536217
379 378 300.00 0.155847
379 380 300.00 0.169793
379 592 300.00 0.018070
593 378 300.00 0.017330
380 379 300.00 0.169793
380 591 300.00 0.017953
380 382 300.00 0.117617
592 379 300.00 0.018070
591 380 300.00 0.017953
382 380 300.00 0.117617
382 381 300.00 0.166990
382 601 300.00 1.682233
381 382 300.00 0.166990
568 534 300.00 0.025553
568 556 300.00 0.032167
531 387 300.00 0.228093
531 501 300.00 0.222453
387 531 300.00 0.228093
387 389 300.00 0.187810
387 388 300.00 0.289907
388 387 300.00 0.289907
391 390 300.00 0.289097
400 392 300.00 0.226083
400 386 300.00 0.317010
401 402 300.00 0.279587
401 406 300.00 0.025797
402 403 300.00 0.036957
402 550 300.00 0.354953
406 415 300.00 0.064670
403 404 300.00 0.031553
550 460 300.00 0.031777
550 416 300.00 0.494877
550 558 300.00 0.186887
404 405 300.00 0.035730
404 407 300.00 0.678390
405 402 300.00 0.031107
405 406 300.00 0.287790
407 408 300.00 0.032507
407 260 300.00 1.324013
410 535 300.00 0.235237
410 429 300.00 0.070657
410 412 300.00 0.307310
429 410 300.00 0.070657
429 413 300.00 0.170590
429 430 300.00 0.023983
431 413 300.00 0.226413
431 414 300.00 0.047630
431 639 300.00 0.015503
414 431 300.00 0.047630
643 559 300.00 0.059997
643 644 300.00 0.048580
416 459 300.00 0.141233
416 461 300.00 0.428087
459 458 300.00 0.041950
459 549 300.00 0.123817
461 416 300.00 0.428087
461 417 300.00 0.218550
461 465 300.00 0.120027
549 417 300.00 0.204347
549 548 300.00 1.119547
417 549 300.00 0.204347
417 461 300.00 0.218550
417 463 300.00 0.616577
463 417 300.00 0.616577
463 462 300.00 0.452303
463 464 300.00 0.019753
454 418 300.00 0.507970
454 419 300.00 0.374813
454 455 300.00 0.086840
458 457 300.00 1.035927
458 460 300.00 0.632507
458 459 300.00 0.041950
470 476 300.00 0.051033
470 469 300.00 0.133873
536 421 300.00 0.878427
536 555 300.00 0.036083
536 483 300.00 0.739787
480 422 300.00 0.601770
480 552 300.00 0.053640
480 150 300.00 0.305293
637 423 300.00 0.025843
611 424 300.00 0.263427
602 425 300.00 0.040223
485 428 300.00 0.874683
485 484 300.00 0.036457
485 536 300.00 0.490743
430 429 300.00 0.023983
639 431 300.00 0.015503
432 435 300.00 0.045447
432 604 300.00 0.027123
432 50 300.00 0.223350
604 432 300.00 0.027123
434 433 300.00 0.322690
433 434 300.00 0.322690
433 540 300.00 0.311130
433 543 300.00 0.506590
540 433 300.00 0.311130
540 612 300.00 0.045743
540 436 300.00 0.217730
543 433 300.00 0.506590
543 626 300.00 1.067750
543 565 300.00 0.300070
605 435 300.00 0.021477
436 539 300.00 0.152720
436 635 300.00 0.728037
635 436 300.00 0.728037
439 438 300.00 0.217507
640 440 300.00 0.019937
442 441 300.00 0.213020
566 443 300.00 0.644693
444 443 300.00 0.165587
603 445 300.00 0.049307
603 519 300.00 0.032670
603 520 300.00 0.186960
519 446 300.00 0.813320
519 603 300.00 0.032670
519 521 300.00 1.266007
446 519 300.00 0.813320
446 447 300.00 0.236667
446 449 300.00 1.139760
562 449 300.00 1.192947
453 644 300.00 0.052517
453 473 300.00 0.037547
453 559 300.00 0.037790
644 72 300.00 0.246377
559 453 300.00 0.037790
559 401 300.00 0.042530
455 454 300.00 0.086840
457 458 300.00 1.035927
460 550 300.00 0.031777
460 403 300.00 0.339947
465 461 300.00 0.120027
465 464 300.00 0.373297
465 554 300.00 0.865837
465 466 300.00 0.364270
548 462 300.00 0.120467
548 547 300.00 0.366030
462 548 300.00 0.120467
462 553 300.00 0.843660
462 463 300.00 0.452303
553 462 300.00 0.843660
553 481 300.00 0.046870
553 554 300.00 0.682567
464 463 300.00 0.019753
464 467 300.00 0.244860
464 465 300.00 0.373297
467 464 300.00 0.244860
467 467 300.00 1.194693
554 465 300.00 0.865837
554 555 300.00 0.738573
466 465 300.00 0.364270
466 468 300.00 0.243187
466 558 300.00 0.370347
468 466 300.00 0.243187
468 468 300.00 1.197240
558 466 300.00 0.370347
558 479 300.00 0.407693
558 550 300.00 0.186887
469 472 300.00 0.168040
469 418 300.00 0.451543
471 470 300.00 0.053857
471 319 300.00 0.853977
552 480 300.00 0.053640
552 547 300.00 0.573313
552 553 300.00 0.361287
479 473 300.00 0.304313
479 558 300.00 0.407693
479 555 300.00 0.461283
477 471 300.00 0.049947
477 478 300.00 1.805183
555 479 300.00 0.461283
555 536 300.00 0.036083
555 484 300.00 0.489300
481 553 300.00 0.046870
481 480 300.00 0.358837
482 533 300.00 0.221190
483 488 300.00 0.884043
483 482 300.00 0.037350
484 485 300.00 0.036457
484 186 300.00 0.104457
487 482 300.00 0.883810
487 535 300.00 0.233977
487 488 300.00 0.028830
587 586 300.00 0.031880
587 585 300.00 0.025690
530 489 300.00 0.503213
575 489 300.00 0.275417
544 493 300.00 0.825213
501 341 300.00 0.138113
503 347 300.00 0.619393
505 348 300.00 0.316980
506 505 300.00 0.163717
507 508 300.00 0.379033
507 510 300.00 0.842187
507 511 300.00 1.016280
510 507 300.00 0.842187
510 509 300.00 0.289080
510 513 300.00 1.284350
509 508 300.00 0.781487
509 513 300.00 0.076770
509 510 300.00 0.289080
523 512 300.00 0.253840
523 524 300.00 0.922660
516 515 300.00 0.036040
516 203 300.00 0.422673
518 517 300.00 0.032050
518 573 300.00 0.138160
517 518 300.00 0.032050
517 516 300.00 0.308697
573 200 300.00 0.048703
658 590 300.00 0.051243
658 41 300.00 3.168943
527 528 300.00 0.322463
556 532 300.00 0.044877
556 477 300.00 1.240543
623 339 300.00 0.317447
565 543 300.00 0.300070
547 261 300.00 0.295423
547 552 300.00 0.573313
620 561 300.00 0.045657
563 564 300.00 2.274403
578 580 300.00 0.587897
579 580 300.00 0.306320
609 581 300.00 0.025073
610 582 300.00 0.034343
597 583 300.00 0.019080
584 586 300.00 0.023427
586 587 300.00 0.031880
586 487 300.00 0.654377
590 659 300.00 0.009250
659 573 300.00 0.083683
659 517 300.00 0.178927
621 622 300.00 0.045917
634 625 300.00 0.145560
641 630 300.00 0.024000
631 632 300.00 0.041633
648 649 300.00 0.155513
650 649 300.00 0.161880
