0 688 300.00 0.032977
688 32 300.00 0.011130
1 14 300.00 0.177217
14 16 300.00 0.380987
2 26 300.00 0.128763
2 536 300.00 0.381710
26 514 300.00 0.138853
26 669 300.00 0.193540
536 2 300.00 0.381710
536 601 300.00 0.306237
536 624 300.00 0.289867
63 3 300.00 0.774963
63 24 300.00 0.272110
63 61 300.00 0.353020
63 557 300.00 0.175123
3 63 300.00 0.774963
451 4 300.00 0.163630
451 248 300.00 0.101303
451 452 300.00 0.224543
4 451 300.00 0.163630
479 5 300.00 0.096590
479 233 300.00 0.169523
479 480 300.00 0.245387
5 479 300.00 0.096590
5 603 300.00 0.546003
5 250 300.00 0.272767
603 5 300.00 0.546003
603 252 300.00 0.560583
603 493 300.00 0.099837
603 495 300.00 0.167047
250 5 300.00 0.272767
250 455 300.00 0.095500
250 255 300.00 0.552157
433 6 300.00 0.170183
433 8 300.00 0.098020
433 434 300.00 0.230210
6 433 300.00 0.170183
6 437 300.00 0.093130
6 261 300.00 0.555020
437 6 300.00 0.093130
437 689 300.00 0.151893
437 438 300.00 0.216807
261 6 300.00 0.555020
261 606 300.00 0.554597
261 435 300.00 0.098377
261 445 300.00 0.096023
251 7 300.00 0.265360
251 242 300.00 0.262553
251 246 300.00 0.557020
251 256 300.00 0.507457
7 251 300.00 0.265360
7 382 300.00 0.273033
7 383 300.00 0.553897
382 7 300.00 0.273033
382 381 300.00 0.267980
382 607 300.00 0.462173
383 246 300.00 0.268027
383 262 300.00 0.272413
383 249 300.00 0.554233
265 8 300.00 0.550907
265 10 300.00 0.551513
265 423 300.00 0.094530
265 441 300.00 0.093370
8 265 300.00 0.550907
8 421 300.00 0.164017
8 433 300.00 0.098020
421 8 300.00 0.164017
421 268 300.00 0.090207
421 422 300.00 0.221553
606 9 300.00 0.555713
606 261 300.00 0.554597
606 443 300.00 0.099687
606 457 300.00 0.094443
9 606 300.00 0.555713
9 270 300.00 0.558263
9 459 300.00 0.161750
9 463 300.00 0.099043
270 9 300.00 0.558263
270 264 300.00 0.269700
270 378 300.00 0.553697
270 278 300.00 0.263550
459 9 300.00 0.161750
459 263 300.00 0.103407
459 460 300.00 0.238043
463 9 300.00 0.099043
463 273 300.00 0.165777
463 464 300.00 0.247857
273 10 300.00 0.558133
273 278 300.00 0.560977
273 467 300.00 0.103787
273 463 300.00 0.165777
10 273 300.00 0.558133
10 265 300.00 0.551513
10 461 300.00 0.091910
10 429 300.00 0.097933
461 10 300.00 0.091910
461 443 300.00 0.073997
461 462 300.00 0.230083
429 10 300.00 0.097933
429 465 300.00 0.076987
429 430 300.00 0.229143
106 11 300.00 0.616943
106 578 300.00 0.196593
106 110 300.00 0.275043
106 575 300.00 0.135303
11 106 300.00 0.616943
642 12 300.00 0.173080
12 642 300.00 0.173080
12 294 300.00 0.558533
12 303 300.00 0.262440
12 292 300.00 0.266343
294 12 300.00 0.558533
294 287 300.00 0.263390
294 318 300.00 0.556850
294 300 300.00 0.264680
303 12 300.00 0.262440
303 300 300.00 0.554950
303 643 300.00 0.514443
303 309 300.00 0.274117
292 12 300.00 0.266343
292 282 300.00 0.268280
292 287 300.00 0.566797
292 675 300.00 0.540810
475 13 300.00 0.098797
475 295 300.00 0.166827
475 476 300.00 0.233140
13 475 300.00 0.098797
13 685 300.00 0.256777
13 413 300.00 0.270523
13 321 300.00 0.555560
685 13 300.00 0.256777
685 374 300.00 0.179977
685 684 300.00 0.558900
685 737 300.00 0.571407
413 13 300.00 0.270523
413 297 300.00 0.298480
413 412 300.00 0.129433
321 13 300.00 0.555560
321 308 300.00 0.553387
321 684 300.00 0.244450
321 477 300.00 0.180020
16 14 300.00 0.380987
16 17 300.00 0.274157
15 27 300.00 0.202803
15 1 300.00 0.472460
27 17 300.00 0.774547
27 31 300.00 0.277163
17 18 300.00 0.266407
18 19 300.00 0.268347
18 31 300.00 0.776770
19 524 300.00 0.499850
19 20 300.00 0.263607
31 18 300.00 0.776770
31 27 300.00 0.277163
31 514 300.00 0.556917
31 515 300.00 0.201803
524 19 300.00 0.499850
524 520 300.00 0.132490
524 525 300.00 0.276620
20 525 300.00 0.438630
20 21 300.00 0.265040
525 20 300.00 0.438630
525 521 300.00 0.119133
525 524 300.00 0.276620
525 526 300.00 0.298093
21 526 300.00 0.304990
21 22 300.00 0.261657
526 21 300.00 0.304990
526 522 300.00 0.104157
526 525 300.00 0.298093
526 527 300.00 0.280687
22 670 300.00 0.029087
22 527 300.00 0.225380
670 532 300.00 0.185080
527 526 300.00 0.280687
527 523 300.00 0.117873
527 531 300.00 0.034250
530 23 300.00 0.234343
530 50 300.00 0.538113
530 529 300.00 0.270153
23 530 300.00 0.234343
23 58 300.00 0.263943
58 55 300.00 0.774913
58 25 300.00 0.262887
24 63 300.00 0.272110
24 55 300.00 0.263627
24 57 300.00 0.436510
24 554 300.00 0.588063
55 24 300.00 0.263627
55 50 300.00 0.270117
55 53 300.00 0.526673
55 58 300.00 0.774913
57 24 300.00 0.436510
57 53 300.00 0.282800
57 541 300.00 0.114270
57 61 300.00 0.280337
554 24 300.00 0.588063
554 25 300.00 0.177127
554 555 300.00 0.126027
25 3 300.00 0.269877
25 554 300.00 0.177127
514 26 300.00 0.138853
514 31 300.00 0.556917
514 516 300.00 0.200120
669 15 300.00 0.174940
601 28 300.00 0.163263
601 34 300.00 0.266287
601 535 300.00 0.366503
601 536 300.00 0.306237
28 601 300.00 0.163263
28 2 300.00 0.490857
33 29 300.00 0.196310
33 30 300.00 0.455463
33 34 300.00 0.554933
33 37 300.00 0.265877
29 33 300.00 0.196310
29 535 300.00 0.197560
535 735 300.00 0.070303
535 601 300.00 0.366503
30 29 300.00 0.488337
30 33 300.00 0.455463
515 31 300.00 0.201803
515 35 300.00 0.059520
515 516 300.00 0.561883
673 32 300.00 0.515593
673 660 300.00 0.054070
673 672 300.00 0.208157
32 673 300.00 0.515593
32 733 300.00 0.277103
733 672 300.00 0.216767
34 33 300.00 0.554933
34 39 300.00 0.255930
34 601 300.00 0.266287
34 624 300.00 0.268917
37 33 300.00 0.265877
37 660 300.00 0.554657
37 39 300.00 0.552300
37 41 300.00 0.255810
39 34 300.00 0.255930
39 37 300.00 0.552300
39 537 300.00 0.353147
39 43 300.00 0.270893
624 34 300.00 0.268917
624 536 300.00 0.289867
624 537 300.00 0.260703
520 35 300.00 0.148183
520 524 300.00 0.132490
520 521 300.00 0.281313
35 520 300.00 0.148183
35 517 300.00 0.073957
35 515 300.00 0.059520
517 35 300.00 0.073957
517 40 300.00 0.189393
517 518 300.00 0.556373
38 36 300.00 0.154020
38 40 300.00 0.556970
38 42 300.00 0.266600
38 518 300.00 0.196113
36 38 300.00 0.154020
36 519 300.00 0.265200
36 518 300.00 0.316157
519 36 300.00 0.265200
519 537 300.00 0.089907
519 528 300.00 0.011020
518 36 300.00 0.316157
518 38 300.00 0.196113
518 516 300.00 0.129730
518 517 300.00 0.556373
660 37 300.00 0.554657
660 659 300.00 0.272567
660 673 300.00 0.054070
41 37 300.00 0.255810
41 534 300.00 0.036230
41 659 300.00 0.559357
40 38 300.00 0.556970
40 521 300.00 0.214203
40 44 300.00 0.270897
40 517 300.00 0.189393
42 38 300.00 0.266600
42 528 300.00 0.104160
42 44 300.00 0.554920
537 39 300.00 0.353147
537 519 300.00 0.089907
537 538 300.00 0.346373
537 624 300.00 0.260703
43 39 300.00 0.270893
43 41 300.00 0.552630
43 533 300.00 0.026230
521 40 300.00 0.214203
521 520 300.00 0.281313
521 525 300.00 0.119133
521 522 300.00 0.301900
44 40 300.00 0.270897
44 42 300.00 0.554920
44 522 300.00 0.364467
44 46 300.00 0.257947
534 41 300.00 0.036230
534 202 300.00 0.266603
534 533 300.00 0.552953
659 41 300.00 0.559357
659 658 300.00 0.276007
659 660 300.00 0.272567
528 42 300.00 0.104160
528 45 300.00 0.356077
528 519 300.00 0.011020
533 43 300.00 0.026230
533 205 300.00 0.263300
533 677 300.00 0.391750
522 44 300.00 0.364467
522 521 300.00 0.301900
522 526 300.00 0.104157
522 523 300.00 0.279950
46 44 300.00 0.257947
46 45 300.00 0.424153
46 602 300.00 0.027533
45 538 300.00 0.134907
45 317 300.00 0.031283
45 528 300.00 0.356077
538 537 300.00 0.346373
538 676 300.00 0.156703
538 539 300.00 0.029740
317 45 300.00 0.031283
317 48 300.00 0.283017
317 679 300.00 0.230887
602 46 300.00 0.027533
602 50 300.00 0.260233
602 529 300.00 0.445630
651 47 300.00 0.540573
651 661 300.00 0.317980
651 658 300.00 0.286127
47 651 300.00 0.540573
47 49 300.00 0.552360
47 52 300.00 0.262763
47 202 300.00 0.269153
49 47 300.00 0.552360
49 54 300.00 0.264030
49 205 300.00 0.264870
49 51 300.00 0.447297
52 47 300.00 0.262763
52 56 300.00 0.257890
52 661 300.00 0.349020
52 54 300.00 0.566567
202 47 300.00 0.269153
202 205 300.00 0.553810
202 534 300.00 0.266603
202 658 300.00 0.561277
678 48 300.00 0.333510
678 50 300.00 0.188513
678 679 300.00 0.259490
48 678 300.00 0.333510
48 540 300.00 0.090857
48 53 300.00 0.275223
48 317 300.00 0.283017
540 48 300.00 0.090857
540 51 300.00 0.266233
540 205 300.00 0.490323
540 539 300.00 0.266807
53 48 300.00 0.275223
53 55 300.00 0.526673
53 57 300.00 0.282800
54 49 300.00 0.264030
54 52 300.00 0.566567
54 59 300.00 0.258707
54 541 300.00 0.557430
205 49 300.00 0.264870
205 202 300.00 0.553810
205 533 300.00 0.263300
205 540 300.00 0.490323
51 49 300.00 0.447297
51 541 300.00 0.299873
51 540 300.00 0.266233
50 678 300.00 0.188513
50 530 300.00 0.538113
50 55 300.00 0.270117
50 602 300.00 0.260233
541 51 300.00 0.299873
541 54 300.00 0.557430
541 57 300.00 0.114270
541 542 300.00 0.282100
56 52 300.00 0.257890
56 724 300.00 0.031030
56 650 300.00 0.220480
661 52 300.00 0.349020
661 650 300.00 0.296477
661 651 300.00 0.317980
59 54 300.00 0.258707
59 725 300.00 0.029927
59 56 300.00 0.554273
724 56 300.00 0.031030
724 60 300.00 0.256317
724 725 300.00 0.555237
650 719 300.00 0.022457
650 718 300.00 0.033493
650 661 300.00 0.296477
61 57 300.00 0.280337
61 556 300.00 0.173177
61 542 300.00 0.086560
61 63 300.00 0.353020
725 59 300.00 0.029927
725 62 300.00 0.270213
725 723 300.00 0.045623
62 60 300.00 0.558957
62 66 300.00 0.254680
62 725 300.00 0.270213
62 543 300.00 0.639523
60 62 300.00 0.558957
60 64 300.00 0.271343
60 724 300.00 0.256317
64 60 300.00 0.271343
64 545 300.00 0.190957
64 68 300.00 0.259090
556 61 300.00 0.173177
556 65 300.00 0.110457
556 557 300.00 0.336690
542 61 300.00 0.086560
542 541 300.00 0.282100
542 723 300.00 0.622530
542 543 300.00 0.291973
66 62 300.00 0.254680
66 72 300.00 0.263857
66 69 300.00 0.665663
66 547 300.00 0.189130
543 62 300.00 0.639523
543 65 300.00 0.114957
543 542 300.00 0.291973
543 550 300.00 0.269200
557 63 300.00 0.175123
557 67 300.00 0.106580
557 556 300.00 0.336690
545 64 300.00 0.190957
545 544 300.00 0.260913
545 547 300.00 0.172257
68 64 300.00 0.259090
68 544 300.00 0.184497
68 548 300.00 0.232110
65 556 300.00 0.110457
65 67 300.00 0.336683
65 543 300.00 0.114957
65 71 300.00 0.268050
67 65 300.00 0.336683
67 70 300.00 0.662563
67 74 300.00 0.268097
67 557 300.00 0.106580
71 65 300.00 0.268050
71 74 300.00 0.280220
71 550 300.00 0.112977
71 560 300.00 0.306140
72 66 300.00 0.263857
72 546 300.00 0.204520
72 73 300.00 0.034070
69 66 300.00 0.665663
69 550 300.00 0.035623
69 76 300.00 0.279783
547 66 300.00 0.189130
547 545 300.00 0.172257
547 546 300.00 0.260000
70 67 300.00 0.662563
74 67 300.00 0.268097
74 71 300.00 0.280220
74 75 300.00 0.074530
544 68 300.00 0.184497
544 546 300.00 0.168220
544 545 300.00 0.260913
548 68 300.00 0.232110
548 549 300.00 0.056757
548 654 300.00 0.578327
550 69 300.00 0.035623
550 71 300.00 0.112977
550 543 300.00 0.269200
550 553 300.00 0.346233
76 69 300.00 0.279783
76 73 300.00 0.643407
76 79 300.00 0.317280
76 551 300.00 0.157740
560 71 300.00 0.306140
560 80 300.00 0.248987
560 559 300.00 0.131140
546 72 300.00 0.204520
546 544 300.00 0.168220
546 547 300.00 0.260000
73 72 300.00 0.034070
73 76 300.00 0.643407
73 77 300.00 0.272433
77 73 300.00 0.272433
77 81 300.00 0.255620
77 79 300.00 0.620067
75 74 300.00 0.074530
75 558 300.00 0.143207
558 75 300.00 0.143207
558 559 300.00 0.020367
558 563 300.00 0.347180
79 76 300.00 0.317280
79 77 300.00 0.620067
79 83 300.00 0.257393
79 82 300.00 0.518790
551 76 300.00 0.157740
551 552 300.00 0.140343
551 553 300.00 0.075063
81 77 300.00 0.255620
81 84 300.00 0.275073
81 83 300.00 0.597283
81 714 300.00 0.464360
562 78 300.00 0.330850
562 565 300.00 0.094897
562 563 300.00 0.129793
562 570 300.00 0.118860
78 562 300.00 0.330850
78 559 300.00 0.111303
78 80 300.00 0.117937
559 78 300.00 0.111303
559 558 300.00 0.020367
559 560 300.00 0.131140
80 78 300.00 0.117937
80 560 300.00 0.248987
80 82 300.00 0.153080
80 561 300.00 0.317573
83 79 300.00 0.257393
83 81 300.00 0.597283
83 85 300.00 0.529930
83 86 300.00 0.267487
82 79 300.00 0.518790
82 80 300.00 0.153080
82 572 300.00 0.575437
82 553 300.00 0.424157
82 85 300.00 0.268180
561 80 300.00 0.317573
561 570 300.00 0.035807
561 564 300.00 0.106030
84 81 300.00 0.275073
84 88 300.00 0.272070
84 86 300.00 0.577287
84 654 300.00 0.535237
714 81 300.00 0.464360
572 82 300.00 0.575437
572 89 300.00 0.201567
572 573 300.00 0.377007
553 82 300.00 0.424157
553 550 300.00 0.346233
553 551 300.00 0.075063
85 82 300.00 0.268180
85 83 300.00 0.529930
85 89 300.00 0.560250
85 90 300.00 0.274483
86 83 300.00 0.267487
86 84 300.00 0.577287
86 91 300.00 0.274167
86 90 300.00 0.536020
88 84 300.00 0.272070
88 93 300.00 0.280390
88 653 300.00 0.508460
654 84 300.00 0.535237
654 548 300.00 0.578327
654 653 300.00 0.279477
89 85 300.00 0.560250
89 94 300.00 0.275843
89 572 300.00 0.201567
89 573 300.00 0.318620
90 85 300.00 0.274483
90 86 300.00 0.536020
90 94 300.00 0.554533
90 95 300.00 0.266227
91 86 300.00 0.274167
91 96 300.00 0.269363
91 88 300.00 0.560673
87 574 300.00 0.224087
574 92 300.00 0.066880
93 88 300.00 0.280390
93 619 300.00 0.265157
93 96 300.00 0.573283
653 594 300.00 0.275963
653 592 300.00 0.065120
653 654 300.00 0.279477
94 89 300.00 0.275843
94 90 300.00 0.554533
94 98 300.00 0.272093
94 97 300.00 0.569357
573 89 300.00 0.318620
573 92 300.00 0.247880
573 572 300.00 0.377007
95 90 300.00 0.266227
95 91 300.00 0.557010
95 99 300.00 0.266703
96 91 300.00 0.269363
96 608 300.00 0.274447
96 99 300.00 0.556907
92 97 300.00 0.245180
92 573 300.00 0.247880
97 94 300.00 0.569357
97 100 300.00 0.273233
619 93 300.00 0.265157
619 576 300.00 0.168847
619 583 300.00 0.342460
619 584 300.00 0.119083
98 94 300.00 0.272093
98 687 300.00 0.368867
98 103 300.00 0.270707
99 95 300.00 0.266703
99 103 300.00 0.559477
99 610 300.00 0.273337
608 96 300.00 0.274447
608 104 300.00 0.260953
608 581 300.00 0.133007
608 610 300.00 0.558490
100 105 300.00 0.269653
100 98 300.00 0.571490
687 686 300.00 0.219083
687 95 300.00 0.183437
103 98 300.00 0.270707
103 589 300.00 0.389063
103 621 300.00 0.269563
610 99 300.00 0.273337
610 107 300.00 0.272547
610 608 300.00 0.558490
610 621 300.00 0.567183
105 622 300.00 0.266057
102 101 300.00 0.040910
102 577 300.00 0.151583
102 575 300.00 0.132903
101 102 300.00 0.040910
101 585 300.00 0.545913
101 584 300.00 0.147073
585 101 300.00 0.545913
585 583 300.00 0.126630
585 584 300.00 0.374163
584 101 300.00 0.147073
584 619 300.00 0.119083
584 585 300.00 0.374163
577 102 300.00 0.151583
577 576 300.00 0.270967
577 609 300.00 0.124147
577 578 300.00 0.269487
575 102 300.00 0.132903
575 106 300.00 0.135303
575 586 300.00 0.479517
589 590 300.00 0.267417
589 105 300.00 0.177843
621 103 300.00 0.269563
621 109 300.00 0.264603
621 590 300.00 0.378047
621 610 300.00 0.567183
611 104 300.00 0.141217
611 581 300.00 0.261610
611 582 300.00 0.268120
611 609 300.00 0.115790
104 611 300.00 0.141217
104 107 300.00 0.560180
104 108 300.00 0.269653
104 608 300.00 0.260953
107 104 300.00 0.560180
107 111 300.00 0.260803
107 109 300.00 0.564147
107 610 300.00 0.272547
108 104 300.00 0.269653
108 582 300.00 0.138467
108 111 300.00 0.565607
108 113 300.00 0.277967
622 590 300.00 0.182813
622 112 300.00 0.269293
578 106 300.00 0.196593
578 577 300.00 0.269487
578 580 300.00 0.076787
110 106 300.00 0.275043
110 596 300.00 0.873340
110 113 300.00 0.529800
110 114 300.00 0.273653
111 107 300.00 0.260803
111 108 300.00 0.565607
111 115 300.00 0.561533
111 117 300.00 0.268180
109 107 300.00 0.564147
109 112 300.00 0.566413
109 115 300.00 0.268087
109 621 300.00 0.264603
582 108 300.00 0.138467
582 580 300.00 0.113390
582 611 300.00 0.268120
113 108 300.00 0.277967
113 110 300.00 0.529800
113 117 300.00 0.571470
113 119 300.00 0.260480
112 109 300.00 0.566413
112 120 300.00 0.262610
115 109 300.00 0.268087
115 111 300.00 0.561533
115 120 300.00 0.571723
115 123 300.00 0.270567
596 110 300.00 0.873340
596 620 300.00 0.053353
596 597 300.00 0.839077
596 662 300.00 0.456250
114 110 300.00 0.273653
114 119 300.00 0.540160
114 662 300.00 0.680777
114 667 300.00 0.167853
117 111 300.00 0.268180
117 113 300.00 0.571470
117 123 300.00 0.544093
117 125 300.00 0.266693
120 115 300.00 0.571723
120 128 300.00 0.273250
119 113 300.00 0.260480
119 114 300.00 0.540160
119 125 300.00 0.563793
119 612 300.00 0.266893
662 114 300.00 0.680777
662 596 300.00 0.456250
662 668 300.00 0.133660
667 114 300.00 0.167853
667 122 300.00 0.094153
667 668 300.00 0.671783
123 115 300.00 0.270567
123 117 300.00 0.544093
123 128 300.00 0.578553
123 129 300.00 0.272190
122 116 300.00 0.661187
122 612 300.00 0.550067
122 667 300.00 0.094153
122 126 300.00 0.116050
116 122 300.00 0.661187
116 118 300.00 0.118603
116 595 300.00 0.233247
116 668 300.00 0.122843
118 116 300.00 0.118603
118 126 300.00 0.646357
118 124 300.00 0.160287
595 116 300.00 0.233247
595 400 300.00 0.548880
595 643 300.00 0.171477
595 620 300.00 0.531977
668 116 300.00 0.122843
668 662 300.00 0.133660
668 667 300.00 0.671783
125 117 300.00 0.266693
125 119 300.00 0.563793
125 129 300.00 0.552720
125 389 300.00 0.267603
126 118 300.00 0.646357
126 122 300.00 0.116050
126 130 300.00 0.159940
124 118 300.00 0.160287
124 121 300.00 0.198120
124 132 300.00 0.268813
124 130 300.00 0.638097
612 119 300.00 0.266893
612 122 300.00 0.550067
612 389 300.00 0.570317
612 613 300.00 0.274583
128 123 300.00 0.578553
128 133 300.00 0.263860
121 124 300.00 0.198120
129 123 300.00 0.272190
129 125 300.00 0.552720
129 133 300.00 0.575907
129 135 300.00 0.265707
132 124 300.00 0.268813
132 131 300.00 0.635177
132 136 300.00 0.271157
132 400 300.00 0.319163
130 124 300.00 0.638097
130 126 300.00 0.159940
130 613 300.00 0.560580
130 131 300.00 0.262917
389 125 300.00 0.267603
389 135 300.00 0.554697
389 137 300.00 0.270730
389 612 300.00 0.570317
643 127 300.00 0.516163
643 303 300.00 0.514443
643 595 300.00 0.171477
127 643 300.00 0.516163
127 400 300.00 0.068360
127 313 300.00 0.519473
400 127 300.00 0.068360
400 132 300.00 0.319163
400 595 300.00 0.548880
400 499 300.00 0.528020
313 127 300.00 0.519473
313 309 300.00 0.247137
313 311 300.00 0.568087
133 129 300.00 0.575907
133 139 300.00 0.270403
135 129 300.00 0.265707
135 389 300.00 0.554697
135 139 300.00 0.563577
135 141 300.00 0.269530
613 130 300.00 0.560580
613 137 300.00 0.572207
613 612 300.00 0.274583
613 614 300.00 0.271723
131 130 300.00 0.262917
131 132 300.00 0.635177
131 614 300.00 0.555593
131 140 300.00 0.270453
614 131 300.00 0.555593
614 143 300.00 0.584457
614 613 300.00 0.271723
614 615 300.00 0.262057
140 131 300.00 0.270453
140 136 300.00 0.635067
140 146 300.00 0.256860
140 615 300.00 0.561043
136 132 300.00 0.271157
136 134 300.00 0.366807
136 140 300.00 0.635067
136 142 300.00 0.256873
139 135 300.00 0.563577
139 144 300.00 0.266533
134 136 300.00 0.366807
141 135 300.00 0.269530
141 137 300.00 0.553287
141 147 300.00 0.273563
141 144 300.00 0.561737
142 136 300.00 0.256873
142 138 300.00 0.579747
142 145 300.00 0.466843
142 148 300.00 0.268773
137 141 300.00 0.553287
137 143 300.00 0.268923
137 389 300.00 0.270730
137 613 300.00 0.572207
143 137 300.00 0.268923
143 147 300.00 0.557853
143 149 300.00 0.268373
143 614 300.00 0.584457
138 142 300.00 0.579747
138 500 300.00 0.136843
138 499 300.00 0.110940
500 138 300.00 0.136843
500 329 300.00 0.141690
500 645 300.00 0.362750
499 138 300.00 0.110940
499 357 300.00 0.799040
499 400 300.00 0.528020
499 645 300.00 0.398303
144 141 300.00 0.561737
144 150 300.00 0.270437
146 140 300.00 0.256860
146 145 300.00 0.158780
146 152 300.00 0.269080
146 617 300.00 0.566643
615 140 300.00 0.561043
615 149 300.00 0.567183
615 614 300.00 0.262057
615 617 300.00 0.266627
147 141 300.00 0.273563
147 143 300.00 0.557853
147 150 300.00 0.556793
147 153 300.00 0.263170
145 142 300.00 0.466843
145 151 300.00 0.264873
145 146 300.00 0.158780
148 142 300.00 0.268773
148 665 300.00 0.291687
148 329 300.00 0.529923
148 503 300.00 0.362577
149 143 300.00 0.268373
149 615 300.00 0.567183
149 153 300.00 0.564680
149 154 300.00 0.267510
150 147 300.00 0.556793
150 157 300.00 0.271267
151 145 300.00 0.264873
151 665 300.00 0.172773
151 152 300.00 0.160207
152 146 300.00 0.269080
152 151 300.00 0.160207
152 155 300.00 0.155317
152 156 300.00 0.567543
617 146 300.00 0.566643
617 154 300.00 0.565527
617 156 300.00 0.273157
617 615 300.00 0.266627
153 147 300.00 0.263170
153 149 300.00 0.564680
153 157 300.00 0.562897
153 158 300.00 0.268997
665 148 300.00 0.291687
665 151 300.00 0.172773
665 348 300.00 0.223913
329 148 300.00 0.529923
329 354 300.00 0.108930
329 500 300.00 0.141690
503 148 300.00 0.362577
503 354 300.00 0.232810
503 504 300.00 0.238043
154 149 300.00 0.267510
154 617 300.00 0.565527
154 591 300.00 0.117407
154 158 300.00 0.557860
157 153 300.00 0.562897
157 163 300.00 0.265203
155 152 300.00 0.155317
155 510 300.00 0.045297
155 355 300.00 0.273997
156 152 300.00 0.567543
156 617 300.00 0.273157
156 159 300.00 0.555907
156 160 300.00 0.269090
158 153 300.00 0.268997
158 154 300.00 0.557860
158 163 300.00 0.574370
158 171 300.00 0.305653
591 154 300.00 0.117407
591 159 300.00 0.147090
591 716 300.00 0.219547
510 155 300.00 0.045297
510 348 300.00 0.273770
510 511 300.00 0.176823
355 155 300.00 0.273997
159 156 300.00 0.555907
159 168 300.00 0.162583
159 591 300.00 0.147090
159 715 300.00 0.351540
160 156 300.00 0.269090
160 165 300.00 0.256210
160 161 300.00 0.072997
160 176 300.00 0.452780
163 158 300.00 0.574370
171 158 300.00 0.305653
171 587 300.00 0.099807
171 173 300.00 0.113897
168 159 300.00 0.162583
168 166 300.00 0.085740
168 170 300.00 0.100450
715 159 300.00 0.351540
165 160 300.00 0.256210
165 177 300.00 0.415757
165 167 300.00 0.118850
165 717 300.00 0.239083
161 160 300.00 0.072997
161 162 300.00 0.152287
161 512 300.00 0.405267
176 160 300.00 0.452780
176 512 300.00 0.112677
176 177 300.00 0.125597
176 629 300.00 0.664847
162 161 300.00 0.152287
162 175 300.00 0.385463
162 164 300.00 0.113720
512 161 300.00 0.405267
512 175 300.00 0.142943
512 176 300.00 0.112677
175 162 300.00 0.385463
175 512 300.00 0.142943
164 162 300.00 0.113720
164 184 300.00 0.489347
164 166 300.00 0.183160
184 164 300.00 0.489347
184 181 300.00 0.176697
184 190 300.00 0.172600
166 164 300.00 0.183160
166 181 300.00 0.422097
166 168 300.00 0.085740
177 165 300.00 0.415757
177 176 300.00 0.125597
177 178 300.00 0.062913
167 165 300.00 0.118850
167 169 300.00 0.038887
167 180 300.00 0.415023
717 331 300.00 0.330517
717 169 300.00 0.107713
181 166 300.00 0.422097
181 179 300.00 0.171733
181 184 300.00 0.176697
169 167 300.00 0.038887
169 172 300.00 0.100117
180 167 300.00 0.415023
180 178 300.00 0.056443
180 183 300.00 0.114807
170 168 300.00 0.100450
170 179 300.00 0.356233
170 173 300.00 0.341183
172 169 300.00 0.100117
172 183 300.00 0.363800
172 663 300.00 0.159193
179 170 300.00 0.356233
179 181 300.00 0.171733
179 189 300.00 0.174073
173 170 300.00 0.341183
173 171 300.00 0.113897
173 174 300.00 0.125503
587 171 300.00 0.099807
587 588 300.00 0.179177
183 172 300.00 0.363800
183 180 300.00 0.114807
183 623 300.00 0.017427
663 172 300.00 0.159193
663 186 300.00 0.295630
663 664 300.00 0.258923
174 173 300.00 0.125503
174 588 300.00 0.173560
174 182 300.00 0.174430
588 174 300.00 0.173560
588 587 300.00 0.179177
182 174 300.00 0.174430
182 185 300.00 0.179030
182 188 300.00 0.108853
629 176 300.00 0.664847
629 630 300.00 0.080430
178 177 300.00 0.062913
178 180 300.00 0.056443
189 179 300.00 0.174073
189 188 300.00 0.253353
189 190 300.00 0.348677
185 182 300.00 0.179030
185 187 300.00 0.176100
188 182 300.00 0.108853
188 513 300.00 0.185867
188 189 300.00 0.253353
623 183 300.00 0.017427
623 664 300.00 0.101363
190 184 300.00 0.172600
190 189 300.00 0.348677
190 600 300.00 0.048410
187 185 300.00 0.176100
347 186 300.00 0.270610
347 364 300.00 0.261370
347 711 300.00 0.769417
186 347 300.00 0.270610
186 664 300.00 0.083477
186 674 300.00 0.245770
186 663 300.00 0.295630
664 186 300.00 0.083477
664 623 300.00 0.101363
664 663 300.00 0.258923
674 186 300.00 0.245770
674 326 300.00 0.146987
513 188 300.00 0.185867
513 324 300.00 0.577247
600 190 300.00 0.048410
600 324 300.00 0.131873
196 191 300.00 0.362320
196 194 300.00 0.552807
196 199 300.00 0.265350
196 198 300.00 0.564543
191 196 300.00 0.362320
191 0 300.00 0.543087
193 192 300.00 0.345913
193 315 300.00 0.273210
193 194 300.00 0.027993
192 193 300.00 0.345913
315 195 300.00 0.549450
315 197 300.00 0.023840
315 316 300.00 0.262440
194 193 300.00 0.027993
194 196 300.00 0.552807
195 315 300.00 0.549450
195 671 300.00 0.188350
671 195 300.00 0.188350
671 192 300.00 0.210047
199 196 300.00 0.265350
199 197 300.00 0.556630
199 204 300.00 0.261950
199 201 300.00 0.552400
198 196 300.00 0.564543
198 655 300.00 0.441673
198 656 300.00 0.271857
198 201 300.00 0.258530
197 315 300.00 0.023840
197 199 300.00 0.556630
197 194 300.00 0.273317
655 198 300.00 0.441673
655 649 300.00 0.032887
655 656 300.00 0.657687
656 198 300.00 0.271857
656 655 300.00 0.657687
656 657 300.00 0.082940
201 198 300.00 0.258530
201 199 300.00 0.552400
201 648 300.00 0.497063
201 207 300.00 0.269310
204 199 300.00 0.261950
204 200 300.00 0.555103
204 209 300.00 0.282040
204 207 300.00 0.562357
316 200 300.00 0.025787
316 633 300.00 0.275100
200 316 300.00 0.025787
200 204 300.00 0.555103
200 197 300.00 0.262817
648 201 300.00 0.497063
648 647 300.00 0.303387
648 649 300.00 0.267607
207 201 300.00 0.269310
207 204 300.00 0.562357
207 384 300.00 0.557883
207 212 300.00 0.276370
658 202 300.00 0.561277
658 649 300.00 0.073583
658 651 300.00 0.286127
658 659 300.00 0.276007
633 203 300.00 0.549767
633 206 300.00 0.030297
633 210 300.00 0.274380
203 633 300.00 0.549767
203 208 300.00 0.281360
208 203 300.00 0.281360
208 210 300.00 0.548120
208 213 300.00 0.259217
209 204 300.00 0.282040
209 206 300.00 0.554420
209 214 300.00 0.272327
209 212 300.00 0.558543
206 209 300.00 0.554420
206 633 300.00 0.030297
206 200 300.00 0.275023
384 207 300.00 0.557883
384 215 300.00 0.281890
384 647 300.00 0.076877
212 207 300.00 0.276370
212 209 300.00 0.558543
212 215 300.00 0.554727
212 217 300.00 0.270157
210 208 300.00 0.548120
210 216 300.00 0.272413
210 211 300.00 0.035270
213 208 300.00 0.259217
213 216 300.00 0.552107
213 731 300.00 0.266423
214 209 300.00 0.272327
214 211 300.00 0.561183
214 636 300.00 0.243737
214 217 300.00 0.550190
216 213 300.00 0.552107
216 220 300.00 0.260503
216 625 300.00 0.031483
211 210 300.00 0.035270
211 214 300.00 0.561183
211 206 300.00 0.275220
215 212 300.00 0.554727
215 384 300.00 0.281890
215 218 300.00 0.263880
215 721 300.00 0.212063
217 212 300.00 0.270157
217 214 300.00 0.550190
217 641 300.00 0.250170
217 218 300.00 0.551453
731 213 300.00 0.266423
731 730 300.00 0.029287
636 214 300.00 0.243737
636 635 300.00 0.563497
636 637 300.00 0.295863
636 641 300.00 0.550753
218 215 300.00 0.263880
218 217 300.00 0.551453
218 640 300.00 0.247397
721 215 300.00 0.212063
721 720 300.00 0.041413
220 729 300.00 0.021620
220 727 300.00 0.319593
625 216 300.00 0.031483
625 635 300.00 0.026710
641 217 300.00 0.250170
641 636 300.00 0.550753
641 638 300.00 0.279840
641 640 300.00 0.548273
640 218 300.00 0.247397
640 639 300.00 0.315793
640 641 300.00 0.548273
223 219 300.00 0.269687
223 696 300.00 0.131517
223 226 300.00 0.564787
223 690 300.00 0.267203
219 223 300.00 0.269687
219 222 300.00 0.572683
222 219 300.00 0.572683
222 226 300.00 0.268717
222 730 300.00 0.252230
222 224 300.00 0.544053
729 726 300.00 0.031747
729 224 300.00 0.267947
727 728 300.00 0.025663
727 731 300.00 0.233337
690 221 300.00 0.284760
690 223 300.00 0.267203
690 691 300.00 0.131983
221 690 300.00 0.284760
221 697 300.00 0.125333
221 699 300.00 0.144640
697 221 300.00 0.125333
697 225 300.00 0.129730
697 691 300.00 0.284017
699 221 300.00 0.144640
699 698 300.00 0.215443
226 222 300.00 0.268717
226 223 300.00 0.564787
226 232 300.00 0.240457
226 229 300.00 0.548890
730 222 300.00 0.252230
730 728 300.00 0.234193
730 731 300.00 0.029287
224 222 300.00 0.544053
224 229 300.00 0.249967
224 627 300.00 0.029783
696 223 300.00 0.131517
696 228 300.00 0.126863
696 691 300.00 0.268487
229 226 300.00 0.548890
229 236 300.00 0.263833
229 598 300.00 0.030577
627 224 300.00 0.029783
627 726 300.00 0.269083
694 225 300.00 0.145467
694 692 300.00 0.140243
694 695 300.00 0.262410
225 694 300.00 0.145467
225 231 300.00 0.263923
225 697 300.00 0.129730
231 225 300.00 0.263923
231 485 300.00 0.099713
232 226 300.00 0.240457
232 228 300.00 0.560867
232 240 300.00 0.269950
232 236 300.00 0.552840
230 227 300.00 0.551470
230 234 300.00 0.553563
230 238 300.00 0.271083
230 732 300.00 0.272117
227 230 300.00 0.551470
227 599 300.00 0.271093
227 637 300.00 0.271057
599 227 300.00 0.271093
599 241 300.00 0.259623
599 598 300.00 0.557243
637 227 300.00 0.271057
637 636 300.00 0.295863
637 638 300.00 0.533203
235 228 300.00 0.259857
235 489 300.00 0.097793
235 693 300.00 0.278353
228 235 300.00 0.259857
228 696 300.00 0.126863
228 232 300.00 0.560867
228 692 300.00 0.271093
692 228 300.00 0.271093
692 691 300.00 0.130397
692 694 300.00 0.140243
692 693 300.00 0.262247
236 232 300.00 0.552840
236 244 300.00 0.264880
236 237 300.00 0.030977
598 229 300.00 0.030577
598 627 300.00 0.249047
598 599 300.00 0.557243
234 230 300.00 0.553563
234 242 300.00 0.266223
234 639 300.00 0.264723
238 230 300.00 0.271083
238 242 300.00 0.542253
238 246 300.00 0.259537
732 230 300.00 0.272117
732 638 300.00 0.016167
732 639 300.00 0.550217
485 231 300.00 0.099713
485 487 300.00 0.076953
485 486 300.00 0.249337
240 232 300.00 0.269950
240 247 300.00 0.285657
240 235 300.00 0.555737
233 239 300.00 0.545827
233 479 300.00 0.169523
233 483 300.00 0.090957
239 481 300.00 0.099713
239 487 300.00 0.087667
239 243 300.00 0.568570
483 233 300.00 0.090957
483 484 300.00 0.205603
242 234 300.00 0.266223
242 238 300.00 0.542253
242 251 300.00 0.262553
639 234 300.00 0.264723
639 640 300.00 0.315793
639 732 300.00 0.550217
489 235 300.00 0.097793
489 243 300.00 0.169760
489 490 300.00 0.244797
693 692 300.00 0.262247
693 695 300.00 0.137897
244 253 300.00 0.271010
244 240 300.00 0.549047
237 236 300.00 0.030977
237 241 300.00 0.551507
237 598 300.00 0.264150
241 237 300.00 0.551507
241 249 300.00 0.268083
241 599 300.00 0.259623
241 246 300.00 0.557427
246 238 300.00 0.259537
246 241 300.00 0.557427
246 383 300.00 0.268027
246 251 300.00 0.557020
481 239 300.00 0.099713
481 493 300.00 0.073230
481 482 300.00 0.247520
487 239 300.00 0.087667
487 485 300.00 0.076953
487 488 300.00 0.244740
243 491 300.00 0.103543
243 489 300.00 0.169760
243 247 300.00 0.555873
247 240 300.00 0.285657
247 257 300.00 0.272030
247 253 300.00 0.546143
249 241 300.00 0.268083
249 258 300.00 0.274673
249 245 300.00 0.556070
491 243 300.00 0.103543
491 252 300.00 0.177457
491 492 300.00 0.215613
253 254 300.00 0.034377
253 385 300.00 0.264697
245 244 300.00 0.030680
245 237 300.00 0.264053
257 247 300.00 0.272030
257 252 300.00 0.556380
257 380 300.00 0.254553
257 385 300.00 0.553613
689 248 300.00 0.017520
689 437 300.00 0.151893
248 689 300.00 0.017520
248 451 300.00 0.101303
248 604 300.00 0.550157
604 248 300.00 0.550157
604 259 300.00 0.552543
604 439 300.00 0.103070
604 453 300.00 0.091810
258 249 300.00 0.274673
258 605 300.00 0.265173
258 262 300.00 0.560557
455 250 300.00 0.095500
455 259 300.00 0.163913
455 456 300.00 0.255367
255 250 300.00 0.552157
255 263 300.00 0.264623
255 495 300.00 0.096220
255 260 300.00 0.560783
256 251 300.00 0.507457
256 592 300.00 0.273397
256 549 300.00 0.593627
498 252 300.00 0.099183
498 260 300.00 0.165170
498 497 300.00 0.224623
252 498 300.00 0.099183
252 491 300.00 0.177457
252 603 300.00 0.560583
252 257 300.00 0.556380
254 258 300.00 0.547070
254 245 300.00 0.270363
385 257 300.00 0.553613
385 386 300.00 0.030593
385 387 300.00 0.255893
263 255 300.00 0.264623
263 259 300.00 0.558320
263 459 300.00 0.103407
263 264 300.00 0.561010
495 255 300.00 0.096220
495 603 300.00 0.167047
495 496 300.00 0.228980
260 255 300.00 0.560783
260 264 300.00 0.256117
260 498 300.00 0.165170
260 380 300.00 0.550577
592 256 300.00 0.273397
592 7 300.00 0.528847
592 607 300.00 0.275530
549 256 300.00 0.593627
549 548 300.00 0.056757
549 722 300.00 1.056347
380 257 300.00 0.254553
380 260 300.00 0.550577
380 379 300.00 0.263963
380 387 300.00 0.554667
605 258 300.00 0.265173
605 267 300.00 0.560757
605 269 300.00 0.259160
605 386 300.00 0.552750
262 267 300.00 0.259363
262 383 300.00 0.272413
262 382 300.00 0.551883
259 455 300.00 0.163913
259 447 300.00 0.101893
259 604 300.00 0.552543
259 263 300.00 0.558320
447 259 300.00 0.101893
447 457 300.00 0.066833
447 448 300.00 0.216027
264 260 300.00 0.256117
264 263 300.00 0.561010
264 379 300.00 0.553777
264 270 300.00 0.269700
435 261 300.00 0.098377
435 441 300.00 0.071880
435 436 300.00 0.253720
445 261 300.00 0.096023
445 439 300.00 0.071367
445 446 300.00 0.204620
267 262 300.00 0.259363
267 274 300.00 0.270990
267 605 300.00 0.560757
267 381 300.00 0.557210
379 264 300.00 0.553777
379 271 300.00 0.551747
379 378 300.00 0.271303
379 380 300.00 0.263963
423 265 300.00 0.094530
423 431 300.00 0.072807
423 424 300.00 0.234970
441 265 300.00 0.093370
441 435 300.00 0.071880
441 442 300.00 0.258970
387 266 300.00 0.034583
387 380 300.00 0.554667
387 271 300.00 0.268300
266 387 300.00 0.034583
266 269 300.00 0.551093
266 386 300.00 0.257613
269 266 300.00 0.551093
269 276 300.00 0.267313
269 605 300.00 0.259160
269 274 300.00 0.564423
386 385 300.00 0.030593
386 605 300.00 0.552750
386 254 300.00 0.264933
274 267 300.00 0.270990
274 269 300.00 0.564423
274 279 300.00 0.550357
274 282 300.00 0.259753
381 267 300.00 0.557210
381 279 300.00 0.257683
381 382 300.00 0.267980
381 593 300.00 0.366697
417 268 300.00 0.179023
417 275 300.00 0.096443
417 418 300.00 0.213540
268 417 300.00 0.179023
268 421 300.00 0.090207
268 272 300.00 0.554173
272 268 300.00 0.554173
272 419 300.00 0.101077
272 431 300.00 0.092270
272 277 300.00 0.559410
276 269 300.00 0.267313
276 287 300.00 0.262157
276 320 300.00 0.553760
276 282 300.00 0.558113
378 270 300.00 0.553697
378 281 300.00 0.549227
378 284 300.00 0.265293
378 379 300.00 0.271303
278 270 300.00 0.263550
278 273 300.00 0.560977
278 284 300.00 0.551087
278 388 300.00 0.267680
271 379 300.00 0.551747
271 320 300.00 0.032583
271 281 300.00 0.265890
320 271 300.00 0.032583
320 276 300.00 0.553760
320 266 300.00 0.266097
281 378 300.00 0.549227
281 319 300.00 0.040847
281 289 300.00 0.267293
419 272 300.00 0.101077
419 425 300.00 0.073473
419 420 300.00 0.262643
431 272 300.00 0.092270
431 423 300.00 0.072807
431 432 300.00 0.205843
277 272 300.00 0.559410
277 465 300.00 0.091493
277 700 300.00 0.009047
467 273 300.00 0.103787
467 283 300.00 0.160910
467 468 300.00 0.232447
279 274 300.00 0.550357
279 288 300.00 0.261433
279 381 300.00 0.257683
279 646 300.00 0.160770
282 274 300.00 0.259753
282 276 300.00 0.558113
282 292 300.00 0.268280
282 288 300.00 0.552313
407 275 300.00 0.166167
407 285 300.00 0.099687
407 408 300.00 0.243493
275 407 300.00 0.166167
275 417 300.00 0.096443
275 280 300.00 0.550940
280 275 300.00 0.550940
280 286 300.00 0.559763
280 409 300.00 0.098913
280 425 300.00 0.093093
287 276 300.00 0.262157
287 319 300.00 0.545407
287 292 300.00 0.566797
287 294 300.00 0.263390
465 277 300.00 0.091493
465 429 300.00 0.076987
465 466 300.00 0.241040
700 277 300.00 0.009047
700 283 300.00 0.554113
700 427 300.00 0.091060
284 278 300.00 0.551087
284 289 300.00 0.556970
284 378 300.00 0.265293
284 293 300.00 0.262233
388 278 300.00 0.267680
388 283 300.00 0.557723
388 293 300.00 0.557777
388 296 300.00 0.265520
288 279 300.00 0.261433
288 282 300.00 0.552313
288 675 300.00 0.281627
646 279 300.00 0.160770
286 280 300.00 0.559763
286 469 300.00 0.098693
286 416 300.00 0.129560
286 291 300.00 0.556450
409 280 300.00 0.098913
409 415 300.00 0.036617
409 410 300.00 0.191437
425 280 300.00 0.093093
425 419 300.00 0.073473
425 426 300.00 0.226587
319 281 300.00 0.040847
319 287 300.00 0.545407
319 320 300.00 0.266810
289 284 300.00 0.556970
289 318 300.00 0.032067
289 628 300.00 0.266867
283 388 300.00 0.557723
283 700 300.00 0.554113
283 470 300.00 0.106737
283 467 300.00 0.160910
470 283 300.00 0.106737
470 291 300.00 0.158563
470 631 300.00 0.227303
293 284 300.00 0.262233
293 628 300.00 0.557193
293 388 300.00 0.557777
293 299 300.00 0.267833
403 285 300.00 0.162080
403 322 300.00 0.096347
403 404 300.00 0.216730
285 403 300.00 0.162080
285 407 300.00 0.099687
285 290 300.00 0.547397
290 285 300.00 0.547397
290 414 300.00 0.296483
290 406 300.00 0.094963
290 415 300.00 0.130797
469 286 300.00 0.098693
469 427 300.00 0.071870
469 632 300.00 0.268417
416 286 300.00 0.129560
416 415 300.00 0.558367
416 471 300.00 0.036883
291 286 300.00 0.556450
291 473 300.00 0.103837
291 470 300.00 0.158563
291 296 300.00 0.556753
675 288 300.00 0.281627
675 292 300.00 0.540810
675 620 300.00 0.151927
318 289 300.00 0.032067
318 294 300.00 0.556850
318 319 300.00 0.265943
628 293 300.00 0.557193
628 703 300.00 0.020070
628 702 300.00 0.095733
414 290 300.00 0.296483
414 295 300.00 0.268710
414 412 300.00 0.136793
406 290 300.00 0.094963
406 405 300.00 0.247860
406 411 300.00 0.030817
415 290 300.00 0.130797
415 409 300.00 0.036617
415 416 300.00 0.558367
473 291 300.00 0.103837
473 298 300.00 0.164407
473 474 300.00 0.233573
296 291 300.00 0.556753
296 299 300.00 0.558923
296 301 300.00 0.270637
296 388 300.00 0.265520
299 293 300.00 0.267833
299 296 300.00 0.558923
299 304 300.00 0.266127
299 302 300.00 0.564847
300 294 300.00 0.264680
300 303 300.00 0.554950
300 703 300.00 0.568327
300 305 300.00 0.265177
471 295 300.00 0.096843
471 416 300.00 0.036883
471 472 300.00 0.217277
295 471 300.00 0.096843
295 475 300.00 0.166827
295 414 300.00 0.268710
295 298 300.00 0.556677
298 295 300.00 0.556677
298 301 300.00 0.557453
298 477 300.00 0.090683
298 473 300.00 0.164407
301 296 300.00 0.270637
301 298 300.00 0.557453
301 304 300.00 0.553040
301 308 300.00 0.252293
322 297 300.00 0.548757
322 403 300.00 0.096347
322 401 300.00 0.174950
297 322 300.00 0.548757
297 413 300.00 0.298480
297 411 300.00 0.138220
297 737 300.00 0.261313
411 297 300.00 0.138220
411 406 300.00 0.030817
411 412 300.00 0.298030
737 297 300.00 0.261313
737 685 300.00 0.571407
737 701 300.00 0.277093
737 709 300.00 0.551183
477 298 300.00 0.090683
477 321 300.00 0.180020
477 478 300.00 0.220637
304 299 300.00 0.266127
304 301 300.00 0.553040
304 307 300.00 0.566897
304 310 300.00 0.259580
302 299 300.00 0.564847
302 305 300.00 0.574903
302 307 300.00 0.260767
302 702 300.00 0.171463
703 300 300.00 0.568327
703 628 300.00 0.020070
703 318 300.00 0.268717
305 300 300.00 0.265177
305 302 300.00 0.574903
305 311 300.00 0.264247
305 309 300.00 0.563070
308 301 300.00 0.252293
308 321 300.00 0.553387
308 310 300.00 0.560227
308 375 300.00 0.261443
307 302 300.00 0.260767
307 304 300.00 0.566897
307 311 300.00 0.572373
307 312 300.00 0.258853
702 302 300.00 0.171463
702 703 300.00 0.095030
309 303 300.00 0.274117
309 305 300.00 0.563070
309 313 300.00 0.247137
310 304 300.00 0.259580
310 308 300.00 0.560227
310 312 300.00 0.561307
310 361 300.00 0.162803
311 305 300.00 0.264247
311 307 300.00 0.572373
311 343 300.00 0.256780
311 313 300.00 0.568087
684 306 300.00 0.096347
684 321 300.00 0.244450
684 685 300.00 0.558900
306 684 300.00 0.096347
306 344 300.00 0.024570
306 375 300.00 0.560573
344 306 300.00 0.024570
344 368 300.00 0.272393
344 374 300.00 0.527340
375 306 300.00 0.560573
375 308 300.00 0.261443
375 330 300.00 0.190357
312 307 300.00 0.258853
312 310 300.00 0.561307
312 314 300.00 0.091053
361 310 300.00 0.162803
361 330 300.00 0.378987
361 358 300.00 0.397373
343 311 300.00 0.256780
343 314 300.00 0.599610
343 357 300.00 0.264740
343 644 300.00 0.682337
314 312 300.00 0.091053
314 358 300.00 0.166867
314 343 300.00 0.599610
358 314 300.00 0.166867
358 351 300.00 0.274877
358 361 300.00 0.397373
679 678 300.00 0.259490
679 602 300.00 0.189573
401 322 300.00 0.174950
401 709 300.00 0.105080
401 402 300.00 0.222813
341 323 300.00 0.191973
341 509 300.00 0.174410
341 618 300.00 0.149417
323 341 300.00 0.191973
323 634 300.00 0.274733
323 708 300.00 0.476440
634 323 300.00 0.274733
634 356 300.00 0.180193
634 369 300.00 0.599890
708 323 300.00 0.476440
708 339 300.00 0.128717
324 600 300.00 0.131873
324 513 300.00 0.577247
335 325 300.00 0.272060
335 328 300.00 0.773313
335 350 300.00 0.260157
325 335 300.00 0.272060
325 327 300.00 0.774070
327 325 300.00 0.774070
327 712 300.00 0.024223
327 336 300.00 0.262737
342 326 300.00 0.196807
342 337 300.00 0.592410
342 338 300.00 0.192787
326 342 300.00 0.196807
326 340 300.00 0.250940
326 674 300.00 0.146987
340 326 300.00 0.250940
340 332 300.00 0.330853
340 712 300.00 0.755400
712 327 300.00 0.024223
712 340 300.00 0.755400
712 711 300.00 0.260387
336 713 300.00 0.025583
328 327 300.00 0.259743
328 711 300.00 0.029140
328 335 300.00 0.773313
711 328 300.00 0.029140
711 347 300.00 0.769417
711 710 300.00 0.034767
354 329 300.00 0.108930
354 356 300.00 0.271620
354 503 300.00 0.232810
354 367 300.00 0.783983
359 330 300.00 0.272513
359 351 300.00 0.771993
359 366 300.00 0.261003
359 368 300.00 0.784877
330 359 300.00 0.272513
330 361 300.00 0.378987
330 375 300.00 0.190357
348 331 300.00 0.277407
348 507 300.00 0.202953
348 510 300.00 0.273770
348 665 300.00 0.223913
331 348 300.00 0.277407
331 364 300.00 0.276190
331 717 300.00 0.330517
331 505 300.00 0.210060
364 331 300.00 0.276190
364 347 300.00 0.261370
364 352 300.00 0.788830
505 331 300.00 0.210060
505 509 300.00 0.397900
505 506 300.00 0.177050
337 332 300.00 0.094580
337 342 300.00 0.592410
332 337 300.00 0.094580
332 340 300.00 0.330853
332 713 300.00 0.462090
713 332 300.00 0.462090
713 336 300.00 0.025583
713 712 300.00 0.262553
349 333 300.00 0.262190
349 365 300.00 0.270037
349 371 300.00 0.771770
349 363 300.00 0.779067
333 349 300.00 0.262190
333 345 300.00 0.769840
345 363 300.00 0.266723
345 682 300.00 0.774347
371 334 300.00 0.250670
371 349 300.00 0.771770
371 616 300.00 0.402120
371 376 300.00 0.266723
334 371 300.00 0.250670
334 333 300.00 0.782940
350 335 300.00 0.260157
350 352 300.00 0.783497
338 342 300.00 0.192787
369 339 300.00 0.259947
369 398 300.00 0.236837
369 616 300.00 0.380830
369 634 300.00 0.599890
339 369 300.00 0.259947
339 397 300.00 0.500710
397 334 300.00 0.270080
397 616 300.00 0.284817
509 341 300.00 0.174410
509 505 300.00 0.397900
509 666 300.00 0.274850
618 341 300.00 0.149417
618 352 300.00 0.129887
618 501 300.00 0.215290
618 502 300.00 0.135300
357 343 300.00 0.264740
357 351 300.00 0.770507
357 377 300.00 0.266883
357 499 300.00 0.799040
644 343 300.00 0.682337
368 344 300.00 0.272393
368 359 300.00 0.784877
368 370 300.00 0.266533
368 680 300.00 0.788587
374 344 300.00 0.527340
374 362 300.00 0.269027
374 685 300.00 0.179977
363 345 300.00 0.266723
363 349 300.00 0.779067
363 353 300.00 0.267750
363 683 300.00 0.778630
682 683 300.00 0.264233
682 706 300.00 0.035037
360 346 300.00 0.768567
360 390 300.00 0.426927
360 707 300.00 1.003267
346 360 300.00 0.768567
346 683 300.00 0.028597
346 706 300.00 0.263207
683 346 300.00 0.028597
683 363 300.00 0.778630
683 373 300.00 0.265227
507 348 300.00 0.202953
507 504 300.00 0.375430
507 508 300.00 0.164527
365 349 300.00 0.270037
365 353 300.00 0.785550
365 366 300.00 0.267090
352 350 300.00 0.783497
352 618 300.00 0.129887
352 710 300.00 0.233390
352 364 300.00 0.788830
351 359 300.00 0.771993
351 357 300.00 0.770507
351 358 300.00 0.274877
351 372 300.00 0.272060
372 351 300.00 0.272060
372 395 300.00 0.419127
372 376 300.00 0.258413
372 377 300.00 0.772757
710 352 300.00 0.233390
710 328 300.00 0.034727
353 363 300.00 0.267750
353 370 300.00 0.255303
353 373 300.00 0.778517
353 365 300.00 0.785550
370 353 300.00 0.255303
370 366 300.00 0.784243
370 368 300.00 0.266533
370 681 300.00 0.793620
373 353 300.00 0.778517
373 707 300.00 0.032937
373 705 300.00 0.055807
356 354 300.00 0.271620
356 666 300.00 0.197033
356 634 300.00 0.180193
367 354 300.00 0.783983
367 398 300.00 0.015063
367 399 300.00 0.024633
666 356 300.00 0.197033
666 504 300.00 0.014363
666 509 300.00 0.274850
377 357 300.00 0.266883
377 372 300.00 0.772757
377 399 300.00 0.255193
377 645 300.00 0.446647
366 359 300.00 0.261003
366 365 300.00 0.267090
366 391 300.00 0.118477
366 370 300.00 0.784243
390 360 300.00 0.426927
707 360 300.00 1.003267
707 373 300.00 0.032937
707 346 300.00 0.269177
362 374 300.00 0.269027
362 680 300.00 0.262073
362 701 300.00 0.312263
680 362 300.00 0.262073
680 368 300.00 0.788587
680 681 300.00 0.267007
680 736 300.00 1.064977
701 362 300.00 0.312263
701 736 300.00 0.489507
701 737 300.00 0.277093
391 366 300.00 0.118477
391 393 300.00 0.110153
391 392 300.00 0.263133
398 367 300.00 0.015063
398 369 300.00 0.236837
398 616 300.00 0.456073
399 367 300.00 0.024633
399 376 300.00 0.783503
399 377 300.00 0.255193
616 369 300.00 0.380830
616 371 300.00 0.402120
616 397 300.00 0.284817
616 398 300.00 0.456073
681 370 300.00 0.793620
681 680 300.00 0.267007
681 705 300.00 0.209683
376 371 300.00 0.266723
376 372 300.00 0.258413
376 399 300.00 0.783503
395 372 300.00 0.419127
395 393 300.00 0.126520
395 396 300.00 0.262750
705 681 300.00 0.209683
705 707 300.00 0.052737
645 377 300.00 0.446647
645 499 300.00 0.398303
645 500 300.00 0.362750
593 381 300.00 0.366697
593 597 300.00 0.053223
593 607 300.00 0.276497
593 620 300.00 0.839777
607 592 300.00 0.275530
607 593 300.00 0.276497
607 594 300.00 0.098690
647 384 300.00 0.076877
647 652 300.00 0.319517
647 648 300.00 0.303387
393 391 300.00 0.110153
393 395 300.00 0.126520
393 394 300.00 0.265207
392 391 300.00 0.263133
394 393 300.00 0.265207
396 395 300.00 0.262750
709 401 300.00 0.105080
709 704 300.00 0.354910
709 737 300.00 0.551183
402 401 300.00 0.222813
404 403 300.00 0.216730
405 406 300.00 0.247860
408 407 300.00 0.243493
410 409 300.00 0.191437
412 411 300.00 0.298030
412 414 300.00 0.136793
412 413 300.00 0.129433
418 417 300.00 0.213540
420 419 300.00 0.262643
422 421 300.00 0.221553
424 423 300.00 0.234970
426 425 300.00 0.226587
427 700 300.00 0.091060
427 469 300.00 0.071870
427 428 300.00 0.255553
428 427 300.00 0.255553
430 429 300.00 0.229143
432 431 300.00 0.205843
434 433 300.00 0.230210
436 435 300.00 0.253720
438 437 300.00 0.216807
439 604 300.00 0.103070
439 445 300.00 0.071367
439 440 300.00 0.218147
440 439 300.00 0.218147
442 441 300.00 0.258970
443 606 300.00 0.099687
443 461 300.00 0.073997
443 444 300.00 0.256127
444 443 300.00 0.256127
446 445 300.00 0.204620
457 447 300.00 0.066833
457 606 300.00 0.094443
457 458 300.00 0.243320
448 447 300.00 0.216027
453 449 300.00 0.068533
453 604 300.00 0.091810
453 454 300.00 0.222603
449 453 300.00 0.068533
449 450 300.00 0.224100
450 449 300.00 0.224100
452 451 300.00 0.224543
454 453 300.00 0.222603
456 455 300.00 0.255367
458 457 300.00 0.243320
460 459 300.00 0.238043
462 461 300.00 0.230083
464 463 300.00 0.247857
466 465 300.00 0.241040
468 467 300.00 0.232447
632 469 300.00 0.268417
631 470 300.00 0.227303
472 471 300.00 0.217277
474 473 300.00 0.233573
476 475 300.00 0.233140
478 477 300.00 0.220637
480 479 300.00 0.245387
493 481 300.00 0.073230
493 603 300.00 0.099837
493 494 300.00 0.231920
482 481 300.00 0.247520
484 483 300.00 0.205603
486 485 300.00 0.249337
488 487 300.00 0.244740
490 489 300.00 0.244797
492 491 300.00 0.215613
494 493 300.00 0.231920
496 495 300.00 0.228980
497 498 300.00 0.224623
501 618 300.00 0.215290
502 618 300.00 0.135300
504 503 300.00 0.238043
504 666 300.00 0.014363
504 507 300.00 0.375430
506 505 300.00 0.177050
508 507 300.00 0.164527
511 510 300.00 0.176823
516 514 300.00 0.200120
516 515 300.00 0.561883
516 518 300.00 0.129730
523 522 300.00 0.279950
523 46 300.00 0.427153
523 529 300.00 0.032937
529 523 300.00 0.032937
529 531 300.00 0.109553
529 530 300.00 0.270153
531 527 300.00 0.034250
531 670 300.00 0.213157
531 532 300.00 0.297323
532 531 300.00 0.297323
532 23 300.00 0.076650
677 676 300.00 0.026440
677 539 300.00 0.147690
735 28 300.00 0.333490
676 43 300.00 0.392500
676 677 300.00 0.026440
539 538 300.00 0.029740
539 317 300.00 0.148483
539 540 300.00 0.266807
723 542 300.00 0.622530
723 59 300.00 0.046270
722 549 300.00 1.056347
722 718 300.00 0.023523
722 719 300.00 0.033143
552 551 300.00 0.140343
555 554 300.00 0.126027
563 558 300.00 0.347180
563 562 300.00 0.129793
563 566 300.00 0.089453
570 561 300.00 0.035807
570 562 300.00 0.118860
570 571 300.00 0.178397
564 561 300.00 0.106030
564 565 300.00 0.159643
564 567 300.00 0.096080
565 562 300.00 0.094897
565 564 300.00 0.159643
565 568 300.00 0.089523
565 566 300.00 0.131143
566 563 300.00 0.089453
566 565 300.00 0.131143
566 569 300.00 0.088623
567 564 300.00 0.096080
567 568 300.00 0.176237
568 565 300.00 0.089523
568 567 300.00 0.176237
568 569 300.00 0.133343
569 566 300.00 0.088623
569 568 300.00 0.133343
571 570 300.00 0.178397
586 575 300.00 0.479517
576 619 300.00 0.168847
576 579 300.00 0.166603
576 577 300.00 0.270967
579 576 300.00 0.166603
579 581 300.00 0.120760
579 609 300.00 0.265237
609 577 300.00 0.124147
609 579 300.00 0.265237
609 580 300.00 0.261627
609 611 300.00 0.115790
580 578 300.00 0.076787
580 582 300.00 0.113390
580 609 300.00 0.261627
581 579 300.00 0.120760
581 608 300.00 0.133007
581 611 300.00 0.261610
583 585 300.00 0.126630
583 597 300.00 0.274617
583 619 300.00 0.342460
597 583 300.00 0.274617
597 593 300.00 0.053223
597 596 300.00 0.839077
590 589 300.00 0.267417
590 621 300.00 0.378047
590 622 300.00 0.182813
716 591 300.00 0.219547
620 593 300.00 0.839777
620 595 300.00 0.531977
620 596 300.00 0.053353
620 675 300.00 0.151927
594 653 300.00 0.275963
594 93 300.00 0.512447
635 211 300.00 0.244460
635 636 300.00 0.563497
626 625 300.00 0.260130
626 220 300.00 0.032260
726 626 300.00 0.021837
638 637 300.00 0.533203
638 732 300.00 0.016167
638 641 300.00 0.279840
652 647 300.00 0.319517
652 720 300.00 0.023470
652 721 300.00 0.035187
649 648 300.00 0.267607
649 658 300.00 0.073583
649 655 300.00 0.032887
719 650 300.00 0.022457
719 724 300.00 0.217690
718 722 300.00 0.023523
718 652 300.00 0.047473
720 652 300.00 0.023470
720 722 300.00 0.048037
657 656 300.00 0.082940
672 734 300.00 0.176157
672 673 300.00 0.208157
734 30 300.00 0.044280
736 680 300.00 1.064977
736 701 300.00 0.489507
736 704 300.00 0.065757
686 687 300.00 0.219083
691 690 300.00 0.131983
691 697 300.00 0.284017
691 696 300.00 0.268487
691 692 300.00 0.130397
695 694 300.00 0.262410
695 231 300.00 0.148300
698 699 300.00 0.215443
704 736 300.00 0.065757
704 709 300.00 0.354910
728 727 300.00 0.025663
728 729 300.00 0.319000
