0 4 300.00 0.409470
0 165 300.00 0.401587
0 36 300.00 0.411803
4 3 300.00 0.404053
4 9 300.00 0.345310
4 38 300.00 0.410223
165 0 300.00 0.401587
165 3 300.00 0.415237
165 102 300.00 0.030827
36 0 300.00 0.411803
36 105 300.00 0.381820
36 112 300.00 0.138253
115 1 300.00 0.196793
115 5 300.00 0.216860
115 114 300.00 0.195137
1 115 300.00 0.196793
1 109 300.00 0.198527
1 112 300.00 0.273217
109 1 300.00 0.198527
109 106 300.00 0.184467
109 108 300.00 0.190513
112 1 300.00 0.273217
112 36 300.00 0.138253
112 113 300.00 0.319453
37 2 300.00 0.016767
37 35 300.00 0.521433
2 37 300.00 0.016767
2 6 300.00 0.547513
2 104 300.00 0.080407
6 2 300.00 0.547513
6 7 300.00 0.355433
6 11 300.00 0.091867
104 2 300.00 0.080407
104 3 300.00 0.404700
104 7 300.00 0.337170
3 165 300.00 0.415237
3 8 300.00 0.337410
3 104 300.00 0.404700
3 4 300.00 0.404053
8 3 300.00 0.337410
8 7 300.00 0.411743
8 15 300.00 0.341973
8 9 300.00 0.406050
9 8 300.00 0.406050
9 39 300.00 0.408897
9 16 300.00 0.340750
38 4 300.00 0.410223
38 5 300.00 0.412200
38 36 300.00 0.412940
10 5 300.00 0.345373
10 118 300.00 0.269937
10 39 300.00 0.412783
10 100 300.00 0.738240
5 10 300.00 0.345373
5 115 300.00 0.216860
5 38 300.00 0.412200
5 116 300.00 0.602177
116 5 300.00 0.602177
7 6 300.00 0.355433
7 8 300.00 0.411743
7 14 300.00 0.343100
7 104 300.00 0.337170
11 6 300.00 0.091867
11 91 300.00 0.053773
11 13 300.00 0.273593
14 7 300.00 0.343100
14 13 300.00 0.415987
14 21 300.00 0.342753
14 15 300.00 0.407770
15 8 300.00 0.341973
15 14 300.00 0.407770
15 22 300.00 0.343753
15 16 300.00 0.408063
39 9 300.00 0.408897
39 10 300.00 0.412783
39 38 300.00 0.343913
16 15 300.00 0.408063
16 40 300.00 0.407550
16 23 300.00 0.344607
118 10 300.00 0.269937
118 17 300.00 0.068503
118 117 300.00 0.413210
100 10 300.00 0.738240
100 17 300.00 0.404030
100 101 300.00 0.335427
91 11 300.00 0.053773
91 12 300.00 0.306780
13 11 300.00 0.273593
13 12 300.00 0.238520
13 14 300.00 0.415987
13 20 300.00 0.343680
12 13 300.00 0.238520
12 91 300.00 0.306780
12 41 300.00 0.408740
41 12 300.00 0.408740
41 18 300.00 0.031483
20 13 300.00 0.343680
20 19 300.00 0.393823
20 46 300.00 0.335143
20 21 300.00 0.408767
21 14 300.00 0.342753
21 20 300.00 0.408767
21 45 300.00 0.335553
21 22 300.00 0.411813
22 15 300.00 0.343753
22 21 300.00 0.411813
22 23 300.00 0.410137
22 47 300.00 0.327173
40 16 300.00 0.407550
40 17 300.00 0.413323
40 117 300.00 0.068433
23 22 300.00 0.410137
23 48 300.00 0.341083
23 42 300.00 0.407640
120 17 300.00 0.061123
120 24 300.00 0.275773
120 119 300.00 0.413473
17 120 300.00 0.061123
17 118 300.00 0.068503
17 100 300.00 0.404030
17 40 300.00 0.413323
19 18 300.00 0.135333
19 44 300.00 0.330427
19 20 300.00 0.393823
18 19 300.00 0.135333
18 41 300.00 0.031483
18 43 300.00 0.430747
43 18 300.00 0.430747
43 167 300.00 0.038670
43 44 300.00 0.413227
44 19 300.00 0.330427
44 43 300.00 0.413227
44 124 300.00 0.182150
44 46 300.00 0.396297
46 20 300.00 0.335143
46 44 300.00 0.396297
46 45 300.00 0.407783
46 121 300.00 0.125340
45 21 300.00 0.335553
45 151 300.00 0.125840
45 47 300.00 0.412693
45 46 300.00 0.407783
47 22 300.00 0.327173
47 45 300.00 0.412693
47 57 300.00 0.344237
47 48 300.00 0.412453
48 47 300.00 0.412453
48 58 300.00 0.330087
48 50 300.00 0.404883
42 23 300.00 0.407640
42 24 300.00 0.406647
42 119 300.00 0.266303
51 24 300.00 0.343913
51 25 300.00 0.335657
51 49 300.00 0.403830
51 50 300.00 0.414510
24 51 300.00 0.343913
24 120 300.00 0.275773
24 101 300.00 0.409077
24 42 300.00 0.406647
101 24 300.00 0.409077
101 49 300.00 0.339937
101 100 300.00 0.335427
152 25 300.00 0.265337
152 68 300.00 0.413573
152 69 300.00 0.407470
152 125 300.00 0.339693
25 152 300.00 0.265337
25 51 300.00 0.335657
25 60 300.00 0.397900
25 59 300.00 0.412267
60 25 300.00 0.397900
60 49 300.00 0.341357
60 69 300.00 0.265980
59 25 300.00 0.412267
59 58 300.00 0.412087
59 50 300.00 0.335397
87 26 300.00 0.423877
87 89 300.00 0.343580
87 128 300.00 0.191673
87 130 300.00 0.211270
26 87 300.00 0.423877
26 170 300.00 0.541657
26 79 300.00 0.339077
170 26 300.00 0.541657
170 98 300.00 0.209167
170 171 300.00 0.239433
79 70 300.00 0.348960
79 98 300.00 0.421777
79 80 300.00 0.425053
81 27 300.00 0.331467
81 72 300.00 0.342720
81 82 300.00 0.410637
81 160 300.00 0.172610
27 81 300.00 0.331467
27 126 300.00 0.111863
27 129 300.00 0.143473
27 28 300.00 0.408300
126 27 300.00 0.111863
126 32 300.00 0.241993
126 127 300.00 0.371133
129 27 300.00 0.143473
129 128 300.00 0.324750
129 130 300.00 0.060213
28 27 300.00 0.408300
28 158 300.00 0.255763
28 90 300.00 0.349740
28 82 300.00 0.335597
158 28 300.00 0.255763
158 29 300.00 0.155423
158 159 300.00 0.168117
90 28 300.00 0.349740
90 33 300.00 0.412920
90 127 300.00 0.142210
82 28 300.00 0.335597
82 73 300.00 0.339463
82 81 300.00 0.410637
82 83 300.00 0.414340
83 29 300.00 0.337333
83 74 300.00 0.337660
83 82 300.00 0.414340
83 84 300.00 0.400807
29 83 300.00 0.337333
29 158 300.00 0.155423
29 147 300.00 0.171337
29 33 300.00 0.350333
147 29 300.00 0.171337
147 30 300.00 0.232797
147 146 300.00 0.302500
33 29 300.00 0.350333
33 90 300.00 0.412920
33 132 300.00 0.847613
84 30 300.00 0.338857
84 75 300.00 0.336667
84 83 300.00 0.400807
84 144 300.00 0.238627
30 84 300.00 0.338857
30 147 300.00 0.232797
30 31 300.00 0.421710
31 30 300.00 0.421710
31 132 300.00 0.347683
31 88 300.00 0.398660
132 33 300.00 0.847613
132 133 300.00 0.397273
132 154 300.00 1.645580
88 31 300.00 0.398660
88 136 300.00 0.080487
32 126 300.00 0.241993
32 131 300.00 0.196263
32 127 300.00 0.270730
32 157 300.00 0.232007
131 32 300.00 0.196263
131 89 300.00 0.204533
131 130 300.00 0.355760
127 32 300.00 0.270730
127 90 300.00 0.142210
127 126 300.00 0.371133
157 32 300.00 0.232007
103 34 300.00 0.429787
103 35 300.00 0.100660
103 102 300.00 0.126677
34 103 300.00 0.429787
35 37 300.00 0.521433
35 102 300.00 0.082517
35 103 300.00 0.100660
102 35 300.00 0.082517
102 103 300.00 0.126677
102 165 300.00 0.030827
105 106 300.00 0.410830
117 39 300.00 0.271177
117 118 300.00 0.413210
119 40 300.00 0.068433
119 120 300.00 0.413473
167 43 300.00 0.038670
167 52 300.00 0.407517
167 123 300.00 0.167700
124 44 300.00 0.182150
124 54 300.00 0.159447
124 123 300.00 0.408957
151 45 300.00 0.125840
151 56 300.00 0.215843
151 121 300.00 0.411057
151 122 300.00 0.175320
121 46 300.00 0.125340
121 55 300.00 0.213027
121 151 300.00 0.411057
57 47 300.00 0.344237
57 56 300.00 0.406553
57 66 300.00 0.267710
57 58 300.00 0.408423
58 57 300.00 0.408423
58 59 300.00 0.412087
58 67 300.00 0.263027
50 48 300.00 0.404883
50 42 300.00 0.343487
50 51 300.00 0.414510
49 51 300.00 0.403830
49 101 300.00 0.339937
49 60 300.00 0.341357
52 167 300.00 0.407517
52 53 300.00 0.293357
53 52 300.00 0.293357
53 54 300.00 0.404057
53 62 300.00 0.262617
53 123 300.00 0.161307
54 53 300.00 0.404057
54 124 300.00 0.159447
54 63 300.00 0.257677
54 55 300.00 0.401917
62 53 300.00 0.262617
62 61 300.00 0.410937
62 63 300.00 0.409087
62 71 300.00 0.327513
123 53 300.00 0.161307
123 124 300.00 0.408957
123 167 300.00 0.167700
63 54 300.00 0.257677
63 62 300.00 0.409087
63 72 300.00 0.336277
63 64 300.00 0.407453
55 54 300.00 0.401917
55 121 300.00 0.213027
55 64 300.00 0.265093
55 56 300.00 0.412890
64 55 300.00 0.265093
64 63 300.00 0.407453
64 73 300.00 0.333507
64 65 300.00 0.412717
56 55 300.00 0.412890
56 151 300.00 0.215843
56 65 300.00 0.262130
56 57 300.00 0.406553
65 56 300.00 0.262130
65 64 300.00 0.412717
65 74 300.00 0.337490
65 66 300.00 0.406147
66 57 300.00 0.267710
66 65 300.00 0.406147
66 75 300.00 0.338263
66 67 300.00 0.407310
67 66 300.00 0.407310
67 76 300.00 0.339517
67 68 300.00 0.412873
69 60 300.00 0.265980
69 152 300.00 0.407470
69 78 300.00 0.338147
61 62 300.00 0.410937
71 62 300.00 0.327513
71 70 300.00 0.422310
71 80 300.00 0.342553
71 161 300.00 0.231060
72 63 300.00 0.336277
72 81 300.00 0.342720
72 161 300.00 0.179100
72 73 300.00 0.410767
73 64 300.00 0.333507
73 72 300.00 0.410767
73 74 300.00 0.407100
73 82 300.00 0.339463
74 65 300.00 0.337490
74 73 300.00 0.407100
74 83 300.00 0.337660
74 75 300.00 0.403110
75 66 300.00 0.338263
75 74 300.00 0.403110
75 76 300.00 0.412127
75 84 300.00 0.336667
76 75 300.00 0.412127
76 85 300.00 0.343720
76 77 300.00 0.406817
68 67 300.00 0.412873
68 152 300.00 0.413573
68 59 300.00 0.267427
78 69 300.00 0.338147
78 125 300.00 0.407213
78 134 300.00 0.338550
70 71 300.00 0.422310
70 61 300.00 0.324633
70 97 300.00 0.361960
97 70 300.00 0.361960
97 163 300.00 0.100420
80 71 300.00 0.342553
80 79 300.00 0.425053
80 128 300.00 0.145627
80 160 300.00 0.234093
161 71 300.00 0.231060
161 72 300.00 0.179100
161 160 300.00 0.345400
85 31 300.00 0.334593
85 86 300.00 0.399903
85 144 300.00 0.181153
77 76 300.00 0.406817
77 68 300.00 0.335757
77 125 300.00 0.413510
125 77 300.00 0.413510
125 78 300.00 0.407213
125 153 300.00 0.337650
125 152 300.00 0.339693
134 78 300.00 0.338550
134 153 300.00 0.404590
134 141 300.00 0.342623
98 79 300.00 0.421777
98 170 300.00 0.209167
98 163 300.00 0.283557
128 80 300.00 0.145627
128 87 300.00 0.191673
128 129 300.00 0.324750
160 80 300.00 0.234093
160 81 300.00 0.172610
160 161 300.00 0.345400
144 84 300.00 0.238627
144 85 300.00 0.181153
144 168 300.00 0.038770
86 85 300.00 0.399903
86 77 300.00 0.338350
86 153 300.00 0.416693
153 86 300.00 0.416693
153 125 300.00 0.337650
153 134 300.00 0.404590
153 137 300.00 0.258177
89 87 300.00 0.343580
89 131 300.00 0.204533
89 93 300.00 0.455140
130 87 300.00 0.211270
130 129 300.00 0.060213
130 131 300.00 0.355760
136 143 300.00 0.098773
136 137 300.00 0.417087
93 89 300.00 0.455140
93 26 300.00 0.216043
92 95 300.00 0.174847
92 149 300.00 0.194727
95 169 300.00 0.025703
149 92 300.00 0.194727
94 164 300.00 0.100157
164 92 300.00 0.024800
169 95 300.00 0.025703
163 98 300.00 0.283557
163 162 300.00 0.032030
99 94 300.00 0.911660
106 109 300.00 0.184467
106 166 300.00 0.036593
166 156 300.00 0.228593
107 172 300.00 0.024240
172 105 300.00 0.412683
172 110 300.00 0.258587
108 109 300.00 0.190513
110 0 300.00 0.121133
110 111 300.00 0.172877
111 110 300.00 0.172877
113 112 300.00 0.319453
114 115 300.00 0.195137
122 151 300.00 0.175320
133 132 300.00 0.397273
133 138 300.00 0.264647
133 135 300.00 0.417820
154 132 300.00 1.645580
154 155 300.00 1.289397
138 88 300.00 0.080787
138 139 300.00 0.417363
135 133 300.00 0.417820
135 139 300.00 0.261183
135 155 300.00 0.400867
141 134 300.00 0.342623
141 140 300.00 0.397557
141 155 300.00 0.339903
139 135 300.00 0.261183
139 138 300.00 0.417363
139 140 300.00 0.079037
155 135 300.00 0.400867
155 141 300.00 0.339903
155 154 300.00 1.289397
143 142 300.00 0.303930
143 86 300.00 0.168397
137 136 300.00 0.417087
137 140 300.00 0.082820
137 153 300.00 0.258177
140 137 300.00 0.082820
140 139 300.00 0.079037
140 141 300.00 0.397557
142 143 300.00 0.303930
168 144 300.00 0.038770
146 145 300.00 0.222763
146 148 300.00 0.354210
146 147 300.00 0.302500
145 146 300.00 0.222763
148 146 300.00 0.354210
156 166 300.00 0.228593
159 158 300.00 0.168117
171 170 300.00 0.239433
