55 0 300.00 0.477473
55 310 300.00 0.301393
55 212 300.00 0.315790
55 159 300.00 0.359777
0 55 300.00 0.477473
0 156 300.00 0.307893
156 212 300.00 0.419023
156 241 300.00 0.099027
2 1 300.00 0.473963
2 15 300.00 0.311820
2 101 300.00 0.457960
2 14 300.00 0.313490
1 2 300.00 0.473963
1 190 300.00 0.442740
1 10 300.00 0.315313
190 1 300.00 0.442740
190 189 300.00 0.308070
10 1 300.00 0.315313
10 15 300.00 0.460217
10 321 300.00 0.304643
10 189 300.00 0.457320
15 2 300.00 0.311820
15 10 300.00 0.460217
15 257 300.00 0.300273
15 248 300.00 0.116620
101 2 300.00 0.457960
101 85 300.00 0.314153
101 86 300.00 0.304437
101 90 300.00 0.464180
14 2 300.00 0.313490
14 284 300.00 0.090270
14 18 300.00 0.304640
14 309 300.00 0.462383
90 3 300.00 0.411543
90 94 300.00 0.323097
90 318 300.00 0.313973
90 101 300.00 0.464180
3 90 300.00 0.411543
3 281 300.00 0.286793
281 333 300.00 0.036533
216 4 300.00 0.292230
216 111 300.00 0.456413
216 215 300.00 0.463263
4 216 300.00 0.292230
4 229 300.00 0.309740
4 124 300.00 0.334187
4 112 300.00 0.459120
229 4 300.00 0.309740
229 46 300.00 0.322650
229 108 300.00 0.466053
229 341 300.00 0.288930
124 4 300.00 0.334187
124 5 300.00 0.128557
124 125 300.00 0.210640
112 4 300.00 0.459120
112 110 300.00 0.125313
231 5 300.00 0.313653
231 32 300.00 0.328280
231 341 300.00 0.174467
231 233 300.00 0.464963
5 231 300.00 0.313653
5 124 300.00 0.128557
5 100 300.00 0.465150
5 215 300.00 0.284493
100 5 300.00 0.465150
100 233 300.00 0.307950
100 195 300.00 0.761073
215 5 300.00 0.284493
215 216 300.00 0.463263
181 6 300.00 0.263660
181 184 300.00 0.191417
181 182 300.00 0.323200
6 181 300.00 0.263660
6 83 300.00 0.298380
6 415 300.00 0.808963
83 6 300.00 0.298380
83 186 300.00 0.453077
83 84 300.00 0.317967
415 6 300.00 0.808963
415 219 300.00 0.184423
224 7 300.00 0.464913
224 187 300.00 0.306417
7 224 300.00 0.464913
7 411 300.00 0.198200
7 8 300.00 0.312497
7 11 300.00 0.456507
411 7 300.00 0.198200
411 130 300.00 0.111743
411 410 300.00 0.016090
8 7 300.00 0.312497
8 174 300.00 0.234693
8 177 300.00 0.284703
8 169 300.00 0.308627
11 7 300.00 0.456507
11 12 300.00 0.306703
11 179 300.00 0.624667
174 8 300.00 0.234693
174 12 300.00 0.228780
174 173 300.00 0.308707
174 176 300.00 0.272830
177 8 300.00 0.284703
177 225 300.00 0.173557
177 178 300.00 0.137113
169 8 300.00 0.308627
169 9 300.00 0.308180
169 173 300.00 0.232603
169 362 300.00 0.189477
9 175 300.00 0.203320
9 169 300.00 0.308180
9 321 300.00 0.031360
175 409 300.00 0.017410
175 287 300.00 0.256940
321 9 300.00 0.031360
321 10 300.00 0.304643
321 257 300.00 0.453713
189 10 300.00 0.457320
189 263 300.00 0.301910
12 11 300.00 0.306703
12 174 300.00 0.228780
12 170 300.00 0.315967
12 171 300.00 0.501610
179 11 300.00 0.624667
179 130 300.00 0.128617
179 418 300.00 0.034983
170 12 300.00 0.315967
170 13 300.00 0.303307
170 171 300.00 0.231307
170 173 300.00 0.226700
171 12 300.00 0.501610
171 168 300.00 0.312240
171 170 300.00 0.231307
171 172 300.00 0.095070
13 170 300.00 0.303307
13 257 300.00 0.031177
13 258 300.00 0.345437
257 13 300.00 0.031177
257 15 300.00 0.300273
257 322 300.00 0.231470
258 9 300.00 0.108880
258 404 300.00 0.021563
284 14 300.00 0.090270
284 285 300.00 0.266607
284 407 300.00 0.018213
18 14 300.00 0.304640
18 102 300.00 0.462350
18 104 300.00 0.461413
309 14 300.00 0.462383
309 191 300.00 0.464337
309 406 300.00 0.053480
248 15 300.00 0.116620
248 247 300.00 0.201687
248 250 300.00 0.228840
91 16 300.00 0.323643
91 17 300.00 0.312990
91 230 300.00 0.466163
16 91 300.00 0.323643
16 70 300.00 0.299097
16 31 300.00 0.452103
70 16 300.00 0.299097
70 307 300.00 0.464753
70 95 300.00 0.455180
31 16 300.00 0.452103
31 230 300.00 0.315683
31 359 300.00 0.165347
31 59 300.00 0.464650
32 17 300.00 0.463157
32 231 300.00 0.328280
32 230 300.00 0.315640
32 46 300.00 0.455013
17 32 300.00 0.463157
17 233 300.00 0.323893
17 47 300.00 0.836453
17 91 300.00 0.312990
233 17 300.00 0.323893
233 99 300.00 0.422270
233 100 300.00 0.307950
233 231 300.00 0.464963
47 17 300.00 0.836453
47 71 300.00 0.961877
47 73 300.00 0.373933
102 18 300.00 0.462350
102 85 300.00 0.309720
102 103 300.00 0.462300
104 18 300.00 0.461413
104 405 300.00 0.211343
104 251 300.00 0.100510
104 226 300.00 0.464380
103 19 300.00 0.457090
103 102 300.00 0.462300
103 318 300.00 0.308070
19 103 300.00 0.457090
421 20 300.00 0.182450
421 237 300.00 0.154460
421 422 300.00 0.034770
20 421 300.00 0.182450
20 64 300.00 0.290320
20 43 300.00 0.333200
64 20 300.00 0.290320
43 20 300.00 0.333200
43 41 300.00 0.334540
43 42 300.00 0.323797
43 417 300.00 0.208550
240 21 300.00 0.344060
240 207 300.00 0.347697
240 292 300.00 0.360180
21 240 300.00 0.344060
21 237 300.00 0.334990
21 369 300.00 0.093617
21 364 300.00 0.152533
237 21 300.00 0.334990
237 28 300.00 0.335223
237 65 300.00 0.377643
237 421 300.00 0.154460
369 21 300.00 0.093617
369 367 300.00 0.096040
364 21 300.00 0.152533
364 44 300.00 0.177743
364 363 300.00 0.029337
374 22 300.00 0.093260
374 400 300.00 0.025163
374 419 300.00 0.248920
22 374 300.00 0.093260
22 25 300.00 0.356207
22 38 300.00 0.342950
22 23 300.00 0.685590
25 22 300.00 0.356207
25 24 300.00 0.326870
25 346 300.00 0.097740
25 236 300.00 0.109083
38 22 300.00 0.342950
38 35 300.00 0.350053
38 267 300.00 0.181833
38 256 300.00 0.326930
23 22 300.00 0.685590
23 270 300.00 0.113383
23 299 300.00 0.116140
270 23 300.00 0.113383
270 272 300.00 0.110323
270 271 300.00 0.334943
299 300 300.00 0.040420
299 301 300.00 0.210077
24 25 300.00 0.326870
24 210 300.00 0.126543
24 291 300.00 0.336373
210 24 300.00 0.126543
210 208 300.00 0.108560
210 236 300.00 0.332450
291 24 300.00 0.336373
291 207 300.00 0.354720
291 292 300.00 0.331343
346 25 300.00 0.097740
346 345 300.00 0.142107
346 395 300.00 0.026783
236 25 300.00 0.109083
236 210 300.00 0.332450
236 211 300.00 0.338130
236 238 300.00 0.110860
27 26 300.00 0.341503
27 295 300.00 0.027000
27 275 300.00 0.112117
26 27 300.00 0.341503
26 343 300.00 0.089307
26 274 300.00 0.116917
26 272 300.00 0.113250
343 26 300.00 0.089307
343 344 300.00 0.147417
343 398 300.00 0.022597
343 397 300.00 0.016433
274 26 300.00 0.116917
274 276 300.00 0.100697
274 275 300.00 0.337070
272 26 300.00 0.113250
272 270 300.00 0.110323
272 273 300.00 0.339770
295 27 300.00 0.027000
295 360 300.00 0.139630
275 274 300.00 0.337070
275 305 300.00 0.064300
365 28 300.00 0.090570
365 256 300.00 0.577203
365 401 300.00 0.029113
28 365 300.00 0.090570
28 237 300.00 0.335223
28 44 300.00 0.338960
28 417 300.00 0.133857
44 28 300.00 0.338960
44 292 300.00 0.349830
44 364 300.00 0.177743
44 380 300.00 0.099907
417 28 300.00 0.133857
417 43 300.00 0.208550
417 416 300.00 0.018740
200 29 300.00 0.170703
200 35 300.00 0.171427
200 201 300.00 0.342980
200 267 300.00 0.336693
29 200 300.00 0.170703
29 269 300.00 0.162757
29 30 300.00 0.344030
29 34 300.00 0.335667
269 29 300.00 0.162757
269 268 300.00 0.344650
269 420 300.00 0.174717
30 29 300.00 0.344030
30 371 300.00 0.099577
30 201 300.00 0.173040
34 29 300.00 0.335667
34 33 300.00 0.321457
34 268 300.00 0.161427
371 30 300.00 0.099577
371 370 300.00 0.152673
371 373 300.00 0.145933
201 30 300.00 0.173040
201 200 300.00 0.342980
201 235 300.00 0.168290
230 31 300.00 0.315683
230 32 300.00 0.315640
230 91 300.00 0.466163
230 340 300.00 0.245043
359 31 300.00 0.165347
359 95 300.00 0.130730
359 358 300.00 0.115440
59 31 300.00 0.464650
59 228 300.00 0.307827
59 69 300.00 0.312790
59 113 300.00 0.476757
46 32 300.00 0.455013
46 45 300.00 0.469257
46 229 300.00 0.322650
46 228 300.00 0.325477
33 34 300.00 0.321457
268 34 300.00 0.161427
268 37 300.00 0.186510
268 269 300.00 0.344650
35 200 300.00 0.171427
35 235 300.00 0.327077
35 38 300.00 0.350053
235 35 300.00 0.327077
235 201 300.00 0.168290
235 234 300.00 0.342373
52 36 300.00 0.340017
52 347 300.00 0.090130
52 276 300.00 0.118417
52 290 300.00 0.326100
36 52 300.00 0.340017
36 39 300.00 0.340887
36 206 300.00 0.128003
36 209 300.00 0.126593
39 36 300.00 0.340887
39 53 300.00 0.336117
39 239 300.00 0.130933
39 238 300.00 0.118330
206 36 300.00 0.128003
206 205 300.00 0.121080
206 239 300.00 0.339893
209 36 300.00 0.126593
209 238 300.00 0.337533
209 211 300.00 0.104113
289 37 300.00 0.232500
289 41 300.00 0.098770
289 391 300.00 0.017960
37 289 300.00 0.232500
37 268 300.00 0.186510
37 420 300.00 0.339290
420 37 300.00 0.339290
420 267 300.00 0.159140
420 269 300.00 0.174717
267 38 300.00 0.181833
267 200 300.00 0.336693
267 420 300.00 0.159140
256 38 300.00 0.326930
256 376 300.00 0.103430
256 365 300.00 0.577203
256 419 300.00 0.348830
53 39 300.00 0.336117
53 208 300.00 0.114770
239 39 300.00 0.130933
239 204 300.00 0.122377
239 206 300.00 0.339893
239 314 300.00 0.275487
238 39 300.00 0.118330
238 208 300.00 0.333837
238 209 300.00 0.337533
238 236 300.00 0.110860
41 40 300.00 0.320860
41 289 300.00 0.098770
41 43 300.00 0.334540
40 41 300.00 0.320860
42 43 300.00 0.323797
42 40 300.00 0.336577
292 44 300.00 0.349830
292 240 300.00 0.360180
292 291 300.00 0.331343
292 306 300.00 0.236480
380 44 300.00 0.099907
380 376 300.00 0.145047
380 378 300.00 0.165213
380 379 300.00 0.257393
45 106 300.00 0.329237
45 46 300.00 0.469257
106 228 300.00 0.472753
106 113 300.00 0.310343
228 46 300.00 0.325477
228 59 300.00 0.307827
228 106 300.00 0.472753
228 340 300.00 0.210457
71 47 300.00 0.961877
71 307 300.00 0.379263
71 144 300.00 0.313400
73 47 300.00 0.373933
73 315 300.00 0.024297
73 286 300.00 0.031010
350 48 300.00 0.176387
350 266 300.00 0.077927
350 349 300.00 0.060337
48 350 300.00 0.176387
48 150 300.00 0.167543
48 324 300.00 0.735760
48 77 300.00 0.686083
150 48 300.00 0.167543
150 75 300.00 0.223570
150 390 300.00 0.024127
324 48 300.00 0.735760
324 79 300.00 0.341480
77 48 300.00 0.686083
77 152 300.00 0.112733
77 79 300.00 0.217973
49 389 300.00 0.166793
49 279 300.00 0.029340
389 388 300.00 0.025563
389 387 300.00 0.107567
279 266 300.00 0.118117
279 278 300.00 0.049613
50 264 300.00 0.032413
50 329 300.00 0.812350
264 89 300.00 0.329603
329 328 300.00 0.030110
329 234 300.00 0.165653
81 51 300.00 0.030900
81 386 300.00 0.127953
51 81 300.00 0.030900
347 52 300.00 0.090130
347 80 300.00 0.245240
347 402 300.00 0.018507
276 52 300.00 0.118417
276 274 300.00 0.100697
276 277 300.00 0.335203
290 52 300.00 0.326100
290 316 300.00 0.114477
208 53 300.00 0.114770
208 210 300.00 0.108560
208 238 300.00 0.333837
212 54 300.00 0.309853
212 55 300.00 0.315790
212 156 300.00 0.419023
212 158 300.00 0.167890
54 212 300.00 0.309853
54 213 300.00 0.300990
54 62 300.00 0.415410
54 61 300.00 0.436957
213 54 300.00 0.300990
213 92 300.00 0.177637
213 214 300.00 0.313380
62 54 300.00 0.415410
62 107 300.00 0.617540
61 54 300.00 0.436957
310 55 300.00 0.301393
310 227 300.00 0.030457
310 327 300.00 0.239767
159 55 300.00 0.359777
159 98 300.00 0.108597
159 381 300.00 0.023243
57 56 300.00 0.308133
57 120 300.00 0.326400
57 116 300.00 0.313623
57 352 300.00 0.206027
56 57 300.00 0.308133
56 118 300.00 0.458270
56 66 300.00 0.274543
118 56 300.00 0.458270
118 60 300.00 0.309267
118 146 300.00 0.933120
66 56 300.00 0.274543
66 67 300.00 1.322263
120 57 300.00 0.326400
120 58 300.00 0.317683
120 119 300.00 0.464913
120 338 300.00 0.118690
116 57 300.00 0.313623
116 66 300.00 0.316887
352 57 300.00 0.206027
352 60 300.00 0.260637
352 429 300.00 0.018937
69 58 300.00 0.307850
69 59 300.00 0.312790
69 323 300.00 0.458657
69 114 300.00 0.472177
58 69 300.00 0.307850
58 120 300.00 0.317683
58 115 300.00 0.441520
58 323 300.00 0.741570
115 58 300.00 0.441520
115 121 300.00 0.324530
323 58 300.00 0.741570
323 69 300.00 0.458657
323 95 300.00 0.015680
113 59 300.00 0.476757
113 244 300.00 0.053887
149 60 300.00 0.185717
60 149 300.00 0.185717
60 119 300.00 0.320783
60 352 300.00 0.260637
60 118 300.00 0.309267
119 60 300.00 0.320783
119 308 300.00 0.230207
119 120 300.00 0.464913
107 319 300.00 0.267987
107 261 300.00 0.031803
166 63 300.00 0.253403
166 254 300.00 0.687527
63 166 300.00 0.253403
63 167 300.00 0.299653
167 63 300.00 0.299653
65 335 300.00 0.010553
65 237 300.00 0.377643
335 64 300.00 0.343983
67 93 300.00 0.371620
67 252 300.00 0.132367
93 67 300.00 0.371620
93 138 300.00 0.570427
93 97 300.00 0.265387
252 253 300.00 0.152020
252 255 300.00 0.107407
136 68 300.00 0.172613
136 97 300.00 0.340887
136 337 300.00 0.202597
68 136 300.00 0.172613
68 123 300.00 0.328227
123 137 300.00 0.319147
123 117 300.00 0.665390
114 69 300.00 0.472177
114 115 300.00 0.309767
307 70 300.00 0.464753
307 71 300.00 0.379263
307 145 300.00 0.311973
95 70 300.00 0.455180
95 359 300.00 0.130730
95 323 300.00 0.015680
144 71 300.00 0.313400
144 143 300.00 0.195923
144 145 300.00 0.377857
280 72 300.00 0.289007
280 96 300.00 0.022553
280 432 300.00 0.023480
72 280 300.00 0.289007
72 218 300.00 0.548933
218 72 300.00 0.548933
218 147 300.00 0.324007
218 217 300.00 0.380323
315 73 300.00 0.024297
315 75 300.00 0.042243
315 199 300.00 0.091967
286 73 300.00 0.031010
293 74 300.00 0.337917
293 196 300.00 0.310450
293 197 300.00 0.144340
74 293 300.00 0.337917
74 194 300.00 0.025757
74 195 300.00 0.386693
194 74 300.00 0.025757
194 193 300.00 0.372433
194 330 300.00 0.246920
195 74 300.00 0.386693
195 100 300.00 0.761073
195 196 300.00 0.416687
75 150 300.00 0.223570
75 315 300.00 0.042243
75 76 300.00 0.415400
76 75 300.00 0.415400
76 199 300.00 0.341110
76 197 300.00 0.102687
199 76 300.00 0.341110
199 198 300.00 0.103370
199 315 300.00 0.091967
197 76 300.00 0.102687
197 198 300.00 0.338977
197 293 300.00 0.144340
152 77 300.00 0.112733
152 151 300.00 0.291477
152 154 300.00 0.106657
79 77 300.00 0.217973
79 151 300.00 0.113953
79 324 300.00 0.341480
155 78 300.00 0.307053
78 155 300.00 0.307053
151 79 300.00 0.113953
151 153 300.00 0.118623
151 152 300.00 0.291477
80 348 300.00 0.154610
80 294 300.00 0.025577
80 347 300.00 0.245240
348 396 300.00 0.013377
348 296 300.00 0.208377
294 80 300.00 0.025577
294 304 300.00 0.167540
386 388 300.00 0.106783
386 387 300.00 0.026820
82 168 300.00 0.226400
82 259 300.00 0.033577
168 13 300.00 0.230670
168 171 300.00 0.312240
168 322 300.00 0.028517
259 82 300.00 0.033577
259 86 300.00 0.304977
259 260 300.00 0.458320
186 83 300.00 0.453077
186 185 300.00 0.113310
84 83 300.00 0.317967
84 221 300.00 0.464810
84 88 300.00 0.308760
221 84 300.00 0.464810
221 220 300.00 0.121713
88 84 300.00 0.308760
88 222 300.00 0.465090
88 180 300.00 0.316767
285 85 300.00 0.095957
285 284 300.00 0.266607
285 408 300.00 0.016840
85 285 300.00 0.095957
85 102 300.00 0.309720
85 101 300.00 0.314153
86 259 300.00 0.304977
86 101 300.00 0.304437
86 250 300.00 0.112960
250 86 300.00 0.112960
250 248 300.00 0.228840
250 283 300.00 0.033050
219 87 300.00 0.466733
87 219 300.00 0.466733
222 88 300.00 0.465090
222 221 300.00 0.307773
180 88 300.00 0.316767
180 130 300.00 0.317553
180 223 300.00 0.469623
193 89 300.00 1.020213
193 265 300.00 0.319560
193 194 300.00 0.372433
89 193 300.00 1.020213
94 90 300.00 0.323097
94 260 300.00 0.295737
94 105 300.00 0.423927
318 90 300.00 0.313973
318 103 300.00 0.308070
318 333 300.00 0.440650
92 213 300.00 0.177637
138 93 300.00 0.570427
138 232 300.00 0.262273
138 140 300.00 0.540517
97 93 300.00 0.265387
97 232 300.00 0.573943
97 136 300.00 0.340887
260 94 300.00 0.295737
260 214 300.00 0.033193
260 320 300.00 0.188093
105 94 300.00 0.423927
105 109 300.00 0.185693
96 280 300.00 0.022553
96 141 300.00 0.724610
96 146 300.00 0.608610
141 96 300.00 0.724610
141 140 300.00 0.251813
141 232 300.00 0.526563
146 96 300.00 0.608610
146 118 300.00 0.933120
146 217 300.00 0.300893
232 97 300.00 0.573943
232 138 300.00 0.262273
232 139 300.00 0.097633
232 141 300.00 0.526563
98 159 300.00 0.108597
99 233 300.00 0.422270
405 104 300.00 0.211343
251 104 300.00 0.100510
226 104 300.00 0.464380
226 191 300.00 0.308640
109 110 300.00 0.237843
109 3 300.00 0.127903
319 214 300.00 0.189160
319 320 300.00 0.028050
261 105 300.00 0.308040
108 45 300.00 0.310350
108 229 300.00 0.466053
110 108 300.00 0.193663
111 112 300.00 0.296493
111 216 300.00 0.456413
244 243 300.00 0.146287
244 242 300.00 0.189930
121 338 300.00 0.261780
121 116 300.00 0.327993
317 117 300.00 0.491047
117 317 300.00 0.491047
308 119 300.00 0.230207
338 120 300.00 0.118690
338 121 300.00 0.261780
338 430 300.00 0.029537
131 122 300.00 0.242563
131 137 300.00 0.214103
131 132 300.00 0.416940
122 131 300.00 0.242563
137 123 300.00 0.319147
137 131 300.00 0.214103
137 337 300.00 0.095667
125 124 300.00 0.210640
125 126 300.00 0.045397
125 128 300.00 0.160817
126 125 300.00 0.045397
128 125 300.00 0.160817
128 127 300.00 0.046040
128 129 300.00 0.160307
127 128 300.00 0.046040
129 128 300.00 0.160307
187 130 300.00 0.465293
187 223 300.00 0.317027
130 187 300.00 0.465293
130 179 300.00 0.128617
130 180 300.00 0.317553
130 411 300.00 0.111743
132 131 300.00 0.416940
134 133 300.00 0.191903
134 135 300.00 0.383610
133 134 300.00 0.191903
135 134 300.00 0.383610
337 136 300.00 0.202597
337 137 300.00 0.095667
337 336 300.00 0.131810
140 138 300.00 0.540517
140 141 300.00 0.251813
140 142 300.00 0.245950
139 232 300.00 0.097633
142 140 300.00 0.245950
147 143 300.00 0.118610
147 218 300.00 0.324007
147 148 300.00 0.378823
143 147 300.00 0.118610
143 144 300.00 0.195923
145 144 300.00 0.377857
145 148 300.00 0.316783
145 307 300.00 0.311973
148 145 300.00 0.316783
148 147 300.00 0.378823
148 217 300.00 0.335510
217 146 300.00 0.300893
217 148 300.00 0.335510
217 218 300.00 0.380323
390 150 300.00 0.024127
153 151 300.00 0.118623
153 154 300.00 0.374620
154 152 300.00 0.106657
154 153 300.00 0.374620
241 242 300.00 0.158943
241 243 300.00 0.103403
158 157 300.00 0.258367
158 212 300.00 0.167890
158 431 300.00 0.018783
157 158 300.00 0.258367
431 158 300.00 0.018783
381 159 300.00 0.023243
160 326 300.00 0.302120
160 312 300.00 0.025860
326 327 300.00 0.029503
326 227 300.00 0.240103
312 0 300.00 0.319733
311 161 300.00 0.033497
311 310 300.00 0.255360
161 311 300.00 0.033497
161 433 300.00 0.015480
433 161 300.00 0.015480
164 162 300.00 0.740720
164 163 300.00 0.281350
164 165 300.00 0.413193
162 164 300.00 0.740720
162 160 300.00 0.709520
163 164 300.00 0.281350
165 164 300.00 0.413193
254 253 300.00 0.162250
254 255 300.00 0.112070
322 168 300.00 0.028517
322 259 300.00 0.227333
173 169 300.00 0.232603
173 170 300.00 0.226700
173 174 300.00 0.308707
362 169 300.00 0.189477
362 188 300.00 0.273870
362 361 300.00 0.146893
172 171 300.00 0.095070
176 174 300.00 0.272830
409 175 300.00 0.017410
287 262 300.00 0.013840
225 177 300.00 0.173557
225 298 300.00 0.149910
178 177 300.00 0.137113
418 179 300.00 0.034983
418 418 300.00 0.500660
223 180 300.00 0.469623
223 297 300.00 0.039807
184 181 300.00 0.191417
184 183 300.00 0.083353
182 181 300.00 0.323200
183 415 300.00 0.236003
183 414 300.00 0.026073
414 183 300.00 0.026073
412 185 300.00 0.030000
185 412 300.00 0.030000
185 184 300.00 0.198850
188 362 300.00 0.273870
188 225 300.00 0.309637
263 288 300.00 0.007100
191 190 300.00 0.309803
191 309 300.00 0.464337
192 226 300.00 0.293683
265 193 300.00 0.319560
265 234 300.00 0.025303
265 328 300.00 0.165067
330 194 300.00 0.246920
330 331 300.00 0.082350
196 195 300.00 0.416687
196 198 300.00 0.111517
196 293 300.00 0.310450
198 196 300.00 0.111517
198 197 300.00 0.338977
198 199 300.00 0.103370
204 202 300.00 0.056843
204 205 300.00 0.333800
204 239 300.00 0.122377
202 204 300.00 0.056843
202 314 300.00 0.314740
202 203 300.00 0.332190
314 239 300.00 0.275487
314 202 300.00 0.322893
203 202 300.00 0.332190
203 313 300.00 0.026973
203 205 300.00 0.072277
313 203 300.00 0.026973
205 203 300.00 0.072277
205 204 300.00 0.333800
205 206 300.00 0.121080
334 207 300.00 0.022827
207 334 300.00 0.022827
207 240 300.00 0.347697
207 291 300.00 0.354720
211 209 300.00 0.104113
211 236 300.00 0.338130
211 425 300.00 0.111733
425 211 300.00 0.111733
425 344 300.00 0.094230
425 345 300.00 0.097093
214 213 300.00 0.313380
214 260 300.00 0.033193
214 82 300.00 0.458437
413 220 300.00 0.029297
220 413 300.00 0.029297
220 186 300.00 0.192080
297 222 300.00 0.276887
298 224 300.00 0.156287
227 310 300.00 0.030457
227 161 300.00 0.255367
340 228 300.00 0.210457
340 230 300.00 0.245043
340 339 300.00 0.138980
341 229 300.00 0.288930
341 231 300.00 0.174467
341 385 300.00 0.022967
234 383 300.00 0.256453
234 265 300.00 0.025303
234 235 300.00 0.342373
383 382 300.00 0.029043
383 303 300.00 0.072467
242 62 300.00 0.050410
243 114 300.00 0.108130
247 245 300.00 0.067553
247 249 300.00 0.231347
247 248 300.00 0.201687
245 247 300.00 0.067553
249 246 300.00 0.087360
249 247 300.00 0.231347
249 283 300.00 0.168903
246 249 300.00 0.087360
283 249 300.00 0.168903
283 250 300.00 0.033050
283 282 300.00 0.157210
253 162 300.00 1.340220
255 68 300.00 0.051567
376 256 300.00 0.103430
376 375 300.00 0.161913
376 380 300.00 0.145047
376 377 300.00 0.157760
419 256 300.00 0.348830
419 306 300.00 0.090440
419 374 300.00 0.248920
404 258 300.00 0.021563
320 319 300.00 0.028050
320 261 300.00 0.268557
262 188 300.00 0.307457
288 287 300.00 0.027253
288 321 300.00 0.458680
328 329 300.00 0.030110
328 264 300.00 0.810890
266 350 300.00 0.077927
266 278 300.00 0.102200
278 294 300.00 0.334927
278 296 300.00 0.035587
271 270 300.00 0.334943
271 273 300.00 0.108797
273 272 300.00 0.339770
273 27 300.00 0.120333
305 304 300.00 0.025920
305 277 300.00 0.037267
277 276 300.00 0.335203
277 80 300.00 0.125630
296 49 300.00 0.041020
432 280 300.00 0.023480
333 318 300.00 0.440650
333 19 300.00 0.301450
282 283 300.00 0.157210
407 284 300.00 0.018213
408 285 300.00 0.016840
391 289 300.00 0.017960
316 290 300.00 0.114477
306 292 300.00 0.236480
306 419 300.00 0.090440
306 392 300.00 0.018063
304 295 300.00 0.178030
304 305 300.00 0.025920
360 332 300.00 0.197440
360 384 300.00 0.022493
300 299 300.00 0.040420
300 302 300.00 0.109180
301 271 300.00 0.108810
301 332 300.00 0.032300
332 330 300.00 0.077937
332 331 300.00 0.040447
303 300 300.00 0.212997
303 301 300.00 0.040793
392 306 300.00 0.018063
406 309 300.00 0.053480
327 326 300.00 0.029503
327 312 300.00 0.297630
331 382 300.00 0.072823
331 303 300.00 0.030127
382 265 300.00 0.258597
382 383 300.00 0.029043
336 337 300.00 0.131810
430 338 300.00 0.029537
339 340 300.00 0.138980
385 341 300.00 0.022967
344 343 300.00 0.147417
344 393 300.00 0.015637
344 399 300.00 0.020620
344 425 300.00 0.094230
398 343 300.00 0.022597
397 343 300.00 0.016433
393 344 300.00 0.015637
399 344 300.00 0.020620
345 425 300.00 0.097093
345 346 300.00 0.142107
345 394 300.00 0.026070
394 345 300.00 0.026070
395 346 300.00 0.026783
402 347 300.00 0.018507
396 348 300.00 0.013377
349 350 300.00 0.060337
429 352 300.00 0.018937
356 353 300.00 0.104900
356 358 300.00 0.035453
356 357 300.00 0.190787
353 356 300.00 0.104900
357 354 300.00 0.087740
357 356 300.00 0.190787
357 427 300.00 0.105563
354 357 300.00 0.087740
354 355 300.00 0.185117
354 428 300.00 0.106047
355 354 300.00 0.185117
355 358 300.00 0.015857
355 426 300.00 0.107540
428 354 300.00 0.106047
358 355 300.00 0.015857
358 356 300.00 0.035453
358 359 300.00 0.115440
426 355 300.00 0.107540
427 357 300.00 0.105563
384 360 300.00 0.022493
361 362 300.00 0.146893
363 364 300.00 0.029337
363 363 300.00 0.718500
401 365 300.00 0.029113
367 366 300.00 0.142840
367 368 300.00 0.207087
367 369 300.00 0.096040
366 367 300.00 0.142840
368 367 300.00 0.207087
370 371 300.00 0.152673
373 371 300.00 0.145933
373 372 300.00 0.304523
372 373 300.00 0.304523
400 374 300.00 0.025163
375 376 300.00 0.161913
377 376 300.00 0.157760
378 380 300.00 0.165213
379 380 300.00 0.257393
388 279 300.00 0.179083
388 389 300.00 0.025563
387 386 300.00 0.026820
387 51 300.00 0.119160
410 411 300.00 0.016090
416 417 300.00 0.018740
422 421 300.00 0.034770
422 423 300.00 0.123120
422 424 300.00 0.066810
423 422 300.00 0.123120
424 422 300.00 0.066810
