57 0 300.00 0.088373
57 61 300.00 0.306867
57 66 300.00 0.530310
0 57 300.00 0.088373
0 1 300.00 0.549240
1 0 300.00 0.549240
1 93 300.00 0.257250
93 1 300.00 0.257250
93 86 300.00 0.282153
22 2 300.00 0.327560
22 110 300.00 0.032800
22 26 300.00 0.315873
2 22 300.00 0.327560
2 89 300.00 0.016287
2 95 300.00 0.790540
89 2 300.00 0.016287
89 4 300.00 0.142677
89 88 300.00 0.152153
95 2 300.00 0.790540
95 92 300.00 0.469843
23 3 300.00 0.025623
23 20 300.00 0.334010
23 24 300.00 0.225313
3 23 300.00 0.025623
3 92 300.00 0.308233
3 86 300.00 0.419103
92 3 300.00 0.308233
92 26 300.00 0.024680
92 95 300.00 0.469843
86 3 300.00 0.419103
86 87 300.00 0.159163
86 93 300.00 0.282153
5 4 300.00 0.109480
5 94 300.00 0.326957
5 88 300.00 0.067870
4 5 300.00 0.109480
4 89 300.00 0.142677
94 5 300.00 0.326957
94 6 300.00 0.023210
94 21 300.00 0.590040
88 5 300.00 0.067870
88 27 300.00 0.893900
88 89 300.00 0.152153
6 94 300.00 0.023210
9 7 300.00 0.276607
9 8 300.00 0.366130
9 34 300.00 0.300310
7 9 300.00 0.276607
7 21 300.00 0.509020
21 7 300.00 0.509020
21 94 300.00 0.590040
91 8 300.00 0.373083
91 28 300.00 0.233613
91 115 300.00 0.030623
8 91 300.00 0.373083
8 30 300.00 0.025097
8 9 300.00 0.366130
30 8 300.00 0.025097
30 27 300.00 0.371670
30 29 300.00 0.109323
34 9 300.00 0.300310
34 31 300.00 0.190617
12 10 300.00 0.482880
10 12 300.00 0.482880
10 62 300.00 0.161787
10 123 300.00 0.072783
62 10 300.00 0.161787
62 11 300.00 0.049350
62 64 300.00 0.560887
123 10 300.00 0.072783
123 68 300.00 0.112530
123 124 300.00 0.229577
11 62 300.00 0.049350
11 15 300.00 0.579247
11 53 300.00 0.323453
15 11 300.00 0.579247
15 13 300.00 0.357803
15 40 300.00 0.277773
53 11 300.00 0.323453
53 16 300.00 0.334807
53 98 300.00 0.557363
13 15 300.00 0.357803
13 28 300.00 0.313487
13 103 300.00 0.206300
28 13 300.00 0.313487
28 44 300.00 0.307067
28 91 300.00 0.233613
28 29 300.00 0.337050
103 13 300.00 0.206300
103 90 300.00 0.122060
103 104 300.00 0.200040
37 14 300.00 0.304553
37 39 300.00 0.091550
14 37 300.00 0.304553
40 15 300.00 0.277773
40 105 300.00 0.090437
40 122 300.00 0.119277
16 53 300.00 0.334807
16 83 300.00 0.102683
16 52 300.00 0.338700
83 85 300.00 0.168317
83 112 300.00 0.039913
52 16 300.00 0.338700
52 75 300.00 0.156517
52 81 300.00 0.201440
52 18 300.00 0.158443
17 41 300.00 0.080983
17 105 300.00 0.334947
41 42 300.00 0.087353
41 117 300.00 0.028197
105 17 300.00 0.334947
105 40 300.00 0.090437
105 96 300.00 0.301767
49 19 300.00 0.034870
49 73 300.00 0.311920
19 49 300.00 0.034870
68 20 300.00 0.319047
68 123 300.00 0.112530
68 69 300.00 0.450327
20 68 300.00 0.319047
20 23 300.00 0.334010
20 121 300.00 0.364010
20 44 300.00 0.280867
121 20 300.00 0.364010
44 20 300.00 0.280867
44 28 300.00 0.307067
44 45 300.00 0.282937
110 22 300.00 0.032800
26 22 300.00 0.315873
26 92 300.00 0.024680
26 27 300.00 0.548053
24 23 300.00 0.225313
29 25 300.00 0.210923
29 28 300.00 0.337050
29 30 300.00 0.109323
25 29 300.00 0.210923
27 26 300.00 0.548053
27 30 300.00 0.371670
27 88 300.00 0.893900
31 34 300.00 0.190617
31 32 300.00 0.072517
31 115 300.00 0.183433
32 31 300.00 0.072517
115 31 300.00 0.183433
115 91 300.00 0.030623
115 104 300.00 0.290847
104 35 300.00 0.473293
104 103 300.00 0.200040
104 115 300.00 0.290847
35 104 300.00 0.473293
36 17 300.00 0.118837
36 118 300.00 0.025010
118 36 300.00 0.025010
39 37 300.00 0.091550
39 38 300.00 0.034157
39 97 300.00 0.303283
38 39 300.00 0.034157
97 39 300.00 0.303283
122 40 300.00 0.119277
42 43 300.00 0.147263
42 116 300.00 0.030527
117 41 300.00 0.028197
43 106 300.00 0.019910
43 16 300.00 0.230403
116 42 300.00 0.030527
106 43 300.00 0.019910
45 44 300.00 0.282937
47 46 300.00 0.075937
46 47 300.00 0.075937
46 60 300.00 0.345387
60 46 300.00 0.345387
48 77 300.00 0.349897
48 51 300.00 0.350533
77 101 300.00 0.136800
77 49 300.00 0.236653
51 48 300.00 0.350533
51 99 300.00 0.012680
51 79 300.00 0.264410
73 49 300.00 0.311920
50 120 300.00 0.011660
50 63 300.00 0.332797
120 99 300.00 0.344100
120 109 300.00 0.174807
63 50 300.00 0.332797
63 54 300.00 0.529063
63 98 300.00 0.024800
99 51 300.00 0.012680
99 120 300.00 0.344100
79 51 300.00 0.264410
79 81 300.00 0.119550
79 80 300.00 0.139420
75 52 300.00 0.156517
75 76 300.00 0.158847
81 52 300.00 0.201440
81 79 300.00 0.119550
81 82 300.00 0.108573
98 53 300.00 0.557363
98 63 300.00 0.024800
98 64 300.00 0.367617
55 54 300.00 0.013847
55 58 300.00 0.226453
54 55 300.00 0.013847
54 63 300.00 0.529063
54 56 300.00 0.340017
56 54 300.00 0.340017
58 55 300.00 0.226453
58 59 300.00 0.347247
58 61 300.00 0.136340
61 57 300.00 0.306867
61 58 300.00 0.136340
61 64 300.00 0.530943
66 57 300.00 0.530310
66 64 300.00 0.311200
66 67 300.00 0.023153
59 58 300.00 0.347247
64 61 300.00 0.530943
64 62 300.00 0.560887
64 66 300.00 0.311200
64 98 300.00 0.367617
67 65 300.00 0.311643
67 66 300.00 0.023153
67 69 300.00 0.114643
65 67 300.00 0.311643
69 67 300.00 0.114643
69 68 300.00 0.450327
69 71 300.00 0.098127
71 69 300.00 0.098127
71 70 300.00 0.068943
71 72 300.00 0.272773
70 71 300.00 0.068943
72 71 300.00 0.272773
76 75 300.00 0.158847
101 77 300.00 0.136800
101 78 300.00 0.210270
101 100 300.00 0.057273
78 101 300.00 0.210270
80 79 300.00 0.139420
82 81 300.00 0.108573
85 84 300.00 0.202213
85 111 300.00 0.026423
112 83 300.00 0.039913
84 50 300.00 0.099380
84 113 300.00 0.024253
113 84 300.00 0.024253
111 85 300.00 0.026423
87 86 300.00 0.159163
90 103 300.00 0.122060
96 105 300.00 0.301767
100 101 300.00 0.057273
102 36 300.00 0.023290
108 107 300.00 0.043063
107 108 300.00 0.043063
107 109 300.00 0.118833
109 107 300.00 0.118833
109 56 300.00 0.359003
114 84 300.00 0.015540
124 123 300.00 0.229577
124 124 300.00 0.135697
