0 49 300.00 0.300440
49 50 300.00 0.264260
1 51 300.00 0.501303
1 52 300.00 1.176377
52 53 300.00 0.519430
52 56 300.00 0.076583
22 2 300.00 1.554033
2 22 300.00 1.554033
2 20 300.00 3.180190
20 21 300.00 0.942010
3 24 300.00 0.323443
24 22 300.00 0.226540
24 124 300.00 0.560050
4 7 300.00 0.812593
4 6 300.00 0.340117
6 3 300.00 0.460460
5 146 300.00 0.833457
146 147 300.00 0.230993
8 18 300.00 1.299923
18 5 300.00 0.160793
18 147 300.00 1.220047
9 172 300.00 0.172180
9 10 300.00 0.483133
172 12 300.00 0.019647
10 5 300.00 1.633487
11 10 300.00 0.270327
11 172 300.00 0.511940
12 107 300.00 0.304667
12 142 300.00 0.411457
107 167 300.00 0.170410
107 108 300.00 0.362177
142 12 300.00 0.411457
142 112 300.00 0.294013
13 14 300.00 0.261797
15 17 300.00 0.034570
15 33 300.00 0.556723
17 177 300.00 0.039733
33 145 300.00 0.047867
33 132 300.00 0.051323
16 15 300.00 0.039023
16 37 300.00 0.414963
37 34 300.00 0.038140
37 159 300.00 0.187227
37 129 300.00 0.022530
177 16 300.00 0.034620
177 138 300.00 0.285270
19 62 300.00 0.454933
62 45 300.00 0.054207
62 44 300.00 1.102647
21 59 300.00 1.963103
59 53 300.00 0.312050
59 58 300.00 0.346797
124 23 300.00 0.183690
124 24 300.00 0.560050
124 125 300.00 0.320283
23 124 300.00 0.183690
25 43 300.00 0.185863
43 7 300.00 0.189287
43 6 300.00 0.969387
27 26 300.00 0.267600
30 29 300.00 0.320203
30 118 300.00 0.178250
29 30 300.00 0.320203
29 31 300.00 0.439930
31 29 300.00 0.439930
31 168 300.00 0.251967
118 30 300.00 0.178250
168 31 300.00 0.251967
32 166 300.00 0.049553
32 182 300.00 0.791963
182 32 300.00 0.791963
182 117 300.00 0.011523
145 33 300.00 0.047867
145 69 300.00 0.157587
132 135 300.00 0.127393
132 133 300.00 0.105440
34 37 300.00 0.038140
34 15 300.00 0.413993
157 35 300.00 0.184247
157 183 300.00 0.035427
157 184 300.00 0.367690
35 157 300.00 0.184247
159 158 300.00 0.026507
159 163 300.00 0.382057
129 37 300.00 0.022530
129 38 300.00 0.146413
129 158 300.00 0.186490
39 38 300.00 0.412593
39 16 300.00 0.161097
38 39 300.00 0.412593
38 113 300.00 0.483013
38 129 300.00 0.146413
113 38 300.00 0.483013
113 112 300.00 0.514200
40 153 300.00 0.834567
153 154 300.00 1.244623
161 41 300.00 0.029507
161 36 300.00 0.764163
41 161 300.00 0.029507
41 34 300.00 0.759897
42 63 300.00 3.071367
63 19 300.00 0.196743
63 64 300.00 0.644800
47 44 300.00 0.361513
47 46 300.00 0.711880
44 47 300.00 0.361513
45 46 300.00 0.357487
48 42 300.00 0.730837
50 40 300.00 0.293673
53 144 300.00 0.693740
56 54 300.00 0.028883
56 67 300.00 0.112880
144 165 300.00 0.882520
144 169 300.00 0.483073
54 56 300.00 0.028883
54 51 300.00 0.985290
55 57 300.00 0.397837
57 143 300.00 0.446663
67 68 300.00 0.028650
143 66 300.00 0.190447
143 169 300.00 0.441960
58 67 300.00 0.231287
58 60 300.00 0.408357
64 0 300.00 3.529947
111 65 300.00 0.358810
65 111 300.00 0.358810
65 136 300.00 0.022603
136 139 300.00 0.125750
136 137 300.00 0.120090
66 143 300.00 0.190447
68 54 300.00 0.111537
68 57 300.00 0.227030
69 138 300.00 0.726957
69 17 300.00 0.401607
138 137 300.00 0.147027
138 139 300.00 0.150223
72 70 300.00 0.163300
72 80 300.00 0.149153
72 83 300.00 0.155330
70 72 300.00 0.163300
70 87 300.00 0.158233
70 74 300.00 0.344107
70 86 300.00 0.155547
87 70 300.00 0.158233
87 79 300.00 0.242643
87 80 300.00 0.103943
74 70 300.00 0.344107
74 76 300.00 0.167663
74 81 300.00 0.153243
74 173 300.00 0.137057
86 70 300.00 0.155547
86 76 300.00 0.149733
86 83 300.00 0.155720
175 71 300.00 0.391913
175 73 300.00 0.062700
175 174 300.00 0.127253
71 175 300.00 0.391913
71 82 300.00 0.134020
71 75 300.00 0.131940
82 71 300.00 0.134020
82 78 300.00 0.135450
82 173 300.00 0.323880
75 71 300.00 0.131940
75 176 300.00 0.441993
75 89 300.00 0.135203
80 72 300.00 0.149153
80 79 300.00 0.217327
80 87 300.00 0.103943
83 72 300.00 0.155330
83 78 300.00 0.146383
83 86 300.00 0.155720
73 175 300.00 0.062700
73 174 300.00 0.143773
73 88 300.00 0.144820
73 176 300.00 0.133910
174 73 300.00 0.143773
174 81 300.00 0.009713
174 175 300.00 0.127253
88 73 300.00 0.144820
88 85 300.00 0.152763
88 176 300.00 0.062297
88 186 300.00 0.135150
176 73 300.00 0.133910
176 75 300.00 0.441993
176 88 300.00 0.062297
76 74 300.00 0.167663
76 86 300.00 0.149733
76 78 300.00 0.156147
81 74 300.00 0.153243
81 173 300.00 0.066917
81 174 300.00 0.009713
173 74 300.00 0.137057
173 81 300.00 0.066917
173 82 300.00 0.323880
89 75 300.00 0.135203
89 77 300.00 0.139040
89 84 300.00 0.390690
78 76 300.00 0.156147
78 83 300.00 0.146383
78 82 300.00 0.135450
77 89 300.00 0.139040
79 87 300.00 0.242643
79 80 300.00 0.217327
79 140 300.00 0.319567
140 79 300.00 0.319567
140 149 300.00 0.092977
186 84 300.00 0.106587
186 85 300.00 0.074807
186 88 300.00 0.135150
84 186 300.00 0.106587
84 89 300.00 0.390690
85 186 300.00 0.074807
85 114 300.00 0.258483
85 88 300.00 0.152763
114 85 300.00 0.258483
114 115 300.00 0.315470
148 90 300.00 0.386843
148 130 300.00 0.267693
90 148 300.00 0.386843
91 13 300.00 1.030440
92 91 300.00 1.064060
93 32 300.00 0.104540
93 166 300.00 0.115580
94 95 300.00 0.244503
95 93 300.00 0.874223
99 96 300.00 0.469647
99 98 300.00 0.368147
99 100 300.00 0.110297
96 99 300.00 0.469647
96 103 300.00 0.327010
96 156 300.00 0.199107
103 96 300.00 0.327010
103 156 300.00 0.225050
103 171 300.00 0.156703
156 96 300.00 0.199107
156 102 300.00 0.122243
156 103 300.00 0.225050
101 97 300.00 0.270507
101 127 300.00 0.881363
101 126 300.00 1.238007
97 101 300.00 0.270507
97 102 300.00 0.664960
102 97 300.00 0.664960
102 156 300.00 0.122243
98 99 300.00 0.368147
98 117 300.00 0.837983
98 126 300.00 0.715817
117 98 300.00 0.837983
117 182 300.00 0.011523
117 162 300.00 0.110157
126 98 300.00 0.715817
126 100 300.00 0.269063
126 101 300.00 1.238007
100 99 300.00 0.110297
100 127 300.00 0.068683
100 126 300.00 0.269063
127 100 300.00 0.068683
127 101 300.00 0.881363
127 128 300.00 0.203003
171 103 300.00 0.156703
104 61 300.00 1.259797
106 8 300.00 0.892337
167 109 300.00 0.083233
167 106 300.00 0.114147
108 107 300.00 0.362177
110 109 300.00 0.355097
109 110 300.00 0.355097
109 65 300.00 0.302930
112 142 300.00 0.294013
112 113 300.00 0.514200
115 114 300.00 0.315470
115 116 300.00 0.110627
116 115 300.00 0.110627
162 117 300.00 0.110157
120 119 300.00 0.633210
120 121 300.00 0.201617
120 179 300.00 0.146217
119 120 300.00 0.633210
121 120 300.00 0.201617
121 123 300.00 0.177863
179 120 300.00 0.146217
123 119 300.00 0.416883
125 124 300.00 0.320283
128 127 300.00 0.203003
158 159 300.00 0.026507
158 164 300.00 0.382000
131 130 300.00 0.392297
130 131 300.00 0.392297
130 134 300.00 0.224000
134 133 300.00 0.137400
134 135 300.00 0.123423
135 151 300.00 0.475647
133 145 300.00 0.128973
151 184 300.00 0.039977
139 39 300.00 0.237133
137 106 300.00 0.399700
149 181 300.00 0.083650
165 185 300.00 1.354857
165 170 300.00 0.465993
181 180 300.00 0.036610
181 148 300.00 0.255610
150 149 300.00 0.069083
150 140 300.00 0.108250
184 157 300.00 0.367690
184 150 300.00 0.485603
152 161 300.00 0.148367
154 155 300.00 0.803937
155 1 300.00 0.496090
183 157 300.00 0.035427
164 163 300.00 0.026700
164 187 300.00 0.318413
163 164 300.00 0.026700
185 48 300.00 1.746647
178 185 300.00 0.189670
180 181 300.00 0.036610
