0 100 300.00 0.511973
100 117 300.00 0.903123
100 976 300.00 0.047740
1 852 300.00 0.140213
2 880 300.00 0.255190
880 970 300.00 0.038920
1062 3 300.00 0.178877
1062 1035 300.00 0.591950
1062 1065 300.00 0.101813
3 1062 300.00 0.178877
3 4 300.00 0.176787
3 1128 300.00 0.575857
4 3 300.00 0.176787
4 1063 300.00 0.047610
4 1129 300.00 0.580790
1128 3 300.00 0.575857
1128 1035 300.00 0.173197
1128 1127 300.00 0.040093
1063 4 300.00 0.047610
1063 6 300.00 0.119580
1063 92 300.00 0.138410
1129 4 300.00 0.580790
1129 1127 300.00 0.133390
1129 1130 300.00 0.171267
678 5 300.00 0.042130
678 694 300.00 0.597817
678 683 300.00 0.176290
678 681 300.00 0.424880
5 678 300.00 0.042130
5 879 300.00 0.336400
879 880 300.00 0.052213
879 208 300.00 0.255203
1130 6 300.00 0.583183
1130 1069 300.00 0.151623
1130 1129 300.00 0.171267
6 1130 300.00 0.583183
6 1063 300.00 0.119580
6 1071 300.00 0.172563
6 136 300.00 0.122883
1071 6 300.00 0.172563
1071 133 300.00 0.079343
1071 189 300.00 0.160907
136 6 300.00 0.122883
136 87 300.00 0.130620
136 134 300.00 0.212260
7 868 300.00 0.053373
7 105 300.00 1.122827
868 95 300.00 0.393157
105 7 300.00 1.122827
105 10 300.00 0.045700
105 907 300.00 0.380863
9 8 300.00 0.342253
9 186 300.00 0.317290
9 1116 300.00 0.170877
9 204 300.00 0.469200
8 9 300.00 0.342253
8 1131 300.00 0.161160
8 203 300.00 0.274433
8 1070 300.00 0.148180
1131 8 300.00 0.161160
1131 132 300.00 0.396617
1131 1069 300.00 0.100583
203 8 300.00 0.274433
203 1085 300.00 0.173927
203 1072 300.00 0.250463
1070 8 300.00 0.148180
1070 197 300.00 0.122510
1070 1069 300.00 0.024863
186 9 300.00 0.317290
186 10 300.00 0.358903
186 1115 300.00 0.175937
186 187 300.00 0.365967
1116 9 300.00 0.170877
1116 1114 300.00 0.122320
1116 1115 300.00 0.318810
204 9 300.00 0.469200
204 188 300.00 0.191330
204 1085 300.00 0.404953
10 105 300.00 0.045700
10 186 300.00 0.358903
10 183 300.00 0.645353
183 10 300.00 0.645353
183 182 300.00 0.462653
183 854 300.00 0.353503
183 907 300.00 0.328330
14 11 300.00 0.654127
14 36 300.00 0.846723
14 300 300.00 0.207860
14 832 300.00 0.204550
11 14 300.00 0.654127
11 1132 300.00 0.101693
11 301 300.00 0.319790
1132 11 300.00 0.101693
1132 892 300.00 0.120647
1132 893 300.00 0.126990
301 11 300.00 0.319790
301 305 300.00 0.324000
301 303 300.00 0.086807
168 12 300.00 0.678907
168 17 300.00 0.307790
168 167 300.00 0.158057
12 168 300.00 0.678907
167 13 300.00 0.445573
167 169 300.00 0.013150
167 168 300.00 0.158057
13 167 300.00 0.445573
36 14 300.00 0.846723
36 645 300.00 0.044793
36 297 300.00 0.213103
300 14 300.00 0.207860
300 25 300.00 0.291333
300 28 300.00 0.480677
300 305 300.00 0.286310
832 14 300.00 0.204550
832 297 300.00 0.854487
832 299 300.00 0.218607
832 892 300.00 0.570760
123 15 300.00 0.048903
123 1139 300.00 0.058887
123 124 300.00 0.160610
123 1140 300.00 0.093617
15 123 300.00 0.048903
15 26 300.00 0.437380
26 128 300.00 0.305560
26 1141 300.00 0.054073
311 16 300.00 0.067873
311 19 300.00 0.193727
311 837 300.00 0.554580
16 311 300.00 0.067873
16 306 300.00 0.293033
16 182 300.00 1.410450
306 16 300.00 0.293033
306 28 300.00 0.296420
306 305 300.00 0.471777
182 16 300.00 1.410450
182 183 300.00 0.462653
182 184 300.00 0.292543
20 17 300.00 0.160873
20 169 300.00 0.301533
20 24 300.00 0.156187
17 20 300.00 0.160873
17 21 300.00 0.240603
17 168 300.00 0.307790
17 120 300.00 0.351153
21 17 300.00 0.240603
21 175 300.00 0.116153
21 834 300.00 0.342823
21 29 300.00 0.384477
120 17 300.00 0.351153
120 834 300.00 0.363480
120 1133 300.00 0.040680
171 18 300.00 0.379413
171 24 300.00 0.329580
171 169 300.00 0.160443
171 170 300.00 0.158693
18 171 300.00 0.379413
19 311 300.00 0.193727
19 856 300.00 0.270757
19 34 300.00 0.556637
19 312 300.00 0.542693
856 19 300.00 0.270757
856 22 300.00 0.251933
856 312 300.00 0.357523
856 838 300.00 0.563790
34 19 300.00 0.556637
34 837 300.00 0.208677
34 838 300.00 0.254477
34 43 300.00 0.563143
312 19 300.00 0.542693
312 184 300.00 1.020977
312 856 300.00 0.357523
169 20 300.00 0.301533
169 167 300.00 0.013150
169 171 300.00 0.160443
24 20 300.00 0.156187
24 171 300.00 0.329580
24 30 300.00 0.104287
175 21 300.00 0.116153
175 173 300.00 0.125810
175 1119 300.00 0.294567
834 21 300.00 0.342823
834 120 300.00 0.363480
834 830 300.00 0.336073
834 836 300.00 0.373277
29 21 300.00 0.384477
29 836 300.00 0.328660
29 37 300.00 0.397150
29 174 300.00 0.248667
39 22 300.00 0.571847
39 838 300.00 0.260917
39 47 300.00 0.562050
22 39 300.00 0.571847
22 309 300.00 0.225713
22 856 300.00 0.251933
309 22 300.00 0.225713
170 23 300.00 0.265767
170 31 300.00 0.341693
170 171 300.00 0.158693
23 170 300.00 0.265767
30 24 300.00 0.104287
30 31 300.00 0.066883
30 32 300.00 0.117520
33 25 300.00 0.308903
33 280 300.00 0.240283
33 40 300.00 0.502903
25 33 300.00 0.308903
25 300 300.00 0.291333
25 35 300.00 0.489417
35 25 300.00 0.489417
35 28 300.00 0.296543
35 40 300.00 0.282353
128 127 300.00 0.273797
128 147 300.00 0.121977
1141 26 300.00 0.054073
1141 127 300.00 0.081687
1141 1140 300.00 0.352703
172 27 300.00 0.438870
172 31 300.00 0.151613
172 176 300.00 0.504760
27 172 300.00 0.438870
28 35 300.00 0.296543
28 306 300.00 0.296420
28 837 300.00 0.236110
28 300 300.00 0.480677
837 28 300.00 0.236110
837 34 300.00 0.208677
837 310 300.00 0.564220
837 311 300.00 0.554580
836 29 300.00 0.328660
836 127 300.00 0.401230
836 834 300.00 0.373277
836 1139 300.00 0.221277
37 29 300.00 0.397150
37 104 300.00 0.373777
37 41 300.00 0.330287
37 127 300.00 0.330683
174 29 300.00 0.248667
174 38 300.00 0.110420
174 173 300.00 0.376427
31 30 300.00 0.066883
31 172 300.00 0.151613
31 170 300.00 0.341693
32 30 300.00 0.117520
32 173 300.00 0.144960
32 38 300.00 0.385467
173 32 300.00 0.144960
173 175 300.00 0.125810
173 174 300.00 0.376427
38 32 300.00 0.385467
38 176 300.00 0.213803
38 174 300.00 0.110420
38 41 300.00 0.388537
280 33 300.00 0.240283
280 36 300.00 0.209447
280 281 300.00 0.045133
40 33 300.00 0.502903
40 35 300.00 0.282353
40 42 300.00 0.259747
40 310 300.00 0.400760
838 34 300.00 0.254477
838 39 300.00 0.260917
838 46 300.00 0.565933
838 856 300.00 0.563790
43 34 300.00 0.563143
43 310 300.00 0.200827
43 46 300.00 0.266503
645 36 300.00 0.044793
645 281 300.00 0.211533
645 843 300.00 0.764977
297 644 300.00 0.030993
297 832 300.00 0.854487
297 298 300.00 0.200737
104 37 300.00 0.373777
104 45 300.00 0.301227
104 148 300.00 0.354090
104 147 300.00 0.289027
41 37 300.00 0.330287
41 38 300.00 0.388537
41 45 300.00 0.378103
41 44 300.00 0.200377
127 37 300.00 0.330683
127 1141 300.00 0.081687
127 128 300.00 0.273797
127 836 300.00 0.401230
176 38 300.00 0.213803
176 172 300.00 0.504760
176 177 300.00 0.295967
47 39 300.00 0.562050
47 46 300.00 0.260630
47 313 300.00 0.111100
42 40 300.00 0.259747
42 48 300.00 0.273703
42 662 300.00 0.223810
42 1124 300.00 0.467980
310 40 300.00 0.400760
310 43 300.00 0.200827
310 837 300.00 0.564220
45 41 300.00 0.378103
45 44 300.00 0.580350
45 104 300.00 0.301227
44 41 300.00 0.200377
44 177 300.00 0.088273
44 45 300.00 0.580350
48 42 300.00 0.273703
48 648 300.00 0.283647
48 49 300.00 0.221057
48 646 300.00 0.520957
662 42 300.00 0.223810
662 49 300.00 0.271107
662 307 300.00 0.518667
1124 42 300.00 0.467980
1124 280 300.00 0.043943
46 43 300.00 0.266503
46 47 300.00 0.260630
46 838 300.00 0.565933
46 52 300.00 0.485360
177 44 300.00 0.088273
177 176 300.00 0.295967
177 178 300.00 0.244357
52 46 300.00 0.485360
52 99 300.00 0.220060
52 57 300.00 0.496813
313 47 300.00 0.111100
313 315 300.00 0.087130
313 314 300.00 0.302167
648 48 300.00 0.283647
648 642 300.00 0.264940
648 647 300.00 0.524453
49 48 300.00 0.221057
49 50 300.00 0.218103
49 671 300.00 0.853830
49 662 300.00 0.271107
646 48 300.00 0.520957
646 281 300.00 0.246823
646 647 300.00 0.258863
50 49 300.00 0.218103
50 99 300.00 0.378717
50 672 300.00 0.819020
671 49 300.00 0.853830
671 650 300.00 0.220130
671 663 300.00 0.487160
671 672 300.00 0.234923
99 50 300.00 0.378717
99 52 300.00 0.220060
99 308 300.00 0.149867
99 307 300.00 0.257223
672 50 300.00 0.819020
672 665 300.00 0.543777
672 671 300.00 0.234923
672 675 300.00 0.232340
55 51 300.00 0.498923
55 54 300.00 0.264223
55 61 300.00 0.488990
55 319 300.00 0.260860
51 55 300.00 0.498923
51 318 300.00 0.468043
51 847 300.00 0.262077
51 849 300.00 0.259907
318 51 300.00 0.468043
847 51 300.00 0.262077
847 54 300.00 0.497190
847 315 300.00 0.353967
847 317 300.00 0.338390
849 51 300.00 0.259907
849 53 300.00 0.337143
849 319 300.00 0.493233
849 320 300.00 0.339630
57 52 300.00 0.496813
57 899 300.00 0.246697
57 323 300.00 0.551070
336 53 300.00 0.043940
336 59 300.00 0.448797
336 338 300.00 0.575180
53 336 300.00 0.043940
53 849 300.00 0.337143
53 1087 300.00 0.141627
1087 53 300.00 0.141627
1087 332 300.00 0.107483
1087 1099 300.00 0.437187
60 54 300.00 0.488980
60 323 300.00 0.251650
60 61 300.00 0.264303
60 66 300.00 0.483930
54 60 300.00 0.488980
54 847 300.00 0.497190
54 55 300.00 0.264223
54 323 300.00 0.725957
323 54 300.00 0.725957
323 57 300.00 0.551070
323 60 300.00 0.251650
323 65 300.00 0.490420
61 55 300.00 0.488990
61 60 300.00 0.264303
61 67 300.00 0.483097
61 321 300.00 0.257213
319 55 300.00 0.260860
319 330 300.00 0.232897
319 849 300.00 0.493233
319 324 300.00 0.122353
340 56 300.00 0.503933
340 377 300.00 0.119627
340 1021 300.00 0.294377
340 385 300.00 0.375437
56 340 300.00 0.503933
56 338 300.00 0.065950
56 342 300.00 0.297657
338 56 300.00 0.065950
338 336 300.00 0.575180
338 337 300.00 0.169373
342 56 300.00 0.297657
342 351 300.00 0.171700
342 350 300.00 0.392743
899 57 300.00 0.246697
899 62 300.00 0.249590
899 673 300.00 0.375827
664 58 300.00 0.224333
664 663 300.00 0.220020
58 664 300.00 0.224333
58 650 300.00 0.245133
58 850 300.00 0.569947
650 58 300.00 0.245133
650 642 300.00 0.265290
650 649 300.00 0.551200
650 671 300.00 0.220130
850 58 300.00 0.569947
850 649 300.00 0.242960
850 848 300.00 0.205417
330 59 300.00 0.113110
330 319 300.00 0.232897
330 331 300.00 0.114730
59 330 300.00 0.113110
59 339 300.00 0.049827
59 336 300.00 0.448797
339 59 300.00 0.049827
339 389 300.00 0.209983
339 385 300.00 0.268080
66 60 300.00 0.483930
66 65 300.00 0.265307
66 72 300.00 0.527453
66 67 300.00 0.262433
67 61 300.00 0.483097
67 66 300.00 0.262433
67 322 300.00 0.259183
67 73 300.00 0.525117
321 61 300.00 0.257213
321 64 300.00 0.342830
321 328 300.00 0.175400
321 322 300.00 0.478633
63 62 300.00 0.258913
63 69 300.00 0.507453
63 1101 300.00 0.028220
62 63 300.00 0.258913
62 899 300.00 0.249590
62 68 300.00 0.507167
68 62 300.00 0.507167
68 69 300.00 0.269007
68 902 300.00 0.521990
68 408 300.00 0.736793
69 63 300.00 0.507453
69 68 300.00 0.269007
69 70 300.00 0.271603
69 74 300.00 0.530243
1101 63 300.00 0.028220
1101 65 300.00 0.244793
1101 1100 300.00 0.340743
401 64 300.00 0.166430
401 402 300.00 0.310033
401 403 300.00 0.148263
64 401 300.00 0.166430
64 389 300.00 0.233207
64 321 300.00 0.342830
64 391 300.00 0.149167
389 64 300.00 0.233207
389 339 300.00 0.209983
389 390 300.00 0.293680
391 64 300.00 0.149167
391 383 300.00 0.113277
391 392 300.00 0.082237
70 65 300.00 0.520320
70 69 300.00 0.271603
70 76 300.00 0.517623
70 72 300.00 0.269170
65 70 300.00 0.520320
65 323 300.00 0.490420
65 66 300.00 0.265307
65 1101 300.00 0.244793
72 66 300.00 0.527453
72 70 300.00 0.269170
72 77 300.00 0.518033
72 73 300.00 0.257680
322 67 300.00 0.259183
322 321 300.00 0.478633
322 405 300.00 0.354417
322 1107 300.00 0.396543
73 67 300.00 0.525117
73 72 300.00 0.257680
73 1090 300.00 0.515950
73 809 300.00 0.268260
902 68 300.00 0.521990
902 859 300.00 0.037253
902 408 300.00 0.257750
408 68 300.00 0.736793
408 421 300.00 0.323240
74 69 300.00 0.530243
74 858 300.00 0.030597
74 902 300.00 0.270960
76 70 300.00 0.517623
76 74 300.00 0.282913
810 71 300.00 0.262547
810 573 300.00 0.508610
810 808 300.00 0.209700
810 811 300.00 0.153267
71 810 300.00 0.262547
71 576 300.00 0.154673
576 811 300.00 0.248413
576 898 300.00 0.204163
77 72 300.00 0.518033
77 76 300.00 0.256637
1090 73 300.00 0.515950
1090 1089 300.00 0.032920
809 73 300.00 0.268260
809 75 300.00 0.344483
809 1107 300.00 0.129373
809 863 300.00 0.515823
858 74 300.00 0.030597
858 470 300.00 0.148580
75 809 300.00 0.344483
75 857 300.00 0.338223
75 1106 300.00 0.133100
75 862 300.00 0.520883
857 75 300.00 0.338223
857 407 300.00 0.185240
857 413 300.00 0.195550
857 861 300.00 0.514373
1106 75 300.00 0.133100
1106 405 300.00 0.391677
1106 1107 300.00 0.346880
862 75 300.00 0.520883
862 420 300.00 0.028197
862 863 300.00 0.361620
79 78 300.00 0.209387
79 80 300.00 0.206013
79 471 300.00 0.586013
79 470 300.00 0.220183
78 79 300.00 0.209387
78 436 300.00 0.207530
78 473 300.00 0.578243
436 78 300.00 0.207530
436 812 300.00 0.208173
436 472 300.00 0.582773
473 78 300.00 0.578243
473 471 300.00 0.211083
473 472 300.00 0.204320
80 79 300.00 0.206013
80 813 300.00 0.205200
80 461 300.00 0.587130
80 469 300.00 0.221697
471 79 300.00 0.586013
471 461 300.00 0.204080
471 473 300.00 0.211083
470 79 300.00 0.220183
470 469 300.00 0.207127
813 80 300.00 0.205200
813 432 300.00 0.206227
813 463 300.00 0.218517
813 468 300.00 0.587790
461 80 300.00 0.587130
461 471 300.00 0.204080
461 468 300.00 0.204427
469 80 300.00 0.221697
469 463 300.00 0.203413
890 81 300.00 0.196870
890 588 300.00 0.032130
890 1033 300.00 0.389680
81 890 300.00 0.196870
81 568 300.00 0.183177
81 580 300.00 0.595577
568 81 300.00 0.183177
568 1122 300.00 0.020827
568 922 300.00 0.429543
580 81 300.00 0.595577
580 578 300.00 0.205723
580 581 300.00 0.201467
476 82 300.00 0.194327
476 475 300.00 0.585417
476 477 300.00 0.212967
82 476 300.00 0.194327
82 435 300.00 0.039920
435 82 300.00 0.039920
435 439 300.00 0.586533
435 459 300.00 0.060047
1035 83 300.00 0.218387
1035 1062 300.00 0.591950
1035 1128 300.00 0.173197
83 1035 300.00 0.218387
83 86 300.00 0.066220
86 872 300.00 0.074057
86 132 300.00 0.468110
85 867 300.00 0.228480
867 868 300.00 0.044923
867 870 300.00 0.197097
872 129 300.00 0.099167
132 86 300.00 0.468110
132 131 300.00 0.330143
132 1131 300.00 0.396617
132 1127 300.00 0.087267
91 87 300.00 0.155400
91 1064 300.00 0.009260
91 92 300.00 0.126180
87 91 300.00 0.155400
87 1066 300.00 0.548400
87 136 300.00 0.130620
87 139 300.00 0.094213
1066 87 300.00 0.548400
1066 88 300.00 0.245200
1066 140 300.00 0.157597
139 87 300.00 0.094213
139 135 300.00 0.144793
139 140 300.00 0.414183
218 88 300.00 0.027303
218 89 300.00 0.350513
218 216 300.00 0.153667
88 218 300.00 0.027303
88 221 300.00 0.491053
88 1066 300.00 0.245200
221 88 300.00 0.491053
221 220 300.00 0.283120
221 1067 300.00 0.198013
89 141 300.00 0.424207
89 218 300.00 0.350513
141 142 300.00 0.474240
141 143 300.00 0.370183
1064 90 300.00 0.327390
1064 91 300.00 0.009260
1064 144 300.00 0.110047
90 1064 300.00 0.327390
90 93 300.00 0.120377
93 92 300.00 0.422370
93 1065 300.00 0.171893
92 91 300.00 0.126180
92 1063 300.00 0.138410
92 93 300.00 0.422370
1065 1062 300.00 0.101813
1065 83 300.00 0.602227
94 0 300.00 0.761837
95 885 300.00 0.393733
95 96 300.00 1.083267
885 102 300.00 0.051523
96 95 300.00 1.083267
96 854 300.00 0.331723
96 907 300.00 0.356433
96 181 300.00 0.322753
854 96 300.00 0.331723
854 97 300.00 0.437237
854 180 300.00 0.324167
854 183 300.00 0.353503
907 96 300.00 0.356433
907 105 300.00 0.380863
907 183 300.00 0.328330
181 96 300.00 0.322753
181 101 300.00 0.635287
181 180 300.00 0.326040
1146 97 300.00 0.223253
1146 1109 300.00 0.199100
1146 1147 300.00 0.322053
97 1146 300.00 0.223253
97 854 300.00 0.437237
97 184 300.00 0.059983
184 97 300.00 0.059983
184 182 300.00 0.292543
184 312 300.00 1.020977
307 98 300.00 0.068977
307 99 300.00 0.257223
307 662 300.00 0.518667
98 307 300.00 0.068977
308 99 300.00 0.149867
117 119 300.00 0.263327
117 1022 300.00 0.050840
976 100 300.00 0.047740
976 150 300.00 0.424910
976 1022 300.00 0.929680
1108 101 300.00 0.378510
1108 1144 300.00 0.144883
1108 1143 300.00 0.137583
101 1108 300.00 0.378510
101 1117 300.00 0.340463
101 102 300.00 1.151267
101 181 300.00 0.635287
1117 101 300.00 0.340463
1117 159 300.00 0.083900
1117 1118 300.00 0.410840
102 101 300.00 1.151267
102 866 300.00 0.286507
866 94 300.00 0.263587
149 103 300.00 0.184670
149 118 300.00 1.344023
149 159 300.00 0.392097
103 149 300.00 0.184670
148 104 300.00 0.354090
147 104 300.00 0.289027
106 1 300.00 0.159613
107 108 300.00 0.387287
108 1030 300.00 0.215723
1030 875 300.00 0.216483
111 971 300.00 1.102997
971 973 300.00 0.170907
1120 112 300.00 0.165893
1120 114 300.00 0.139187
112 1120 300.00 0.165893
114 113 300.00 0.216237
114 1120 300.00 0.139187
113 114 300.00 0.216237
358 115 300.00 0.040627
358 363 300.00 0.615947
115 358 300.00 0.040627
160 116 300.00 0.163073
160 1097 300.00 0.154183
116 160 300.00 0.163073
119 15 300.00 0.834603
119 126 300.00 0.050607
1022 117 300.00 0.050840
1022 122 300.00 0.273410
1022 126 300.00 0.261860
1022 976 300.00 0.929680
122 118 300.00 0.220453
122 121 300.00 0.156273
122 1022 300.00 0.273410
118 122 300.00 0.220453
118 1133 300.00 0.263257
118 149 300.00 1.344023
118 125 300.00 0.087270
1133 118 300.00 0.263257
1133 120 300.00 0.040680
1133 125 300.00 0.290840
125 118 300.00 0.087270
125 121 300.00 0.175470
125 1133 300.00 0.290840
125 830 300.00 0.372383
126 119 300.00 0.050607
126 121 300.00 0.140433
126 146 300.00 0.399157
126 1022 300.00 0.261860
121 125 300.00 0.175470
121 126 300.00 0.140433
121 122 300.00 0.156273
1139 123 300.00 0.058887
1139 836 300.00 0.221277
1139 1140 300.00 0.082030
124 123 300.00 0.160610
124 146 300.00 0.266913
124 830 300.00 0.239660
1140 123 300.00 0.093617
1140 1139 300.00 0.082030
1140 1141 300.00 0.352703
146 124 300.00 0.266913
146 126 300.00 0.399157
146 830 300.00 0.129453
830 124 300.00 0.239660
830 125 300.00 0.372383
830 146 300.00 0.129453
830 834 300.00 0.336073
130 129 300.00 0.386587
129 130 300.00 0.386587
129 871 300.00 0.169283
871 131 300.00 0.500550
871 869 300.00 0.531340
1110 131 300.00 0.029873
1110 185 300.00 0.324103
1110 1112 300.00 0.124940
131 1110 300.00 0.029873
131 871 300.00 0.500550
131 132 300.00 0.330143
1127 132 300.00 0.087267
1127 1129 300.00 0.133390
1127 1128 300.00 0.040093
137 133 300.00 0.319817
137 135 300.00 0.261010
137 222 300.00 0.172737
133 137 300.00 0.319817
133 1071 300.00 0.079343
133 134 300.00 0.064133
134 133 300.00 0.064133
134 136 300.00 0.212260
134 135 300.00 0.173690
135 134 300.00 0.173690
135 137 300.00 0.261010
135 139 300.00 0.144793
135 138 300.00 0.256013
138 135 300.00 0.256013
138 222 300.00 0.386810
138 140 300.00 0.138657
222 137 300.00 0.172737
222 138 300.00 0.386810
222 1067 300.00 0.216123
140 138 300.00 0.138657
140 139 300.00 0.414183
140 1066 300.00 0.157597
142 141 300.00 0.474240
142 144 300.00 0.089187
142 143 300.00 0.168460
143 142 300.00 0.168460
143 874 300.00 0.056130
144 142 300.00 0.089187
144 145 300.00 0.192120
144 1064 300.00 0.110047
874 145 300.00 0.041207
145 144 300.00 0.192120
145 873 300.00 0.032567
873 90 300.00 0.210020
159 149 300.00 0.392097
159 158 300.00 0.593350
159 1117 300.00 0.083900
154 150 300.00 0.239827
154 153 300.00 0.132063
154 155 300.00 0.130173
150 154 300.00 0.239827
150 152 300.00 0.148880
150 976 300.00 0.424910
152 150 300.00 0.148880
152 1144 300.00 0.039097
152 153 300.00 0.186377
157 151 300.00 0.094553
157 156 300.00 0.126790
151 157 300.00 0.094553
1144 152 300.00 0.039097
1144 1108 300.00 0.144883
1144 1143 300.00 0.137040
153 152 300.00 0.186377
153 154 300.00 0.132063
153 155 300.00 0.507907
155 153 300.00 0.507907
155 154 300.00 0.130173
155 156 300.00 0.126470
156 155 300.00 0.126470
156 157 300.00 0.126790
158 159 300.00 0.593350
1097 160 300.00 0.154183
1097 1096 300.00 0.128470
1097 1098 300.00 0.181943
163 161 300.00 0.508837
163 162 300.00 0.175577
163 1096 300.00 0.101470
163 164 300.00 0.276127
161 163 300.00 0.508837
162 163 300.00 0.175577
1096 163 300.00 0.101470
1096 1095 300.00 0.200483
1096 1097 300.00 0.128470
164 163 300.00 0.276127
1119 175 300.00 0.294567
178 177 300.00 0.244357
180 179 300.00 0.416670
180 854 300.00 0.324167
180 181 300.00 0.326040
179 180 300.00 0.416670
1111 185 300.00 0.117777
1111 1113 300.00 0.125010
1111 1112 300.00 0.322087
185 1111 300.00 0.117777
185 1145 300.00 0.065263
185 1110 300.00 0.324103
1145 185 300.00 0.065263
1115 186 300.00 0.175937
1115 1113 300.00 0.128307
1115 1116 300.00 0.318810
187 186 300.00 0.365967
188 204 300.00 0.191330
197 189 300.00 0.293020
197 196 300.00 0.368660
197 1070 300.00 0.122510
189 197 300.00 0.293020
189 193 300.00 0.069257
189 1071 300.00 0.160907
193 189 300.00 0.069257
193 190 300.00 0.019010
193 194 300.00 0.088210
190 193 300.00 0.019010
190 195 300.00 0.242617
190 192 300.00 0.481580
195 190 300.00 0.242617
195 199 300.00 0.322043
195 198 300.00 0.130220
192 190 300.00 0.481580
205 191 300.00 0.054463
191 205 300.00 0.054463
191 202 300.00 0.194610
191 1085 300.00 0.126210
202 191 300.00 0.194610
202 199 300.00 0.091850
202 201 300.00 0.205900
1085 191 300.00 0.126210
1085 203 300.00 0.173927
1085 204 300.00 0.404953
194 193 300.00 0.088210
199 195 300.00 0.322043
199 202 300.00 0.091850
199 200 300.00 0.176593
198 195 300.00 0.130220
198 196 300.00 0.063873
198 200 300.00 0.105750
196 198 300.00 0.063873
196 1072 300.00 0.078843
196 197 300.00 0.368660
1072 196 300.00 0.078843
1072 201 300.00 0.019107
1072 203 300.00 0.250463
200 198 300.00 0.105750
200 199 300.00 0.176593
200 201 300.00 0.068443
201 200 300.00 0.068443
201 1072 300.00 0.019107
201 202 300.00 0.205900
206 901 300.00 0.104913
206 207 300.00 0.179500
901 852 300.00 0.059900
901 207 300.00 0.113333
207 877 300.00 0.659183
877 878 300.00 0.051560
877 876 300.00 0.063040
208 209 300.00 0.132077
208 853 300.00 0.114120
209 677 300.00 0.065577
853 901 300.00 0.040300
853 209 300.00 0.086650
677 682 300.00 0.425403
677 687 300.00 0.206623
688 210 300.00 0.179463
688 686 300.00 0.170210
688 818 300.00 0.483490
210 688 300.00 0.179463
210 245 300.00 0.037550
210 729 300.00 0.182477
245 210 300.00 0.037550
245 253 300.00 0.503263
245 1001 300.00 0.305257
729 728 300.00 0.753457
729 731 300.00 0.172303
997 211 300.00 0.305410
997 206 300.00 0.324723
211 997 300.00 0.305410
211 1136 300.00 0.258860
211 248 300.00 0.297447
1136 211 300.00 0.258860
1136 212 300.00 0.269607
1136 213 300.00 0.307990
248 211 300.00 0.297447
248 249 300.00 0.138717
248 1056 300.00 0.172880
215 212 300.00 0.211533
215 214 300.00 0.162520
215 219 300.00 0.275110
212 215 300.00 0.211533
212 1136 300.00 0.269607
212 213 300.00 0.116573
212 1056 300.00 0.154390
213 212 300.00 0.116573
213 214 300.00 0.201167
213 1136 300.00 0.307990
1056 212 300.00 0.154390
1056 248 300.00 0.172880
1056 1057 300.00 0.016810
214 213 300.00 0.201167
214 217 300.00 0.111783
214 215 300.00 0.162520
217 214 300.00 0.111783
217 216 300.00 0.224420
217 1135 300.00 0.139257
219 215 300.00 0.275110
219 224 300.00 0.113003
219 220 300.00 0.187873
216 217 300.00 0.224420
216 1135 300.00 0.139350
216 218 300.00 0.153667
216 1029 300.00 0.347160
1135 216 300.00 0.139350
1135 217 300.00 0.139257
1135 220 300.00 0.226440
1029 216 300.00 0.347160
1029 89 300.00 0.088753
224 219 300.00 0.113003
224 223 300.00 0.155893
224 1068 300.00 0.071073
220 219 300.00 0.187873
220 1135 300.00 0.226440
220 221 300.00 0.283120
1067 221 300.00 0.198013
1067 222 300.00 0.216123
1067 1068 300.00 0.014560
223 224 300.00 0.155893
223 246 300.00 0.385917
223 1057 300.00 0.526687
246 223 300.00 0.385917
246 244 300.00 0.143657
246 254 300.00 0.077757
1057 223 300.00 0.526687
1057 251 300.00 0.110120
1057 1056 300.00 0.016810
1068 224 300.00 0.071073
1068 227 300.00 0.896433
1068 1067 300.00 0.014560
228 225 300.00 0.137883
228 227 300.00 0.230577
228 894 300.00 0.167693
225 228 300.00 0.137883
243 226 300.00 0.067957
243 244 300.00 0.290037
243 261 300.00 0.389100
226 243 300.00 0.067957
226 227 300.00 0.169433
226 1058 300.00 0.213563
227 226 300.00 0.169433
227 228 300.00 0.230577
227 1068 300.00 0.896433
1058 226 300.00 0.213563
1058 241 300.00 0.765687
1058 894 300.00 0.075660
894 228 300.00 0.167693
894 1059 300.00 0.116133
894 1058 300.00 0.075660
287 229 300.00 0.310717
287 286 300.00 0.225460
287 289 300.00 0.261787
229 287 300.00 0.310717
229 1082 300.00 0.017880
229 903 300.00 0.242730
1082 229 300.00 0.017880
1082 256 300.00 0.111607
1082 262 300.00 0.625177
903 229 300.00 0.242730
903 263 300.00 0.430590
903 286 300.00 0.371003
903 1061 300.00 0.186420
230 994 300.00 0.063223
230 232 300.00 0.487013
994 267 300.00 0.172873
232 822 300.00 0.169283
232 231 300.00 0.749257
231 723 300.00 0.039903
231 237 300.00 0.167787
723 996 300.00 0.064860
723 724 300.00 0.751657
237 822 300.00 0.748527
237 235 300.00 0.171203
822 232 300.00 0.169283
822 237 300.00 0.748527
822 238 300.00 0.486790
822 821 300.00 0.171503
820 233 300.00 0.749670
820 234 300.00 0.487920
820 247 300.00 0.186437
820 821 300.00 0.168503
233 820 300.00 0.749670
233 245 300.00 0.181477
234 236 300.00 0.173317
234 820 300.00 0.487920
236 238 300.00 0.173503
236 821 300.00 0.488127
821 235 300.00 0.748740
821 236 300.00 0.488127
821 820 300.00 0.168503
821 822 300.00 0.171503
235 821 300.00 0.748740
235 731 300.00 0.037797
235 233 300.00 0.171890
731 235 300.00 0.037797
731 730 300.00 0.754967
731 733 300.00 0.168897
238 230 300.00 0.164680
238 1024 300.00 0.067173
238 822 300.00 0.486790
1024 238 300.00 0.067173
1024 258 300.00 0.059560
283 239 300.00 0.013963
283 240 300.00 0.150713
283 284 300.00 0.435237
239 283 300.00 0.013963
239 895 300.00 0.180867
239 1060 300.00 0.623207
895 239 300.00 0.180867
895 293 300.00 0.191357
895 1060 300.00 0.647853
1060 239 300.00 0.623207
1060 895 300.00 0.647853
1060 1059 300.00 0.179713
241 240 300.00 0.175473
241 242 300.00 0.165833
241 1058 300.00 0.765687
240 241 300.00 0.175473
240 283 300.00 0.150713
240 1059 300.00 0.674267
1059 240 300.00 0.674267
1059 894 300.00 0.116133
1059 1060 300.00 0.179713
242 241 300.00 0.165833
242 285 300.00 0.117487
242 261 300.00 0.602653
285 242 300.00 0.117487
285 284 300.00 0.338767
285 1061 300.00 0.054173
261 242 300.00 0.602653
261 243 300.00 0.389100
261 823 300.00 0.168550
244 243 300.00 0.290037
244 246 300.00 0.143657
244 823 300.00 0.619650
823 244 300.00 0.619650
823 260 300.00 0.173603
823 261 300.00 0.168550
823 1061 300.00 0.607940
253 245 300.00 0.503263
253 247 300.00 0.250250
253 249 300.00 0.341890
1001 1000 300.00 0.038430
1001 998 300.00 0.051370
254 246 300.00 0.077757
254 257 300.00 0.162360
254 259 300.00 0.467217
247 253 300.00 0.250250
247 251 300.00 0.308703
247 820 300.00 0.186437
247 255 300.00 0.482970
251 247 300.00 0.308703
251 250 300.00 0.107263
251 1057 300.00 0.110120
255 247 300.00 0.482970
255 257 300.00 0.074017
255 234 300.00 0.179623
249 248 300.00 0.138717
249 250 300.00 0.106203
249 253 300.00 0.341890
250 249 300.00 0.106203
250 251 300.00 0.107263
250 252 300.00 0.101370
252 250 300.00 0.101370
257 254 300.00 0.162360
257 255 300.00 0.074017
259 254 300.00 0.467217
259 258 300.00 0.161340
259 260 300.00 0.271343
288 256 300.00 0.036500
288 289 300.00 0.249037
288 978 300.00 0.313963
256 288 300.00 0.036500
256 1082 300.00 0.111607
258 259 300.00 0.161340
258 257 300.00 0.467623
260 259 300.00 0.271343
260 263 300.00 0.268440
260 823 300.00 0.173603
263 260 300.00 0.268440
263 262 300.00 0.167183
263 903 300.00 0.430590
262 1026 300.00 0.054113
262 263 300.00 0.167183
262 1025 300.00 0.068997
1026 1024 300.00 0.429253
1025 269 300.00 0.090377
264 256 300.00 0.454767
264 979 300.00 0.370970
979 264 300.00 0.370970
979 982 300.00 0.031367
979 987 300.00 0.369210
824 265 300.00 0.171037
824 266 300.00 0.494893
824 267 300.00 0.738957
824 825 300.00 0.170413
265 824 300.00 0.171037
265 994 300.00 0.738373
266 995 300.00 0.169990
266 824 300.00 0.494893
995 265 300.00 0.498667
995 231 300.00 0.066293
267 1027 300.00 0.027630
267 824 300.00 0.738957
1027 1025 300.00 0.057640
1027 1026 300.00 0.068060
268 266 300.00 0.170200
268 825 300.00 0.498970
825 268 300.00 0.498970
825 269 300.00 0.731343
825 824 300.00 0.170413
825 987 300.00 0.177590
269 264 300.00 0.166053
269 825 300.00 0.731343
276 270 300.00 0.125327
276 1081 300.00 0.026160
276 635 300.00 0.641897
270 276 300.00 0.125327
270 984 300.00 0.260913
270 991 300.00 0.097377
984 270 300.00 0.260913
984 978 300.00 0.050283
984 637 300.00 0.203010
991 270 300.00 0.097377
991 274 300.00 0.747490
991 992 300.00 0.172450
271 1019 300.00 0.174307
271 272 300.00 0.750660
1019 1018 300.00 0.030467
1019 988 300.00 0.203433
272 271 300.00 0.750660
272 990 300.00 0.174670
272 989 300.00 0.169577
990 272 300.00 0.174670
990 273 300.00 0.752460
990 993 300.00 0.164947
989 272 300.00 0.169577
989 982 300.00 0.097487
273 271 300.00 0.173837
273 990 300.00 0.752460
273 799 300.00 0.043157
799 273 300.00 0.043157
799 827 300.00 0.434000
799 791 300.00 0.164520
274 277 300.00 0.165330
274 991 300.00 0.747490
277 278 300.00 0.063660
277 992 300.00 0.748357
275 274 300.00 0.169727
275 1081 300.00 0.621147
1081 275 300.00 0.621147
1081 276 300.00 0.026160
1081 634 300.00 0.582613
635 276 300.00 0.641897
635 634 300.00 0.195993
635 636 300.00 0.136593
278 273 300.00 0.170977
992 991 300.00 0.172450
992 993 300.00 0.069943
279 641 300.00 0.167730
279 1079 300.00 0.044113
279 855 300.00 0.794107
641 643 300.00 0.204333
641 839 300.00 0.772407
641 977 300.00 0.044547
1079 279 300.00 0.044113
1079 290 300.00 0.025020
855 279 300.00 0.794107
855 633 300.00 0.397073
855 636 300.00 0.219940
855 639 300.00 0.109943
281 280 300.00 0.045133
281 646 300.00 0.246823
281 1124 300.00 0.047697
289 282 300.00 0.343690
289 287 300.00 0.261787
289 288 300.00 0.249037
282 289 300.00 0.343690
282 978 300.00 0.181457
978 288 300.00 0.313963
978 984 300.00 0.050283
978 985 300.00 0.341247
284 283 300.00 0.435237
284 285 300.00 0.338767
284 286 300.00 0.224633
286 284 300.00 0.224633
286 287 300.00 0.225460
286 291 300.00 0.218447
286 903 300.00 0.371003
1061 285 300.00 0.054173
1061 823 300.00 0.607940
1061 903 300.00 0.186420
291 286 300.00 0.218447
291 290 300.00 0.887880
291 299 300.00 0.132350
291 292 300.00 0.804337
290 291 300.00 0.887880
290 1080 300.00 0.045287
290 282 300.00 0.209463
1080 290 300.00 0.045287
1080 279 300.00 0.036563
299 291 300.00 0.132350
299 298 300.00 0.848537
299 832 300.00 0.218607
292 291 300.00 0.804337
292 293 300.00 0.022467
292 893 300.00 0.144023
293 292 300.00 0.022467
293 295 300.00 0.114513
293 895 300.00 0.191357
893 292 300.00 0.144023
893 892 300.00 0.151503
893 1132 300.00 0.126990
295 293 300.00 0.114513
295 294 300.00 0.208977
295 296 300.00 0.109387
294 295 300.00 0.208977
296 295 300.00 0.109387
644 297 300.00 0.030993
644 645 300.00 0.214023
644 841 300.00 0.779267
298 299 300.00 0.848537
298 977 300.00 0.208833
977 641 300.00 0.044547
977 1079 300.00 0.166590
305 300 300.00 0.286310
305 301 300.00 0.324000
305 306 300.00 0.471777
303 301 300.00 0.086807
303 302 300.00 0.347280
303 304 300.00 0.207387
302 303 300.00 0.347280
304 303 300.00 0.207387
315 313 300.00 0.087130
315 316 300.00 0.304817
315 847 300.00 0.353967
314 313 300.00 0.302167
316 315 300.00 0.304817
317 847 300.00 0.338390
324 319 300.00 0.122353
324 325 300.00 0.142147
324 326 300.00 0.097797
320 849 300.00 0.339630
328 321 300.00 0.175400
328 326 300.00 0.101717
328 329 300.00 0.161887
405 322 300.00 0.354417
405 403 300.00 0.168433
405 406 300.00 0.329560
405 1106 300.00 0.391677
1107 322 300.00 0.396543
1107 809 300.00 0.129373
1107 1106 300.00 0.346880
325 324 300.00 0.142147
326 324 300.00 0.097797
326 327 300.00 0.149410
326 328 300.00 0.101717
327 326 300.00 0.149410
329 328 300.00 0.161887
331 330 300.00 0.114730
333 332 300.00 0.211143
332 333 300.00 0.211143
332 1087 300.00 0.107483
332 337 300.00 0.464200
337 332 300.00 0.464200
337 334 300.00 0.398457
337 338 300.00 0.169373
334 337 300.00 0.398457
334 335 300.00 0.159657
334 355 300.00 0.576110
335 334 300.00 0.159657
355 334 300.00 0.576110
355 359 300.00 0.601673
385 339 300.00 0.268080
385 340 300.00 0.375437
385 386 300.00 0.144183
377 340 300.00 0.119627
377 387 300.00 0.062320
377 378 300.00 0.293420
1021 340 300.00 0.294377
1021 346 300.00 0.309187
1021 354 300.00 0.131723
1021 378 300.00 0.123737
396 341 300.00 0.234033
396 356 300.00 0.060013
396 397 300.00 0.251743
341 396 300.00 0.234033
341 347 300.00 0.313010
341 381 300.00 0.129133
347 341 300.00 0.313010
347 369 300.00 0.127833
347 394 300.00 0.254947
381 341 300.00 0.129133
381 373 300.00 0.054847
381 382 300.00 0.287333
351 342 300.00 0.171700
351 350 300.00 0.208940
351 352 300.00 0.093447
350 342 300.00 0.392743
350 351 300.00 0.208940
350 353 300.00 0.201643
344 343 300.00 0.181433
344 348 300.00 0.095623
344 345 300.00 0.482433
343 344 300.00 0.181433
343 361 300.00 0.151893
343 359 300.00 0.064907
361 343 300.00 0.151893
361 360 300.00 0.292057
361 368 300.00 0.123647
361 366 300.00 0.149110
359 343 300.00 0.064907
359 355 300.00 0.601673
359 364 300.00 0.303253
348 344 300.00 0.095623
348 346 300.00 0.015307
348 349 300.00 0.116190
345 344 300.00 0.482433
346 348 300.00 0.015307
346 1021 300.00 0.309187
346 360 300.00 0.151130
360 346 300.00 0.151130
360 372 300.00 0.028057
360 361 300.00 0.292057
369 347 300.00 0.127833
369 374 300.00 0.052647
369 370 300.00 0.170920
394 347 300.00 0.254947
394 357 300.00 0.035987
394 393 300.00 0.254983
349 348 300.00 0.116190
349 353 300.00 0.099247
349 354 300.00 0.322663
353 349 300.00 0.099247
353 350 300.00 0.201643
353 352 300.00 0.323560
354 349 300.00 0.322663
354 352 300.00 0.093163
354 1021 300.00 0.131723
352 351 300.00 0.093447
352 353 300.00 0.323560
352 354 300.00 0.093163
382 356 300.00 0.129267
382 381 300.00 0.287333
382 388 300.00 0.013627
356 382 300.00 0.129267
356 396 300.00 0.060013
356 398 300.00 0.052220
398 356 300.00 0.052220
398 400 300.00 0.303173
398 399 300.00 0.252743
357 394 300.00 0.035987
357 365 300.00 0.155843
357 368 300.00 0.201333
365 357 300.00 0.155843
365 363 300.00 0.147980
365 366 300.00 0.322933
368 357 300.00 0.201333
368 361 300.00 0.123647
368 367 300.00 0.292483
363 358 300.00 0.615947
363 362 300.00 0.321157
363 365 300.00 0.147980
364 359 300.00 0.303253
364 362 300.00 0.205160
372 360 300.00 0.028057
372 367 300.00 0.093373
372 375 300.00 0.120873
366 361 300.00 0.149110
366 362 300.00 0.151613
366 365 300.00 0.322933
362 366 300.00 0.151613
362 364 300.00 0.205160
362 363 300.00 0.321157
374 367 300.00 0.026567
374 369 300.00 0.052647
374 376 300.00 0.125260
367 374 300.00 0.026567
367 372 300.00 0.093373
367 368 300.00 0.292483
370 369 300.00 0.170920
378 371 300.00 0.060560
378 377 300.00 0.293420
378 1021 300.00 0.123737
371 378 300.00 0.060560
371 379 300.00 0.055967
371 375 300.00 0.190760
379 371 300.00 0.055967
379 373 300.00 0.059237
379 380 300.00 0.290660
375 371 300.00 0.190760
375 372 300.00 0.120873
375 376 300.00 0.118300
373 379 300.00 0.059237
373 381 300.00 0.054847
373 376 300.00 0.187023
376 373 300.00 0.187023
376 374 300.00 0.125260
376 375 300.00 0.118300
387 377 300.00 0.062320
387 380 300.00 0.053137
387 386 300.00 0.358943
380 379 300.00 0.290660
380 388 300.00 0.103957
380 387 300.00 0.053137
388 380 300.00 0.103957
388 382 300.00 0.013627
388 384 300.00 0.351863
383 391 300.00 0.113277
383 400 300.00 0.029833
383 384 300.00 0.160010
400 383 300.00 0.029833
400 398 300.00 0.303173
400 402 300.00 0.163210
384 383 300.00 0.160010
384 390 300.00 0.074733
384 388 300.00 0.351863
390 384 300.00 0.074733
390 386 300.00 0.072630
390 389 300.00 0.293680
386 385 300.00 0.144183
386 390 300.00 0.072630
386 387 300.00 0.358943
392 391 300.00 0.082237
397 393 300.00 0.762173
397 396 300.00 0.251743
397 399 300.00 0.121787
393 397 300.00 0.762173
393 394 300.00 0.254983
399 395 300.00 0.288713
399 397 300.00 0.121787
399 398 300.00 0.252743
395 399 300.00 0.288713
395 404 300.00 0.062530
395 402 300.00 0.092340
404 395 300.00 0.062530
404 403 300.00 0.326113
404 406 300.00 0.162173
402 395 300.00 0.092340
402 400 300.00 0.163210
402 401 300.00 0.310033
403 401 300.00 0.148263
403 405 300.00 0.168433
403 404 300.00 0.326113
406 404 300.00 0.162173
406 405 300.00 0.329560
406 413 300.00 0.337853
413 406 300.00 0.337853
413 410 300.00 0.084817
413 857 300.00 0.195550
407 857 300.00 0.185240
407 411 300.00 0.191160
407 410 300.00 0.223847
411 407 300.00 0.191160
411 431 300.00 0.355660
411 412 300.00 1.005927
410 407 300.00 0.223847
410 413 300.00 0.084817
410 414 300.00 0.492227
421 669 300.00 0.117803
421 657 300.00 0.415043
433 409 300.00 0.211690
433 1088 300.00 0.094157
433 441 300.00 0.208717
409 433 300.00 0.211690
409 1091 300.00 0.430260
1091 431 300.00 0.030320
1091 865 300.00 0.021237
414 410 300.00 0.492227
414 416 300.00 0.175627
414 415 300.00 0.308217
431 411 300.00 0.355660
431 1091 300.00 0.030320
431 861 300.00 0.296267
412 411 300.00 1.005927
416 414 300.00 0.175627
416 418 300.00 0.084947
416 417 300.00 0.275760
415 414 300.00 0.308217
418 416 300.00 0.084947
418 419 300.00 0.276983
417 416 300.00 0.275760
419 418 300.00 0.276983
420 862 300.00 0.028197
420 409 300.00 0.207593
669 421 300.00 0.117803
669 658 300.00 0.357393
669 668 300.00 0.243957
657 660 300.00 0.033647
657 658 300.00 0.229010
425 422 300.00 0.213747
425 424 300.00 0.878103
425 427 300.00 0.212227
422 425 300.00 0.213747
422 864 300.00 0.022853
864 422 300.00 0.022853
864 1092 300.00 1.451290
424 423 300.00 0.209117
424 426 300.00 0.212927
424 425 300.00 0.878103
424 428 300.00 0.456817
423 424 300.00 0.209117
423 422 300.00 0.887863
426 424 300.00 0.212927
426 427 300.00 0.886830
426 429 300.00 0.444680
428 424 300.00 0.456817
428 1104 300.00 0.099617
428 429 300.00 0.223577
427 425 300.00 0.212227
427 426 300.00 0.886830
429 426 300.00 0.444680
429 428 300.00 0.223577
429 1105 300.00 0.098960
1104 428 300.00 0.099617
1104 430 300.00 0.014393
1104 1105 300.00 0.240600
1105 429 300.00 0.098960
1105 1088 300.00 0.559020
1105 1104 300.00 0.240600
430 1104 300.00 0.014393
430 1088 300.00 0.355470
430 865 300.00 0.212663
1088 430 300.00 0.355470
1088 433 300.00 0.094157
1088 1105 300.00 0.559020
865 430 300.00 0.212663
865 1092 300.00 0.029813
865 423 300.00 0.565060
861 857 300.00 0.514373
861 862 300.00 0.342583
814 432 300.00 0.034023
814 444 300.00 0.210150
814 860 300.00 0.221993
432 814 300.00 0.034023
432 813 300.00 0.206227
432 460 300.00 0.589730
460 438 300.00 0.039520
460 464 300.00 0.152323
460 1093 300.00 0.191317
441 433 300.00 0.208717
441 437 300.00 0.203240
441 449 300.00 0.589153
434 432 300.00 0.220163
434 860 300.00 0.034077
860 420 300.00 0.613553
860 1090 300.00 0.032240
439 438 300.00 0.150707
439 453 300.00 0.209153
439 464 300.00 0.038447
459 435 300.00 0.060047
459 931 300.00 0.041960
459 499 300.00 0.421143
812 436 300.00 0.208173
812 574 300.00 0.504113
812 811 300.00 0.209743
812 898 300.00 0.231033
472 436 300.00 0.582773
472 462 300.00 0.208857
472 473 300.00 0.204320
437 441 300.00 0.203240
437 444 300.00 0.204640
437 442 300.00 0.585507
444 437 300.00 0.204640
444 443 300.00 0.586840
444 814 300.00 0.210150
442 437 300.00 0.585507
442 445 300.00 0.086650
442 443 300.00 0.196817
438 814 300.00 0.587930
438 443 300.00 0.211223
438 460 300.00 0.039520
443 438 300.00 0.211223
443 442 300.00 0.196817
443 444 300.00 0.586840
453 439 300.00 0.209153
453 451 300.00 0.202170
453 454 300.00 0.586503
464 439 300.00 0.038447
464 82 300.00 0.587143
464 1094 300.00 0.193620
446 440 300.00 0.033933
446 451 300.00 0.178287
446 1103 300.00 0.062650
440 446 300.00 0.033933
440 455 300.00 0.368383
440 1102 300.00 0.161500
455 440 300.00 0.368383
455 450 300.00 0.203250
455 457 300.00 0.723043
1102 440 300.00 0.161500
1102 449 300.00 0.015103
1102 1103 300.00 0.107813
449 441 300.00 0.589153
449 445 300.00 0.111780
449 1102 300.00 0.015103
445 442 300.00 0.086650
445 449 300.00 0.111780
445 1103 300.00 0.121780
1103 445 300.00 0.121780
1103 446 300.00 0.062650
1103 1102 300.00 0.107813
451 446 300.00 0.178287
451 453 300.00 0.202170
451 452 300.00 0.583657
948 447 300.00 0.284380
948 945 300.00 0.174943
948 952 300.00 0.163360
948 949 300.00 0.269337
447 948 300.00 0.284380
447 951 300.00 0.176887
447 450 300.00 0.157790
951 447 300.00 0.176887
951 952 300.00 0.282967
951 955 300.00 0.156760
450 447 300.00 0.157790
450 455 300.00 0.203250
450 945 300.00 0.285080
450 944 300.00 0.171603
456 448 300.00 0.860927
456 930 300.00 0.217423
456 457 300.00 1.037340
448 456 300.00 0.860927
945 450 300.00 0.285080
945 943 300.00 0.167317
945 948 300.00 0.174943
945 946 300.00 0.269557
944 450 300.00 0.171603
944 452 300.00 0.042867
944 943 300.00 0.286173
452 451 300.00 0.583657
452 944 300.00 0.042867
452 891 300.00 0.130600
891 452 300.00 0.130600
891 454 300.00 0.072493
891 938 300.00 0.287283
454 453 300.00 0.586503
454 891 300.00 0.072493
454 931 300.00 0.101853
931 454 300.00 0.101853
931 459 300.00 0.041960
931 932 300.00 0.288410
457 455 300.00 0.723043
457 456 300.00 1.037340
457 458 300.00 0.209763
930 456 300.00 0.217423
930 929 300.00 0.175177
930 934 300.00 0.276683
458 457 300.00 0.209763
458 963 300.00 0.117070
458 959 300.00 0.060250
963 458 300.00 0.117070
963 964 300.00 0.279803
963 967 300.00 0.162853
959 458 300.00 0.060250
959 955 300.00 0.169097
959 960 300.00 0.280977
499 459 300.00 0.421143
499 498 300.00 0.514727
499 501 300.00 0.160983
1093 460 300.00 0.191317
1093 468 300.00 0.013740
1093 1094 300.00 0.159447
468 461 300.00 0.204427
468 1093 300.00 0.013740
468 813 300.00 0.587790
462 472 300.00 0.208857
462 466 300.00 0.161307
462 574 300.00 0.081267
466 462 300.00 0.161307
466 482 300.00 0.210547
466 570 300.00 0.079777
574 462 300.00 0.081267
574 812 300.00 0.504113
574 575 300.00 0.194950
463 813 300.00 0.218517
463 434 300.00 0.211440
1094 464 300.00 0.193620
1094 475 300.00 0.008460
1094 1093 300.00 0.159447
478 465 300.00 0.210860
478 480 300.00 0.206640
478 479 300.00 0.595683
465 478 300.00 0.210860
465 475 300.00 0.204350
465 477 300.00 0.591830
475 465 300.00 0.204350
475 1094 300.00 0.008460
475 476 300.00 0.585417
477 465 300.00 0.591830
477 476 300.00 0.212967
477 479 300.00 0.207843
477 498 300.00 0.429667
482 466 300.00 0.210547
482 480 300.00 0.202177
482 483 300.00 0.595953
570 466 300.00 0.079777
570 474 300.00 0.509770
570 571 300.00 0.200943
1121 467 300.00 0.014960
1121 594 300.00 0.789480
1121 806 300.00 0.208230
467 1121 300.00 0.014960
467 595 300.00 0.228590
595 654 300.00 0.040533
595 806 300.00 0.096997
595 593 300.00 0.210053
572 474 300.00 0.206910
572 571 300.00 0.514987
572 1122 300.00 0.162473
474 572 300.00 0.206910
474 483 300.00 0.206457
474 917 300.00 0.441397
474 570 300.00 0.509770
483 474 300.00 0.206457
483 481 300.00 0.209433
483 482 300.00 0.595953
917 474 300.00 0.441397
917 920 300.00 0.419490
917 922 300.00 0.384590
917 924 300.00 0.420167
479 477 300.00 0.207843
479 478 300.00 0.595683
479 481 300.00 0.206563
498 477 300.00 0.429667
498 500 300.00 0.156277
498 499 300.00 0.514727
498 924 300.00 0.409983
480 478 300.00 0.206640
480 482 300.00 0.202177
480 481 300.00 0.594180
481 479 300.00 0.206563
481 480 300.00 0.594180
481 483 300.00 0.209433
481 924 300.00 0.434713
924 481 300.00 0.434713
924 498 300.00 0.409983
924 917 300.00 0.420167
924 925 300.00 0.426137
487 484 300.00 0.100487
487 489 300.00 0.091900
487 488 300.00 0.497173
484 487 300.00 0.100487
484 623 300.00 0.071340
484 485 300.00 0.496973
623 484 300.00 0.071340
623 553 300.00 0.021540
623 622 300.00 0.132147
485 484 300.00 0.496973
485 557 300.00 0.119693
485 488 300.00 0.099630
557 485 300.00 0.119693
557 542 300.00 0.615100
557 555 300.00 0.109383
557 558 300.00 0.098400
488 485 300.00 0.099630
488 487 300.00 0.497173
488 490 300.00 0.098237
556 486 300.00 0.115277
556 566 300.00 0.029543
556 561 300.00 0.396883
486 556 300.00 0.115277
486 490 300.00 0.108840
486 554 300.00 0.500373
490 486 300.00 0.108840
490 488 300.00 0.098237
490 489 300.00 0.500597
554 486 300.00 0.500373
554 489 300.00 0.060833
554 1013 300.00 0.139237
489 487 300.00 0.091900
489 554 300.00 0.060833
489 490 300.00 0.500597
921 491 300.00 0.041883
921 500 300.00 0.274247
921 925 300.00 0.419700
491 921 300.00 0.041883
491 507 300.00 0.171073
491 505 300.00 0.188673
507 491 300.00 0.171073
507 492 300.00 0.504763
507 508 300.00 0.134097
505 491 300.00 0.188673
505 503 300.00 0.151623
505 506 300.00 0.334270
502 492 300.00 0.180990
502 501 300.00 0.327113
502 503 300.00 0.164090
492 502 300.00 0.180990
492 509 300.00 0.104807
492 496 300.00 0.055017
492 507 300.00 0.504763
509 492 300.00 0.104807
509 511 300.00 0.396810
509 519 300.00 0.118577
496 492 300.00 0.055017
496 1134 300.00 0.082850
496 497 300.00 0.017390
1011 493 300.00 0.054573
1011 520 300.00 0.039230
493 1011 300.00 0.054573
493 1010 300.00 0.164193
493 511 300.00 0.125567
1010 522 300.00 0.055947
1010 1031 300.00 0.270470
511 493 300.00 0.125567
511 509 300.00 0.396810
511 518 300.00 0.116713
510 494 300.00 0.137190
510 914 300.00 0.334857
510 512 300.00 0.116033
494 510 300.00 0.137190
494 1014 300.00 0.053210
494 915 300.00 0.858273
1014 494 300.00 0.053210
1014 495 300.00 0.089580
915 559 300.00 0.081087
915 912 300.00 0.604863
915 918 300.00 0.475300
495 522 300.00 0.269573
495 1031 300.00 0.052723
495 543 300.00 0.115460
522 524 300.00 0.110060
522 1010 300.00 0.055947
522 1011 300.00 0.163627
1031 495 300.00 0.052723
1031 494 300.00 0.087087
543 495 300.00 0.115460
543 541 300.00 0.101707
543 906 300.00 0.617977
1134 496 300.00 0.082850
1134 1012 300.00 0.542327
1134 492 300.00 0.103677
497 937 300.00 0.244193
497 926 300.00 0.170923
937 497 300.00 0.244193
937 935 300.00 0.270043
937 940 300.00 0.170633
926 497 300.00 0.170923
926 940 300.00 0.220517
926 1009 300.00 0.744577
500 498 300.00 0.156277
500 921 300.00 0.274247
500 506 300.00 0.193083
501 499 300.00 0.160983
501 502 300.00 0.327113
501 504 300.00 0.166807
506 500 300.00 0.193083
506 504 300.00 0.146380
506 505 300.00 0.334270
504 501 300.00 0.166807
504 503 300.00 0.334663
504 506 300.00 0.146380
503 502 300.00 0.164090
503 505 300.00 0.151623
503 504 300.00 0.334663
508 507 300.00 0.134097
508 914 300.00 0.046797
508 513 300.00 0.116763
914 508 300.00 0.046797
914 510 300.00 0.334857
914 918 300.00 0.845153
513 508 300.00 0.116763
513 512 300.00 0.384563
513 515 300.00 0.092370
519 509 300.00 0.118577
519 517 300.00 0.099523
519 518 300.00 0.394717
512 510 300.00 0.116033
512 514 300.00 0.093293
512 513 300.00 0.384563
518 511 300.00 0.116713
518 516 300.00 0.105293
518 519 300.00 0.394717
514 512 300.00 0.093293
514 516 300.00 0.089007
514 515 300.00 0.386940
515 513 300.00 0.092370
515 514 300.00 0.386940
515 517 300.00 0.094300
516 514 300.00 0.089007
516 518 300.00 0.105293
516 517 300.00 0.389333
517 515 300.00 0.094300
517 516 300.00 0.389333
517 519 300.00 0.099523
1012 520 300.00 0.051693
1012 493 300.00 0.040170
1012 1134 300.00 0.542327
520 1012 300.00 0.051693
520 521 300.00 0.180903
521 1008 300.00 0.733293
521 1137 300.00 0.048573
521 525 300.00 0.117390
1008 1050 300.00 0.046003
1008 1004 300.00 1.142460
1137 521 300.00 0.048573
1137 1012 300.00 0.178923
525 521 300.00 0.117390
525 524 300.00 0.380780
525 527 300.00 0.095213
524 522 300.00 0.110060
524 525 300.00 0.380780
524 526 300.00 0.098557
532 523 300.00 0.105907
532 530 300.00 0.090673
532 533 300.00 0.391870
523 532 300.00 0.105907
523 535 300.00 0.043600
523 536 300.00 0.282917
535 523 300.00 0.043600
535 534 300.00 0.354337
536 523 300.00 0.282917
536 550 300.00 0.060640
536 545 300.00 0.391723
526 524 300.00 0.098557
526 528 300.00 0.096590
526 527 300.00 0.380950
527 525 300.00 0.095213
527 526 300.00 0.380950
527 529 300.00 0.093367
528 526 300.00 0.096590
528 530 300.00 0.094950
528 529 300.00 0.384380
528 537 300.00 0.280910
529 527 300.00 0.093367
529 528 300.00 0.384380
529 531 300.00 0.094447
530 528 300.00 0.094950
530 532 300.00 0.090673
530 531 300.00 0.383020
537 528 300.00 0.280910
537 548 300.00 0.096247
537 541 300.00 0.092170
537 546 300.00 0.401190
531 529 300.00 0.094447
531 530 300.00 0.383020
531 533 300.00 0.101030
533 531 300.00 0.101030
533 532 300.00 0.391870
533 534 300.00 0.087693
534 533 300.00 0.087693
534 535 300.00 0.354337
550 536 300.00 0.060640
550 548 300.00 0.098030
550 549 300.00 0.394207
545 536 300.00 0.391723
545 552 300.00 0.110167
545 549 300.00 0.027867
548 537 300.00 0.096247
548 547 300.00 0.398483
548 550 300.00 0.098030
541 537 300.00 0.092170
541 543 300.00 0.101707
541 544 300.00 0.405930
546 537 300.00 0.401190
546 544 300.00 0.100440
546 547 300.00 0.094370
538 887 300.00 0.037393
538 542 300.00 0.112460
887 1014 300.00 0.530783
542 540 300.00 0.095333
542 906 300.00 0.036500
542 557 300.00 0.615100
563 539 300.00 0.113207
563 561 300.00 0.102903
563 562 300.00 0.270973
539 563 300.00 0.113207
539 888 300.00 0.033623
888 539 300.00 0.033623
888 552 300.00 0.114650
888 905 300.00 0.285807
540 539 300.00 0.283960
540 905 300.00 0.035800
540 562 300.00 0.107273
905 540 300.00 0.035800
905 551 300.00 0.111023
905 906 300.00 0.096987
562 540 300.00 0.107273
562 560 300.00 0.102530
562 563 300.00 0.270973
544 541 300.00 0.405930
544 551 300.00 0.100303
544 546 300.00 0.100440
906 542 300.00 0.036500
906 543 300.00 0.617977
906 887 300.00 0.112280
551 544 300.00 0.100303
551 905 300.00 0.111023
551 552 300.00 0.296847
552 545 300.00 0.110167
552 551 300.00 0.296847
552 888 300.00 0.114650
549 545 300.00 0.027867
549 547 300.00 0.086447
549 550 300.00 0.394207
547 546 300.00 0.094370
547 549 300.00 0.086447
547 548 300.00 0.398483
553 623 300.00 0.021540
553 555 300.00 0.630187
555 559 300.00 0.317727
555 557 300.00 0.109383
1013 554 300.00 0.139237
1013 622 300.00 0.366313
1013 625 300.00 0.119787
559 538 300.00 0.294660
559 915 300.00 0.081087
566 556 300.00 0.029543
566 564 300.00 0.091440
566 567 300.00 0.401397
561 556 300.00 0.396883
561 563 300.00 0.102903
561 567 300.00 0.083277
558 557 300.00 0.098400
558 564 300.00 0.099070
558 560 300.00 0.405167
564 558 300.00 0.099070
564 566 300.00 0.091440
564 565 300.00 0.406770
560 558 300.00 0.405167
560 562 300.00 0.102530
560 565 300.00 0.098683
565 560 300.00 0.098683
565 564 300.00 0.406770
565 567 300.00 0.076817
567 561 300.00 0.083277
567 565 300.00 0.076817
567 566 300.00 0.401397
1122 568 300.00 0.020827
1122 569 300.00 0.520743
1122 572 300.00 0.162473
922 568 300.00 0.429543
922 916 300.00 0.381833
922 917 300.00 0.384590
922 923 300.00 0.421063
578 569 300.00 0.080500
578 577 300.00 0.161963
578 580 300.00 0.205723
569 578 300.00 0.080500
569 571 300.00 0.161247
569 1122 300.00 0.520743
571 569 300.00 0.161247
571 570 300.00 0.200943
571 572 300.00 0.514987
573 810 300.00 0.508610
573 577 300.00 0.072373
573 575 300.00 0.162993
577 573 300.00 0.072373
577 578 300.00 0.161963
577 579 300.00 0.209420
575 573 300.00 0.162993
575 574 300.00 0.194950
575 811 300.00 0.506790
811 575 300.00 0.506790
811 576 300.00 0.248413
811 810 300.00 0.153267
811 812 300.00 0.209743
898 812 300.00 0.231033
898 859 300.00 0.209120
579 577 300.00 0.209420
579 582 300.00 0.198207
579 808 300.00 0.584770
582 579 300.00 0.198207
582 586 300.00 0.040523
582 583 300.00 0.587463
808 579 300.00 0.584770
808 583 300.00 0.206960
808 810 300.00 0.209700
808 904 300.00 0.273303
581 580 300.00 0.201467
581 587 300.00 0.039477
581 582 300.00 0.153503
587 581 300.00 0.039477
587 590 300.00 0.203323
587 1034 300.00 0.209693
586 582 300.00 0.040523
586 592 300.00 0.206197
586 587 300.00 0.155803
583 808 300.00 0.206960
583 585 300.00 0.031377
583 889 300.00 0.242463
585 583 300.00 0.031377
585 807 300.00 0.210457
585 586 300.00 0.582193
889 904 300.00 0.224447
889 657 300.00 0.037940
584 585 300.00 0.234570
584 889 300.00 0.035220
807 585 300.00 0.210457
807 592 300.00 0.590593
807 593 300.00 0.165440
807 806 300.00 0.204160
592 586 300.00 0.206197
592 594 300.00 0.207777
592 807 300.00 0.590593
590 587 300.00 0.203323
590 589 300.00 0.578953
590 591 300.00 0.773623
1034 1033 300.00 0.038100
1034 588 300.00 0.387800
588 890 300.00 0.032130
588 597 300.00 0.468187
588 589 300.00 0.210803
597 599 300.00 0.133523
589 588 300.00 0.210803
589 590 300.00 0.578953
589 1003 300.00 0.120270
1003 589 300.00 0.120270
1003 591 300.00 0.083307
591 590 300.00 0.773623
591 1003 300.00 0.083307
594 592 300.00 0.207777
594 806 300.00 0.588800
594 1121 300.00 0.789480
593 807 300.00 0.165440
593 584 300.00 0.217377
593 656 300.00 0.039160
656 593 300.00 0.039160
656 655 300.00 0.378250
656 654 300.00 0.210560
806 594 300.00 0.588800
806 595 300.00 0.096997
806 807 300.00 0.204160
806 1121 300.00 0.208230
654 595 300.00 0.040533
654 653 300.00 0.513187
612 596 300.00 0.187980
612 610 300.00 0.084920
612 616 300.00 0.257170
596 612 300.00 0.187980
599 598 300.00 0.257677
599 1016 300.00 0.337280
598 601 300.00 0.155600
598 606 300.00 0.159800
601 600 300.00 0.169327
601 851 300.00 0.153343
606 598 300.00 0.159800
606 605 300.00 0.138860
606 851 300.00 0.151133
1016 599 300.00 0.337280
1016 1015 300.00 0.161270
600 910 300.00 0.223713
600 613 300.00 0.160587
910 909 300.00 0.322290
910 911 300.00 0.355113
613 600 300.00 0.160587
613 608 300.00 0.215893
613 616 300.00 0.388327
851 601 300.00 0.153343
851 604 300.00 0.139020
851 606 300.00 0.151133
851 607 300.00 0.070220
603 602 300.00 0.133590
602 603 300.00 0.133590
602 604 300.00 0.198187
602 608 300.00 0.143050
604 602 300.00 0.198187
604 851 300.00 0.139020
604 605 300.00 0.148077
608 602 300.00 0.143050
608 613 300.00 0.215893
608 614 300.00 0.253513
605 604 300.00 0.148077
605 606 300.00 0.138860
607 851 300.00 0.070220
614 608 300.00 0.253513
614 615 300.00 0.168280
614 618 300.00 0.218157
614 1125 300.00 0.147893
618 609 300.00 0.259910
618 614 300.00 0.218157
618 617 300.00 0.134287
618 619 300.00 0.158823
609 618 300.00 0.259910
609 626 300.00 0.012003
609 621 300.00 0.045420
626 609 300.00 0.012003
626 620 300.00 0.148953
626 625 300.00 0.395047
621 609 300.00 0.045420
621 610 300.00 0.059203
621 622 300.00 0.064153
617 610 300.00 0.263593
617 616 300.00 0.084610
617 1125 300.00 0.213223
617 618 300.00 0.134287
610 617 300.00 0.263593
610 621 300.00 0.059203
610 612 300.00 0.084920
1125 611 300.00 0.107883
1125 614 300.00 0.147893
1125 617 300.00 0.213223
611 1125 300.00 0.107883
616 612 300.00 0.257170
616 613 300.00 0.388327
616 617 300.00 0.084610
615 614 300.00 0.168280
615 603 300.00 0.382390
619 618 300.00 0.158823
619 615 300.00 0.229177
620 626 300.00 0.148953
620 628 300.00 0.030363
620 619 300.00 0.244390
628 620 300.00 0.030363
628 908 300.00 0.391410
622 621 300.00 0.064153
622 1013 300.00 0.366313
622 623 300.00 0.132147
625 624 300.00 0.114467
625 1013 300.00 0.119787
625 626 300.00 0.395047
624 625 300.00 0.114467
624 620 300.00 0.394177
627 467 300.00 0.250377
908 631 300.00 0.189483
908 974 300.00 0.881127
631 630 300.00 0.122803
631 908 300.00 0.189483
630 631 300.00 0.122803
633 632 300.00 0.521450
633 855 300.00 0.397073
633 896 300.00 0.257080
632 633 300.00 0.521450
896 633 300.00 0.257080
896 632 300.00 0.496873
634 635 300.00 0.195993
634 1081 300.00 0.582613
636 635 300.00 0.136593
636 637 300.00 0.854757
636 855 300.00 0.219940
637 636 300.00 0.854757
637 1080 300.00 0.174137
640 638 300.00 0.439773
640 639 300.00 0.516747
640 842 300.00 0.203820
638 640 300.00 0.439773
638 896 300.00 0.476937
839 639 300.00 0.214820
839 641 300.00 0.772407
839 840 300.00 0.204090
839 842 300.00 0.515330
639 839 300.00 0.214820
639 640 300.00 0.516747
639 855 300.00 0.109943
842 640 300.00 0.203820
842 839 300.00 0.515330
842 844 300.00 0.213520
643 644 300.00 0.207897
643 840 300.00 0.783033
642 648 300.00 0.264940
642 845 300.00 0.533053
642 650 300.00 0.265290
845 642 300.00 0.533053
845 647 300.00 0.257100
845 649 300.00 0.271053
845 843 300.00 0.208487
840 643 300.00 0.783033
840 839 300.00 0.204090
840 844 300.00 0.502683
840 841 300.00 0.209783
841 644 300.00 0.779267
841 840 300.00 0.209783
841 843 300.00 0.218160
841 846 300.00 0.511243
843 645 300.00 0.764977
843 841 300.00 0.218160
843 845 300.00 0.208487
843 848 300.00 0.512537
647 646 300.00 0.258863
647 845 300.00 0.257100
647 648 300.00 0.524453
649 850 300.00 0.242960
649 650 300.00 0.551200
649 845 300.00 0.271053
652 651 300.00 0.387767
651 652 300.00 0.387767
653 654 300.00 0.513187
653 655 300.00 0.219737
655 653 300.00 0.219737
655 661 300.00 0.202380
655 656 300.00 0.378250
655 663 300.00 0.406307
661 655 300.00 0.202380
661 658 300.00 0.021483
661 660 300.00 0.244837
663 655 300.00 0.406307
663 665 300.00 0.231067
663 664 300.00 0.220020
663 671 300.00 0.487160
660 584 300.00 0.038103
660 656 300.00 0.215977
658 661 300.00 0.021483
658 659 300.00 0.033223
658 669 300.00 0.357393
659 661 300.00 0.025957
659 667 300.00 0.196907
667 659 300.00 0.196907
667 665 300.00 0.221547
667 668 300.00 0.396843
665 663 300.00 0.231067
665 674 300.00 0.220383
665 672 300.00 0.543777
665 667 300.00 0.221547
674 665 300.00 0.220383
674 666 300.00 0.205710
674 675 300.00 0.638533
668 666 300.00 0.245423
668 667 300.00 0.396843
668 669 300.00 0.243957
666 668 300.00 0.245423
666 674 300.00 0.205710
666 673 300.00 0.722173
673 666 300.00 0.722173
673 670 300.00 0.124040
673 899 300.00 0.375827
673 675 300.00 0.225810
670 673 300.00 0.124040
675 672 300.00 0.232340
675 673 300.00 0.225810
675 674 300.00 0.638533
682 818 300.00 0.179237
682 999 300.00 0.132367
687 677 300.00 0.206623
687 685 300.00 0.174313
687 818 300.00 0.491307
694 678 300.00 0.597817
694 702 300.00 0.123300
694 1084 300.00 0.094623
683 678 300.00 0.176290
683 685 300.00 0.169663
683 816 300.00 0.438867
681 678 300.00 0.424880
681 680 300.00 0.481723
681 816 300.00 0.170050
702 679 300.00 0.099453
702 694 300.00 0.123300
702 819 300.00 0.298650
679 702 300.00 0.099453
679 692 300.00 0.299017
679 690 300.00 0.131347
692 679 300.00 0.299017
692 703 300.00 0.065730
692 819 300.00 0.117047
690 679 300.00 0.131347
690 881 300.00 0.315607
680 681 300.00 0.481723
680 725 300.00 0.060127
680 684 300.00 0.174417
725 680 300.00 0.060127
725 695 300.00 0.383427
725 728 300.00 0.183873
684 680 300.00 0.174417
684 686 300.00 0.169643
684 816 300.00 0.484187
816 681 300.00 0.170050
816 683 300.00 0.438867
816 684 300.00 0.484187
816 817 300.00 0.171453
818 682 300.00 0.179237
818 687 300.00 0.491307
818 688 300.00 0.483490
818 817 300.00 0.168593
999 998 300.00 0.038970
999 1000 300.00 0.052837
685 683 300.00 0.169663
685 687 300.00 0.174313
685 817 300.00 0.464897
686 684 300.00 0.169643
686 688 300.00 0.170210
686 817 300.00 0.481917
817 685 300.00 0.464897
817 686 300.00 0.481917
817 816 300.00 0.171453
817 818 300.00 0.168593
712 689 300.00 0.032347
712 745 300.00 0.454377
712 715 300.00 0.152347
689 712 300.00 0.032347
689 691 300.00 0.114297
689 749 300.00 0.141913
691 689 300.00 0.114297
691 703 300.00 0.427020
691 815 300.00 0.130203
749 689 300.00 0.141913
749 742 300.00 0.042663
749 759 300.00 0.111620
881 884 300.00 0.255107
881 882 300.00 0.051847
703 691 300.00 0.427020
703 692 300.00 0.065730
703 714 300.00 0.295020
815 691 300.00 0.130203
815 695 300.00 0.146100
815 819 300.00 0.464777
819 692 300.00 0.117047
819 693 300.00 0.129077
819 702 300.00 0.298650
819 815 300.00 0.464777
693 819 300.00 0.129077
693 696 300.00 0.066537
693 1084 300.00 0.212853
696 693 300.00 0.066537
696 698 300.00 0.115287
696 697 300.00 0.112130
1084 693 300.00 0.212853
1084 694 300.00 0.094623
1084 1083 300.00 0.262467
700 695 300.00 0.148993
700 698 300.00 0.116647
700 701 300.00 0.105557
695 700 300.00 0.148993
695 815 300.00 0.146100
695 725 300.00 0.383427
698 696 300.00 0.115287
698 700 300.00 0.116647
698 699 300.00 0.112447
697 696 300.00 0.112130
699 698 300.00 0.112447
701 700 300.00 0.105557
714 703 300.00 0.295020
714 711 300.00 0.251777
714 715 300.00 0.354023
714 719 300.00 0.201523
711 704 300.00 0.193123
711 714 300.00 0.251777
711 715 300.00 0.347560
711 718 300.00 0.284490
704 711 300.00 0.193123
704 1078 300.00 0.124240
704 708 300.00 0.510973
1078 704 300.00 0.124240
1078 707 300.00 0.131420
1078 1054 300.00 0.726093
708 704 300.00 0.510973
708 706 300.00 0.099777
708 709 300.00 0.194590
706 705 300.00 0.122170
706 708 300.00 0.099777
706 722 300.00 0.383707
705 706 300.00 0.122170
705 709 300.00 0.156037
709 708 300.00 0.194590
709 710 300.00 0.061150
722 706 300.00 0.383707
722 1077 300.00 1.818907
722 1086 300.00 0.193497
707 1078 300.00 0.131420
710 716 300.00 0.169660
710 713 300.00 0.398760
716 710 300.00 0.169660
716 717 300.00 0.381353
716 718 300.00 0.141250
713 720 300.00 0.164257
713 690 300.00 0.364420
715 711 300.00 0.347560
715 712 300.00 0.152347
715 714 300.00 0.354023
718 711 300.00 0.284490
718 716 300.00 0.141250
718 719 300.00 0.352753
745 712 300.00 0.454377
745 754 300.00 0.124560
745 747 300.00 0.138667
720 713 300.00 0.164257
720 717 300.00 0.014413
720 721 300.00 0.111003
719 714 300.00 0.201523
719 717 300.00 0.132263
719 718 300.00 0.352753
717 716 300.00 0.381353
717 720 300.00 0.014413
717 719 300.00 0.132263
721 720 300.00 0.111003
1077 722 300.00 1.818907
1077 1075 300.00 0.313653
1077 1076 300.00 0.313647
1086 722 300.00 0.193497
996 737 300.00 0.165467
996 995 300.00 0.039263
724 732 300.00 0.166017
724 726 300.00 0.064073
724 1126 300.00 0.507070
732 724 300.00 0.166017
732 730 300.00 0.173060
732 733 300.00 0.756163
732 744 300.00 0.569050
726 724 300.00 0.064073
726 736 300.00 0.170010
726 996 300.00 0.751427
1126 744 300.00 0.162993
1126 741 300.00 0.004587
728 725 300.00 0.183873
728 730 300.00 0.171423
728 729 300.00 0.753457
728 742 300.00 0.701223
736 726 300.00 0.170010
736 738 300.00 0.172883
736 737 300.00 0.753870
736 779 300.00 0.443617
738 727 300.00 0.177560
738 736 300.00 0.172883
738 739 300.00 0.751047
738 778 300.00 0.710993
727 738 300.00 0.177560
727 1002 300.00 0.034880
727 735 300.00 0.564613
1002 727 300.00 0.034880
1002 794 300.00 0.306127
735 734 300.00 0.036543
735 778 300.00 0.177433
735 980 300.00 0.750370
730 728 300.00 0.171423
730 732 300.00 0.173060
730 731 300.00 0.754967
730 743 300.00 0.636427
742 728 300.00 0.701223
742 743 300.00 0.171497
742 749 300.00 0.042663
743 730 300.00 0.636427
743 742 300.00 0.171497
743 744 300.00 0.170617
733 732 300.00 0.756163
733 723 300.00 0.169703
744 732 300.00 0.569050
744 743 300.00 0.170617
744 1126 300.00 0.162993
744 760 300.00 0.133647
784 734 300.00 0.172410
784 786 300.00 0.170743
734 784 300.00 0.172410
734 735 300.00 0.036543
734 780 300.00 0.412010
780 796 300.00 0.170893
780 1002 300.00 0.123287
778 735 300.00 0.177433
778 738 300.00 0.710993
778 776 300.00 0.161297
778 777 300.00 0.749187
980 777 300.00 0.172113
980 981 300.00 0.032647
737 739 300.00 0.173423
779 736 300.00 0.443617
779 740 300.00 0.167833
779 776 300.00 0.403207
739 738 300.00 0.751047
739 1020 300.00 0.181433
1020 1017 300.00 0.031250
1020 727 300.00 0.747330
740 779 300.00 0.167833
740 1023 300.00 0.042903
1023 741 300.00 0.067010
1023 726 300.00 0.481813
741 1023 300.00 0.067010
741 751 300.00 0.532463
751 775 300.00 0.069383
751 758 300.00 0.159910
760 744 300.00 0.133647
760 759 300.00 0.390200
760 761 300.00 0.113260
754 745 300.00 0.124560
754 756 300.00 0.113880
754 755 300.00 0.390730
747 745 300.00 0.138667
747 746 300.00 0.248260
747 748 300.00 0.198897
746 747 300.00 0.248260
746 755 300.00 0.121873
746 753 300.00 0.075973
755 746 300.00 0.121873
755 754 300.00 0.390730
755 757 300.00 0.113913
753 746 300.00 0.075973
753 748 300.00 0.236063
753 761 300.00 0.165553
748 747 300.00 0.198897
748 753 300.00 0.236063
748 759 300.00 0.113360
759 748 300.00 0.113360
759 749 300.00 0.111620
759 760 300.00 0.390200
756 750 300.00 0.125967
756 754 300.00 0.113880
756 757 300.00 0.392327
750 756 300.00 0.125967
750 765 300.00 0.139867
750 1053 300.00 0.233937
765 750 300.00 0.139867
765 752 300.00 0.252003
765 766 300.00 0.121053
1053 750 300.00 0.233937
1053 762 300.00 0.156253
1053 1055 300.00 0.304030
775 751 300.00 0.069383
775 776 300.00 0.169830
775 740 300.00 0.462517
758 751 300.00 0.159910
758 752 300.00 0.133573
758 767 300.00 0.132000
758 761 300.00 0.360870
752 758 300.00 0.133573
752 765 300.00 0.252003
752 757 300.00 0.127763
757 752 300.00 0.127763
757 755 300.00 0.113913
757 756 300.00 0.392327
761 753 300.00 0.165553
761 758 300.00 0.360870
761 760 300.00 0.113260
767 758 300.00 0.132000
767 766 300.00 0.381177
767 769 300.00 0.114533
771 762 300.00 0.115827
771 773 300.00 0.104857
771 772 300.00 0.380133
762 771 300.00 0.115827
762 1053 300.00 0.156253
762 764 300.00 0.129760
764 762 300.00 0.129760
764 763 300.00 0.252090
764 768 300.00 0.146333
763 764 300.00 0.252090
763 772 300.00 0.110487
763 770 300.00 0.150740
772 763 300.00 0.110487
772 771 300.00 0.380133
772 774 300.00 0.120047
770 763 300.00 0.150740
770 768 300.00 0.250447
770 769 300.00 0.128777
768 764 300.00 0.146333
768 766 300.00 0.123703
768 770 300.00 0.250447
766 765 300.00 0.121053
766 768 300.00 0.123703
766 767 300.00 0.381177
769 767 300.00 0.114533
769 770 300.00 0.128777
773 771 300.00 0.104857
773 774 300.00 0.379630
774 772 300.00 0.120047
774 773 300.00 0.379630
776 775 300.00 0.169830
776 778 300.00 0.161297
776 779 300.00 0.403207
777 980 300.00 0.172113
777 778 300.00 0.749187
796 780 300.00 0.170893
796 798 300.00 0.171983
796 826 300.00 0.434543
804 781 300.00 0.168537
804 802 300.00 0.177063
804 835 300.00 0.431340
781 804 300.00 0.168537
781 795 300.00 0.432223
781 782 300.00 0.177673
795 781 300.00 0.432223
795 790 300.00 0.438073
795 835 300.00 0.175120
782 781 300.00 0.177673
782 789 300.00 0.462007
789 782 300.00 0.462007
789 787 300.00 0.252140
789 788 300.00 0.417323
792 783 300.00 0.056810
792 800 300.00 0.176583
792 829 300.00 0.432337
783 792 300.00 0.056810
783 798 300.00 0.172493
783 786 300.00 0.114063
798 783 300.00 0.172493
798 796 300.00 0.171983
798 827 300.00 0.431267
786 783 300.00 0.114063
786 784 300.00 0.170743
786 787 300.00 0.147330
788 785 300.00 0.165433
788 789 300.00 0.417323
785 788 300.00 0.165433
785 787 300.00 0.602740
787 785 300.00 0.602740
787 786 300.00 0.147330
787 789 300.00 0.252140
790 795 300.00 0.438073
790 1028 300.00 0.036910
1028 790 300.00 0.036910
1028 275 300.00 0.344503
791 828 300.00 0.434063
791 793 300.00 0.062453
828 827 300.00 0.170860
828 783 300.00 0.435910
828 829 300.00 0.060190
793 801 300.00 0.172517
800 792 300.00 0.176583
800 802 300.00 0.167643
800 831 300.00 0.430820
829 828 300.00 0.060190
829 793 300.00 0.434013
829 831 300.00 0.172500
801 831 300.00 0.438527
801 803 300.00 0.167213
826 794 300.00 0.173050
826 796 300.00 0.434543
826 797 300.00 0.436143
826 827 300.00 0.170363
794 826 300.00 0.173050
794 1017 300.00 0.440217
1017 797 300.00 0.174363
1017 1019 300.00 0.040440
835 795 300.00 0.175120
835 804 300.00 0.431340
835 805 300.00 0.440860
835 833 300.00 0.175860
797 826 300.00 0.436143
797 799 300.00 0.172543
827 798 300.00 0.431267
827 799 300.00 0.434000
827 826 300.00 0.170363
827 828 300.00 0.170860
802 800 300.00 0.167643
802 804 300.00 0.177063
802 833 300.00 0.433343
831 800 300.00 0.430820
831 801 300.00 0.438527
831 829 300.00 0.172500
831 833 300.00 0.168967
803 833 300.00 0.438960
803 805 300.00 0.176327
833 802 300.00 0.433343
833 803 300.00 0.438960
833 831 300.00 0.168967
833 835 300.00 0.175860
805 835 300.00 0.440860
805 790 300.00 0.172967
904 808 300.00 0.273303
904 71 300.00 0.201007
863 809 300.00 0.515823
863 1090 300.00 0.251127
987 825 300.00 0.177590
987 986 300.00 0.033027
987 1032 300.00 0.295200
892 832 300.00 0.570760
892 1132 300.00 0.120647
892 893 300.00 0.151503
844 840 300.00 0.502683
844 842 300.00 0.213520
844 846 300.00 0.205207
846 841 300.00 0.511243
846 844 300.00 0.205207
846 848 300.00 0.222263
848 843 300.00 0.512537
848 846 300.00 0.222263
848 850 300.00 0.205417
859 902 300.00 0.037253
859 858 300.00 0.269997
1092 865 300.00 0.029813
1092 431 300.00 0.020197
870 84 300.00 0.135310
869 870 300.00 0.045983
869 7 300.00 0.145830
875 876 300.00 0.051787
875 878 300.00 0.062547
876 1029 300.00 0.152027
878 106 300.00 0.457017
970 883 300.00 0.439523
884 5 300.00 0.138780
882 676 300.00 0.020047
883 882 300.00 0.250160
883 884 300.00 0.050940
886 95 300.00 0.053483
886 85 300.00 0.189547
1033 581 300.00 0.208820
1033 1034 300.00 0.038100
938 891 300.00 0.287283
938 932 300.00 0.173747
938 943 300.00 0.170857
938 939 300.00 0.269983
974 975 300.00 0.026523
974 972 300.00 0.918367
909 596 300.00 0.039517
911 909 300.00 0.136063
912 911 300.00 0.051200
912 913 300.00 0.523257
913 919 300.00 0.387903
913 918 300.00 0.773360
919 916 300.00 0.425013
919 923 300.00 0.391503
918 913 300.00 0.773360
918 914 300.00 0.845153
918 915 300.00 0.475300
918 920 300.00 0.390530
916 890 300.00 0.431720
916 922 300.00 0.381833
920 917 300.00 0.419490
920 918 300.00 0.390530
920 925 300.00 0.410467
920 923 300.00 0.381007
923 919 300.00 0.391503
923 920 300.00 0.381007
923 922 300.00 0.421063
925 920 300.00 0.410467
925 921 300.00 0.419700
925 924 300.00 0.426137
940 926 300.00 0.220517
940 937 300.00 0.170633
940 939 300.00 0.270677
940 941 300.00 0.178073
1009 926 300.00 0.744577
1009 927 300.00 0.284830
1009 1040 300.00 0.219530
962 927 300.00 0.109753
962 958 300.00 0.172433
962 961 300.00 0.266217
962 966 300.00 0.172850
927 962 300.00 0.109753
927 1009 300.00 0.284830
927 1005 300.00 0.304207
1005 927 300.00 0.304207
1005 1006 300.00 0.038203
1005 1043 300.00 0.225670
936 928 300.00 0.232907
936 933 300.00 0.267997
936 934 300.00 0.427620
936 969 300.00 0.160610
928 936 300.00 0.232907
928 1042 300.00 0.319040
928 1006 300.00 0.173007
1042 928 300.00 0.319040
1042 1046 300.00 0.342170
1042 1043 300.00 0.511887
1006 928 300.00 0.173007
1006 1005 300.00 0.038203
1006 1007 300.00 0.025870
967 929 300.00 0.157007
967 963 300.00 0.162853
967 968 300.00 0.278867
929 967 300.00 0.157007
929 933 300.00 0.278140
929 930 300.00 0.175177
933 929 300.00 0.278140
933 934 300.00 0.166603
933 968 300.00 0.163360
933 936 300.00 0.267997
934 930 300.00 0.276683
934 933 300.00 0.166603
934 936 300.00 0.427620
932 931 300.00 0.288410
932 935 300.00 0.270157
932 938 300.00 0.173747
935 932 300.00 0.270157
935 937 300.00 0.270043
935 939 300.00 0.171257
968 933 300.00 0.163360
968 964 300.00 0.166733
968 967 300.00 0.278867
968 969 300.00 0.268250
939 935 300.00 0.171257
939 938 300.00 0.269983
939 942 300.00 0.174650
939 940 300.00 0.270677
969 936 300.00 0.160610
969 965 300.00 0.164477
969 968 300.00 0.268250
969 1007 300.00 0.264760
943 938 300.00 0.170857
943 942 300.00 0.269733
943 945 300.00 0.167317
943 944 300.00 0.286173
942 939 300.00 0.174650
942 941 300.00 0.268583
942 946 300.00 0.171160
942 943 300.00 0.269733
941 940 300.00 0.178073
941 947 300.00 0.170383
941 942 300.00 0.268583
947 941 300.00 0.170383
947 946 300.00 0.265777
947 950 300.00 0.170230
946 942 300.00 0.171160
946 945 300.00 0.269557
946 949 300.00 0.175213
946 947 300.00 0.265777
949 946 300.00 0.175213
949 948 300.00 0.269337
949 953 300.00 0.162413
949 950 300.00 0.272103
950 947 300.00 0.170230
950 949 300.00 0.272103
950 954 300.00 0.166933
952 948 300.00 0.163360
952 951 300.00 0.282967
952 956 300.00 0.167717
952 953 300.00 0.269130
953 949 300.00 0.162413
953 952 300.00 0.269130
953 957 300.00 0.167587
953 954 300.00 0.273463
954 950 300.00 0.166933
954 953 300.00 0.273463
954 958 300.00 0.160910
955 951 300.00 0.156760
955 956 300.00 0.282170
955 959 300.00 0.169097
956 952 300.00 0.167717
956 955 300.00 0.282170
956 960 300.00 0.165973
956 957 300.00 0.268900
957 953 300.00 0.167587
957 956 300.00 0.268900
957 961 300.00 0.166923
957 958 300.00 0.269347
958 954 300.00 0.160910
958 957 300.00 0.269347
958 962 300.00 0.172433
960 956 300.00 0.165973
960 959 300.00 0.280977
960 964 300.00 0.174663
960 961 300.00 0.268707
961 957 300.00 0.166923
961 960 300.00 0.268707
961 965 300.00 0.174417
961 962 300.00 0.266217
964 960 300.00 0.174663
964 963 300.00 0.279803
964 968 300.00 0.166733
964 965 300.00 0.268480
965 961 300.00 0.174417
965 964 300.00 0.268480
965 969 300.00 0.164477
965 966 300.00 0.266247
966 962 300.00 0.172850
966 965 300.00 0.266247
966 1007 300.00 0.161730
1007 966 300.00 0.161730
1007 969 300.00 0.264760
1007 1006 300.00 0.025870
973 972 300.00 0.026190
973 975 300.00 0.919613
972 973 300.00 0.026190
975 974 300.00 0.026523
975 624 300.00 0.865337
985 983 300.00 0.028420
985 979 300.00 0.426393
982 979 300.00 0.031367
982 983 300.00 0.400623
981 980 300.00 0.032647
981 734 300.00 0.752457
983 985 300.00 0.028420
983 984 300.00 0.373043
986 987 300.00 0.033027
986 989 300.00 0.251007
1032 988 300.00 0.033820
1032 1018 300.00 0.203650
988 1032 300.00 0.033820
988 986 300.00 0.296773
993 990 300.00 0.164947
993 992 300.00 0.069943
993 278 300.00 0.751790
998 997 300.00 0.290580
1000 210 300.00 0.304963
1051 1004 300.00 0.046920
1051 1045 300.00 0.256760
1051 1052 300.00 0.562620
1004 1051 300.00 0.046920
1043 1005 300.00 0.225670
1043 1041 300.00 0.089207
1043 1042 300.00 0.511887
1050 1008 300.00 0.046003
1050 1039 300.00 0.251213
1050 1048 300.00 0.608840
1040 1009 300.00 0.219530
1040 1037 300.00 0.073633
1040 1041 300.00 0.568583
1015 1016 300.00 0.161270
1018 268 300.00 0.180663
1018 1020 300.00 0.041393
1037 1036 300.00 0.609850
1037 1039 300.00 0.200107
1037 1040 300.00 0.073633
1036 1037 300.00 0.609850
1036 1038 300.00 0.195493
1036 1049 300.00 0.178167
1038 1036 300.00 0.195493
1038 1039 300.00 0.614957
1038 1048 300.00 0.245867
1049 1036 300.00 0.178167
1039 1037 300.00 0.200107
1039 1038 300.00 0.614957
1039 1050 300.00 0.251213
1039 1044 300.00 0.573797
1048 1038 300.00 0.245867
1048 1137 300.00 0.126680
1044 1039 300.00 0.573797
1044 1052 300.00 0.249820
1044 1047 300.00 0.218760
1044 1045 300.00 0.566150
1041 1040 300.00 0.568583
1041 1047 300.00 0.056490
1041 1043 300.00 0.089207
1047 1041 300.00 0.056490
1047 1044 300.00 0.218760
1047 1046 300.00 0.508967
1046 1042 300.00 0.342170
1046 1045 300.00 0.223663
1046 1047 300.00 0.508967
1052 1044 300.00 0.249820
1052 1050 300.00 0.578120
1045 1044 300.00 0.566150
1045 1051 300.00 0.256760
1045 1046 300.00 0.223663
1055 1053 300.00 0.304030
1055 1074 300.00 0.116813
1055 1075 300.00 0.144083
1074 1054 300.00 0.135797
1074 1055 300.00 0.116813
1074 1073 300.00 0.102717
1054 1074 300.00 0.135797
1054 1078 300.00 0.726093
1054 1076 300.00 0.101407
1076 1054 300.00 0.101407
1076 1075 300.00 0.200070
1076 1077 300.00 0.313647
1075 1055 300.00 0.144083
1075 1076 300.00 0.200070
1075 1077 300.00 0.313653
1069 1130 300.00 0.151623
1069 1131 300.00 0.100583
1069 1070 300.00 0.024863
1073 1074 300.00 0.102717
1083 1084 300.00 0.262467
1099 1087 300.00 0.437187
1089 77 300.00 0.232487
1089 434 300.00 0.032170
1095 1096 300.00 0.200483
1098 1097 300.00 0.181943
1100 1101 300.00 0.340743
1143 1108 300.00 0.137583
1143 1142 300.00 0.600153
1143 1144 300.00 0.137040
1109 1146 300.00 0.199100
1112 1110 300.00 0.124940
1112 1111 300.00 0.322087
1112 1114 300.00 0.117613
1113 1111 300.00 0.125010
1113 1115 300.00 0.128307
1113 1114 300.00 0.325117
1114 1112 300.00 0.117613
1114 1113 300.00 0.325117
1114 1116 300.00 0.122320
1118 1117 300.00 0.410840
1138 111 300.00 1.387707
1142 1143 300.00 0.600153
1147 1146 300.00 0.322053
