188 0 300.00 0.105513
0 188 300.00 0.105513
0 140 300.00 0.254157
140 0 300.00 0.254157
140 143 300.00 0.550560
140 187 300.00 0.137147
17 1 300.00 0.250703
17 21 300.00 0.276640
1 17 300.00 0.250703
8 2 300.00 0.111863
8 152 300.00 0.144613
8 9 300.00 0.583470
2 8 300.00 0.111863
2 3 300.00 0.071390
3 150 300.00 0.092957
150 148 300.00 0.842193
150 257 300.00 0.279823
128 4 300.00 0.661917
128 127 300.00 0.628380
128 125 300.00 0.260590
4 128 300.00 0.661917
4 264 300.00 0.303330
4 249 300.00 0.267350
264 4 300.00 0.303330
264 5 300.00 0.295433
264 263 300.00 0.159177
249 4 300.00 0.267350
249 125 300.00 0.643513
249 131 300.00 1.240477
249 250 300.00 0.262383
5 264 300.00 0.295433
5 6 300.00 0.627167
6 5 300.00 0.627167
6 131 300.00 0.294980
131 6 300.00 0.294980
131 129 300.00 0.258753
131 252 300.00 0.203053
131 249 300.00 1.240477
152 7 300.00 0.610997
152 8 300.00 0.144613
152 11 300.00 0.564160
152 153 300.00 0.266173
7 152 300.00 0.610997
7 241 300.00 0.108117
241 2 300.00 0.614560
9 8 300.00 0.583470
9 11 300.00 0.215563
9 149 300.00 0.630990
11 9 300.00 0.215563
11 13 300.00 0.286927
11 152 300.00 0.564160
11 176 300.00 0.210040
149 9 300.00 0.630990
149 148 300.00 0.139343
149 174 300.00 0.196317
153 10 300.00 0.711673
153 13 300.00 0.657883
153 15 300.00 0.261887
153 152 300.00 0.266173
10 153 300.00 0.711673
10 7 300.00 0.275340
13 11 300.00 0.286927
13 231 300.00 0.114120
13 153 300.00 0.657883
176 11 300.00 0.210040
176 14 300.00 0.726863
176 175 300.00 0.202123
176 231 300.00 0.270053
16 12 300.00 0.267783
16 20 300.00 0.259190
16 18 300.00 0.774680
12 16 300.00 0.267783
12 15 300.00 0.777173
15 12 300.00 0.777173
15 222 300.00 0.772787
15 18 300.00 0.263797
15 153 300.00 0.261887
231 13 300.00 0.114120
231 173 300.00 0.049537
231 176 300.00 0.270053
231 220 300.00 0.227920
220 14 300.00 0.385833
220 219 300.00 0.269350
220 231 300.00 0.227920
14 220 300.00 0.385833
14 22 300.00 0.288133
14 176 300.00 0.726863
22 14 300.00 0.288133
22 219 300.00 0.459457
22 27 300.00 0.325510
222 15 300.00 0.772787
222 19 300.00 0.161667
222 173 300.00 0.210683
222 223 300.00 0.260293
18 15 300.00 0.263797
18 16 300.00 0.774680
18 223 300.00 0.775647
18 23 300.00 0.264197
20 16 300.00 0.259190
20 25 300.00 0.274063
20 17 300.00 0.774063
21 17 300.00 0.276640
21 26 300.00 0.279653
21 25 300.00 0.774183
21 180 300.00 0.771950
223 18 300.00 0.775647
223 24 300.00 0.213980
223 222 300.00 0.260293
223 224 300.00 0.267893
23 18 300.00 0.264197
23 224 300.00 0.771543
23 20 300.00 0.777810
19 222 300.00 0.161667
19 219 300.00 0.118993
19 24 300.00 0.264777
19 173 300.00 0.293517
219 19 300.00 0.118993
219 22 300.00 0.459457
219 218 300.00 0.264153
219 220 300.00 0.269350
24 19 300.00 0.264777
24 223 300.00 0.213980
24 28 300.00 0.268023
24 218 300.00 0.116033
173 19 300.00 0.293517
173 222 300.00 0.210683
173 231 300.00 0.049537
25 20 300.00 0.274063
25 21 300.00 0.774183
25 29 300.00 0.276530
26 21 300.00 0.279653
26 30 300.00 0.262893
26 29 300.00 0.774773
180 21 300.00 0.771950
27 22 300.00 0.325510
27 218 300.00 0.454740
27 221 300.00 0.070943
224 23 300.00 0.771543
224 28 300.00 0.267803
224 172 300.00 0.278663
224 223 300.00 0.267893
28 24 300.00 0.268023
28 224 300.00 0.267803
28 217 300.00 0.118987
28 33 300.00 0.290917
218 24 300.00 0.116033
218 27 300.00 0.454740
218 217 300.00 0.271837
218 219 300.00 0.264153
29 25 300.00 0.276530
29 32 300.00 0.265170
29 31 300.00 0.775167
30 26 300.00 0.262893
30 32 300.00 0.771567
30 178 300.00 0.147990
30 34 300.00 0.261740
221 27 300.00 0.070943
217 28 300.00 0.118987
217 35 300.00 0.606933
217 218 300.00 0.271837
217 259 300.00 0.290303
33 28 300.00 0.290917
33 172 300.00 0.324597
33 36 300.00 0.359147
32 29 300.00 0.265170
32 30 300.00 0.771567
32 38 300.00 0.268020
32 37 300.00 0.780743
31 37 300.00 0.269537
31 151 300.00 0.273417
31 232 300.00 0.778470
178 30 300.00 0.147990
178 177 300.00 0.263820
178 234 300.00 0.628147
34 30 300.00 0.261740
34 235 300.00 0.775177
34 39 300.00 0.269900
34 38 300.00 0.774827
37 31 300.00 0.269537
37 32 300.00 0.780743
37 225 300.00 0.772853
37 42 300.00 0.259377
151 31 300.00 0.273417
151 23 300.00 0.277533
232 172 300.00 0.275877
232 225 300.00 0.262457
232 36 300.00 0.128427
38 32 300.00 0.268020
38 34 300.00 0.774827
38 43 300.00 0.266413
38 42 300.00 0.778993
172 224 300.00 0.278663
172 151 300.00 0.775170
172 232 300.00 0.275877
36 33 300.00 0.359147
36 41 300.00 0.264353
36 215 300.00 0.118863
235 34 300.00 0.775177
235 234 300.00 0.266430
39 34 300.00 0.269900
39 45 300.00 0.261250
39 181 300.00 0.774770
39 43 300.00 0.777610
35 40 300.00 0.268310
35 259 300.00 0.323860
35 217 300.00 0.606933
40 46 300.00 0.262670
40 44 300.00 0.582430
259 217 300.00 0.290303
259 216 300.00 0.024880
41 36 300.00 0.264353
41 225 300.00 0.118063
41 47 300.00 0.263237
41 214 300.00 0.102810
215 214 300.00 0.268360
215 40 300.00 0.524817
215 216 300.00 0.330880
225 37 300.00 0.772853
225 41 300.00 0.118063
225 226 300.00 0.264550
225 232 300.00 0.262457
42 37 300.00 0.259377
42 38 300.00 0.778993
42 226 300.00 0.776753
42 48 300.00 0.268773
43 38 300.00 0.266413
43 39 300.00 0.777610
43 49 300.00 0.254427
43 48 300.00 0.777810
45 39 300.00 0.261250
45 182 300.00 0.766893
45 51 300.00 0.278363
45 49 300.00 0.778097
181 39 300.00 0.774770
181 235 300.00 0.266940
46 52 300.00 0.264603
46 214 300.00 0.555483
46 50 300.00 0.582877
47 41 300.00 0.263237
47 226 300.00 0.083757
47 213 300.00 0.091927
214 41 300.00 0.102810
214 46 300.00 0.555483
214 213 300.00 0.266843
214 215 300.00 0.268360
226 42 300.00 0.776753
226 47 300.00 0.083757
226 225 300.00 0.264550
226 228 300.00 0.265177
48 42 300.00 0.268773
48 43 300.00 0.777810
48 228 300.00 0.769930
48 53 300.00 0.258647
49 43 300.00 0.254427
49 45 300.00 0.778097
49 54 300.00 0.278497
49 53 300.00 0.780310
182 45 300.00 0.766893
182 181 300.00 0.263083
51 45 300.00 0.278363
51 154 300.00 0.277993
51 255 300.00 0.772890
52 56 300.00 0.267547
52 213 300.00 0.598393
52 55 300.00 0.585100
50 46 300.00 0.582877
50 237 300.00 0.245367
50 44 300.00 0.267903
213 47 300.00 0.091927
213 52 300.00 0.598393
213 214 300.00 0.266843
228 48 300.00 0.769930
228 56 300.00 0.782720
228 226 300.00 0.265177
228 229 300.00 0.264890
53 48 300.00 0.258647
53 49 300.00 0.780310
53 58 300.00 0.275137
53 229 300.00 0.777493
54 49 300.00 0.278497
54 59 300.00 0.274890
54 51 300.00 0.778547
237 50 300.00 0.245367
154 51 300.00 0.277993
154 59 300.00 0.774903
154 61 300.00 0.264390
154 190 300.00 0.649270
255 182 300.00 0.262943
56 62 300.00 0.266530
56 60 300.00 0.585207
56 228 300.00 0.782720
55 52 300.00 0.585100
55 57 300.00 0.287433
55 50 300.00 0.255833
58 53 300.00 0.275137
58 64 300.00 0.771723
58 65 300.00 0.278060
229 53 300.00 0.777493
229 64 300.00 0.271207
229 210 300.00 0.079987
229 228 300.00 0.264890
59 54 300.00 0.274890
59 154 300.00 0.774903
59 66 300.00 0.268813
59 65 300.00 0.782363
57 55 300.00 0.287433
62 69 300.00 0.266763
62 212 300.00 0.566660
62 67 300.00 0.581943
60 56 300.00 0.585207
60 55 300.00 0.268633
60 63 300.00 0.430763
64 58 300.00 0.771723
64 211 300.00 0.249243
64 70 300.00 0.276193
64 229 300.00 0.271207
65 58 300.00 0.278060
65 59 300.00 0.782363
65 70 300.00 0.769587
65 72 300.00 0.266573
66 59 300.00 0.268813
66 61 300.00 0.781343
66 72 300.00 0.783533
66 73 300.00 0.267347
63 60 300.00 0.430763
194 61 300.00 0.356060
194 191 300.00 0.236687
194 195 300.00 0.311987
61 194 300.00 0.356060
61 66 300.00 0.781343
61 154 300.00 0.264390
61 68 300.00 0.253043
68 61 300.00 0.253043
68 75 300.00 0.278410
68 195 300.00 0.207530
68 73 300.00 0.787400
69 206 300.00 0.276483
69 74 300.00 0.580887
69 76 300.00 0.273277
212 62 300.00 0.566660
212 209 300.00 0.347077
212 210 300.00 0.129717
67 62 300.00 0.581943
67 60 300.00 0.268180
67 239 300.00 0.537260
211 64 300.00 0.249243
211 209 300.00 0.163490
211 210 300.00 0.319073
70 64 300.00 0.276193
70 65 300.00 0.769587
70 208 300.00 0.409140
70 77 300.00 0.267590
72 65 300.00 0.266573
72 66 300.00 0.783533
72 79 300.00 0.274973
72 77 300.00 0.767683
73 66 300.00 0.267347
73 68 300.00 0.787400
73 80 300.00 0.267570
73 79 300.00 0.774187
239 67 300.00 0.537260
239 71 300.00 0.115140
239 238 300.00 0.274687
75 68 300.00 0.278410
75 196 300.00 0.052987
75 189 300.00 0.106710
195 68 300.00 0.207530
195 194 300.00 0.311987
195 196 300.00 0.315943
195 197 300.00 0.087593
206 69 300.00 0.276483
206 205 300.00 0.275833
206 209 300.00 0.094470
74 69 300.00 0.580887
74 67 300.00 0.266013
74 238 300.00 0.540160
76 205 300.00 0.278543
76 81 300.00 0.574310
76 236 300.00 0.280653
208 70 300.00 0.409140
208 205 300.00 0.100010
208 207 300.00 0.267490
208 209 300.00 0.274573
77 70 300.00 0.267590
77 72 300.00 0.767683
77 84 300.00 0.258670
77 207 300.00 0.411640
71 239 300.00 0.115140
79 72 300.00 0.274973
79 73 300.00 0.774187
79 87 300.00 0.265603
79 84 300.00 0.779067
80 73 300.00 0.267570
80 85 300.00 0.175707
80 189 300.00 0.682037
80 83 300.00 0.618953
238 74 300.00 0.540160
238 78 300.00 0.059120
238 159 300.00 0.283630
238 239 300.00 0.274687
196 75 300.00 0.052987
196 195 300.00 0.315943
196 198 300.00 0.121600
189 75 300.00 0.106710
189 80 300.00 0.682037
189 82 300.00 0.386547
205 76 300.00 0.278543
205 204 300.00 0.268543
205 208 300.00 0.100010
205 206 300.00 0.275833
81 76 300.00 0.574310
81 258 300.00 0.535623
81 74 300.00 0.277973
236 167 300.00 0.559107
236 204 300.00 0.297453
236 90 300.00 0.255090
84 77 300.00 0.258670
84 79 300.00 0.779067
84 201 300.00 0.145510
84 199 300.00 0.258830
207 77 300.00 0.411640
207 204 300.00 0.093480
207 208 300.00 0.267490
78 238 300.00 0.059120
87 79 300.00 0.265603
87 83 300.00 0.149860
87 89 300.00 0.491920
85 80 300.00 0.175707
85 82 300.00 0.391443
85 141 300.00 0.271633
85 91 300.00 0.611607
83 80 300.00 0.618953
83 87 300.00 0.149860
83 91 300.00 0.218757
258 81 300.00 0.535623
258 159 300.00 0.026600
258 160 300.00 0.268360
88 82 300.00 0.301083
88 233 300.00 0.019867
88 141 300.00 0.481477
82 88 300.00 0.301083
82 85 300.00 0.391443
82 189 300.00 0.386547
91 83 300.00 0.218757
91 85 300.00 0.611607
91 92 300.00 0.065643
201 84 300.00 0.145510
201 93 300.00 0.133963
201 200 300.00 0.258833
199 84 300.00 0.258830
199 90 300.00 0.556717
199 200 300.00 0.193507
199 204 300.00 0.363897
141 85 300.00 0.271633
141 88 300.00 0.481477
141 242 300.00 0.693400
159 86 300.00 0.104743
159 258 300.00 0.026600
159 238 300.00 0.283630
86 159 300.00 0.104743
86 166 300.00 0.024650
86 95 300.00 0.288180
166 86 300.00 0.024650
166 165 300.00 0.363383
166 248 300.00 0.094850
95 86 300.00 0.288180
95 160 300.00 0.103450
95 169 300.00 0.114713
89 87 300.00 0.491920
89 202 300.00 0.117590
89 93 300.00 0.293447
233 88 300.00 0.019867
233 137 300.00 0.679360
233 145 300.00 0.252177
202 89 300.00 0.117590
202 98 300.00 0.138113
202 203 300.00 0.294023
93 89 300.00 0.293447
93 96 300.00 0.244810
93 203 300.00 0.100303
93 201 300.00 0.133963
90 100 300.00 0.287670
90 199 300.00 0.556717
90 168 300.00 0.541993
100 96 300.00 0.565333
100 107 300.00 0.260543
100 106 300.00 0.635523
168 90 300.00 0.541993
168 97 300.00 0.087733
168 167 300.00 0.262533
92 91 300.00 0.065643
92 94 300.00 0.231647
92 142 300.00 0.143233
94 92 300.00 0.231647
142 92 300.00 0.143233
142 98 300.00 0.586483
142 242 300.00 0.006527
96 93 300.00 0.244810
96 103 300.00 0.263630
96 200 300.00 0.085880
96 100 300.00 0.565333
203 93 300.00 0.100303
203 99 300.00 0.159310
203 202 300.00 0.294023
160 95 300.00 0.103450
160 258 300.00 0.268360
160 170 300.00 0.016813
169 95 300.00 0.114713
103 96 300.00 0.263630
103 99 300.00 0.249177
103 111 300.00 0.267070
103 107 300.00 0.566757
200 96 300.00 0.085880
200 199 300.00 0.193507
200 201 300.00 0.258833
251 97 300.00 0.347477
97 251 300.00 0.347477
97 168 300.00 0.087733
105 98 300.00 0.259740
105 101 300.00 0.568930
105 113 300.00 0.261240
105 111 300.00 0.555440
98 105 300.00 0.259740
98 202 300.00 0.138113
98 99 300.00 0.291270
98 142 300.00 0.586483
99 98 300.00 0.291270
99 203 300.00 0.159310
99 103 300.00 0.249177
107 103 300.00 0.566757
107 114 300.00 0.628507
107 115 300.00 0.269537
106 100 300.00 0.635523
106 266 300.00 0.156517
106 112 300.00 0.616140
101 105 300.00 0.568930
101 108 300.00 0.248873
101 242 300.00 0.130940
108 101 300.00 0.248873
108 102 300.00 0.584360
108 116 300.00 0.267147
108 113 300.00 0.560613
242 101 300.00 0.130940
242 141 300.00 0.693400
242 142 300.00 0.006527
262 102 300.00 0.083147
102 262 300.00 0.083147
102 109 300.00 0.263477
102 108 300.00 0.584360
109 102 300.00 0.263477
109 104 300.00 0.550750
109 110 300.00 0.009020
111 103 300.00 0.267070
111 105 300.00 0.555440
111 155 300.00 0.263423
111 115 300.00 0.556440
146 104 300.00 0.667760
146 143 300.00 0.033550
146 270 300.00 0.097640
104 146 300.00 0.667760
104 109 300.00 0.550750
104 145 300.00 0.264263
145 104 300.00 0.264263
145 144 300.00 0.669600
145 233 300.00 0.252177
113 105 300.00 0.261240
113 108 300.00 0.560613
113 119 300.00 0.270487
113 155 300.00 0.553097
266 265 300.00 0.199603
266 97 300.00 0.141673
112 106 300.00 0.616140
112 158 300.00 0.874747
112 156 300.00 1.006707
112 171 300.00 0.230987
114 107 300.00 0.628507
114 106 300.00 0.257720
114 117 300.00 0.464173
115 111 300.00 0.556440
115 244 300.00 0.091643
115 122 300.00 0.269040
116 108 300.00 0.267147
116 110 300.00 0.579613
116 119 300.00 0.555753
116 121 300.00 0.260713
110 109 300.00 0.009020
110 245 300.00 0.130623
110 116 300.00 0.579613
245 110 300.00 0.130623
245 118 300.00 0.131177
245 269 300.00 0.379800
155 111 300.00 0.263423
155 113 300.00 0.553097
155 122 300.00 0.566337
155 123 300.00 0.262210
158 112 300.00 0.874747
158 124 300.00 0.415710
158 161 300.00 0.335190
156 112 300.00 1.006707
156 126 300.00 0.450423
156 157 300.00 0.134540
171 112 300.00 0.230987
171 161 300.00 0.815523
171 170 300.00 0.459173
119 113 300.00 0.270487
119 116 300.00 0.555753
119 123 300.00 0.567193
117 114 300.00 0.464173
244 115 300.00 0.091643
244 120 300.00 0.533603
244 243 300.00 0.103523
122 155 300.00 0.566337
122 268 300.00 0.316740
122 127 300.00 0.262663
121 116 300.00 0.260713
121 269 300.00 0.324350
269 118 300.00 0.252867
269 121 300.00 0.324350
269 245 300.00 0.379800
118 269 300.00 0.252867
118 245 300.00 0.131177
123 119 300.00 0.567193
123 127 300.00 0.558710
123 155 300.00 0.262210
120 244 300.00 0.533603
120 114 300.00 0.279147
120 250 300.00 0.633720
250 120 300.00 0.633720
250 129 300.00 1.244693
250 249 300.00 0.262383
268 122 300.00 0.316740
268 125 300.00 0.308047
268 267 300.00 0.126807
127 123 300.00 0.558710
127 128 300.00 0.628380
127 130 300.00 0.262817
126 124 300.00 0.106993
126 129 300.00 0.262530
126 156 300.00 0.450423
124 126 300.00 0.106993
124 158 300.00 0.415710
124 246 300.00 0.147760
246 124 300.00 0.147760
246 253 300.00 0.214540
246 247 300.00 0.370647
125 268 300.00 0.308047
125 249 300.00 0.643513
125 120 300.00 0.260767
129 126 300.00 0.262530
129 131 300.00 0.258753
129 250 300.00 1.244693
129 273 300.00 0.219013
273 129 300.00 0.219013
252 131 300.00 0.203053
132 184 300.00 0.071023
132 240 300.00 0.084410
184 133 300.00 0.416293
184 230 300.00 0.269100
240 132 300.00 0.084410
240 185 300.00 0.333060
133 186 300.00 0.175767
133 184 300.00 0.416293
133 134 300.00 0.029970
186 136 300.00 0.246740
186 272 300.00 0.309810
134 133 300.00 0.029970
134 198 300.00 0.147047
198 134 300.00 0.147047
198 196 300.00 0.121600
198 197 300.00 0.300850
185 135 300.00 0.193207
185 136 300.00 0.357317
185 240 300.00 0.333060
135 185 300.00 0.193207
135 138 300.00 0.266687
138 135 300.00 0.266687
138 139 300.00 0.552727
138 187 300.00 0.139103
136 139 300.00 0.270413
136 185 300.00 0.357317
136 137 300.00 0.027973
139 138 300.00 0.552727
139 143 300.00 0.262333
139 144 300.00 0.033787
137 136 300.00 0.027973
137 134 300.00 0.422713
137 233 300.00 0.679360
187 138 300.00 0.139103
187 140 300.00 0.137147
143 140 300.00 0.550560
143 146 300.00 0.033550
144 139 300.00 0.033787
144 137 300.00 0.271683
144 145 300.00 0.669600
270 144 300.00 0.165163
270 271 300.00 0.115953
147 260 300.00 0.043413
260 10 300.00 0.024450
148 150 300.00 0.842193
148 149 300.00 0.139343
174 149 300.00 0.196317
257 256 300.00 0.147407
190 154 300.00 0.649270
190 227 300.00 0.125587
190 191 300.00 0.274360
157 156 300.00 0.134540
161 158 300.00 0.335190
161 162 300.00 0.139967
161 171 300.00 0.815523
170 160 300.00 0.016813
170 167 300.00 0.537273
170 171 300.00 0.459173
162 161 300.00 0.139967
162 164 300.00 0.143100
162 163 300.00 0.142363
164 162 300.00 0.143100
163 162 300.00 0.142363
165 166 300.00 0.363383
248 166 300.00 0.094850
167 236 300.00 0.559107
167 81 300.00 0.272790
167 170 300.00 0.537273
175 176 300.00 0.202123
177 178 300.00 0.263820
177 26 300.00 0.146723
234 178 300.00 0.628147
234 179 300.00 0.266483
179 180 300.00 0.273740
179 177 300.00 0.626903
192 183 300.00 0.122133
192 191 300.00 0.051507
192 193 300.00 0.399783
183 192 300.00 0.122133
183 227 300.00 0.265113
227 190 300.00 0.125587
227 254 300.00 0.261673
230 193 300.00 0.376150
230 183 300.00 0.260357
272 186 300.00 0.309810
191 190 300.00 0.274360
191 192 300.00 0.051507
191 194 300.00 0.236687
193 192 300.00 0.399783
193 230 300.00 0.376150
193 197 300.00 0.093247
197 193 300.00 0.093247
197 195 300.00 0.087593
197 198 300.00 0.300850
204 199 300.00 0.363897
204 207 300.00 0.093480
204 236 300.00 0.297453
204 205 300.00 0.268543
209 206 300.00 0.094470
209 208 300.00 0.274573
209 211 300.00 0.163490
209 212 300.00 0.347077
210 229 300.00 0.079987
210 212 300.00 0.129717
210 211 300.00 0.319073
216 215 300.00 0.330880
216 33 300.00 0.096993
254 255 300.00 0.029563
243 244 300.00 0.103523
253 246 300.00 0.214540
247 246 300.00 0.370647
263 264 300.00 0.159177
265 266 300.00 0.199603
267 268 300.00 0.126807
271 270 300.00 0.115953
