0 90 300.00 0.431447
90 29 300.00 0.337850
90 95 300.00 0.410800
1 284 300.00 1.495727
284 282 300.00 0.527073
2 126 300.00 0.737750
126 125 300.00 0.313457
126 261 300.00 0.525827
10 3 300.00 0.446520
10 289 300.00 0.409587
10 243 300.00 0.255273
3 10 300.00 0.446520
3 8 300.00 0.450477
8 103 300.00 0.426860
4 36 300.00 0.477083
4 109 300.00 0.194797
36 247 300.00 0.217340
36 37 300.00 0.383590
109 78 300.00 0.182110
84 5 300.00 0.221143
84 101 300.00 0.424567
84 245 300.00 0.147410
84 253 300.00 0.246830
5 84 300.00 0.221143
5 79 300.00 0.373347
5 249 300.00 0.226587
79 5 300.00 0.373347
79 248 300.00 0.229473
79 83 300.00 0.435847
249 5 300.00 0.226587
249 6 300.00 0.209393
249 250 300.00 0.232433
6 249 300.00 0.209393
6 101 300.00 0.269970
101 75 300.00 0.422940
101 84 300.00 0.424567
101 252 300.00 0.248007
138 7 300.00 0.301020
138 147 300.00 0.290503
138 291 300.00 0.342237
7 138 300.00 0.301020
7 139 300.00 0.796950
139 137 300.00 0.345873
139 136 300.00 0.435140
103 35 300.00 0.473640
103 4 300.00 0.417607
244 9 300.00 0.149620
244 243 300.00 0.409403
244 289 300.00 0.250423
9 244 300.00 0.149620
9 254 300.00 0.151093
9 253 300.00 0.170477
254 9 300.00 0.151093
254 20 300.00 0.618380
254 258 300.00 0.161340
253 9 300.00 0.170477
253 84 300.00 0.246830
253 252 300.00 0.424400
289 244 300.00 0.250423
289 35 300.00 0.421533
289 8 300.00 0.463950
243 10 300.00 0.255273
243 11 300.00 0.099080
243 244 300.00 0.409403
11 243 300.00 0.099080
13 12 300.00 0.402620
13 67 300.00 0.293857
13 114 300.00 0.297697
13 14 300.00 0.406407
12 13 300.00 0.402620
12 120 300.00 0.300093
12 66 300.00 0.293377
12 74 300.00 0.296917
120 12 300.00 0.300093
120 22 300.00 0.298207
120 23 300.00 0.295153
66 12 300.00 0.293377
66 23 300.00 0.271783
66 55 300.00 0.304850
66 67 300.00 0.405183
74 12 300.00 0.296917
74 116 300.00 0.256933
74 100 300.00 0.419113
67 13 300.00 0.293857
67 56 300.00 0.303263
67 66 300.00 0.405183
67 68 300.00 0.411867
114 13 300.00 0.297697
114 26 300.00 0.421990
114 75 300.00 0.399763
14 13 300.00 0.406407
14 15 300.00 0.323553
14 68 300.00 0.298680
14 75 300.00 0.298850
15 14 300.00 0.323553
15 76 300.00 0.299763
15 69 300.00 0.304667
15 16 300.00 0.412980
68 14 300.00 0.298680
68 57 300.00 0.300677
68 67 300.00 0.411867
68 69 300.00 0.286377
75 14 300.00 0.298850
75 101 300.00 0.422940
75 76 300.00 0.361300
76 15 300.00 0.299763
76 80 300.00 0.430020
76 77 300.00 0.406283
69 15 300.00 0.304667
69 58 300.00 0.294283
69 68 300.00 0.286377
69 299 300.00 0.384587
16 15 300.00 0.412980
16 285 300.00 0.117603
16 276 300.00 0.151313
16 77 300.00 0.295097
285 16 300.00 0.117603
276 16 300.00 0.151313
77 16 300.00 0.295097
77 105 300.00 0.441960
77 321 300.00 0.292987
264 17 300.00 0.299993
264 313 300.00 0.030500
17 264 300.00 0.299993
17 267 300.00 0.280100
17 286 300.00 0.193533
267 17 300.00 0.280100
267 60 300.00 0.315307
267 268 300.00 0.316963
286 17 300.00 0.193533
286 313 300.00 0.352147
286 296 300.00 0.696613
157 18 300.00 0.185793
157 268 300.00 0.297097
18 157 300.00 0.185793
18 283 300.00 0.202050
283 130 300.00 0.311887
20 19 300.00 0.418323
20 256 300.00 0.159890
20 85 300.00 0.411520
20 254 300.00 0.618380
19 20 300.00 0.418323
19 10 300.00 0.375697
256 20 300.00 0.159890
256 21 300.00 0.263430
256 257 300.00 0.349077
85 20 300.00 0.411520
85 99 300.00 0.412303
85 182 300.00 0.224413
22 21 300.00 0.418933
22 120 300.00 0.298207
22 74 300.00 0.322907
21 22 300.00 0.418933
21 256 300.00 0.263430
21 187 300.00 0.211467
187 188 300.00 0.311863
187 99 300.00 0.205557
24 23 300.00 0.308960
24 25 300.00 0.300183
24 55 300.00 0.238393
24 54 300.00 0.416620
23 24 300.00 0.308960
23 120 300.00 0.295153
23 66 300.00 0.271783
23 190 300.00 0.383157
190 23 300.00 0.383157
190 65 300.00 0.032110
190 171 300.00 0.305323
25 24 300.00 0.300183
25 311 300.00 0.219013
25 48 300.00 0.221530
25 47 300.00 0.411047
55 24 300.00 0.238393
55 48 300.00 0.295850
55 56 300.00 0.416277
55 66 300.00 0.304850
54 24 300.00 0.416620
54 45 300.00 0.408783
54 47 300.00 0.296590
54 65 300.00 0.311843
311 25 300.00 0.219013
311 218 300.00 0.086320
311 260 300.00 0.201680
48 25 300.00 0.221530
48 49 300.00 0.412923
48 260 300.00 0.246127
48 55 300.00 0.295850
47 25 300.00 0.411047
47 46 300.00 0.412113
47 298 300.00 0.136140
47 54 300.00 0.296590
26 114 300.00 0.421990
26 255 300.00 0.159527
255 116 300.00 0.425540
255 100 300.00 0.249350
255 258 300.00 0.263407
28 27 300.00 0.348903
28 117 300.00 0.614587
27 28 300.00 0.348903
27 271 300.00 0.406050
27 60 300.00 0.315700
27 111 300.00 0.310927
271 27 300.00 0.406050
271 59 300.00 0.307033
271 304 300.00 0.356907
271 272 300.00 0.308517
60 27 300.00 0.315700
60 267 300.00 0.315307
60 269 300.00 0.369947
60 61 300.00 0.363440
111 27 300.00 0.310927
111 272 300.00 0.412027
111 117 300.00 0.156903
117 111 300.00 0.156903
117 295 300.00 0.647950
174 29 300.00 0.366817
174 89 300.00 0.078017
174 160 300.00 0.418780
29 174 300.00 0.366817
29 90 300.00 0.337850
29 30 300.00 0.416227
30 88 300.00 0.433447
30 95 300.00 0.349990
30 31 300.00 0.403170
88 30 300.00 0.433447
88 87 300.00 0.403400
88 89 300.00 0.416450
88 96 300.00 0.405953
95 30 300.00 0.349990
95 106 300.00 0.409243
31 302 300.00 0.223063
31 175 300.00 0.198577
302 87 300.00 0.200793
302 303 300.00 0.235530
175 176 300.00 0.285560
175 32 300.00 0.213697
86 32 300.00 0.410150
86 235 300.00 0.171180
86 87 300.00 0.415323
86 179 300.00 0.203803
32 86 300.00 0.410150
32 239 300.00 0.203023
32 107 300.00 0.366257
239 33 300.00 0.204657
239 240 300.00 0.266607
107 32 300.00 0.366257
107 40 300.00 0.398050
33 181 300.00 0.207483
33 40 300.00 0.369167
181 34 300.00 0.214667
181 182 300.00 0.416217
40 108 300.00 0.424270
34 85 300.00 0.433673
34 19 300.00 0.415223
35 36 300.00 0.411963
35 245 300.00 0.253547
35 103 300.00 0.473640
245 35 300.00 0.253547
245 84 300.00 0.147410
245 246 300.00 0.242983
247 248 300.00 0.379093
247 5 300.00 0.223577
37 38 300.00 0.420830
37 78 300.00 0.409543
38 83 300.00 0.441570
38 39 300.00 0.352107
78 318 300.00 0.389083
83 79 300.00 0.435847
83 251 300.00 0.224593
83 277 300.00 0.420817
39 38 300.00 0.352107
39 277 300.00 0.411110
277 39 300.00 0.411110
277 82 300.00 0.031767
277 83 300.00 0.420817
108 34 300.00 0.377490
108 158 300.00 0.424343
41 33 300.00 0.408210
41 179 300.00 0.206190
41 182 300.00 0.199443
179 41 300.00 0.206190
179 86 300.00 0.203803
179 180 300.00 0.195940
182 41 300.00 0.199443
182 85 300.00 0.224413
182 183 300.00 0.429460
42 185 300.00 0.201583
42 41 300.00 0.441900
185 186 300.00 0.412637
185 98 300.00 0.203933
44 43 300.00 0.296547
44 64 300.00 0.299163
44 119 300.00 0.405940
44 104 300.00 0.409657
43 44 300.00 0.296547
43 184 300.00 0.198803
43 42 300.00 0.414347
184 73 300.00 0.204890
64 44 300.00 0.299163
64 45 300.00 0.309413
64 63 300.00 0.410057
64 65 300.00 0.405270
119 44 300.00 0.405940
119 65 300.00 0.299847
119 73 300.00 0.292410
119 171 300.00 0.117997
104 44 300.00 0.409657
104 63 300.00 0.302537
104 72 300.00 0.303587
104 118 300.00 0.398663
45 64 300.00 0.309413
45 46 300.00 0.294917
45 54 300.00 0.408783
45 224 300.00 0.318013
46 45 300.00 0.294917
46 47 300.00 0.412113
46 207 300.00 0.141613
46 225 300.00 0.337313
224 45 300.00 0.318013
224 53 300.00 0.098200
224 226 300.00 0.230537
207 46 300.00 0.141613
207 129 300.00 0.499300
207 213 300.00 0.306610
207 208 300.00 0.136827
225 46 300.00 0.337313
225 223 300.00 0.094810
225 226 300.00 0.053623
298 47 300.00 0.136140
49 48 300.00 0.412923
49 115 300.00 0.224603
49 56 300.00 0.294273
49 50 300.00 0.407277
260 48 300.00 0.246127
260 115 300.00 0.422297
260 311 300.00 0.201680
115 49 300.00 0.224603
115 50 300.00 0.508613
115 260 300.00 0.422297
56 49 300.00 0.294273
56 55 300.00 0.416277
56 57 300.00 0.404503
56 67 300.00 0.303263
50 49 300.00 0.407277
50 57 300.00 0.285513
50 115 300.00 0.508613
57 50 300.00 0.285513
57 56 300.00 0.404503
57 58 300.00 0.257540
57 68 300.00 0.300677
52 51 300.00 0.444320
52 53 300.00 0.401253
52 62 300.00 0.300877
52 222 300.00 0.179687
51 52 300.00 0.444320
53 52 300.00 0.401253
53 224 300.00 0.098200
53 63 300.00 0.301363
53 223 300.00 0.268630
62 52 300.00 0.300877
62 63 300.00 0.414013
62 191 300.00 0.286540
62 94 300.00 0.198997
222 52 300.00 0.179687
222 93 300.00 1.264407
222 203 300.00 0.089763
222 223 300.00 0.442167
63 53 300.00 0.301363
63 62 300.00 0.414013
63 64 300.00 0.410057
63 104 300.00 0.302537
223 53 300.00 0.268630
223 222 300.00 0.442167
223 225 300.00 0.094810
65 54 300.00 0.311843
65 64 300.00 0.405270
65 190 300.00 0.032110
65 119 300.00 0.299847
58 57 300.00 0.257540
58 69 300.00 0.294283
58 297 300.00 0.218993
58 305 300.00 0.302163
297 58 300.00 0.218993
305 58 300.00 0.302163
305 304 300.00 0.051163
305 326 300.00 0.022683
59 271 300.00 0.307033
59 269 300.00 0.045447
59 296 300.00 0.104040
269 59 300.00 0.045447
269 60 300.00 0.369947
269 270 300.00 0.075910
296 59 300.00 0.104040
296 286 300.00 0.696613
296 304 300.00 0.397087
61 28 300.00 0.308313
191 62 300.00 0.286540
94 62 300.00 0.198997
94 93 300.00 0.471433
94 118 300.00 0.100030
299 69 300.00 0.384587
92 70 300.00 0.399230
92 93 300.00 0.416687
92 306 300.00 0.017233
92 278 300.00 0.621193
70 92 300.00 0.399230
70 230 300.00 0.151697
70 307 300.00 0.407757
230 70 300.00 0.151697
230 91 300.00 0.261913
230 231 300.00 0.200333
307 93 300.00 0.401650
307 228 300.00 0.129040
307 71 300.00 0.400197
71 123 300.00 0.043597
123 118 300.00 0.303820
123 72 300.00 0.402663
72 186 300.00 0.210723
72 104 300.00 0.303587
72 98 300.00 0.408890
186 185 300.00 0.412637
186 43 300.00 0.202997
98 72 300.00 0.408890
98 97 300.00 0.412157
98 237 300.00 0.113990
73 189 300.00 0.203143
73 119 300.00 0.292410
189 171 300.00 0.292937
189 22 300.00 0.209593
116 114 300.00 0.148327
116 255 300.00 0.425540
100 74 300.00 0.419113
100 257 300.00 0.263367
100 21 300.00 0.332637
80 6 300.00 0.141890
80 250 300.00 0.227003
105 77 300.00 0.441960
105 102 300.00 0.428533
105 80 300.00 0.423397
321 77 300.00 0.292987
318 38 300.00 0.252223
248 247 300.00 0.379093
248 37 300.00 0.216557
250 249 300.00 0.232433
250 251 300.00 0.429360
250 79 300.00 0.229090
322 81 300.00 0.014377
322 110 300.00 0.286323
322 113 300.00 0.173460
81 322 300.00 0.014377
81 2 300.00 0.239967
82 277 300.00 0.031767
82 263 300.00 0.261943
82 102 300.00 0.418373
263 82 300.00 0.261943
102 82 300.00 0.418373
102 280 300.00 0.291937
102 281 300.00 0.722457
102 105 300.00 0.428533
251 250 300.00 0.429360
251 105 300.00 0.228890
99 183 300.00 0.211707
99 238 300.00 0.194350
235 86 300.00 0.171180
235 234 300.00 0.417647
235 237 300.00 0.148203
87 86 300.00 0.415323
87 234 300.00 0.168883
87 88 300.00 0.403400
234 235 300.00 0.417647
234 236 300.00 0.137760
89 88 300.00 0.416450
89 91 300.00 0.398310
89 174 300.00 0.078017
96 88 300.00 0.405953
96 228 300.00 0.286600
96 91 300.00 0.409743
91 89 300.00 0.398310
91 232 300.00 0.193493
91 230 300.00 0.261913
232 233 300.00 0.388233
232 320 300.00 0.223617
93 92 300.00 0.416687
93 307 300.00 0.401650
93 94 300.00 0.471433
93 222 300.00 1.264407
306 92 300.00 0.017233
118 94 300.00 0.100030
118 104 300.00 0.398663
106 31 300.00 0.364807
106 177 300.00 0.216307
228 96 300.00 0.286600
228 307 300.00 0.129040
228 229 300.00 0.179313
97 96 300.00 0.416187
97 71 300.00 0.407000
237 98 300.00 0.113990
237 235 300.00 0.148203
237 236 300.00 0.415103
183 42 300.00 0.208587
183 184 300.00 0.415277
238 325 300.00 0.020793
238 73 300.00 0.224943
257 100 300.00 0.263367
257 256 300.00 0.349077
257 258 300.00 0.249520
252 253 300.00 0.424400
252 26 300.00 0.161387
280 102 300.00 0.291937
281 102 300.00 0.722457
177 178 300.00 0.263447
177 107 300.00 0.199683
158 159 300.00 0.125457
158 241 300.00 0.251540
326 110 300.00 0.282773
326 262 300.00 0.248200
326 305 300.00 0.022683
110 326 300.00 0.282773
110 273 300.00 0.222510
110 322 300.00 0.286323
273 110 300.00 0.222510
273 272 300.00 0.190893
273 274 300.00 0.215957
272 111 300.00 0.412027
272 271 300.00 0.308517
272 273 300.00 0.190893
261 112 300.00 0.117143
261 126 300.00 0.525827
261 218 300.00 0.322430
112 261 300.00 0.117143
112 113 300.00 0.626333
112 262 300.00 0.613827
113 112 300.00 0.626333
113 322 300.00 0.173460
113 262 300.00 0.384867
262 112 300.00 0.613827
262 113 300.00 0.384867
262 326 300.00 0.248200
295 81 300.00 0.207500
171 119 300.00 0.117997
171 190 300.00 0.305323
171 189 300.00 0.292937
127 121 300.00 0.148900
127 201 300.00 0.070497
127 194 300.00 0.257403
121 127 300.00 0.148900
121 200 300.00 0.074900
121 196 300.00 0.150197
121 206 300.00 0.354247
200 121 300.00 0.074900
200 202 300.00 0.339240
200 201 300.00 0.154830
196 121 300.00 0.150197
196 193 300.00 0.089400
196 199 300.00 0.170567
206 121 300.00 0.354247
206 202 300.00 0.132417
206 205 300.00 0.089013
197 122 300.00 0.026610
197 193 300.00 0.161373
197 203 300.00 0.419807
122 197 300.00 0.026610
122 128 300.00 0.132430
122 194 300.00 0.159343
128 122 300.00 0.132430
128 173 300.00 0.091400
194 122 300.00 0.159343
194 127 300.00 0.257403
194 193 300.00 0.106540
314 124 300.00 0.076070
314 173 300.00 0.409990
314 287 300.00 0.728327
124 314 300.00 0.076070
125 126 300.00 0.313457
125 218 300.00 0.501903
125 215 300.00 0.358537
218 125 300.00 0.501903
218 219 300.00 0.097757
218 311 300.00 0.086320
218 261 300.00 0.322430
215 125 300.00 0.358537
215 214 300.00 0.133067
215 309 300.00 0.416970
201 127 300.00 0.070497
201 200 300.00 0.154830
201 209 300.00 0.138363
173 128 300.00 0.091400
173 314 300.00 0.409990
173 287 300.00 0.349617
210 129 300.00 0.100727
210 212 300.00 0.112060
210 211 300.00 0.265643
129 210 300.00 0.100727
129 207 300.00 0.499300
129 209 300.00 0.227823
209 129 300.00 0.227823
209 201 300.00 0.138363
209 208 300.00 0.490343
130 61 300.00 0.089457
130 284 300.00 0.282840
131 153 300.00 1.939063
153 156 300.00 0.297073
153 151 300.00 0.619820
132 316 300.00 0.379397
316 315 300.00 0.089937
133 141 300.00 0.259017
133 134 300.00 0.260610
141 136 300.00 0.459273
141 172 300.00 0.529160
141 137 300.00 0.356707
134 132 300.00 0.184817
134 315 300.00 0.282557
315 134 300.00 0.282557
301 135 300.00 0.397227
301 319 300.00 0.435950
135 301 300.00 0.397227
135 133 300.00 0.549720
136 141 300.00 0.459273
136 140 300.00 0.302513
140 135 300.00 0.051560
140 275 300.00 0.523537
143 137 300.00 0.389110
143 145 300.00 0.173437
143 147 300.00 0.209207
137 143 300.00 0.389110
137 139 300.00 0.345873
137 138 300.00 0.502317
147 138 300.00 0.290503
147 143 300.00 0.209207
147 144 300.00 0.179280
291 162 300.00 0.347840
291 323 300.00 0.544820
172 141 300.00 0.529160
172 145 300.00 0.103310
172 146 300.00 0.041680
170 142 300.00 0.054427
170 149 300.00 0.437920
170 152 300.00 0.202043
142 170 300.00 0.054427
142 167 300.00 0.144950
167 323 300.00 0.737310
145 143 300.00 0.173437
145 317 300.00 0.040307
145 172 300.00 0.103310
144 147 300.00 0.179280
317 145 300.00 0.040307
317 146 300.00 0.077490
146 172 300.00 0.041680
146 132 300.00 0.289657
155 148 300.00 0.088123
155 290 300.00 0.019237
155 150 300.00 0.313573
148 155 300.00 0.088123
148 149 300.00 0.220330
148 152 300.00 0.400537
149 148 300.00 0.220330
149 170 300.00 0.437920
149 154 300.00 0.047573
152 148 300.00 0.400537
152 168 300.00 0.540970
154 149 300.00 0.047573
154 150 300.00 0.551860
154 151 300.00 0.073303
150 154 300.00 0.551860
150 156 300.00 0.393623
156 153 300.00 0.297073
156 290 300.00 0.729170
151 154 300.00 0.073303
151 169 300.00 0.403313
169 170 300.00 0.172510
169 167 300.00 0.178040
168 7 300.00 1.095020
290 155 300.00 0.019237
268 267 300.00 0.316963
268 130 300.00 0.242717
159 327 300.00 0.195777
241 242 300.00 0.222953
241 19 300.00 0.140657
327 3 300.00 0.210567
327 328 300.00 0.239847
160 174 300.00 0.418780
161 165 300.00 0.120057
161 168 300.00 0.152333
165 166 300.00 0.283357
162 161 300.00 0.107840
162 292 300.00 0.501977
163 293 300.00 1.173217
293 294 300.00 0.897047
293 292 300.00 0.391500
164 161 300.00 0.103410
164 165 300.00 0.174757
166 152 300.00 0.058293
166 142 300.00 0.205600
323 291 300.00 0.544820
323 317 300.00 0.497770
287 173 300.00 0.349617
287 203 300.00 0.076343
287 314 300.00 0.728327
176 175 300.00 0.285560
178 177 300.00 0.263447
180 179 300.00 0.195940
188 187 300.00 0.311863
204 192 300.00 0.153587
204 195 300.00 0.197163
204 205 300.00 0.039677
192 204 300.00 0.153587
192 203 300.00 0.166137
192 198 300.00 0.243867
203 192 300.00 0.166137
203 197 300.00 0.419807
203 287 300.00 0.076343
203 222 300.00 0.089763
198 192 300.00 0.243867
198 193 300.00 0.149517
198 195 300.00 0.090260
193 194 300.00 0.106540
193 196 300.00 0.089400
193 198 300.00 0.149517
193 197 300.00 0.161373
199 195 300.00 0.039927
199 196 300.00 0.170567
199 205 300.00 0.197530
195 199 300.00 0.039927
195 198 300.00 0.090260
195 204 300.00 0.197163
205 199 300.00 0.197530
205 204 300.00 0.039677
205 206 300.00 0.089013
202 200 300.00 0.339240
202 206 300.00 0.132417
202 208 300.00 0.141790
208 202 300.00 0.141790
208 207 300.00 0.136827
208 209 300.00 0.490343
213 207 300.00 0.306610
213 212 300.00 0.490693
213 308 300.00 0.194483
212 210 300.00 0.112060
212 214 300.00 0.145310
212 213 300.00 0.490693
211 210 300.00 0.265643
214 212 300.00 0.145310
214 215 300.00 0.133067
214 308 300.00 0.402233
308 213 300.00 0.194483
308 214 300.00 0.402233
308 309 300.00 0.104630
309 215 300.00 0.416970
309 308 300.00 0.104630
309 310 300.00 0.073530
219 216 300.00 0.084087
219 218 300.00 0.097757
219 220 300.00 0.167507
216 219 300.00 0.084087
216 217 300.00 0.174087
216 310 300.00 0.155267
217 216 300.00 0.174087
310 216 300.00 0.155267
310 221 300.00 0.219647
310 309 300.00 0.073530
220 219 300.00 0.167507
221 310 300.00 0.219647
226 224 300.00 0.230537
226 225 300.00 0.053623
226 227 300.00 0.129813
227 226 300.00 0.129813
229 228 300.00 0.179313
231 230 300.00 0.200333
233 232 300.00 0.388233
233 70 300.00 0.236060
320 288 300.00 0.386660
236 237 300.00 0.415103
236 97 300.00 0.109347
325 238 300.00 0.020793
240 239 300.00 0.266607
242 241 300.00 0.222953
246 245 300.00 0.242983
258 254 300.00 0.161340
258 255 300.00 0.263407
258 257 300.00 0.249520
258 259 300.00 0.186537
259 258 300.00 0.186537
313 264 300.00 0.030500
313 286 300.00 0.352147
313 312 300.00 0.529130
265 18 300.00 0.155270
266 265 300.00 0.084623
266 300 300.00 0.168500
300 266 300.00 0.168500
270 269 300.00 0.075910
304 271 300.00 0.356907
304 296 300.00 0.397087
304 305 300.00 0.051163
274 273 300.00 0.215957
279 135 300.00 0.604470
279 275 300.00 0.254783
282 131 300.00 0.342430
282 283 300.00 0.097870
288 160 300.00 0.077920
294 157 300.00 3.422453
319 279 300.00 0.233223
303 302 300.00 0.235530
312 313 300.00 0.529130
324 265 300.00 0.084930
324 266 300.00 0.043107
328 327 300.00 0.239847
