1295889098 8077646363
1704450664 4831115712
1704730946 2858077275
2653796287 1704731017
1704731105 7192475108
9057164307 9057164308
482794588 482794791
265021159 10050578012
265021116 8547179870
1326628343 1326628345
2527361807 1326628350
4442503240 4442503239
2858323546 622393918
622392636 2242740459
622414256 2242730337
2537947674 2537947677
1703074846 4389641403
2722597767 2722597766
2845974542 1703074892
2845974527 2845974525
1703074842 1703074841
8080673504 3371975296
2846491699 2846493802
1703310967 1703269162
1703311011 6210046947
1247898143 2956772340
1703310774 2956772339
1703310712 7187164424
1703310711 2956772338
1703310743 2832073984
2832088196 1703310646
2281412507 264955254
1703199216 1703199205
4427572757 4427572772
1703270165 4427572772
1703270195 1703270144
6212857596 7065672818
1703269395 1703311416
1703198636 2844507853
1703269377 1703269375
1703311446 1703269438
2844442515 2844442509
2149677436 1703269515
1703269748 1703269752
2844564912 2844564908
2844562280 2844562276
2869020775 2869020774
2874509888 4395433880
4462349350 252743219
4974114261 4974114262
4991401925 2874429254
4991401927 4991401926
1702931754 1702931741
7833845383 622393996
6212567527 6212567528
5540079798 1704862507
7024970889 1704862512
2860414101 1704862512
622022577 616927760
7209766908 1781269447
5572418887 2283288844
2844507842 2844417084
2844507841 2844507842
8484115447 7725149512
4844751058 2873256889
6210783780 2831616488
3900560411 1703464740
1704450284 2885436069
1704450256 7027543804
1704450267 1704450268
1704450294 7027543805
2885437991 1704450140
4424212834 4424212836
7025409636 2839830398
7025409635 7025409636
9057358902 9057358900
1894080195 1704762060
622422612 622394109
622422611 616918379
622050720 3609023517
7030511254 622422602
616918359 622422605
622422607 616918366
3789224540 622050844
6816565081 4061996704
264899050 4391746226
2511784892 2511784891
1704626155 4349725030
7192359927 7192359926
1704625724 3526755157
4349800023 1704625781
4349800022 1704625761
2822800586 1714741060
1714769769 1714769766
1714769664 4426716079
1304306565 4426716085
2824971744 1304306555
4426716084 1304306423
1304306917 1304306741
2956758413 1619397225
1619397187 9431621236
6563138849 2722597770
1992395835 1992395847
8391860373 8391860372
4332744952 2299255517
4835545148 4835545149
1704558549 1704558553
2440985182 2440985188
8515685478 621999839
1704624776 6465830690
4349789847 1704625067
1704625006 1704624974
6210605872 6210605871
6210605871 6210605872
2844417094 1703269206
1703269215 2149929677
1704507214 1704507212
2874425045 2874425053
4426499986 1714740908
1714740860 4426499988
587735165 587735191
1704626578 7059143343
2503798911 1704862881
3661987909 265085127
1663130837 1703057282
3789268853 1621153542
4315700780 1621128025
10983121449 1621153687
1704844089 2862987161
4402789505 4402789504
2844711834 1703403875
616919276 2022455050
5659224655 4324529579
4068493920 3829681677
8001444325 8001444324
2722597732 616324504
5302141539 2874513054
1703023520 2874513054
5127110141 5127110140
4468608134 5127145972
4468608138 4468608146
11553138312 2856013418
11553138314 11553138313
2885585713 4324522275
3240206437 7192531112
2868432107 2868444180
2503434274 2503434277
6209997740 2844417034
3240155431 2841544690
3733766204 3733766205
7192273681 1703331265
2960498458 8483633448
3240217863 3240217862
1702963318 7202809115
2017571379 1895463725
1895463725 2017571379
6213909987 6213909988
2846493803 1295783428
1703463681 2831507096
1703463652 1703463651
4815982861 8539686759
353002525 1275276065
1275276065 7199589688
2240299376 1703056350
265020906 265020978
1285208023 1285207933
2527408376 8480812746
2527394274 2527394275
4442503243 4442503244
2853193343 2853193352
4332744937 622414388
4332744938 622424048
2286821924 1714601452
8484086217 622538648
1702929820 3703056399
2874513045 2874516917
4381699219 2874516917
1704626088 5228873452
4349725027 5228873452
7192616948 7192616947
2842314261 1295783165
1290380599 2149453710
2862247895 2862247896
2862257872 2862239831
7850717785 2862239831
2862257870 2862239832
4844751076 2868370684
2868348562 5571227355
2868382657 2868382662
1780046812 2722597734
6217760321 6217760322
616662750 616662751
2852783849 2852783846
2793229041 1295889405
1295889222 1714706996
1719349479 10210322099
2722597767 1275276155
3227509093 616919287
2874377207 5042050043
5042050043 2874377207
4952722210 1704730407
4426506993 1714740763
1714787790 1714740785
1243889423 1703057240
2863136665 2863136666
6640245532 6640245535
6640245544 6640245536
6640245535 5571227349
616662704 3878449456
1704431819 1704431822
2876163388 2876163389
2048191382 2048191373
4898453025 1702857966
1702857994 1702858008
1702857984 1587026508
622541219 622541406
2775695008 2775695012
6589482494 1633766328
2246944757 2846804856
265020977 265020908
7027703876 1704862824
6720753111 7027703876
2860321517 2860321519
7714594976 1290380617
1714707826 1714707829
2796735287 6621560460
1703403699 2240664000
2240664000 1703403699
4402789501 4402789500
2722597779 2722597778
7189299959 1703331078
7187164410 2832073964
7190137531 1703331079
5861367760 265626235
3856298175 3856298174
2862239833 2862257867
5076972350 5076972351
2868414423 2868396899
5076972356 2868407785
2868419090 2868382682
2868567908 2868567904
2868429589 5076202805
2868871282 3240206444
2868429569 2868871279
5076202802 2868382674
5076202799 2868437281
2868429583 2868419076
6216285205 2876737072
622394056 3240100078
1295783553 1295782635
3667952975 4342948129
1621153653 2882131008
2816547625 1714801883
1714801854 1714801867
2862588624 2868810957
2868794726 2868794728
5534879564 5534879565
4951258887 1704862774
1704863190 3738549373
7833734443 3789267833
4402789495 1703074897
1703074893 1703074891
6216124587 6216124588
4548135867 4374827848
6260228749 1704450688
2876342510 2876342511
2876570703 2876156486
1704450449 12219172824
2427724243 2050385077
11430383141 1703057074
1703057065 11430383142
1702963312 1612590947
7185847537 1304307196
1714741197 1714741193
1714741157 1714741153
4426681516 4426681517
4426681518 4426681519
4426681520 1714741225
1714741191 2823203196
2823203200 2823203199
1302847994 4426499985
4426499985 1302847994
265021082 265021081
265021103 265021172
265021173 265021102
265021076 265021027
265021010 265021012
8487408255 6617766133
265021064 265021075
621913005 621913070
7204868763 2859962489
6212075938 2824977107
2428028965 6509386925
7042953050 2428004047
7042953048 7042953053
7042953053 2428029036
2839654676 2428029023
4844760209 1703403399
1703403339 1703403345
7192691443 6388130453
6210498298 1704507197
5906869805 1993225734
1704660397 10582748956
622393911 622393912
1290380572 1714741101
2876557605 1704450645
5534879523 5534879595
5534879610 5534879606
2862588621 5534879609
2862572862 2862627809
2868555977 5522595224
2862572836 4479804804
7062596503 4479804786
2862627804 7062596538
2862572844 2862555716
2862555716 2862572844
1302848001 1714802022
7062144202 616919156
7045401548 3805582482
3975673025 3975673027
7031052431 3975673004
1621153757 2882088152
2882128616 2882128618
3789269009 1621128051
8484156841 1621153461
2882088155 1621153827
4420968514 4420968515
1781269198 2518367019
622032165 4396194376
4396194376 622032165
2518370408 2518370397
622032074 622031940
264898891 264898931
264898931 264898891
264898894 264898927
2853424538 265639802
6212354223 1703464924
2086174229 264770326
264898897 264898923
2767085055 2767133129
1288548144 1288548408
1295889357 7048746319
6213712773 1704506874
2868476665 2868476664
4348906625 2868997743
2527349224 2503786489
6213295220 6213295219
6215432551 6215432550
6611045859 1704431938
621557182 616542000
1704819671 2858685434
1780046786 1780046784
4428918583 4428918582
2823265110 1714740696
3753869037 7025409639
587735163 587735152
587735144 587735145
616348241 893399728
1704818424 1704818405
1704817664 10003023943
11043217977 10003023943
2240457002 1703056878
1703056791 1703056840
2862085516 2862085510
616348244 11850855197
1965445251 8081592588
1703057070 1703057069
1617008038 622538940
2518367039 2518371274
2518371280 2518367014
2858323544 7062143063
2518352862 7062143061
253406693 253406686
11065969964 4016323731
265021147 265021128
1704902812 1704902807
2535083861 1704902573
1371756515 2503390906
2860027110 2527329181
2527349227 7189278269
1289742167 7850847926
1304306433 1304306931
1304307204 616662754
616662754 1304307204
2823284606 616662741
616662710 3661987896
1704862933 8140203260
2844677750 3240080528
7043018880 7043018879
622394075 4837381822
3789216440 5308955804
2722597821 2876725352
1304306396 1304307102
1304307195 7045566794
1702930564 622538208
7256843884 622032098
5664144026 5664138817
4548135863 4324522265
622032126 4324522262
2413974617 3931310825
5709325151 2507317253
2518370407 7207574413
1327059566 622032053
622032053 1327059566
3227509085 6210367708
4324522260 622392958
4324522261 3811435121
4324522280 2518352851
616919207 4324522589
5124614069 5124614070
10942354054 2860361537
759729708 3789206388
4426512872 1714769349
1704558375 6180060826
3240196669 3240196670
6212187654 2868810948
2868812383 4481651645
2868555966 2868555964
2862588621 2862588629
1703402936 1703402934
1703402910 1703402911
4404189161 4404189160
1295782920 1295782607
4404189157 4404189156
6212405223 6212405222
6212664457 1805746513
2858789553 2858796342
7190101756 2527412651
2527412643 2858806179
7190101751 2858789551
1714601065 7050954127
3900500792 3900500793
1271040199 6210412326
7202185846 7192236279
1703331393 1703331386
1703331266 7187164403
1703331166 6210179287
1703331234 1703331229
3900500791 3900500790
1703331106 7190137531
5331631661 2874932056
2767941110 2768321102
2767938314 1719301378
7190009354 7189147943
7204983953 7204983954
1302847948 1302848052
2858285204 2858285202
2855409055 6210489122
1702858179 3240093698
1702858214 6211949935
1702858326 2654794675
8480954965 2860536321
8480954964 2860536323
8476543728 3990997672
7187156763 2862207521
1704731044 1704731050
2882129200 1621153823
3789268959 1621165658
1621165658 3789268961
10983121446 1621153559
2808637577 2808636213
2846641687 1288548385
2428004090 2428004112
1704732608 7065155389
6182606598 1702858472
1702858354 1702858362
1702930645 1702930577
2860415118 3240100092
10947672404 2860418831
2860418829 1704862574
2839614361 2839614369
2860100549 1704862911
629737268 2846799826
1288548449 6868959522
3337021464 1991769541
1991766354 1991751987
7207315778 7207315777
6215688839 6215688840
6210067838 6210067837
4350802150 4350802148
2862446464 2862446465
264770701 264770675
1714740740 2823238212
2823238207 2823238208
4428918587 4428918586
2775307168 1719349456
1714708020 4428882608
1663130839 1663130837
1719349568 4446458843
5912062774 5912062775
1663131208 6131339043
1704558818 1704558828
264770590 264770540
5357910058 5357910057
1663131178 5156134334
1714769424 1304307181
2775758586 2775758590
11265074634 3789206572
1703311623 2279163616
6585517346 6585517344
253406683 264770727
264770735 264770734
1295889371 7053419176
8476511433 2860418846
2885460779 1704862702
2791400176 2791461003
4908316490 2791461022
4439202691 4439202690
2873257444 2873257445
6620886118 2873269240
1702931491 622538838
2876537497 622538769
2858051996 1704732128
6620669837 6620669836
4801804248 1663131003
2823469336 1714769516
1295889096 2823463288
1704432465 1704432467
2858323551 10271610296
1719376959 8489945109
8489945109 1719376959
3739333950 8489945106
8480473614 6585577017
265075402 265075384
1893552596 264943514
616918377 622422610
622394119 622422613
2876736498 622394060
1704624306 1704624329
1704624565 1704624551
4349781095 1704624477
2858837516 1704903012
1704902986 1704902993
7189885990 1704902980
1719349651 2775792397
1289742209 2797293805
1714707825 1289742214
622392895 2829784609
1295783615 1295783610
1704557866 1704557859
1704557814 1704557809
8487354700 3990984172
8487354699 3990984174
4449365341 7192359951
4790280306 9755794943
4325530801 1621153735
1621153699 1621153808
2876198475 1704432281
6218996124 6218996125
4041387263 2860335036
4041387264 1704862519
2860335042 2860335026
7048202202 7048202201
706451255 11732787178
11717464777 616060627
7862342580 2157125925
1893580107 2157125923
11306507636 11306507601
8480410738 2860407830
4421986814 4421986813
7192611368 7192611365
3789206398 2776043779
1295889094 1304306609
2428004077 2428004157
7053773297 1714787616
2810943110 7065906057
1289742241 616662786
4405466696 1704506783
6217628331 6217628332
1893724104 2855562141
12070838288 1703548140
1704432029 2876399318
1703548169 1663130976
4429092224 4429092223
616662698 1714708293
3878449452 616662708
1781269180 1781269203
2858015492 6213061971
1295889284 2793218508
8483643160 8483643161
1703331165 2832052270
1704558218 1704558214
1704506801 3990979221
2503801960 3990997449
3990997447 3990997453
3990997453 3990997451
3990997451 1704863148
2427931694 7046064454
1704863032 7734361576
264943592 1892628960
2863000727 1704844209
7207504176 759653446
2832052279 2832052278
1703331262 1703331256
8483744409 8483744410
8483744408 8483744407
7185789309 6214156699
7833153651 622394234
2505889264 2505889263
8481169850 2860100552
265020946 629737129
264770872 264770762
4991401929 2874410980
1704862802 8138714369
2868794776 2868794768
2846775091 2722597727
7192373614 622539570
2856202208 2856202211
622539551 2856178005
5623320594 1725397271
7065680254 5481227448
2856916892 2856916894
7190101723 2858789544
5700473498 616541904
2860282364 2860113601
5300069808 1704432082
1704473390 5907342683
6210565021 2839524103
5912064794 2775773709
2856773200 2856773702
626197848 626198054
2874433802 2874432791
2503434259 1704819273
2535076402 1947359815
2794885113 1714601493
1295783185 1295783466
2796996889 1714638040
1703056852 1703056830
7256843883 622022523
2767163726 781766714
8476553863 264943569
2048191384 264943558
1704762289 2856878065
5499969845 5499969961
5499969961 5499954313
2653765755 1704730728
4427522403 1703311269
10886898956 10886898955
2862198393 2862198385
2862198389 2862198388
2862198378 2862198381
2813909316 1714601495
622022654 1781280660
616662992 2794646354
2862161568 2862161573
2862168326 2862161585
264899031 4348057482
1704862827 7722415981
2274556739 1780046805
1702859614 1702859616
265021058 265021062
6190752583 6190752580
1704518249 6190752581
1714707275 2792633453
1714707240 2792639826
622541696 622541232
622541225 2794875026
7192451715 7192451721
2862555746 2506608605
7065137449 7065137472
2868470931 2868467488
2868880663 2868468009
1719377181 2776197337
1703056294 1703056307
1703056310 1703056314
1703056233 1703056235
1275276041 1703074859
1714637351 2793037315
2793037315 1295889408
1714637503 1714637507
1703464270 1703464275
1703464376 6210552042
6213288589 2831688168
2858734892 2858736024
2839639267 2839639265
1714707655 2796334892
7205190209 7205190208
1704730125 1704730164
1894091060 6210402801
10017801159 10017801169
1991766309 621913405
6215387332 6215387331
6215387331 6215387332
4974114257 1702859192
4974114258 1702859110
2722597803 2722597804
1704732616 6214201782
2857991918 2857991912
1703310230 1248707858
265085155 2811709535
616662794 616662808
2387562947 2387562928
2873376869 2873363934
7059541582 7059541583
1304307101 4426506991
1704817959 2503356753
2387562948 5543136838
8483781638 2387562915
7841394917 622394170
9456388936 5982286550
2653765739 2653765743
2653765750 2653765753
2653765753 2654794729
2831507405 1703463590
1703463554 1703463558
2816317830 2816317865
616662745 2809611369
2809611369 2037034553
2809630413 2426396627
9797613020 2537904148
6212567532 6212567531
1719301444 1719301457
2507317223 622541505
1714706918 1295889276
2873379233 4887938997
1703463884 1703463874
5499954302 5076202810
1714600947 2794597149
1714600945 1714600952
1704729747 2653795728
6212452539 1663131206
1719349619 1719349627
1704819164 2503434269
2824939659 2824939658
5637774933 5637774934
5640022374 5637774943
1714769908 1714769906
1704558512 8495142074
7844908967 7844908957
1704624942 1704624938
6212118807 1704624614
1703311787 1703311808
4888684098 4888684097
2775026372 621913471
1714769774 1714769776
2816812173 2816812150
9041191443 8081501508
2623048753 7183613561
8781774073 2816812149
8481160358 2860335013
2428004094 4427572779
2870497194 1704558534
4677476276 4831086747
8487303145 1621153571
2882128607 2882128609
5571227348 6640245549
2868370631 8076661731
2868348598 2868348596
6210558319 1703464455
7059398464 2503370680
1893567871 1893557644
7189230980 2048222684
2048222684 2048222681
2048222681 7189230981
2868429581 2868432106
1703056545 1703056539
1703056576 7199341712
3526765338 1704625592
2868378113 2863142557
2863142552 2868378117
7202349644 7202349646
1714769489 1714769495
1714769627 1714769631
4413024137 264770710
3990997750 1704902424
2882113457 5525096133
5525095717 1621153588
2882105073 1621153523
1702859756 7183142912
6958877712 2855536193
6150770580 629736215
2873243927 1704507301
1714769470 1714769454
1702963563 1702963556
1703057060 1703057068
4383727171 1900585148
1900585426 5473032000
2860282360 2860246009
3874885733 616923975
8048452151 1719349709
2240664003 1703403634
11117898731 2842261188
7205257262 6217637806
3697973511 3697973482
1704818945 2527329347
1668155054 1668155053
10138883414 10138883375
10138883375 10138883414
616325522 621912964
2032097165 2032092791
7199599752 7199599751
2854142887 1702963589
264943621 2048208699
2048208699 264943621
1703074880 2426622290
4555748190 4555747887
4428882610 616662733
265021129 265021146
1703331292 1703331278
2855409050 1702858689
6212187653 1703465093
1703464787 2831783709
2811516000 2811512928
2297681185 2809678532
2874499635 2874468970
7059554723 1714740860
7062331481 1704817073
8497579185 622392397
1719376883 7174049910
2868933842 2868933845
1702931287 2874410977
1702931287 1702931295
2874410981 2874410976
9042010222 4324522271
4402789489 4402789490
599631417 599631408
3893606888 599631396
599631394 599631391
1704558409 2870502513
8461765227 8461765226
2809287818 6212296363
2822800591 2822803542
5144908922 5144908620
5308955805 622394129
2862136377 2862136374
2775758639 2775758664
2868567918 2868567934
264943595 2854158069
2623048744 1704844015
1704473213 7028110265
2503443373 1704819211
7155373689 2280381056
2537904064 3227511267
6211905806 6211905805
5373714055 5373714050
622393218 10971693588
622393217 6217888804
4663372353 4663372354
622394009 2537883443
2537883420 622414246
2512211927 2512211931
1703056616 1703075057
1702930075 1702930081
7120342395 1702930056
2869049468 4631052157
1704625008 1704624969
2858902341 2858912968
1304306460 1304306777
2824971762 2824971761
7732476759 2860524099
6617523500 1704862739
2832073982 1703310680
6509386926 7042953052
4381252826 6914297889
10748561957 10748561956
2882112706 2882112707
7065680252 1704762789
1704432325 3240089257
2876198479 1704432330
622394225 1704862563
264770813 264770861
626197978 264770806
1703403715 1703403743
1703464962 6215719863
8484012708 621913184
1704818734 2503434249
1704506906 1704506915
3227509072 1621128004
2831600080 1703464634
1703464655 1703464628
2797277055 1714707738
6212736117 6212736116
2508972451 3609039495
4439014965 2876156480
9562895865 4439012270
1714707887 1714707875
2808608307 1714707887
1621127990 2876768003
3789268841 3789268844
4663372352 6209742652
5139749158 8500615869
265207303 10686285373
8490151168 8490151167
265203794 265204127
265204127 265203794
1703094010 1703094000
2858734893 2858734895
622422597 622031714
6210189985 759730135
2860097663 2860091143
2885460797 7025015728
4383727157 4383727158
265085218 4383688152
1704558579 2870486205
2791282991 616541942
1719301613 1619397269
781766880 781766627
621913146 616325700
1704862756 1704862725
622538225 622538228
2794682329 2794682336
2844711821 1703074983
1704625191 4349789844
11102547519 2862496194
1704473149 7182937067
1714707634 1714707625
2796380161 2796380967
1704626230 2157125984
2426622273 1703074907
2858902345 1704902748
8483258088 3789111165
1703056842 2845950648
1295783182 2846491682
1463034535 1463034566
7189312899 4041387246
2779526783 2779526781
2779526781 2779526783
3240155428 3240155429
6212176110 6212176111
4833110487 4833110488
1704558700 5156134331
263930326 263930346
1704819261 2503786465
2809506017 1703094102
5640022395 5640022396
1703403350 1703403326
2653761891 2653761896
4898448786 1893570492
6212212605 2816789630
2862570353 2868794712
2874391058 1702930291
2874393569 2874393566
1304306434 1295889183
1703310353 1703310323
5124614077 2518355166
5127110138 1702930369
7205146898 1703403503
1704624861 1704624842
2868737811 2868753041
3336967474 616541932
2505950957 2882088129
3931288861 616918517
1703056610 1703056626
7204868773 7204868772
2527349263 2527349265
4349800020 1704625709
1663131190 3735079545
9454557888 1896231037
5124614058 5124614059
2518352825 2518352762
2426558682 1295783101
2862136026 2862136028
2862127448 2862127445
622539058 6210620823
2854130642 1612614533
7027832304 2874932051
622539191 1704816681
7199045800 2858527451
1703199517 5437944986
2839817229 2839817226
2839817229 5437944988
1719349673 8483244889
1704558846 1704558839
1704558836 7045586119
265020873 265021077
5202581146 5202581145
5202581145 2491152455
2432078658 1960962181
2809700950 2809700949
2809700986 1703093778
8486450544 622538509
8487243806 3789267846
3418246093 1621153509
3334216680 1992371368
616325662 1992371368
2862570356 6210506387
2767188071 2767188097
1621153687 12072720046
1704818372 2858568604
8489946166 1316166409
2862181042 2862181028
1714601500 2813901704
8498207737 4324522615
4953686617 4953686616
3739333953 2767824847
2281239324 3810585987
1703056807 1703056795
6640245543 11842733526
1947359815 2527301694
9048846962 9048846966
7045432873 9048846966
8497126149 3789267855
265021116 3372670369
6215003899 6215003900
10268798133 616918433
1992395809 3184951944
599631410 1467095994
1467251025 599631598
4952722195 4952722215
4952722192 4952722215
2508945179 264955140
4952722767 264955141
1714801907 1714801899
2813320033 2813320025
1704625300 7192377043
2844562275 1703269860
6211968163 6211968162
4426506996 1714740760
2885460786 2885460789
3990984427 3990984430
2527408426 7202762140
7202383741 1702931507
7833163432 7833163442
7833163439 7833163443
4426512886 4426512885
2869068197 7202602552
5387934281 629737217
1288548346 1288548388
2832088805 1703310820
2832065285 2832065286
622538500 1615936122
1991752010 1991751922
1991751922 1992371285
8391860379 8391860380
1704732422 1704732384
2281395155 1704730563
5061107224 5061107225
1703269339 2844434154
1704557857 1704557864
1703403657 1703403678
4349800024 1704625817
1463034566 1463034549
2149453590 3753851345
2856860238 11126588109
11057456426 616663084
4413024139 4413024140
4324522282 4324522284
616927855 4324522286
1728558964 264770574
265021059 2281477554
4041387242 1714740616
7120581785 1702963446
2859962477 2859962478
1704902841 2859964111
2859964111 1704902841
1728558948 264770573
3240100067 2876789428
7045566795 2425150077
1714769310 4426512871
2425141019 7899412071
1663130760 2874531010
265075229 2863480025
264770565 1728558957
5357297987 616923923
2506434143 8081317635
4383688148 4383688149
265203605 2506421219
265203601 265203629
2885585715 616927833
2505889257 2505889256
2505889259 2505889258
11952264726 7027675376
2791096280 2791104653
7700728818 5859874661
7027543822 6743452325
6211956250 6211956251
6215029105 1704731637
621557269 618050565
3753856725 599631698
1617007962 622538588
622022613 616927922
1703199524 6213715359
622392504 2242414580
4389404984 2506546987
2868348589 4844751075
2022454931 616919271
3856309160 3856309162
1704732076 7183613562
1703464919 3900836564
2858128686 1704729932
622393335 2885572907
2281395155 10563146100
2281457377 2281457378
8497423131 7833648764
1295782947 1295783013
2722597775 1703403422
2858776686 2858776690
4463520952 1704558169
1704558219 1704558211
2242303283 1703093801
7065356166 2427951545
6213645329 6213645328
2868901755 1704626578
7068238528 1703270008
2831688170 1247895313
1704902778 1704902791
2775922807 759729145
1704558026 1704558023
4962713886 1704558046
2813901708 2813900288
5228873461 2873147927
8080085970 8080085972
759652911 8048452599
1704558043 1704558032
4962713921 1704558032
621913000 4319675397
1719376453 1719376456
2822771678 2822771688
5499954316 5499969885
2873386821 1704507001
2868794706 2868614678
6608452493 6608452492
8489590590 1714638332
2858132276 1704729436
3811435106 1781268902
8497804712 2816288019
1463099796 626124583
8497804713 2816288017
1703310658 1703310656
1704625342 2868476655
1663131126 2869129530
4680736086 622539276
2518367013 2858150798
4332744946 1704817203
1704817168 4332744945
5525095718 5525096124
7204868773 7204930055
4548136122 2868370659
2860097671 2860097673
2860113620 1704863121
5499969843 5499969963
1702858147 1702858151
1780046775 4001767024
1704902624 2860045968
1714708324 7847094369
4898453022 1587031288
3789216438 622394132
7205359409 7205359408
6209991314 759730229
1295782954 2426622286
6607694894 1703199079
8476072523 8476072524
5886091868 759730206
1704729511 1704729453
264900295 4814498878
706451016 2816518586
2860361551 622394308
8480355078 2860361539
264770844 264770846
1704731185 4952722162
4396288740 264955216
2823216938 2823216936
2823216932 2823216935
5139749167 5529399601
4962713879 1704558068
1243889523 1243889470
7199481822 7199481824
7725195543 1271959100
2856899322 2856899319
2856899316 2856899315
628524789 735984612
265075260 9434250147
7030446982 2839764569
2868878115 2868880653
2427812756 1704472976
1703093841 2809717911
1704625268 2868976739
6926031799 6926008571
7183623681 1621153622
10947974309 622051026
2808424055 1714707757
2860388559 7722415953
2868794705 2868794707
3233731259 7024808779
2860431957 7024808778
7024808775 2860431948
2507291424 2507291423
2157125944 1704473248
7734373109 3240196662
7205163158 1295783136
1714708699 1714740894
3789269023 1621153507
1719349437 1619397244
622541002 2794687154
9431621250 7186924054
2767085051 781766889
1702930091 3990984372
2868503973 2868503972
2279081404 4937752807
2824942999 1304306564
1714788149 1714788156
1714637605 1714637638
1704817507 10003101476
1704729576 2858123800
7205163154 1703403324
1714707551 2511546693
2506630952 1704730495
1714637457 1714707507
2775694953 2775694965
264899101 264899100
622539269 622539551
1703311277 7030547498
9945309748 2775922839
759729215 2776151535
1703108207 1663130823
2858141707 2858142600
1703056252 2426647801
2860390854 2860390849
2810816354 1714708401
1704558057 8919910360
264955312 2537904134
7192451957 4952722725
622022559 2882031838
4383600169 4383600170
2855409068 2855409061
6214986385 5534879613
5156134332 1663131167
2860407853 7833153670
7024808781 1704862516
6211937637 1703331033
2832052272 1703331033
7062407845 5302295678
622031692 2876812499
7030428919 7045854659
2863103328 4301314100
1703403098 1703403104
2855398648 2855398643
2512855936 616927625
1295889079 1295889438
2825015815 1714709001
1704557889 4801804247
7045566793 1295889278
622394308 2860361551
1714769811 1714769814
759653102 759653092
4402804851 1703074850
1703074860 2240431596
3364447579 1703074860
1781269280 1781269339
10855936232 5122677029
4426506998 1714787636
5499969914 4833110500
1704507166 1704507171
1288548285 7185724971
2653795739 2653795753
2813284776 2813284761
5964838282 2428052954
1704432337 7059171731
7031030477 622022570
2873324049 2873324050
628524316 1895476393
10852749364 2503390899
1704844121 1704844127
2885460797 2885462403
1704732605 2857020259
616918621 2829784608
1703269229 3240080523
616663004 616662967
5042050034 1702929929
2022455291 2022455275
6212112743 6212112744
2846088440 2846077166
7190009353 6210630860
7190009355 6210630861
1719301303 2775122809
1703269266 7187214303
2842255172 1295783289
2856972635 2856972634
2856972632 2856972652
2856972646 2856972651
1288548309 1288548298
2876198941 2876198944
2427812751 2427812817
1302847976 1714707852
10837307338 10837307336
6215948310 6215948309
5302295679 5302295676
621913465 621913499
7062168597 7062168596
264771053 264771055
265021098 265021177
2876570240 1704450394
5176729069 5176729065
10981693002 1621153652
2792500443 6926031827
7034949157 1714769335
1704558825 1704558828
2037048951 1714707982
2859964132 1704902732
1704558287 1704558280
11043254794 622392501
1704625386 10856186174
1703403135 1295782769
6213310832 1704731630
1704731535 1704731580
4951075191 622392443
7185862781 11055167337
1893514248 1893514650
2521253404 4389392797
2816443963 2816443947
1703311437 2839712779
7183613562 1704731962
1704902441 1704902446
2823276619 2823276613
1289742181 1714788208
2387472088 2387472089
1714601716 1714601668
622394095 5305442663
5305442656 622394095
2722597698 628525716
1702930579 2874420126
2427812708 2427812796
2845981142 1703074873
4439012268 2876570702
2846080675 2846388064
2511784900 2511784901
2862181044 2862181045
1702859501 1702859496
1781269002 1704660376
2858480996 2858480994
6720692035 7027753863
7059081447 2873239874
2873239874 1704507206
5430007044 2504499205
2283288872 8498106819
7174049888 7174049909
1704762592 2653761913
5584706992 5584706993
622414384 4332744935
622424053 4332744934
4332744954 4947200885
7841330621 4629934609
3789206577 3789206576
4844764632 1704432247
2876198473 1704432239
2779599948 1719301267
7207793225 2795202174
5912062782 5912062781
1714708858 7062769911
1703057089 1703057082
2781439474 2781439496
1704624223 6210215458
1663131013 4463778702
616662970 7059250020
2874512712 1725228441
2860018630 2527329284
2862468547 2862468544
2775307189 2775307208
1714708936 1295889107
2527408397 7202762220
8878081904 8878081911
6213759826 6213759821
2831578442 1703463729
2775877550 2775877554
622414398 4332744933
3007218526 3227509071
1704732363 1704732346
2776181925 1719377092
2781677609 616541994
1295889392 1295889249
1719377045 8048452132
6215220057 1702963642
11014805109 7189382008
264770582 264899112
4649887967 1703403082
622392771 2653795638
4747410121 2518355161
1703310909 2956772341
7187295385 1703310966
1702858229 1702858239
1663130824 1703108237
1714707378 1714707375
7241213013 7187221470
759728826 7185789312
1703023580 5137803699
1704862912 7732540418
3789268980 1621153524
265075280 265075249
1704507111 2873257438
1991766321 1991766306
1719301286 1719301290
2839769383 2839769380
1704732406 1704732377
2844564905 1703269932
265075411 265075391
2824971755 2824971748
8487150452 8487150453
2882050495 2882050492
6210633046 2767261576
2722597739 2722597737
1612590881 8479782422
11035374711 3240216755
3789268982 8497123290
5629470668 8497123290
1704450589 1704450586
616927919 6213304449
7185677748 7192365415
1702859963 1702860012
1702860024 1702860012
4465141226 1704557736
1702858356 1702858381
11906399977 2791285083
1703331326 7192525922
1714769327 1714769335
5331631651 5331631656
1703402916 1295782860
1663130803 2280381062
2885570225 2885570224
2518370405 2518370413
1893565626 1893548784
2862247892 2862247894
1248707848 1247894020
1703464833 1247894021
3367487231 1295889149
7722157508 7711188486
4449403948 4442295662
1703198948 2841525600
1703311498 2839686451
2860617804 2860617806
1703403101 1703403099
1703403093 1703403095
622414488 616348322
1704732118 1704732124
7202756854 9847353704
7174185714 1780046799
2856143220 1702859565
2860617813 2860617812
2775166675 2768353990
1781269371 5309073687
6840495350 6840495349
6840495349 6840495350
2860323893 2860321523
4469528815 7865802356
2855562134 2855562133
2775173503 2775173508
1704507066 2873324031
1704731097 1704731146
2653796305 10865454273
3990997690 3738549372
10012183545 3738549372
1714788098 2822792738
1703402977 1703402979
2854261844 2854261831
2854261839 2854261831
6906951099 6906951098
2823238211 1714740738
7027753862 6720692038
2860321503 7027753861
5156134338 1663131183
4324522285 622031879
1703199456 1703199450
3892787180 599631836
2776086022 2776086037
1714706923 1714706940
9174710377 9174710376
2860324599 2860324901
7065694573 7065694574
2795271336 2426557311
10556851131 2846077151
6216291082 7042911881
3892809183 2503441323
2047462800 2047462864
6640245540 5571227344
5571227346 5571227344
6640245536 6640245540
3975673028 1781280664
1703023534 1703023532
2017571455 2017571247
1719349581 4446458844
6210898591 2767181781
2767181785 2767181799
4439202692 1704507150
7185740839 1704819602
5637773020 5637774921
1289742206 4426499984
265075243 265075275
265075273 265075242
2874686605 2874686606
1621153682 5525096136
626197700 265639844
2876350308 4041387266
6146624264 6146624261
6224079469 6224079467
2862181005 2862181004
6066186665 4790280286
616923983 1857429746
2653765700 6213678558
1289742186 1289742168
5061107227 2794877986
2823265128 2425121198
2882050495 1621153805
7190014512 1704818896
2831578483 1703464268
1703464268 2831578481
1703074880 1703074878
1714707560 1714707575
1704431831 1704431858
1703310658 7189376284
2779627945 2779627891
2832073961 2832073960
6212187781 2831688173
7024811516 2876674190
2844434185 2844434196
9041493136 2242319976
1702930749 1702930711
1719377081 2776178521
2862295848 2863019277
2775679990 2775680035
10856186175 1704625498
7043088151 7028120332
2768332340 2768332338
1704862924 1704862929
2860630683 2860630678
2860630685 2860630678
5886105670 7192346863
6215029515 1703403680
1617007920 7207308441
2873279253 2873279247
8006243671 8006243668
1702929904 6217878551
1704729473 9409243053
2868901736 2868901741
4465141229 1704557759
5124614062 5124614061
7186667103 7186667093
8084025770 8084025772
6621587354 2874375651
1893575818 1893593673
5136028048 2365018349
7027707088 2860282392
7030288088 7030288087
1703269208 2844417079
2019296185 2722597717
8497809048 2860536305
1621165525 3789267839
622032051 2795201750
7700140745 1719377216
10012239339 2503798912
2506630944 1893514039
2856953892 7065431235
2824824508 1714769503
2290719535 1704473374
3811435101 3811435102
2876157769 2876142739
9041428669 7183236670
5157793307 1704729370
1703074986 1703403888
5571227343 6640245550
2874398318 1702930452
2844417051 1703269183
2860617804 2860617803
1703057110 1703057104
2858132366 1704729449
10033603455 2859978976
6198387733 6198387734
1719301506 1719301478
2775084196 2775084207
11117364046 616662875
2511506896 2795149882
2816812183 1714602098
2860321521 2860327738
2895345387 2895345386
8480258161 7865969112
7045854659 2876812500
5137845711 7202383741
7183280727 1704844297
1704507168 1704507172
7030607531 622022568
2844612924 1703199202
8483708649 1288548272
2876745183 2876745184
1703057312 1703057313
2823276607 2823276605
1704863100 4951250987
4951250987 3990997708
11160126975 1704862687
6218372445 1704816821
2868849794 3240206433
2862521885 2862533703
2868370658 2868370653
2876399319 2876399320
9033052170 990031878
616919202 616919195
1704558408 6180060814
1704473332 1704473302
1703331395 1703331377
5629470677 7045401570
1704862456 2860335045
2860101313 1704862848
1714769579 5935820405
1704817280 4332744948
2823469331 2823452766
1991771215 7023025444
7077959005 7023025444
1703056419 1703056414
781766820 2767133104
2856972632 2856972654
7059081449 7059081448
616663163 11717410768
2858789547 7190101753
3975672968 3975672967
1704473434 7396346925
616927622 2512855934
7840679486 7840679487
7840679487 2512855935
8515711116 616060612
2425380079 6213309314
1702859231 4974114256
1702859323 4693728228
4504672829 1288548380
616676245 616348234
1295783098 2722597712
2809486643 6902986347
622392351 2240685661
2240685661 622392351
6180060812 1704558473
253412112 264770435
1704518298 1704518295
5137803496 5137803497
1991771547 1992371347
265626376 2853087464
3869426351 1703056864
264900316 265639804
4414831757 7207880029
7843889249 7843889250
1621153503 3789269044
2831507412 1703463671
11413648457 11413648458
2844562271 7065672847
4428918581 4428918580
2425380072 2425380096
2537883429 2283288872
6202443427 1895438731
5618731946 1702858506
265020947 265020930
4479769156 2868382664
7186664080 7186667144
2809515154 2809721377
8712214507 8712214510
1703198963 6605378508
7205359407 2831591132
3811452406 3811452403
4348906619 4348906629
4801804241 2869068179
1719377216 6213251859
11155108234 253406628
4381252828 4381252826
2873269225 2873269224
2816762744 616060625
5156134333 1704558708
2860321509 2860321506
1702931766 2874468959
7192531111 3240206435
8138355903 8138355902
8138355902 8138355906
2506280546 4351336305
6210314686 1719301324
7190101757 2527412658
4349781094 1704624441
2854130642 8084025775
1714787685 1714787682
7183390578 2654794829
9057358904 9057358900
11765686821 11765686822
8851214503 1704626526
7204929982 7204868763
2876675105 2876675103
1725397307 2816317830
7841394919 7841394917
264770314 2507320723
2852997524 2512714335
2811871822 2032098692
1288548266 8498365582
2824971742 2824971743
2868568789 2868382684
2868503938 2868503931
2796380962 9032453949
1704862489 4041387262
2862468551 2862468548
1704731364 1704731326
1780046796 1780046776
6429343765 1702929539
1703269812 4041387253
8504943013 1703331063
616918377 5305442649
616662871 2809462798
622539080 5652670877
264770537 264770538
1704450143 3939944090
1703311507 2839686448
2876736491 622394031
616324453 1780046801
1714707685 2796380161
3240093697 1702858157
2862444441 7183613522
482156290 482156291
2426647799 2426647815
5391120692 851227770
2874416895 1702930937
622538223 1702930937
622032113 622032179
2427792332 2427812748
7722157486 1704862426
1703311613 2839686433
3240206924 7189384429
2873356144 2873356143
6212220923 4677476796
4962713919 1894070981
1704506729 3990979226
2863019298 2863019293
1714600916 7051136038
1704731133 2858074955
622394166 7841394908
1288548274 1288548245
1295889460 1295889372
265207386 2793467762
1704506903 1704506905
7062198659 622031808
2868370664 2868370669
3224984578 11027948379
6150670594 11035374711
1704732385 1704732403
2876737065 622394121
9532914584 2813984311
2862239829 2862205529
8486376284 3789206438
10962589780 1704863098
2823043626 9664990544
10924145244 7192689762
1295783755 1295782638
9048846961 7045432873
3990984389 1893575198
7046107388 5499954295
1714707935 2809495097
2508960315 2858480999
2795201765 2518370402
2862207520 2862207522
6840495348 6840495347
4332744941 622414357
3789224535 1621153601
2868503935 2868503928
2822702046 2822682897
1719301537 7134538877
2426576818 2426576816
2823276615 2823276609
1703199765 1703199770
1704558399 7202613928
2842255174 2842255160
2874405596 1702930496
1621153563 3789268849
5991876008 5991876009
1714707761 2797277057
2813900300 1462976263
7248914972 622032066
2832088809 2832088807
2873131393 4041387278
2775758595 2775758616
8048452138 1719376876
6815108846 2791496727
2503429231 1704817543
626197727 2809116982
1288548417 1904455257
587735160 587735155
8481091480 4041387267
1704862541 4041387267
1893548785 1893548830
2862354330 7844790170
3240216757 3240216758
599631361 4344864258
7192461509 1704558408
2858789561 7204930105
1714601310 1714601346
1704432017 2876163380
1704558034 6212101186
2240420438 4349220963
265020959 9061228477
1702929336 1702929314
7832967726 2511560565
1703199742 1703199720
2868949849 8495142075
7833673447 7833673448
4405466693 4405466694
7062407809 7062407876
1714601069 4383727171
599631834 599631821
1703074945 7192450118
6215714000 6215714001
2823421578 1714769801
7187214302 1703269272
264899082 2281481271
1703023496 4348996878
599631677 599631680
9041493136 9041471480
4041387271 7062121754
5435417891 4419326705
5664138816 5664138815
571723582 587735159
2281434961 622031808
263930340 263930344
263930344 263930328
7207484573 8481110581
4349725026 7192616944
2862212562 2862212561
1719376366 9431621251
1702857931 4898453024
622394061 2876736500
2858685432 2535076451
626198298 626198296
2858796365 9847327215
3240206436 7192531110
2863136606 2863142549
2512855942 2512855953
4428918584 4428918585
1702859474 1702859475
8486519059 2797098520
11014640728 1702929241
1704819353 2503786461
759729498 759729425
11155108234 6914278876
2793242628 1714708319
6213397463 6213397464
2862521896 2862533738
11553138317 11553138318
4383727159 4383727160
5519511683 5519511682
1702858933 4423464651
4402789497 4402789496
1704625856 4349800025
9054456966 9054456965
4396288737 1704729958
1714707766 7899412078
265626384 2853193334
1704506921 1704506922
5664138801 5664138802
1703199387 7065859581
5534879609 5534879507
7244212652 4324522274
2813638179 2511506891
3761457459 1702929746
2387562929 8097048442
1704818616 2503434248
2857020299 1704732336
2428004111 2428004039
626124870 626124797
2860657882 1719377246
5664138812 5664138811
2860327738 1704862785
4324522258 4324522259
2069267668 4888271986
2868370633 5571227351
6617257292 10840363745
10922918016 3240196658
1703269270 2844417084
265075246 2852921736
264770851 264770828
2858789545 2527410954
4427522405 1703311329
1703310234 1703464964
1703403506 6388130447
5637773006 264943294
1991766271 2158058603
7043018874 7043018875
1702859473 2874496907
2653795641 1704729198
2868378116 2868382646
2777271167 1719376584
1704557765 1704557763
1714740574 4389952452
11413648525 11413648524
628524890 3990984220
1288548234 1288548266
1714706940 1714706944
1703331407 1247899991
7031052396 3975670647
1703331081 6212210340
781766622 5886105665
1714709021 1295889387
8484116973 3789268841
8498352336 2858293397
1702929929 7207420007
5664144027 5664144028
1714707806 1289742216
2874443280 5127110129
4463598883 6988537790
4426716083 1304307088
1703330973 2832073967
4449365351 4449365350
4349098585 1703093756
7700140761 7700140751
1703463749 1703463787
1275276042 8483992741
6213293720 6213293719
7199482059 6616858613
1714707855 1714740553
2283145499 621913176
2813633413 477466877
1304306716 1304306416
622541455 2794846103
1703269745 2839686416
2862249451 2862260657
1703403372 1703403370
4389952471 1714707754
10982438041 10982351895
7065859562 7065859563
1621128100 1621128104
2846491696 2846491694
2858806173 2527412636
9297714288 6624699069
2868567906 2868567908
6212296359 6212296360
4449365349 4449365348
2858568603 1704818461
2816288013 1463125641
4468043566 2869019696
2876450902 2876450903
1704558716 5156134335
6215291050 6215291051
5982286550 11306532472
8497991663 8497991664
1725397292 5910186801
1704730802 2858077271
2846388085 2846400515
4434114108 4434114109
2862472223 2862177766
7031052416 3975670642
7205073970 2527412630
7204930083 7204930081
2796775077 6212206099
7059522437 7059522438
1703199561 4424212827
6218001537 6218001536
1714769880 1714769866
1703403379 1703403378
5584706990 5584706991
8490027539 7840910336
5916287011 759584032
2768332345 2768332320
7881950391 7881950390
2882128602 1621153447
1663131189 1704626341
1703403078 1703403075
2822609736 1714709090
1702929253 5042050042
7065672846 7065672845
5357577342 2722597688
8458320703 253406576
1663130994 4801804243
6210558844 1663131175
5357910073 5357910074
1295782669 1295783272
7711188485 7711188486
4801804244 1704557906
1725397330 2816426662
1703331253 6210367896
1295783408 1295782979
3789269021 1621153507
6213387812 6213387814
2876725335 7042791354
622031773 2876736499
2285058948 3482152371
1704506985 2873386836
1703311371 1703311374
2794493889 2794493899
7199481820 7199481825
5408630998 264943446
3694543634 3694543629
6146527446 6146527445
4004885858 4004885859
2844417088 2844417067
7290065952 4348873964
2427713361 2427713359
2832073978 3733760520
7847161225 7847161226
622022509 622414414
11897776448 11897776449
9938299236 2279064500
616662706 3878449454
5357297992 5357297991
7062143062 616918712
1704862575 2860418831
5664138800 5664138799
8480985811 2795141654
8461765225 8461765224
1704862402 6210162542
1703074838 1703074841
6212000087 4468043573
265639917 3667506758
1704624242 6212203841
264770726 4413024138
2868382663 2868382656
7209739742 9283985229
4468608151 5127110139
5473118676 7192525545
1714707842 1714707815
6218348469 6218348468
1704728781 1704660396
2860091129 1704862906
2858090941 2858090943
7241406741 1704902598
622394036 2876736488
4937782689 2874509894
759730086 8048452181
1704862545 2860414109
6198176895 2868470979
4463521091 4463778700
4226010037 1663130948
4964178487 2870696401
3990979222 3990979224
3586956344 3586956343
1893687839 1893685076
1704507243 7059255410
1703331372 1703331377
2868476660 4349795405
616324426 616324450
1295782901 1295782527
1621128049 616927741
1704558476 1704558471
4616353717 2862125237
6210310458 1703464449
2839736133 1703269925
4383727161 4383727162
6214992710 6214992711
2842271526 2842271525
8486839429 2858121054
2428028990 2428004065
3975670616 3975670618
1714602109 1714602105
2839820504 2839821926
1703464772 1703464812
2149453645 2149453638
6210499796 6210499797
6209893859 2832052268
4428882615 1714708017
7204930105 7204930103
1704450433 2876142734
1714637723 1714637746
1703463894 1703463865
7048202252 2876706211
1304307100 1304307070
4041387258 1704473020
622392412 2858259300
8484071674 2882128614
4888277213 626197944
3990997686 1704862831
3385038520 2860636441
7192273679 7192273680
2868338196 4844751082
2797182913 1714707696
2868370691 2868370680
4430023566 8489590590
1719376705 7174085986
5964839835 1703270152
6212539815 6212539816
264899028 3364527157
2795141662 2795141660
1719377081 2776181925
6210696395 6210696396
6212865558 6212865559
1780046813 1780046786
1288548132 1288548201
1704558256 1704558262
1704507233 1704507243
2829828406 2829828405
265075399 1288548405
1247894999 3830147803
2855489547 1702858619
11057456437 11057456426
2813320061 2813320064
2775138240 1619397212
5664138804 5664138803
2855397973 1702857981
4481651646 4301314091
1703199753 1703199758
2776195381 7703865556
2839614365 2839614364
2862496137 2521228899
1703108432 1703108430
6212539814 6212539813
7028120333 1621165581
6223994056 6223994055
5397028393 5397028392
8138714353 2860427498
499842044 1703310876
1719376673 1719376682
8486608634 2874442573
1703548016 4682668011
8048452139 1719376810
1703464200 1703464218
2824939672 2824939674
4041387257 1704473003
1304306583 4426716086
8490317527 622022509
6212527616 1703464908
622414344 9956459863
8490121479 1781268931
2863122156 7180765490
622031697 8076334455
4844764552 1703403886
3342987152 3342987170
7192192509 1894071826
7846993517 7846993518
8048452153 3789181268
