17477 22220 386
2132 25993 416
15629 8141 461
25977 34935 340
24490 2437 470
18809 7601 445
5842 2446 429
3915 12017 302
26845 11834 301
10776 14227 358
33036 21565 360
28669 15778 409
30966 21550 380
7018 6958 404
35862 1394 500
6542 25895 407
12919 25140 480
16571 817 326
33504 7158 428
17154 11252 356
23631 33527 484
498 29930 475
5487 17594 412
22739 16271 306
995 21544 500
8019 22512 349
15989 24874 330
13313 35550 418
29665 36139 306
36035 25591 408
28827 14298 375
6798 22611 488
26645 29738 442
4159 5633 389
23805 23343 420
26983 23359 389
29140 34420 339
25239 26819 446
15915 15065 373
26265 9814 487
23777 22553 442
100 10495 314
13615 15466 455
9131 27895 448
514 20270 451
20577 7246 337
7545 36043 335
2694 34262 376
4786 16434 424
32010 33126 353
22401 34693 376
17240 20019 363
3933 20163 344
9880 3602 425
23872 3595 406
14620 19300 376
26582 5515 492
13842 33890 395
24272 29096 391
22483 19834 359
20613 14778 328
29202 13859 498
30744 29929 368
3127 6736 440
22624 15396 382
22658 20298 402
28978 23144 335
27526 19165 350
542 3262 327
14041 783 351
8051 15601 326
32914 20496 421
19775 1000 390
13914 23935 462
35772 17720 420
33522 29019 309
5580 3196 342
7428 59 406
8633 4605 444
29285 16034 412
7098 33904 343
20764 20629 448
9946 8760 441
25271 27571 406
10913 7255 394
21529 3664 319
1125 22951 366
13754 16602 461
17847 349 433
4754 17056 443
5175 17679 317
7792 30452 346
31751 9812 407
31571 8770 380
13931 21714 488
1960 22941 436
24578 4573 381
15605 4820 363
9091 16021 355
17959 386 360
